,ANN_IMPST,FLG_PRES_ADESIONE,FLG_PRES_RICORSO,PESO,PESO_ADESIONE,SOLVIBILITA,STATO_CONTROLLO,FL_CONDONO,RIMB_NON_CONC,RIMB_NON_CONC_DEF,DEBITO_IMPOSTA_AUT,FLG_PRES_RISCOSS,INDAGINE_BANCARIA,MAG_IMP_IRPEF_DEF,MAG_IMP_RIT_DEF,DEBITI_IVA_DIC,IMP_BEN_NO_AMM,IMP_IMPOR_IMPOST,IMP_VE_OPESEN,IMP_OPER_NOIMP,IMP_CREDAP_COMP,IMP_CRED_AP,IMP_VERS_PERIOD,IMP_V_AGG_IMPON,IMP_V_AGG_IVA,VAL_ALIQ_M_VOL_IMP,VAL_ALIQ_M_ACQ_IMP,VAL_ALIQ_MEDIA_VOL,VAL_ALIQ_MEDIA_ACQ,COD_NATURA_GIUR,COD_DIR_REG,FLG_VC,FLG_RF,FLG_FC,COD_ATTIV_GEN,IMP_UTIL_CONTEC,IMP_ESISTZ,IMP_ECC_PREC,IMP_ECC_PREC_F24,IMP_IMPST_DEBITO,IMP_IMPST_CREDIT,imp_sps_prest_lavoro,imp_tot_neg,VAR_RIMBORSO,VAR_DETRAZIONE,VAR_VOL_AFF_POS,VAR_VOL_AFF_NEG,Target,Cluster
8698,0.6000000000000227,1.0,0.0,0.015444015444015444,0.0,0.4,1.0,0.0,0.0,0.0,0.0,0.0,0.0,0.0,0.0,0.0,0.012140926458328458,0.0,0.0008043294090493882,9.89901386388269e-06,0.019554369186143193,0.00458060814115197,0.0,0.6540629987653986,0.49388805879842923,0.4309433962264151,0.24485294117647063,0.3976041628584312,0.0969985588069428,0.25252525252525254,0.29999999999999716,0.0,1.0,1.0,0.35000000000000003,0.0,0.0,0.0,0.0,0.0,0.0,0.0037352880728342332,0.0,0.0,0.0012670497482477625,0.0011004253965103202,0.033125677445018466,0,3
7138,0.6000000000000227,1.0,0.0,0.06756756756756757,0.2962962962962963,0.6000000000000001,0.5,0.0,0.0,0.0,0.0,1.0,0.0,0.0,0.0,0.0,0.009770786935533304,0.0,0.0008043294090493882,9.89901386388269e-06,0.0,8.418127477707128e-05,0.0,0.6541031344220694,0.4939974605165579,0.4058490566037736,0.19448529411764706,0.39722638589307696,0.10834012156150136,0.24242424242424243,0.3999999999999986,0.0,0.0,1.0,0.55,0.0,0.0016522256370835294,0.0,0.0,0.0,0.0,0.0036354330375410375,0.003943955727969315,0.0,7.845992404199333e-05,0.0010845803974644133,0.03312156029362849,0,0
7526,0.6000000000000227,1.0,1.0,0.05791505791505792,0.0,0.6000000000000001,0.23529411764705882,0.0,0.0,0.0,0.0,0.0,0.0,0.0,0.0,0.0,0.00981048741214219,0.0,0.0008043294090493882,9.89901386388269e-06,0.01352812992094673,0.029689397688380532,0.0,0.6514418063158125,0.4908794346912202,0.4066037735849056,0.1672794117647059,0.39725075860051917,0.09442947553104833,0.020202020202020204,0.10000000000000142,0.0,1.0,0.0,0.35000000000000003,0.0,0.0,0.0,0.0,0.0,0.0001899816740142871,0.0036354330375410375,0.0,0.013256057494866531,0.015790705658375207,0.0019415802604422806,0.03312156029362849,0,4
3898,0.20000000000004547,0.0,0.0,0.03474903474903475,0.0,0.6000000000000001,0.5294117647058824,0.0,0.0,0.0,0.0,1.0,0.0,0.0,0.0,0.0,0.009770786935533304,1.6586307099971719e-06,0.0008043294090493882,9.89901386388269e-06,0.00735005979243998,0.0022475486254893086,0.0,0.6540481874792248,0.4941151676291752,0.580754716981132,0.24276960784313728,0.3927722736080138,0.06830001879817033,0.020202020202020204,0.29999999999999716,1.0,1.0,0.0,0.25000000000000006,0.00013190118611338826,0.0,0.0,0.0,0.0004959191030652309,0.0,0.0036415709313470596,0.0,0.0,0.000436198293068154,0.0011354138564617627,0.033219945330578884,0,1
972,0.6000000000000227,1.0,1.0,0.03861003861003861,0.0,0.6000000000000001,0.2647058823529412,0.0,0.0,0.0,0.0,0.0,0.0,0.0,0.0,0.0,0.010841315253613884,0.0,0.0008043294090493882,9.89901386388269e-06,0.008040167216390792,0.001848165400831259,4.849891613621792e-06,0.654084118697332,0.49411291116730555,0.580754716981132,0.24460784313725495,0.39333284587918455,0.12012030828999312,0.24242424242424243,0.44999999999999574,0.0,1.0,1.0,0.8,0.0,0.0,0.0,0.0,0.0,0.0,0.0037432321534050773,0.0,0.0,0.0003028650279534265,0.001108333546058695,0.03322134913039016,0,4
150,0.20000000000004547,1.0,0.0,0.10424710424710425,0.0,0.4,0.5588235294117647,0.0,0.0,0.0,0.0,0.0,0.0,0.0,0.0,0.0,0.00983495783479801,0.0,0.0008043294090493882,9.89901386388269e-06,5.1694793936598326e-05,0.001858719223039243,0.0,0.6541082354099437,0.49400343686043274,0.3920754716981132,0.20563725490196083,0.3967815839822567,0.11404223322263302,0.24242424242424243,0.6999999999999957,0.0,1.0,0.0,0.55,0.0,0.0,0.0,0.0,0.0,0.0,0.0036354330375410375,0.0,0.00021704312114989734,0.0001241237533262966,0.0010873482324574978,0.03312156029362849,0,3
6078,1.0,1.0,0.0,0.10231660231660232,0.0,0.6000000000000001,0.1764705882352941,0.0,0.0,0.0,0.0,0.0,0.0,0.0,0.0,0.0,0.009770786935533304,0.0,0.0008043294090493882,9.89901386388269e-06,0.003415832922425997,0.014106970051659713,0.0,0.6543360907998425,0.49427039341812906,0.40962264150943395,0.2368872549019608,0.397348249430288,0.13002067798734257,0.020202020202020204,0.0,0.0,1.0,0.0,0.35000000000000003,0.0001685272038745561,0.0,0.0021057672193700743,0.0011585336374703885,0.0,0.0002275298876914498,0.0036354330375410375,0.0,0.0,0.004992322848645255,0.001194293115713549,0.03312156029362849,0,3
154,0.4000000000000341,0.0,0.0,0.10231660231660232,0.0,0.6000000000000001,0.5294117647058824,0.0,0.0,0.0,0.0,1.0,0.0,0.0,0.0,0.0,0.009770786935533304,0.0,0.0008043294090493882,9.89901386388269e-06,0.0,0.0,1.916033413273901e-05,0.6540900201519966,0.4940233063793936,0.580754716981132,0.2450980392156863,0.39740308802203295,0.13064728366439002,0.24242424242424243,0.14999999999999858,0.0,1.0,1.0,0.25000000000000006,0.0001695183806295386,0.0,0.0,0.0,0.0,0.0,0.0036354330375410375,0.0,0.0,0.00023021221273358266,0.0010963589259939666,0.03313565285639828,0,1
9067,0.4000000000000341,1.0,1.0,0.02316602316602317,0.0,0.4,0.23529411764705882,0.0,0.0,0.0,0.0,0.0,0.0,0.0,0.0,0.0,0.009770786935533304,0.0,0.0008043294090493882,9.89901386388269e-06,0.010448493910136372,0.02040810051559992,0.0,0.6533747321725422,0.4931250338687629,0.580566037735849,0.2450980392156863,0.4028686676659477,0.1315245316122564,0.020202020202020204,0.9499999999999957,0.0,1.0,0.0,0.0,0.0,0.0,0.0,0.0,0.0,0.0,0.0036482903387614948,0.0,0.01324435318275154,0.0036622902725555015,0.0010829717132676052,0.03312156029362849,1,4
6471,0.6000000000000227,0.0,1.0,0.10231660231660232,0.0,0.6000000000000001,0.23529411764705882,0.0,0.0,0.0,0.0,0.0,0.0,0.0,0.0,0.0,0.009770786935533304,0.0,0.0013138248454464753,9.89901386388269e-06,0.0,0.00054987906732466,0.0,0.6540506286378801,0.49391207558018296,0.570754716981132,0.2450980392156863,0.4014611438111603,0.12024562942540261,0.020202020202020204,0.8999999999999986,0.0,1.0,0.0,0.4,4.819427249055244e-05,0.0,0.00031634898192183517,0.0013791648537109557,0.0,0.00010989809219658494,0.0036921606520325424,0.0,0.0,0.0012171137287727148,0.0011931141376639687,0.03312156029362849,0,4
8140,0.6000000000000227,0.0,0.0,0.10424710424710425,0.0,0.6000000000000001,0.5294117647058824,0.0,0.0,0.0,0.0,1.0,0.0,0.0,0.0,0.0,0.01065416016373211,0.0,0.0008043294090493882,9.89901386388269e-06,0.0,0.0,1.7920675738225817e-05,0.6541442835836705,0.4940433303920452,0.3937735849056604,0.19056372549019612,0.3968364225740017,0.10414186352528355,0.25252525252525254,0.14999999999999858,0.0,1.0,0.0,0.55,8.038715038183286e-05,0.0,0.0,0.0,0.0,0.0,0.003654521683100131,0.0,0.0,6.953181400265336e-05,0.0011035731712448398,0.03312156029362849,0,1
8348,0.6000000000000227,1.0,0.0,0.06756756756756757,0.0,0.6000000000000001,0.0,0.0,0.0,0.0,0.0,0.0,0.0,0.0,0.0,0.0,0.009770786935533304,0.0,0.0008043294090493882,9.89901386388269e-06,0.0008122951187100449,0.0002541227426142981,0.0,0.654108183392855,0.4940017843990223,0.40433962264150947,0.17990196078431375,0.39762244238901284,0.10082085343693216,0.24242424242424243,0.7999999999999972,0.0,0.0,1.0,0.55,0.0,0.0,0.0,0.0,0.0,0.0,0.0036449795198917165,0.006227038356019858,0.0,3.22077092823181e-05,0.001086003250729631,0.03314167481035905,0,3
5801,0.4000000000000341,0.0,0.0,0.10231660231660232,0.0,0.6000000000000001,0.029411764705882346,0.0,0.0,0.0,0.0,0.0,0.0,0.0,0.0,0.0,0.009770786935533304,0.0,0.0008043294090493882,9.89901386388269e-06,0.0005849103258001125,0.00602282534130604,0.0,0.6540649227350391,0.4939511655893336,0.580754716981132,0.2450980392156863,0.40287476084280827,0.13334168807569396,0.25252525252525254,0.8999999999999986,0.0,0.0,0.0,0.5,0.0,0.08635643877040602,0.0,0.0,0.0,0.0,0.0036440933104290633,0.07388676358131015,0.0,0.0024079291849940215,0.001107987263079743,0.03312156029362849,0,2
455,0.4000000000000341,1.0,0.0,0.10231660231660232,0.4444444444444444,0.6000000000000001,0.5,0.0,0.0,0.0,0.0,1.0,0.0,0.0,0.0,0.0,0.009770786935533304,0.0,0.0008043294090493882,9.89901386388269e-06,0.0,0.0,5.2826846320571e-05,0.6541211532078283,0.4940185714194959,0.4309433962264151,0.2166666666666667,0.3980367784155303,0.11968168431605992,0.24242424242424243,0.29999999999999716,0.0,0.0,0.0,0.55,0.0,0.04306257620622669,0.0,0.0,0.0,0.0,0.0036493226137625204,0.029260144521601892,0.0,6.96597238886038e-05,0.001092171806641259,0.03312156029362849,0,0
1590,0.20000000000004547,1.0,0.0,0.10231660231660232,0.4444444444444444,0.6000000000000001,0.5,0.0,0.0,0.0,0.0,1.0,0.0,0.0,0.0,0.0,0.009770786935533304,0.0,0.0008043294090493882,9.89901386388269e-06,0.0,0.0,1.9095088954080422e-05,0.6541511031233832,0.4940452312855211,0.3920754716981132,0.20894607843137258,0.3967815839822567,0.10614700169183534,0.25252525252525254,0.0,0.0,1.0,0.0,0.55,0.00014771249201992392,0.0,0.0,0.0,0.0,0.0,0.0036354330375410375,0.0,0.0,2.7219223730251354e-05,0.0011024293370017406,0.03312156029362849,0,0
3304,0.0,0.0,0.0,0.015444015444015444,0.0,0.8,0.5588235294117647,0.0,0.0,0.0,0.0,0.0,0.0,0.0,0.0,0.0,0.009770786935533304,0.0,0.0008043294090493882,9.89901386388269e-06,0.00024943641829547445,0.00044051820098050826,3.718975183539581e-06,0.654108229114882,0.4940025494921489,0.36377358490566036,0.2450980392156863,0.395867607453174,0.12519581427407733,0.24242424242424243,0.25,0.0,1.0,0.0,0.35000000000000003,7.01155720921856e-05,0.0,0.0,0.0,0.0,0.0,0.0036354330375410375,0.0,0.0,0.00014855454154282858,0.0010849062088043287,0.03312156029362849,0,2
1296,0.6000000000000227,1.0,0.0,0.10424710424710425,0.2962962962962963,0.4,0.5,0.0,0.0,0.0,0.0,1.0,0.0,0.0,0.0,0.0,0.009770786935533304,0.0,0.0008043294090493882,9.89901386388269e-06,0.0001420703078117702,0.00028146295920033603,4.175691434149705e-06,0.6540993517526383,0.49398985034367754,0.3920754716981132,0.17598039215686276,0.3967815839822567,0.09148442884892538,0.25252525252525254,0.6499999999999986,0.0,0.0,1.0,0.05,0.0,0.0007821684105307622,0.0,0.0,0.0,0.0,0.0036354330375410375,0.00752390034545141,0.0,0.00021560490375804363,0.0010868957249689705,0.03312156029362849,0,0
4239,0.8000000000000114,0.0,0.0,0.03474903474903475,0.0,0.4,0.0,0.0,0.0,0.0,0.0,0.0,0.0,0.0,0.0,0.0,0.009770786935533304,0.0,0.0008043294090493882,9.89901386388269e-06,0.04800891897871331,0.01592729663013133,0.0,0.6540467071457731,0.49392181450532424,0.4294339622641509,0.24264705882352944,0.39798803300064595,0.13233911899241807,0.04040404040404041,0.6000000000000014,0.0,1.0,0.0,0.85,0.0008199815205277356,0.0,0.00014355670817612915,0.0,2.116088456191233e-05,0.0,0.003944992245969542,0.0,0.0,0.012296847123639232,0.0013613940341978882,0.03312156029362849,0,2
2381,0.0,0.0,0.0,0.06756756756756757,0.0,0.0,0.4411764705882353,0.0,0.0,0.0,0.0,0.0,0.0,0.0,0.0,0.0,0.010040894651293843,0.0,0.0008043294090493882,9.89901386388269e-06,0.0013089989429679897,0.00030090858437095274,0.0,0.6540972313108095,0.4939880329078486,0.34358490566037736,0.17647058823529416,0.39521563752909494,0.09869039413497088,0.020202020202020204,0.14999999999999858,0.0,1.0,0.0,0.35000000000000003,5.0651847732358324e-05,0.0,0.0,0.0,3.18352360938829e-05,0.0,0.0036815332061680473,0.0,0.0,0.0010202859962721944,0.00115566818880178,0.03312156029362849,0,2
1483,0.20000000000004547,0.0,0.0,0.0,0.0,0.0,0.7941176470588235,0.4444444444444444,0.0,0.0,0.0,0.0,0.0,0.0,0.0,0.0,0.009770786935533304,0.0,0.0008043294090493882,9.89901386388269e-06,0.0,0.0005966649090813147,0.0,0.6540809125230231,0.4940760589876196,0.580754716981132,0.2450980392156863,0.39228481945916965,0.043925057961025124,0.020202020202020204,0.5,1.0,1.0,0.0,0.25000000000000006,0.0,0.0,0.0008069016097203215,0.0035177933362340627,0.0,0.00014061607258694905,0.003645352144074285,0.0,0.0,0.0002492196217858164,0.001125247729739012,0.03312156029362849,0,2
5759,0.6000000000000227,1.0,0.0,0.10424710424710425,0.2962962962962963,0.6000000000000001,0.5,0.0,0.0,0.0,0.0,1.0,0.0,0.0,0.0,0.0,0.010200855366182343,0.0,0.0008043294090493882,9.89901386388269e-06,0.0005093563962004688,0.007518060955386833,0.0,0.6540842889953163,0.493975256900707,0.580754716981132,0.15968137254901962,0.40287476084280827,0.09035653863024,0.020202020202020204,0.29999999999999716,0.0,1.0,0.0,0.35000000000000003,0.0002567758794774144,0.0,0.0054338835164336645,0.0,0.0,0.0017366500560693488,0.0036424909086492287,0.0,0.0012833675564681726,0.0010037088750530186,0.0010888410263587447,0.03312156029362849,0,0
9318,0.4000000000000341,0.0,0.0,0.15830115830115832,0.0,0.8,0.5588235294117647,0.0,0.0,0.0,0.0,0.0,0.0,0.0,0.0,0.0,0.009770786935533304,0.0,0.0008043294090493882,9.89901386388269e-06,0.0,1.803290881206759e-05,0.0,0.6540986417359447,0.494239146098745,0.20339622641509433,0.2450980392156863,0.39068840712170516,0.1342189360235604,0.020202020202020204,0.29999999999999716,0.0,1.0,0.0,0.4,1.3747485813969388e-05,0.0,0.0,0.0,0.0,0.0,0.0036354330375410375,0.0,0.0,1.5988735743803664e-05,0.0011140918760994662,0.03312156029362849,1,2
267,0.6000000000000227,0.0,1.0,0.05791505791505792,0.0,0.4,0.32352941176470584,0.0,0.0,0.0,0.0,0.0,0.0,0.0,0.0,0.0,0.011835241818116285,0.0,0.0008587706128222214,9.89901386388269e-06,0.0,0.004069121718394938,0.0,0.6545957296248399,0.4944357354384237,0.45547169811320753,0.21985294117647064,0.39901168671321857,0.11736324331098441,0.020202020202020204,0.75,0.0,1.0,0.0,0.35000000000000003,0.0004959346104672977,0.0,0.00018882142866143956,0.0008231917689613192,0.0008108750794257056,0.0,0.004160511162539688,0.0,0.0,0.0027842400694601845,0.001539164542934496,0.03947526240837999,0,4
12115,0.6000000000000227,0.0,0.0,0.05791505791505792,0.0,0.6000000000000001,0.029411764705882346,0.0,0.0,0.0,0.0,0.0,0.0,0.0,0.0,0.0,0.009770786935533304,0.0,0.0008043294090493882,9.89901386388269e-06,0.0292849200140552,0.011742581473222168,0.0,0.6538686983734827,0.4937222039988245,0.35566037735849054,0.2450980392156863,0.39560560084817026,0.13415627545585562,0.020202020202020204,0.7999999999999972,0.0,1.0,0.0,0.35000000000000003,0.0,0.0,0.0,0.0,0.0,0.00010650104495341527,0.004364305178461061,0.0,0.0,0.014571494207472906,0.0012475825270095134,0.03312156029362849,1,2
3456,0.20000000000004547,0.0,0.0,0.0,0.0,0.0,0.7941176470588235,0.3333333333333333,0.0,0.0,0.0,0.0,0.0,0.0,0.0,0.0,0.010020337088349287,0.0,0.0008043294090493882,9.89901386388269e-06,0.0,0.0,0.0,0.6540440131906935,0.49401275267471256,0.3943396226415094,0.1487745098039216,0.39594681875236115,0.08490506923992733,0.25252525252525254,0.0,0.0,1.0,0.0,0.45,8.282435897798842e-06,0.0,0.0,0.0,0.0,0.0,0.0036354330375410375,0.0,0.0005302361396303902,9.690452959604523e-05,0.0011632399194297218,0.03319201318663073,0,2
10538,0.4000000000000341,1.0,0.0,0.06756756756756757,0.0,0.6000000000000001,0.029411764705882346,0.0,0.0,0.0,0.0,0.0,0.0,0.0,0.0,0.0,0.009770786935533304,0.0,0.0008043294090493882,9.89901386388269e-06,0.0,0.0,0.0,0.6540914902145583,0.49398381810258796,0.20339622641509433,0.12254901960784315,0.39068840712170516,0.07155836831881698,0.25252525252525254,0.10000000000000142,0.0,1.0,0.0,0.75,0.0,0.0,0.0,0.0,0.0,0.0,0.0036354330375410375,0.0,9.278747433264887e-05,2.2563303881655727e-05,0.0010825576210823542,0.03312156029362849,1,3
1328,0.8000000000000114,0.0,0.0,0.10424710424710425,0.0,0.6000000000000001,0.5588235294117647,0.0,0.0,0.0,0.0,0.0,0.0,0.0,0.0,0.0,0.009770786935533304,0.0,0.0008043294090493882,9.89901386388269e-06,0.0,0.00016744843896919904,0.0,0.654113522267797,0.4940057662992216,0.3920754716981132,0.19718137254901963,0.3967815839822567,0.09311360360924871,0.24242424242424243,1.0,0.0,0.0,0.0,0.55,0.0,0.0008410413016459808,0.0,0.0,0.0,0.0,0.0036431835420086085,0.006658785037034829,0.0,5.254538114843635e-05,0.0010869663099907323,0.03312156029362849,0,2
8980,0.20000000000004547,0.0,0.0,0.06756756756756757,0.0,0.0,0.4411764705882353,0.0,0.0,0.0,0.0,0.0,0.0,0.0,0.0,0.0,0.009770786935533304,0.0,0.0008043294090493882,9.89901386388269e-06,0.0,7.869661126741016e-05,9.467075423361283e-05,0.6540944535320139,0.49397403104373394,0.580754716981132,0.24485294117647063,0.40287476084280827,0.12193746475343067,0.030303030303030304,0.6499999999999986,0.0,1.0,0.0,0.10000000000000002,0.00046229570073484416,0.0,0.0,0.0,0.0003461964538645997,0.0,0.003670018765542306,0.0,0.0,0.00020130457850878563,0.0010998109003623005,0.03312156029362849,0,2
3498,0.6000000000000227,0.0,0.0,0.15830115830115832,0.0,0.6000000000000001,0.5294117647058824,0.0,0.0,0.0,0.0,1.0,0.0,0.0,0.0,0.0,0.010028599242124223,0.0,0.0008043294090493882,9.89901386388269e-06,0.0,0.001433076094304634,0.0,0.6544583886075918,0.49441277099937225,0.2981132075471698,0.15379901960784317,0.393747181905702,0.08741149194811706,0.020202020202020204,0.14999999999999858,0.0,1.0,0.0,0.35000000000000003,0.0005172245440537707,0.0,8.064983605400515e-07,3.5160353185747753e-06,0.0005876214866807962,0.0,0.0036621316191194834,0.0,0.0014117043121149898,0.000987106171856653,0.0012282765321950193,0.03312156029362849,0,1
281,0.6000000000000227,0.0,0.0,0.03861003861003861,0.0,0.6000000000000001,0.029411764705882346,0.0,0.0,0.0,0.0,0.0,0.0,0.0,0.0,0.0,0.009770786935533304,0.0,0.0008043294090493882,9.89901386388269e-06,0.0,0.0,0.0,0.6541014456889442,0.4939954563685048,0.580754716981132,0.24448529411764708,0.40287476084280827,0.13390563318503665,0.020202020202020204,0.5,0.0,1.0,0.0,0.10000000000000002,0.00010951824254368107,0.0,0.0,0.0,8.77738466147961e-05,0.0,0.0036469368766357682,0.0,0.0,2.6272690574218176e-05,0.0011066831750618155,0.03312156029362849,0,2
10386,0.20000000000004547,0.0,0.0,0.02316602316602317,0.0,0.6000000000000001,0.5294117647058824,0.0,0.0,0.0,0.0,1.0,0.0,0.0,0.0,0.0,0.009770786935533304,0.0,0.0008043294090493882,9.89901386388269e-06,0.00011206563720521315,3.290798105796666e-05,0.0,0.6540421949118252,0.4939260634699939,0.20339622641509433,0.2450980392156863,0.39068840712170516,0.1342189360235604,0.020202020202020204,0.14999999999999858,0.0,1.0,0.0,0.45,3.7909116437138305e-05,0.0,0.0,0.0,0.0,0.0,0.0036354330375410375,0.0,0.000479235112936345,1.2177021142480869e-05,0.0010825576210823542,0.03312156029362849,1,1
357,0.8000000000000114,0.0,1.0,0.05791505791505792,0.0,0.8,0.23529411764705882,0.0,0.0,0.0,0.0,0.0,0.0,0.0,0.0,0.0,0.009770786935533304,0.0,0.0008043294090493882,9.89901386388269e-06,0.04008154040363873,0.00788270797781703,0.0010949663366413291,0.6539431815432698,0.4941830412103357,0.5683018867924529,0.24362745098039218,0.4002790675002133,0.12319067610752554,0.25252525252525254,0.29999999999999716,1.0,1.0,0.0,0.45,0.0004953236110977879,0.0,0.0,0.0,0.0,0.0,0.003682900018369862,0.0,0.0,0.0030556136834926154,0.0015931776985441842,0.03312156029362849,0,4
7174,0.4000000000000341,0.0,0.0,0.15830115830115832,0.0,0.2,0.5294117647058824,0.0,0.0,0.0,0.0,1.0,0.0,0.0,0.0,0.0,0.009770786935533304,0.0,0.0008043294090493882,9.89901386388269e-06,0.001261280671641899,0.000866244430677385,0.0,0.6541379596972353,0.4940352901211515,0.3549056603773585,0.18958333333333335,0.3956177872018914,0.10414186352528355,0.24242424242424243,0.3999999999999986,0.0,1.0,1.0,0.35000000000000003,0.0006337624904649305,0.0,0.0,0.0,0.0,0.0,0.0036354330375410375,0.0,0.00011288501026694046,0.000379585377546494,0.0011030074997080807,0.03313470541553625,0,1
1881,0.0,0.0,0.0,0.06756756756756757,0.0,0.6000000000000001,0.029411764705882346,0.0,0.0,0.0,0.0,0.0,0.0,0.0,0.0,0.0,0.009770786935533304,0.0,0.0008043294090493882,9.89901386388269e-06,0.0,0.0,0.0,0.6540886726774783,0.49398047319773153,0.38792452830188673,0.18762254901960787,0.3966475340913246,0.10470580863462624,0.25252525252525254,0.3999999999999986,0.0,0.0,0.0,0.5,0.0,0.0,0.0,0.0,0.0,0.0,0.0036354330375410375,0.005381540875327392,0.0,0.0002281144906039956,0.0010846070155519736,0.03312156029362849,0,2
3071,0.0,0.0,0.0,0.10231660231660232,0.0,0.6000000000000001,0.5588235294117647,0.0,0.0,0.0,0.0,0.0,0.0,0.0,0.0,0.0,0.009770786935533304,0.0,0.0008043294090493882,9.89901386388269e-06,0.00011206563720521315,6.407084190831387e-05,3.9386339516901645e-05,0.6540813829960539,0.49397192907555504,0.4241509433962264,0.24387254901960786,0.39781742404855047,0.1335296697788082,0.020202020202020204,0.6499999999999986,0.0,1.0,0.0,0.35000000000000003,2.3394486970340005e-05,0.0,0.0,0.0,9.234409683083043e-06,0.0,0.0036486449010764152,0.0,0.0008803901437371664,0.0,0.0010952384383416326,0.03312156029362849,0,2
3034,0.6000000000000227,1.0,0.0,0.10231660231660232,0.4444444444444444,0.6000000000000001,0.5,0.0,0.0,0.0,0.0,1.0,0.0,0.0,0.0,0.0,0.009770786935533304,0.0,0.0008043294090493882,9.89901386388269e-06,0.00011206563720521315,0.0003511015655805786,0.0,0.6540605198363731,0.4939471755374572,0.2788679245283019,0.05428921568627451,0.3931256778659258,0.03659377153957015,0.020202020202020204,0.9499999999999957,0.0,1.0,0.0,0.45,4.603540805161798e-05,0.0,0.0,0.0,3.319692023359175e-05,0.0,0.0036486484349200856,0.0,0.0,0.0003706316855299639,0.0011410132214991703,0.03312156029362849,0,0
1612,0.6000000000000227,1.0,0.0,0.05791505791505792,0.7037037037037037,0.4,0.5,0.0,0.0,0.0,0.0,1.0,0.0,0.0,0.0,0.0,0.009770786935533304,0.0,0.0008043294090493882,9.89901386388269e-06,0.005220451183485429,0.0019278592236458801,0.0,0.654495719648625,0.49445009791720834,0.27962264150943394,0.07732843137254902,0.393150050573368,0.048311297700357164,0.020202020202020204,0.8999999999999986,0.0,1.0,0.0,0.05,0.0,0.0,0.0,0.0,0.0,0.0,0.003726415769325989,0.0,0.0012833675564681726,0.0015074435879029993,0.0014810631068298196,0.03312156029362849,0,0
11087,0.20000000000004547,0.0,1.0,0.04247104247104247,0.0,0.6000000000000001,0.2647058823529412,0.0,0.0,0.0,0.0,0.0,0.0,0.0,0.0,0.0,0.009770786935533304,0.0,0.0008043294090493882,9.89901386388269e-06,0.0,0.0,0.0,0.6540421289793372,0.49392598622314854,0.20339622641509433,0.2450980392156863,0.39068840712170516,0.1342189360235604,0.020202020202020204,0.3999999999999986,0.0,1.0,0.0,0.2,0.0,0.0,0.0,0.0,0.0,0.0,0.0036354330375410375,0.0,0.0,0.0009472238694173092,0.0010825576210823542,0.03312156029362849,1,4
10458,0.8000000000000114,1.0,1.0,0.03861003861003861,0.0,0.6000000000000001,0.2647058823529412,0.0,0.0,0.0,0.0,0.0,0.0,0.0,0.0,0.0,0.009770786935533304,0.0,0.0008043294090493882,9.89901386388269e-06,0.0,0.0,3.1535169684984748e-06,0.6540181901850477,0.4938979394074829,0.580754716981132,0.2450980392156863,0.40287476084280827,0.1342189360235604,0.020202020202020204,0.14999999999999858,0.0,1.0,0.0,0.45,0.0,0.0,0.0,0.0,0.0,1.8069400229625938e-07,0.00363921228702178,0.0,0.0,0.0013206184084838023,0.001270501344784769,0.03312156029362849,1,4
8856,0.8000000000000114,1.0,0.0,0.10231660231660232,0.0,0.6000000000000001,0.029411764705882346,0.0,0.0,0.0,0.0,0.0,0.0,0.0,0.0,0.0,0.009770786935533304,0.0,0.0008043294090493882,9.89901386388269e-06,0.0,0.00042381490756472216,0.0,0.654288432213146,0.4942145563705403,0.39867924528301885,0.21556372549019612,0.39699484517237604,0.11930572090983146,0.020202020202020204,0.7999999999999972,0.0,1.0,0.0,0.55,0.0,0.0,5.907600490955877e-05,0.0002575495870856023,0.0,1.2576302559819652e-05,0.0037097046152584166,0.0,0.0,0.0002613710609511072,0.0011607375217902425,0.03312156029362849,0,3
216,0.4000000000000341,0.0,0.0,0.03861003861003861,0.0,0.6000000000000001,0.029411764705882346,0.0,0.0,0.0,0.0,0.0,0.0,0.0,0.0,0.0,0.009957957074875505,0.00019939578265643632,0.0008043294090493882,9.89901386388269e-06,0.0,0.00022121476155633144,0.0,0.6540626462419445,0.49393955216662333,0.580754716981132,0.2450980392156863,0.40287476084280827,0.13002067798734257,0.020202020202020204,0.29999999999999716,0.0,1.0,0.0,0.45,0.0,0.0,0.0,0.0,1.5322859457183556e-05,0.0,0.0036354330375410375,0.0,0.0,0.0002310052540264753,0.0011218074534501273,0.03312156029362849,0,2
2289,0.8000000000000114,1.0,0.0,0.20463320463320464,0.0,0.4,0.0,0.0,0.0,0.0,0.0,0.0,0.0,0.0,0.0,0.0,0.013499411152237106,0.0,0.0009786317105586852,9.89901386388269e-06,0.1804036242750076,0.041397242959374844,0.0,0.6537326869395249,0.49352005676803123,0.3709433962264151,0.17071078431372552,0.3961052413507355,0.09536938404661949,0.020202020202020204,0.19999999999999574,0.0,1.0,0.0,0.35000000000000003,0.0,0.0,0.01523324184617556,0.03501004267587868,0.0,0.0025820088764121688,0.004394587077521195,0.0,0.0,0.016251897543158075,0.0015969439348773842,0.033238130242621844,0,3
11194,0.20000000000004547,0.0,1.0,0.04247104247104247,0.0,0.6000000000000001,0.2647058823529412,0.0,0.0,0.0,0.0,0.0,0.0,0.0,0.0,0.0,0.009770786935533304,0.0,0.0008043294090493882,9.89901386388269e-06,0.0,0.0,0.0,0.6540454421696946,0.49392986797417143,0.20339622641509433,0.2450980392156863,0.39068840712170516,0.1342189360235604,0.020202020202020204,0.3999999999999986,0.0,1.0,0.0,0.6,0.0,0.0,0.0,0.0,0.0,0.0,0.0036354330375410375,0.0,0.0,0.0008960599150371374,0.0010825576210823542,0.03312156029362849,1,4
3632,0.0,0.0,0.0,0.10231660231660232,0.0,0.6000000000000001,0.5588235294117647,0.0,0.0,0.0,0.0,0.0,0.0,0.0,0.0,0.0,0.010194098158450201,0.0,0.001423689721006375,7.001173711296172e-05,0.002761514201969752,0.0009123654647358989,0.0,0.6540322483830533,0.4940134149014371,0.580754716981132,0.2450980392156863,0.3991335502504296,0.1246945297324394,0.020202020202020204,0.5,0.0,1.0,0.0,0.4,4.177199022881661e-05,0.0,0.0,0.0,0.0,2.1936251878765886e-05,0.0036354330375410375,0.0,0.0,0.0011852385851938679,0.0011441620371644885,0.03312156029362849,0,2
6821,0.20000000000004547,0.0,0.0,0.15830115830115832,0.0,0.4,0.5294117647058824,0.0,0.0,0.0,0.0,1.0,0.0,0.0,0.0,0.0,0.009770786935533304,0.0,0.0008043294090493882,9.89901386388269e-06,0.004264639748741611,0.0009803420518707897,5.621959561081764e-05,0.6541171263562678,0.4940137576600524,0.3950943396226415,0.2450980392156863,0.39687907481202556,0.13403095432044615,0.020202020202020204,0.0,0.0,1.0,0.0,0.35000000000000003,0.00011073345240081712,0.0,0.0,0.0,3.642113785175295e-05,0.0,0.0036384077486128403,0.0,0.0,0.00019897661858448782,0.0010940752229584288,0.03312156029362849,0,1
6423,0.8000000000000114,0.0,0.0,0.03474903474903475,0.0,0.0,0.4411764705882353,0.0,0.0,0.0,0.0,0.0,0.0,0.0,0.0,0.0,0.009770786935533304,0.0,0.0008043294090493882,9.89901386388269e-06,0.00013484026670175647,6.60652650027361e-05,0.0,0.6541022968475471,0.493996091034797,0.580754716981132,0.2450980392156863,0.39068840712170516,0.1342189360235604,0.020202020202020204,0.14999999999999858,0.0,1.0,0.0,0.5,6.011554907787602e-05,0.0,0.0,0.0,0.0,0.0,0.0036354330375410375,0.0,0.0,2.8882052247606936e-05,0.0010826171028422659,0.03312652071698991,0,2
8366,0.4000000000000341,0.0,1.0,0.06756756756756757,0.0,0.6000000000000001,0.23529411764705882,0.0,0.0,0.0,0.0,0.0,0.0,0.0,0.0,0.0,0.009770786935533304,0.0,0.0008043294090493882,9.89901386388269e-06,0.0,0.0011079020289515443,0.0,0.6541035363120598,0.49398996912525883,0.2788679245283019,0.13566176470588237,0.3931256778659258,0.07531800238110159,0.020202020202020204,0.6000000000000014,0.0,1.0,0.0,0.35000000000000003,2.5105285204967307e-05,0.0,0.0,0.0,0.0,0.00015879388921795273,0.003682557628183139,0.0,0.0,0.0011761314013141973,0.0011063910700525165,0.03312156029362849,0,4
1499,0.4000000000000341,1.0,0.0,0.20463320463320464,0.6666666666666666,0.4,0.5,0.0,0.0,0.0,0.0,1.0,0.0,0.0,0.0,0.0,0.01062160818082649,0.0,0.0008043294090493882,9.89901386388269e-06,0.0,0.0,0.0,0.6542402024324321,0.4941624395931319,0.35660377358490564,0.13112745098039216,0.3956116940250308,0.0756313052196253,0.020202020202020204,0.3999999999999986,0.0,1.0,0.0,0.45,0.0002633678837862363,0.0,0.0,0.0,0.0,0.0008251933696865573,0.0038258043372547046,0.0,0.0,0.0,0.0017898227610633943,0.03312156029362849,0,0
10659,0.0,0.0,0.0,0.10231660231660232,0.0,0.4,0.5588235294117647,0.0,0.0,0.0,0.0,0.0,0.0,0.0,0.0,0.0,0.009770786935533304,0.0,0.0008043294090493882,1.1994203914827185e-05,0.0,0.0,0.0,0.6541012369579516,0.4939940321540545,0.580754716981132,0.2450980392156863,0.40287476084280827,0.13378031204962718,0.020202020202020204,0.5,0.0,1.0,0.0,0.45,2.281064312836402e-06,0.0,0.0,0.0,2.519898235553169e-06,0.0,0.0036354330375410375,0.0,0.0,3.4203103503144794e-05,0.0011369558219512033,0.03312156029362849,1,2
7225,0.0,0.0,0.0,0.0637065637065637,0.0,0.6000000000000001,0.029411764705882346,0.0,0.0,0.0,0.0,0.0,0.0,0.0,0.0,0.0,0.009770786935533304,0.0,0.0008043294090493882,9.89901386388269e-06,0.000622506539572184,0.0009431959217371757,2.424945806810896e-05,0.6540989988978653,0.4939924057003759,0.580754716981132,0.2450980392156863,0.4015281687566264,0.12074691396704057,0.07070707070707072,0.9499999999999957,0.0,1.0,0.0,0.6,0.0,0.0,0.0,0.0,0.0,0.0,0.0036392951360233834,0.0,0.0,0.000343821773434754,0.0011031521395209324,0.03312156029362849,0,2
9377,0.20000000000004547,1.0,1.0,0.0694980694980695,0.0,0.6000000000000001,0.23529411764705882,0.0,0.0,0.0,0.0,0.0,0.0,0.0,0.0,0.0,0.0098668476414448,2.90805976456741e-05,0.0008043294090493882,9.89901386388269e-06,0.0032011007014585884,0.005926428225075632,8.995135297730822e-05,0.6535127533877708,0.4941478150961532,0.580754716981132,0.2450980392156863,0.3971106155327265,0.12156150134720223,0.24242424242424243,0.14999999999999858,1.0,1.0,0.0,0.45,0.0001537681746599539,0.0,0.0,0.0,0.0,0.0,0.0036354330375410375,0.0,0.0017232802874743327,0.0013994620621836469,0.0013978361292253025,0.03328295758853899,1,4
4704,0.8000000000000114,0.0,0.0,0.05791505791505792,0.0,0.6000000000000001,0.0,0.0,0.0,0.0,0.0,0.0,0.0,0.0,0.0,0.0,0.009770786935533304,0.0,0.0008043294090493882,9.89901386388269e-06,0.0,0.00012157670779748794,0.00040108386160723363,0.6543135306240606,0.4943052915243501,0.32773584905660375,0.08995098039215688,0.39463678572734256,0.05482799674165048,0.020202020202020204,0.0,0.0,1.0,0.0,0.45,3.688399527273861e-05,0.0,0.0001518233163716647,0.0006618936487217015,0.0,0.0004115486596299603,0.0038185250119431744,0.0,0.0,0.0006626755371319841,0.0016161726034039934,0.033127299503457656,0,2
3950,0.4000000000000341,0.0,1.0,0.10231660231660232,0.0,0.6000000000000001,0.23529411764705882,0.0,0.0,0.0,0.0,0.0,0.0,0.0,0.0,0.0,0.009770786935533304,0.0,0.0008043294090493882,9.89901386388269e-06,0.0,0.0,0.0,0.6541003838114346,0.4939942378868587,0.20339622641509433,0.2450980392156863,0.39068840712170516,0.1342189360235604,0.020202020202020204,0.29999999999999716,0.0,1.0,0.0,0.75,1.9144646911305518e-05,0.0,0.0,0.0,2.4823345351474078e-05,0.0,0.0036354330375410375,0.0,0.0,4.763364152793987e-05,0.0010825576210823542,0.03312156029362849,0,4
11575,0.4000000000000341,0.0,0.0,0.015444015444015444,0.0,0.6000000000000001,0.0,0.0,0.0,0.0,0.0,0.0,0.0,0.0,0.0,0.0,0.009770786935533304,0.0,0.0021931181234549034,9.89901386388269e-06,0.0,0.0014580063829849118,0.0,0.6532646302184986,0.4930425307443473,0.580754716981132,0.23995098039215687,0.3976894673344789,0.1307726047997995,0.020202020202020204,0.6000000000000014,0.0,1.0,0.0,0.35000000000000003,0.0,0.0,0.009615073454358494,0.0021865344637386885,0.0,0.0032676703375255542,0.0036354330375410375,0.0,0.006548511293634498,0.0008790479002057303,0.0010941290539511488,0.03312156029362849,1,2
7977,0.8000000000000114,0.0,0.0,0.02316602316602317,0.0,0.6000000000000001,1.0,0.0,0.0,0.0,0.0,1.0,0.0,0.0,0.0,0.0,0.009770786935533304,0.0,0.0008043294090493882,9.89901386388269e-06,8.097646043215401e-05,0.0004028734650732888,0.0,0.6541009460598383,0.49399227915529254,0.580754716981132,0.24497549019607845,0.3939177908577975,0.05250955573657498,0.24242424242424243,0.5,1.0,0.0,0.0,0.10000000000000002,0.0,0.0035237527935712484,0.0,0.0,0.0,0.0,0.003638940573708463,0.004126077136526256,0.0,0.0001572268318102677,0.0010841890074841953,0.03312156029362849,0,1
8136,0.20000000000004547,0.0,1.0,0.0637065637065637,0.0,0.6000000000000001,0.23529411764705882,0.0,0.0,0.0,0.0,0.0,0.0,0.0,0.0,0.0,0.009770786935533304,0.0,0.0008043294090493882,9.89901386388269e-06,0.0,0.00021780762210336013,0.00016731038647350874,0.6541455392828159,0.4940266613768027,0.4828301886792453,0.24497549019607845,0.399712402052182,0.13064728366439002,0.020202020202020204,0.29999999999999716,0.0,1.0,0.0,0.35000000000000003,0.0,0.0,0.0,0.0,0.00017606419411017143,0.0,0.0038350716459554296,0.0,0.0,0.0011493470711961774,0.001194622099413993,0.03312156029362849,0,4
11398,0.20000000000004547,0.0,1.0,0.06756756756756757,0.0,0.6000000000000001,0.23529411764705882,0.0,0.0,0.0,0.0,0.0,0.0,0.0,0.0,0.0,0.009770786935533304,0.0,0.0008043294090493882,9.89901386388269e-06,0.0,0.0,0.0,0.6540274286850404,0.4939087632820351,0.3920754716981132,0.24203431372549022,0.3967815839822567,0.13258976126323704,0.020202020202020204,0.6999999999999957,0.0,1.0,0.0,0.85,0.0,0.0,0.0,0.0,0.0,0.0,0.0036354330375410375,0.0,0.0,0.0006466356374338003,0.0010845877335481356,0.03312156029362849,1,4
6044,0.4000000000000341,0.0,0.0,0.10231660231660232,0.0,0.4,0.5294117647058824,0.0,0.0,0.0,0.0,1.0,0.0,0.0,0.0,0.0,0.009770786935533304,0.0,0.0008053118770636216,9.89901386388269e-06,0.0,0.0,0.0001880366048940539,0.6541185795215586,0.4940683529354889,0.5322641509433962,0.2189950980392157,0.40077870800277854,0.12043361112851685,0.24242424242424243,0.44999999999999574,0.0,1.0,1.0,0.45,0.0010235461438027342,0.0,0.0,0.0,0.0,0.0,0.0036354330375410375,0.0,0.0,0.0003350471552585545,0.0012547446761523307,0.03313486910950718,0,1
5550,0.20000000000004547,0.0,0.0,0.03581081081081081,0.0,0.0,0.7941176470588235,0.2222222222222222,0.0,0.0,0.0,0.0,0.0,0.0,0.0,0.0,0.009770786935533304,0.0,0.0008043294090493882,9.89901386388269e-06,0.0004392249974333354,0.00046827392237788415,0.0001507816078799995,0.6540988872433502,0.49399778852451937,0.580754716981132,0.2450980392156863,0.40222279091872926,0.13359233034651294,0.25252525252525254,0.5,0.0,1.0,0.0,0.5,0.0002517045847104835,0.0,0.0,0.0,0.0,0.0,0.0036354330375410375,0.0,0.0,0.00017674588040630322,0.0010992416103518135,0.03312156029362849,0,2
8502,0.4000000000000341,1.0,0.0,0.03861003861003861,0.537037037037037,0.6000000000000001,0.5,0.0,0.0,0.0,0.0,1.0,0.0,0.0,0.0,0.0,0.009770786935533304,0.0,0.0008043294090493882,9.89901386388269e-06,0.0,0.00023783495400984996,0.0,0.6541044838845019,0.4939990415537495,0.349811320754717,0.10012254901960785,0.3954167123654932,0.06009148442884893,0.24242424242424243,0.14999999999999858,0.0,1.0,0.0,0.5,2.5648395755642642e-05,0.0,0.0,0.0,0.0,0.0,0.0036354330375410375,0.0,0.0,8.68252305831514e-05,0.0010927696478965033,0.03312156029362849,0,0
9253,0.4000000000000341,0.0,0.0,0.02316602316602317,0.0,0.2,0.029411764705882346,0.0,0.0,0.0,0.0,0.0,0.0,0.0,0.0,0.0,0.009770786935533304,0.0,0.0008043294090493882,9.89901386388269e-06,0.0,0.0005994072408361452,0.0,0.6540947464180414,0.49398763308749327,0.20339622641509433,0.24178921568627454,0.39068840712170516,0.1325271006955323,0.08080808080808081,0.3500000000000014,0.0,0.0,0.0,0.85,0.0,0.0,0.0,0.0,0.0,0.0,0.0036354330375410375,0.0,0.00031845482546201235,0.0,0.0010825576210823542,0.03312156029362849,1,2
5937,0.6000000000000227,1.0,0.0,0.03861003861003861,0.537037037037037,0.6000000000000001,0.5,0.0,0.0,0.0,0.0,1.0,0.0,0.0,0.0,0.0,0.009770786935533304,0.0,0.0008043294090493882,9.89901386388269e-06,0.0,0.0,3.8429410229909e-05,0.654106672246733,0.49400124755285585,0.4713207547169811,0.17904411764705883,0.3993407182636884,0.10025690832758946,0.25252525252525254,0.7999999999999972,0.0,1.0,1.0,0.45,0.0,0.0,0.0,0.0,0.0,0.0,0.0036554667899572893,0.0,0.0,5.543614457091606e-05,0.0011079044347290662,0.03312156029362849,0,0
5597,0.6000000000000227,0.0,1.0,0.06756756756756757,0.0,0.6000000000000001,0.23529411764705882,0.0,0.0,0.0,0.0,0.0,0.0,0.0,0.0,0.0,0.009770786935533304,0.0,0.0008043294090493882,9.89901386388269e-06,0.0,0.0002415744973118916,0.0,0.6541027620194731,0.49399702420774294,0.580754716981132,0.22169117647058825,0.40287476084280827,0.1222507675919544,0.25252525252525254,0.6000000000000014,0.0,0.0,0.0,0.85,0.0,0.0,0.0,0.0,0.0,0.0,0.0036354330375410375,0.0009343183542465299,0.0,4.988485552066743e-06,0.0010831503568198729,0.03312156029362849,0,4
8151,0.20000000000004547,1.0,0.0,0.03474903474903475,0.0,0.6000000000000001,0.47058823529411764,0.0,0.0,0.0,0.0,0.0,0.0,0.0,0.0,0.0,0.009770786935533304,0.0,0.0008043294090493882,9.89901386388269e-06,0.0,0.0,0.0,0.6540947036778859,0.49398749373263157,0.580754716981132,0.2450980392156863,0.40287476084280827,0.13403095432044615,0.020202020202020204,0.7999999999999972,0.0,1.0,0.0,0.10000000000000002,5.285823434447687e-05,0.0,5.2422393435103345e-06,2.285422957073604e-05,7.467350609828677e-05,0.0,0.0036354330375410375,0.0,0.0,6.991554366050466e-05,0.0010897170439778422,0.03312156029362849,0,3
7276,0.20000000000004547,1.0,0.0,0.0637065637065637,0.2222222222222222,0.6000000000000001,0.5,0.0,0.0,0.0,0.0,1.0,0.0,0.0,0.0,0.0,0.011895424610367588,0.0,0.0008043294090493882,9.89901386388269e-06,0.04665979330758475,0.017576019721520366,0.0,0.6541222647831931,0.4939974795371379,0.3315094339622642,0.13186274509803922,0.3948317673868802,0.07569396578733005,0.24242424242424243,0.5,0.0,0.0,0.0,0.35000000000000003,0.0014854888226796393,0.0,0.0,0.0,0.002576979408628091,0.0,0.003711489598961217,0.0,0.003415657084188912,0.0041530037590157285,0.001374896492834078,0.0331702369280741,0,0
9242,0.8000000000000114,1.0,1.0,0.20463320463320464,0.0,0.6000000000000001,0.23529411764705882,0.0,0.0,0.0,0.0,0.0,0.0,0.0,0.0,0.0,0.009770786935533304,0.0,0.0012201473000258483,9.89901386388269e-06,0.020605617163539192,0.008473555819539612,0.0,0.6537240398440111,0.4943827934007478,0.5788679245283018,0.2450980392156863,0.39827441231309185,0.13296572466946552,0.020202020202020204,0.3500000000000014,0.0,1.0,0.0,0.4,0.0,0.0,0.0,0.0,0.0,0.0018475238958783335,0.0037398467311689255,0.0,0.0,0.007099228908043537,0.001408699233469817,0.03318563408218794,1,4
8630,0.8000000000000114,0.0,0.0,0.06756756756756757,0.0,0.0,0.4411764705882353,0.0,0.0,0.0,0.0,0.0,0.0,0.0,0.0,0.0,0.009770786935533304,0.0,0.0008043294090493882,9.89901386388269e-06,0.0,0.0,0.0,0.6541033156535819,0.49399734678125296,0.20339622641509433,0.2450980392156863,0.39068840712170516,0.0532614825490319,0.020202020202020204,0.6000000000000014,0.0,1.0,0.0,0.55,0.0,0.0,0.0,0.0,0.0,0.0,0.0036354330375410375,0.0,0.0,2.3535419014878993e-06,0.0010825576210823542,0.03312156029362849,0,2
8093,0.8000000000000114,1.0,0.0,0.15830115830115832,0.4444444444444444,0.6000000000000001,0.5,0.0,0.0,0.0,0.0,1.0,0.0,0.0,0.0,0.0,0.010865394390298575,0.0,0.0008043294090493882,9.89901386388269e-06,0.016341700418908582,0.0037565789993065225,0.0,0.6542212069181559,0.49412079422728283,0.4137735849056604,0.2450980392156863,0.3975493242666862,0.13290306410176078,0.24242424242424243,0.5499999999999972,0.0,1.0,0.0,0.35000000000000003,0.0003428385351138045,0.0,0.0,0.0,0.0,0.0,0.00378657827986503,0.0,0.0,0.0029024799680327615,0.001197505130748773,0.03322300095136952,0,0
5030,0.20000000000004547,0.0,0.0,0.03861003861003861,0.0,0.6000000000000001,0.5588235294117647,0.0,0.0,0.0,0.0,0.0,0.0,0.0,0.0,0.0,0.009847087699902923,0.0,0.0008043294090493882,9.89901386388269e-06,1.192956783152269e-05,2.742331754830555e-06,0.0,0.6541107478021917,0.49400603064646625,0.3920754716981132,0.14289215686274512,0.3967815839822567,0.08152139858387118,0.25252525252525254,0.6999999999999957,0.0,0.0,0.0,0.55,0.0,0.008307175196682764,0.0,0.0,0.0,0.0,0.0036354330375410375,0.01612152919885812,0.0,5.551289050248632e-06,0.0010923603638201785,0.03312156029362849,0,2
1678,0.6000000000000227,0.0,0.0,0.015444015444015444,0.0,0.6000000000000001,0.5294117647058824,0.0,0.0,0.0,0.0,1.0,0.0,0.0,0.0,0.0,0.009770786935533304,0.0,0.0008043294090493882,9.89901386388269e-06,0.0,0.0010609499852703545,0.0,0.6540771245524875,0.4939668439817151,0.3920754716981132,0.23602941176470593,0.3967815839822567,0.12939407231029515,0.25252525252525254,0.19999999999999574,0.0,1.0,1.0,0.55,0.00011815370029941888,0.0,0.0,0.0,0.0,0.0,0.0036390481596157587,0.0,0.0,0.0011003320028999729,0.001091357154371137,0.03312156029362849,0,1
4555,0.6000000000000227,1.0,0.0,0.15830115830115832,0.4444444444444444,0.6000000000000001,0.5,0.0,0.0,0.0,0.0,1.0,0.0,0.0,0.0,0.0,0.009831586755662152,0.0,0.0008256006212940586,9.89901386388269e-06,0.052110521300424116,0.011979086811835737,0.0,0.653834403871412,0.4941441235509304,0.580754716981132,0.24497549019607845,0.3960382164052694,0.11429287549345199,0.020202020202020204,0.5499999999999972,1.0,1.0,0.0,0.10000000000000002,1.9545190942428576e-05,0.0,0.0,0.0,0.0,0.0001050554929350452,0.0037795380779751904,0.0,0.0,0.004095393146383655,0.0012340555817154932,0.03314040494197852,0,0
8198,0.8000000000000114,0.0,1.0,0.0694980694980695,0.0,0.8,0.23529411764705882,0.0,0.0,0.0,0.0,0.0,0.0,0.0,0.0,0.0,0.011273054174370422,0.0,0.0008401972889340964,0.00041004994852107923,0.0,0.0,0.0,0.6530831667826225,0.49402726033098554,0.579622641509434,0.24264705882352944,0.39202281285416596,0.08120809574534746,0.020202020202020204,0.29999999999999716,1.0,1.0,0.0,0.2,0.0,0.0,3.1050186880791985e-05,0.00013536735976512885,0.0,8.456479307464939e-06,0.004242857180394416,0.0,0.0,0.0,0.0014175759939102181,0.03313296926735976,0,4
749,0.0,1.0,0.0,0.06756756756756757,0.2962962962962963,0.6000000000000001,0.5,0.0,0.0,0.0,0.0,1.0,0.0,0.0,0.0,0.0,0.009770786935533304,0.0,0.0008043294090493882,9.89901386388269e-06,0.00010519709815070008,0.00013221363096773978,6.328782329883146e-06,0.654101045786868,0.4939938458300054,0.580754716981132,0.24473039215686276,0.404794111553882,0.1335296697788082,0.24242424242424243,0.29999999999999716,0.0,0.0,0.0,0.85,0.0,3.1749309137135775e-05,0.0,0.0,0.0,0.0,0.0036354330375410375,0.0016760112661940727,0.0,8.523914799736609e-05,0.0010838222032980738,0.03313590583798971,0,0
9086,0.20000000000004547,0.0,0.0,0.03474903474903475,0.0,0.4,0.5588235294117647,0.0,0.0,0.0,0.0,0.0,0.0,0.0,0.0,0.0,0.009770786935533304,0.0,0.0008043294090493882,9.89901386388269e-06,0.0038174617060872606,0.0024228085549116616,0.0,0.6537878389688526,0.4935701888061416,0.580754716981132,0.1920343137254902,0.40287476084280827,0.09668525596841909,0.020202020202020204,1.0,0.0,1.0,0.0,0.05,0.0,0.0,4.405497294450031e-05,0.0001920634292771471,0.0,4.336656055110225e-06,0.0036758841607364176,0.0,0.0007873203285420945,0.0009053461727571386,0.001100959344441793,0.03312156029362849,1,2
4327,0.8000000000000114,1.0,0.0,0.15830115830115832,0.4444444444444444,0.6000000000000001,0.5,0.0,0.0,0.0,0.0,1.0,0.0,0.0,0.0,0.0,0.009802466049734103,0.0,0.0008043294090493882,2.167054057522785e-05,0.0,0.0,0.00041156658697838027,0.6542811309355554,0.4941965892977558,0.36,0.23125000000000004,0.3957518370928235,0.12156150134720223,0.24242424242424243,0.5499999999999972,0.0,1.0,0.0,0.35000000000000003,0.00041770632452439927,0.0,0.0,0.0,0.0,0.0,0.003719645317502983,0.0,0.0,0.0006278073022218971,0.001136876909483054,0.033130489055679044,0,0
1799,0.8000000000000114,1.0,0.0,0.06756756756756757,0.2962962962962963,0.6000000000000001,0.5,0.0,0.0,0.0,0.0,1.0,0.0,0.0,0.0,0.0,0.009770786935533304,0.0,0.0008043294090493882,9.89901386388269e-06,0.0008824265174771784,0.00077873911740961,0.0,0.6541025122049202,0.49400849206478986,0.580754716981132,0.2439950980392157,0.39429556782315167,0.13052196252898052,0.24242424242424243,0.5,0.0,0.0,0.0,0.25000000000000006,0.0,0.0,0.0,0.0,0.0,0.0,0.0036354330375410375,0.001861222096439851,0.0,0.00019171133706250343,0.0010848483132246815,0.03312156029362849,0,0
9068,0.8000000000000114,0.0,0.0,0.10231660231660232,0.0,0.4,0.5588235294117647,0.0,0.0,0.0,0.0,0.0,0.0,0.0,0.0,0.0,0.010128542708826125,0.0,0.0008043294090493882,9.89901386388269e-06,0.0043380246660082505,0.0013139093144129061,0.0,0.6540412228217745,0.4939160990151182,0.5943396226415094,0.2450980392156863,0.403313469576768,0.12525847484178207,0.020202020202020204,0.9499999999999957,0.0,1.0,0.0,0.05,7.699270944011201e-05,0.0,0.0,0.0,0.0,0.0,0.0036433814372541454,0.0,0.0,0.001038909675666577,0.0010889793214505393,0.03312156029362849,1,2
6318,0.20000000000004547,0.0,0.0,0.31660231660231664,0.0,0.4,0.5294117647058824,0.0,0.0,0.0,0.0,1.0,0.0,0.0,0.0,0.0,0.010049006310464499,0.0,0.000884876191486135,9.89901386388269e-06,0.010268465886497031,0.002488541416065327,0.0,0.6541942305909467,0.4940980460017634,0.2788679245283019,0.060539215686274524,0.3931256778659258,0.039664139357102585,0.020202020202020204,0.6000000000000014,0.0,1.0,0.0,0.45,0.00037406739177763617,0.0,0.0,0.0,0.0003806924520705574,0.0,0.0036860019478137957,0.0,0.0,0.000499667178476757,0.001358127395079812,0.03314974045874471,0,1
9731,0.6000000000000227,0.0,1.0,0.27606177606177607,0.0,0.8,0.23529411764705882,0.0,0.0,0.0,0.0,0.0,1.0,0.0,0.0,0.0,0.009770786935533304,0.0,0.0008043294090493882,9.89901386388269e-06,0.10004388634953779,0.008550839714448474,0.0,0.6535747017644787,0.4933128609318576,0.580754716981132,0.24460784313725495,0.4059030697425024,0.1339682937527414,0.020202020202020204,0.14999999999999858,0.0,1.0,0.0,0.75,1.2219987390195011e-06,0.0,0.0,0.0,0.0,0.00011419860945123592,0.003819323660612663,0.0,0.0,0.0030281130580132733,0.0011329686604480652,0.03395838371469994,1,4
4068,0.6000000000000227,1.0,0.0,0.06756756756756757,0.2962962962962963,0.6000000000000001,0.5,0.0,0.0,0.0,0.0,1.0,0.0,0.0,0.0,0.0,0.009770786935533304,0.0,0.0008043294090493882,9.89901386388269e-06,1.8075102775034378e-06,4.155048113379629e-07,0.0,0.6541026566600199,0.49399673734634236,0.580754716981132,0.24473039215686276,0.40287476084280827,0.1335296697788082,0.24242424242424243,0.29999999999999716,0.0,0.0,1.0,0.5,0.0,0.00031539048811724283,0.0,0.0,0.0,0.0,0.0036354330375410375,0.009319317759919033,0.0,1.1639799621489067e-05,0.0010889416992373952,0.03312156029362849,0,0
8572,0.0,0.0,0.0,0.10231660231660232,0.0,1.0,0.5588235294117647,0.0,0.0,0.0,0.0,0.0,0.0,0.0,0.0,0.0,0.009770786935533304,0.0,0.0008043294090493882,9.89901386388269e-06,0.00079385851387951,0.0,0.0,0.6540945529277246,0.4940036449222876,0.580754716981132,0.2450980392156863,0.40041311739114543,0.1342189360235604,0.020202020202020204,0.29999999999999716,0.0,1.0,0.0,0.5,0.00011570291393949643,0.0,0.0,0.0,2.0628732139497374e-05,0.0,0.0036354330375410375,0.0,0.0,8.147859735042346e-05,0.0010944563027669289,0.03312156029362849,0,2
9567,0.20000000000004547,0.0,0.0,0.04247104247104247,0.0,0.8,0.5588235294117647,0.0,0.0,0.0,0.0,0.0,0.0,0.0,0.0,0.0,0.009770786935533304,0.0,0.0008043294090493882,9.89901386388269e-06,0.0,0.0,0.0,0.6540569733974145,0.49394337802043153,0.20339622641509433,0.2450980392156863,0.39068840712170516,0.1342189360235604,0.020202020202020204,0.3999999999999986,0.0,1.0,0.0,0.2,0.0,0.0,0.0,0.0,0.0,0.0,0.0036354330375410375,0.0,0.0,0.0007179837718169497,0.0010825576210823542,0.03312156029362849,1,2
1075,0.6000000000000227,1.0,1.0,0.10231660231660232,0.0,0.4,0.23529411764705882,0.0,0.0,0.0,0.0,0.0,0.0,0.0,0.0,0.0,0.009770786935533304,0.0,0.0008043294090493882,9.89901386388269e-06,0.0015038485508828603,0.00620440094386073,0.0,0.6539093240510073,0.49377034896858624,0.580754716981132,0.24485294117647063,0.40287476084280827,0.13409361488815089,0.020202020202020204,0.6000000000000014,0.0,1.0,0.0,0.35000000000000003,0.00021734605349838515,0.0,0.0,0.0,0.0001978824434291846,0.0,0.0036354330375410375,0.0,0.0,0.004788306580554321,0.0012076099416906817,0.03312156029362849,0,4
4736,0.8000000000000114,1.0,0.0,0.015444015444015444,0.0,0.6000000000000001,0.029411764705882346,0.0,0.0,0.0,0.0,0.0,0.0,0.0,0.0,0.0,0.009770786935533304,0.0,0.0008043294090493882,9.89901386388269e-06,0.001965486675757238,0.0005721501252123749,0.0,0.6541224022805929,0.4940200348396315,0.38660377358490566,0.2450980392156863,0.39660488185330073,0.1342189360235604,0.020202020202020204,0.6499999999999986,0.0,1.0,0.0,0.35000000000000003,8.9273796767258e-06,0.0,0.0,0.0,0.0,1.4202548580485986e-05,0.0036572902532911664,0.0,0.0,0.00014645681941324155,0.0010907638733841523,0.03312156029362849,0,3
4374,0.6000000000000227,1.0,0.0,0.05791505791505792,0.7037037037037037,0.6000000000000001,0.5,0.0,0.0,0.0,0.0,1.0,0.0,0.0,0.0,0.0,0.009770786935533304,0.0,0.0008043294090493882,2.2844656739042157e-05,0.0871675446346588,0.02003763642581099,0.0025522608987666897,0.653385659074341,0.49381589394151293,0.579811320754717,0.2334558823529412,0.4007360557647547,0.12807820038849552,0.020202020202020204,0.3999999999999986,0.0,1.0,0.0,0.05,0.0,0.0,8.92188811347432e-05,0.00038896140711733453,0.0,0.0,0.0037938717405512413,0.0,0.0,0.00904872906179122,0.001650653039557658,0.03312156029362849,0,0
10644,0.8000000000000114,1.0,0.0,0.10424710424710425,0.0,0.6000000000000001,0.029411764705882346,0.0,0.0,0.0,0.0,0.0,0.0,0.0,0.0,0.0,0.010062219736720224,0.0,0.0008043294090493882,9.89901386388269e-06,0.0,0.0,0.0,0.654089773319315,0.49398174912929277,0.20339622641509433,0.2431372549019608,0.39068840712170516,0.13277774296635128,0.020202020202020204,0.10000000000000142,0.0,1.0,0.0,0.9,3.951808144351398e-05,0.0,0.0,0.0,6.0884497741005145e-05,0.0,0.0036431332828986305,0.0,0.0,0.0002098489588902743,0.0010825576210823542,0.03312156029362849,1,3
800,0.6000000000000227,1.0,0.0,0.10424710424710425,0.0,0.6000000000000001,0.20588235294117646,0.0,0.0,0.0,0.0,0.0,0.0,0.0,0.0,0.0,0.009840736827602337,0.0,0.0008043294090493882,9.89901386388269e-06,0.0,0.00018988569878144903,0.0,0.6541100245327367,0.4940055330059851,0.3922641509433962,0.15379901960784317,0.3967876771591173,0.08753681308352655,0.24242424242424243,0.3999999999999986,0.0,1.0,1.0,0.55,2.9803191468308943e-06,0.0,0.0,0.0,0.0,0.0,0.0036354330375410375,0.0,0.0,0.00011240720777323726,0.001092418854217425,0.03312156029362849,0,3
12100,0.0,0.0,1.0,0.02316602316602317,0.0,0.8,0.2647058823529412,0.0,0.0,0.0,0.0,0.0,0.0,0.0,0.0,0.0,0.009770786935533304,0.0,0.0008043294090493882,9.89901386388269e-06,0.00017930501952834104,0.0003970563977145573,0.0,0.6534845472043009,0.493272496155671,0.20339622641509433,0.2450980392156863,0.39068840712170516,0.13415627545585562,0.020202020202020204,0.7999999999999972,0.0,1.0,0.0,0.2,0.0,0.0,2.6211196717551672e-06,0.0,0.0,2.1683280275551125e-06,0.0036354330375410375,0.0,0.009556339835728954,0.00014267068678910883,0.0010825576210823542,0.03312156029362849,1,4
6538,0.0,0.0,0.0,0.03581081081081081,0.0,0.0,0.7941176470588235,0.2222222222222222,0.0,0.0,0.0,0.0,0.0,0.0,0.0,0.0,0.009770786935533304,0.0,0.0008043294090493882,9.89901386388269e-06,0.0001449623242557757,0.0003347306760138629,0.0,0.6541194479087512,0.4940165482508628,0.2922641509433962,0.1607843137254902,0.39355829342302495,0.09104580487499218,0.24242424242424243,0.6999999999999957,0.0,1.0,0.0,0.05,5.577066467247334e-05,0.0,0.0,0.0,0.0,0.0,0.0036354330375410375,0.0,0.0,0.0001333076831375374,0.0010874384464600302,0.03312156029362849,0,2
5400,0.4000000000000341,0.0,0.0,0.03474903474903475,0.0,0.2,0.5294117647058824,0.0,0.0,0.0,0.0,1.0,0.0,0.0,0.0,0.0,0.010400531607140157,0.0,0.0008043294090493882,9.89901386388269e-06,0.004018095346890143,0.0009236671956042915,0.0,0.65413959707591,0.49403131404357875,0.41358490566037737,0.24485294117647063,0.39765290827331556,0.13390563318503665,0.24242424242424243,0.29999999999999716,0.0,1.0,1.0,0.25000000000000006,0.0,0.0,0.0,0.0,0.0,0.0,0.0036354330375410375,0.0,0.0,7.876690776827437e-05,0.0011297057389399834,0.03323563018924769,0,1
641,0.4000000000000341,1.0,1.0,0.03474903474903475,0.0,0.6000000000000001,0.23529411764705882,0.0,0.0,0.0,0.0,0.0,0.0,0.0,0.0,0.0,0.009770786935533304,0.0,0.0008043294090493882,9.89901386388269e-06,0.0,0.0,0.0,0.6540999295730366,0.4939937056987935,0.4133962264150943,0.19178921568627455,0.39747011296749907,0.10696158907199702,0.020202020202020204,0.9499999999999957,0.0,1.0,0.0,0.35000000000000003,7.413459016718307e-06,0.0,0.0,0.0,1.056479073912043e-05,0.0,0.0036392048266851423,0.0,0.0,0.00011678172587274195,0.001086083055424179,0.03312156029362849,0,4
3263,0.20000000000004547,0.0,0.0,0.06756756756756757,0.0,0.6000000000000001,0.5588235294117647,0.0,0.0,0.0,0.0,0.0,0.0,0.0,0.0,0.0,0.009770786935533304,0.0,0.0008043294090493882,9.89901386388269e-06,0.0005491216223055444,0.002652998220392893,0.0,0.654103363363523,0.4939976821645413,0.580754716981132,0.24473039215686276,0.40287476084280827,0.13390563318503665,0.020202020202020204,0.14999999999999858,0.0,1.0,0.0,0.5,0.0,0.0,1.0081229506750644e-07,0.0,0.0,3.613880045925187e-08,0.0036354330375410375,0.0,0.0003842915811088296,1.9160900915374308e-05,0.0010888822670456167,0.03312156029362849,0,2
11284,0.0,0.0,1.0,0.04247104247104247,0.0,0.6000000000000001,0.32352941176470584,0.0,0.0,0.0,0.0,0.0,0.0,0.0,0.0,0.0,0.009770786935533304,0.0,0.0008043294090493882,9.89901386388269e-06,0.0,0.0,0.0,0.6540857265886124,0.49397706540850855,0.579811320754717,0.2450980392156863,0.4028442949585055,0.1342189360235604,0.020202020202020204,0.5499999999999972,0.0,1.0,0.0,0.05,0.0,0.0,0.0,0.0,0.0,0.0,0.0036354330375410375,0.0,0.0,0.00027398297570581956,0.001082581463354452,0.03312156029362849,1,4
2242,0.6000000000000227,0.0,1.0,0.08687258687258688,0.0,0.6000000000000001,0.2647058823529412,0.0,0.0,0.0,0.0,0.0,0.0,0.0,0.0,0.0,0.03105248476750051,0.0,0.0008579908763029886,7.300775766890167e-05,0.0,8.310096226759258e-08,0.0,0.6519864480945887,0.5050777301582936,0.580754716981132,0.23848039215686279,0.3910479045564777,0.040792029575787966,0.030303030303030304,0.75,1.0,1.0,0.0,0.25000000000000006,0.06720403789659773,0.0,0.0,0.0,0.08423697379692428,0.0,0.00548489289605401,0.0,0.0,0.02390725305333689,0.004060284413322797,0.03312156029362849,0,4
10088,0.6000000000000227,0.0,0.0,0.06756756756756757,0.0,0.8,0.5588235294117647,0.0,0.0,0.0,0.0,0.0,0.0,0.0,0.0,0.0,0.010804594570169728,0.0,0.0008043294090493882,9.89901386388269e-06,0.023368215871675445,0.005371812402901719,8.157822171612262e-05,0.6539309406301753,0.49403772669626855,0.580754716981132,0.2450980392156863,0.40150988922604475,0.1290807694717714,0.030303030303030304,0.14999999999999858,0.0,1.0,0.0,0.45,0.0,0.0,0.0,0.0,0.0,0.0014713189830975215,0.0037371535496428573,0.0,0.0,0.002756944099798363,0.0015939166107066857,0.03312156029362849,1,2
7485,0.6000000000000227,1.0,0.0,0.09266409266409267,0.7037037037037037,0.6000000000000001,0.5,0.0,0.0,0.0,0.0,1.0,0.0,0.0,0.000406259058353776,0.0,0.012592530666849868,0.0020348779921070567,0.0015736954325763783,8.896966448213583e-05,0.17352098664033003,0.04155048113379629,0.0,0.6517464995598854,0.49471609063612565,0.580754716981132,0.23186274509803925,0.3941919838165223,0.0899179146563068,0.030303030303030304,0.3500000000000014,1.0,1.0,0.0,0.10000000000000002,0.0,0.0,0.016528377400907814,0.05437065165319586,0.0,0.01580075089199594,0.005463953694359567,0.0,0.011550308008213554,0.01331795174318151,0.0022171020029186097,0.0356295801077023,0,0
5470,0.8000000000000114,0.0,0.0,0.03474903474903475,0.0,0.6000000000000001,0.5294117647058824,0.0,0.0,0.0,0.0,1.0,0.0,0.0,0.0,0.0,0.009770786935533304,0.0,0.0008043294090493882,9.89901386388269e-06,0.0,0.0,8.599314547202049e-05,0.6540998242135833,0.4939931265415409,0.580754716981132,0.24497549019607845,0.40287476084280827,0.13409361488815089,0.24242424242424243,0.8999999999999986,0.0,1.0,0.0,0.4,0.0,0.0,0.0,0.0,0.0,0.0,0.0036354330375410375,0.0,0.0,0.00015425932245621772,0.0011911510413143542,0.03312156029362849,0,1
9315,0.20000000000004547,0.0,1.0,0.0637065637065637,0.0,0.6000000000000001,0.23529411764705882,0.0,0.11645896399999998,0.0,0.0,0.0,0.0,0.0,0.0,0.0,0.009770786935533304,0.0,0.000884876191486135,9.89901386388269e-06,0.0010418489239529816,0.0002394969732552018,0.0,0.6535940955242359,0.49340105780867355,0.20339622641509433,0.2450980392156863,0.39068840712170516,0.1342189360235604,0.020202020202020204,0.29999999999999716,0.0,1.0,0.0,0.75,0.0,0.0,0.0,0.0,0.0,0.00019793221011532252,0.0036455221612197563,0.0,0.0,0.004062443559762824,0.0010828136404906403,0.03314718088029022,1,4
3780,0.20000000000004547,0.0,1.0,0.08687258687258688,0.0,0.2,0.23529411764705882,0.0,0.0,0.0,0.0,0.0,0.0,0.0,0.0,0.0,0.009770786935533304,0.09106513314036038,0.0008338970178586954,9.89901386388269e-06,0.1867002670777186,0.8074504998730633,0.0,0.6514710495278642,0.4930083577492173,0.580754716981132,0.24497549019607845,0.400894478363129,0.16009775048561942,0.030303030303030304,0.6000000000000014,0.0,1.0,0.0,0.5,0.0,0.0,0.0,0.0,0.0,0.00016508204049786257,0.006769995171874306,0.0,0.0,0.2539182123723651,0.005912625131164301,0.03312156029362849,0,4
5869,0.6000000000000227,0.0,0.0,0.06756756756756757,0.0,0.6000000000000001,0.5294117647058824,0.0,0.0,0.0,0.0,1.0,0.0,0.0,0.0,0.0,0.010654205312113394,0.0,0.0008043294090493882,9.89901386388269e-06,0.00011206563720521315,4.412661096409166e-05,0.0,0.6540441503567742,0.49392830906296065,0.29377358490566036,0.13615196078431374,0.3936070388379094,0.07845103076633875,0.020202020202020204,0.9499999999999957,0.0,1.0,0.0,0.05,1.5145995481958372e-05,0.0,2.721931966822674e-06,1.1866619200189867e-05,0.0,5.420820068887781e-07,0.0036354330375410375,0.0,0.0,0.0005566126597018881,0.0010839172749776659,0.03312156029362849,0,1
2014,0.6000000000000227,1.0,0.0,0.06756756756756757,0.0,0.0,0.4411764705882353,0.0,0.0,0.0,0.0,0.0,0.0,0.0,0.0,0.0,0.009770786935533304,0.0,0.0008043294090493882,9.89901386388269e-06,6.940839465613202e-05,0.0002464774540856796,0.0,0.6541057690710416,0.4940005329224925,0.37735849056603776,0.172671568627451,0.3963063161871337,0.09706121937464755,0.24242424242424243,0.5,0.0,0.0,0.0,0.55,0.0,0.0007762811214192403,0.0,0.0,0.0,0.0,0.0036354330375410375,0.0030838607297970938,0.0,9.040670738976343e-05,0.0010844932071180096,0.03312156029362849,0,3
3903,0.6000000000000227,1.0,0.0,0.06756756756756757,0.0,0.6000000000000001,0.5588235294117647,0.0,0.0,0.0,0.0,0.0,0.0,0.0,0.0,0.0,0.009882694723275413,0.0,0.0008043294090493882,9.89901386388269e-06,0.000340173434226147,0.001038595826420372,0.0,0.6541038696190097,0.4939971996628892,0.3728301886792453,0.1513480392156863,0.3961600799424805,0.07964158155272888,0.25252525252525254,0.5,0.0,0.0,1.0,0.5,0.0,0.0012931010012806957,0.0,0.0,0.0,0.0,0.0036354330375410375,0.004174117643787671,0.0002566735112936345,6.372470518050388e-05,0.0010842952815619039,0.03312156029362849,0,3
2982,0.0,0.0,0.0,0.18783783783783783,0.0,0.0,0.7941176470588235,0.3333333333333333,0.0,0.0,0.0,0.0,0.0,0.0,0.0,0.0,0.009770786935533304,0.0,0.0008043294090493882,9.89901386388269e-06,0.004860395136206745,0.0011783716449544628,0.0,0.6541325462755103,0.4940294131501028,0.3060377358490566,0.15441176470588236,0.3940944929867535,0.0875994736512313,0.24242424242424243,0.44999999999999574,0.0,1.0,0.0,0.05,0.00018103232430385566,0.0,0.0,0.0,0.0,0.0,0.0036354330375410375,0.0,0.0,0.0004137117351180685,0.0010942972386272986,0.0331514518048044,0,2
4157,0.6000000000000227,1.0,0.0,0.03861003861003861,0.0,0.4,0.029411764705882346,0.0,0.0,0.0,0.0,0.0,0.0,0.0,0.0,0.0,0.009770786935533304,0.0,0.0008043294090493882,9.89901386388269e-06,0.0,0.0,5.5523647038459355e-05,0.6541425620499608,0.4940436541300805,0.40792452830188675,0.24240196078431378,0.397293410838543,0.13284040353405605,0.24242424242424243,0.0,0.0,0.0,1.0,0.35000000000000003,0.0,0.0,0.0,0.0,0.0,0.0,0.003661429169527686,0.01905578468337328,0.0,0.00014231253910844762,0.001098751431082009,0.03312156029362849,0,3
2871,0.6000000000000227,1.0,0.0,0.06756756756756757,0.2962962962962963,0.6000000000000001,0.5,0.0,0.0,0.0,0.0,1.0,0.0,0.0,0.0,0.0,0.009770786935533304,0.0,0.0008043294090493882,9.89901386388269e-06,0.0020659842471864296,0.0006004044523833564,0.0,0.6541089185897954,0.49400284644610215,0.2807547169811321,0.17475490196078433,0.3931866096345313,0.09549470518202896,0.24242424242424243,0.7999999999999972,0.0,0.0,0.0,0.05,0.0,0.0002790154518210542,0.0,0.0,0.0,0.0,0.0036468473525961206,0.008995391895844473,0.0,0.00031312340080665095,0.0010892001474842108,0.03312156029362849,0,0
1851,0.4000000000000341,1.0,0.0,0.10424710424710425,0.0,0.6000000000000001,0.5588235294117647,0.0,0.0,0.0,0.0,0.0,0.0,0.0,0.0,0.0,0.009770786935533304,0.0,0.0008043294090493882,9.89901386388269e-06,0.0,0.0,0.0,0.6541028378915323,0.4940100661148296,0.580754716981132,0.24485294117647063,0.39552029637212255,0.13146187104455168,0.25252525252525254,0.6499999999999986,0.0,1.0,0.0,0.10000000000000002,3.7671505571217844e-05,0.0,0.0,0.0,0.0,0.0,0.0036354330375410375,0.0,0.0,9.593241446282197e-06,0.0010855626891612194,0.03312156029362849,0,3
1284,0.6000000000000227,1.0,0.0,0.05791505791505792,0.7037037037037037,0.6000000000000001,0.5,0.0,0.0,0.0,0.0,1.0,0.0,0.0,0.0,0.0,0.010505953077437827,2.171496784798929e-05,0.0011535733960137532,9.89901386388269e-06,0.0,0.001579333787895597,0.0,0.6537824706065165,0.49441690195881083,0.580754716981132,0.2450980392156863,0.39862172339414326,0.11466883889968044,0.020202020202020204,0.29999999999999716,1.0,1.0,0.0,0.10000000000000002,6.198249159582247e-06,0.0,2.0162459013501285e-06,8.790088296436938e-06,2.598155944731839e-05,0.0,0.004032072436394587,0.0,0.0,0.004775387682073327,0.0016273908137551796,0.033176124950604104,0,0
5067,0.6000000000000227,0.0,0.0,0.05791505791505792,0.0,0.6000000000000001,0.029411764705882346,0.0,0.0,0.0,0.0,0.0,0.0,0.0,0.0,0.0,0.009770786935533304,0.0,0.0008768449053380373,9.89901386388269e-06,0.015692081225173845,0.004262082152780288,0.0,0.6542719941505067,0.4941769224061983,0.41566037735849054,0.15625000000000003,0.39753713791296513,0.08816341876057399,0.020202020202020204,0.9499999999999957,0.0,1.0,0.0,0.5,0.000451256978792368,0.0,0.0,0.0,0.000186503772514606,0.0,0.003918677675403269,0.0,0.0,0.0012425677960768505,0.0014713749160479583,0.03312156029362849,0,2
296,0.8000000000000114,1.0,1.0,0.03861003861003861,0.0,0.6000000000000001,0.23529411764705882,0.0,0.0,0.0,0.0,0.0,0.0,0.0,0.0,0.0,0.009923764700783242,0.0,0.0008043294090493882,9.89901386388269e-06,0.016374597105959145,0.003819320225818555,0.0,0.6541213874503865,0.49401809279959474,0.2822641509433962,0.17156862745098042,0.3933206595254634,0.09618397142678115,0.24242424242424243,0.8999999999999986,0.0,1.0,0.0,0.35000000000000003,0.0005308905632851388,0.0,0.0,0.0,0.0,0.0,0.003694747032949909,0.0,0.0,0.000984445646228884,0.0011066778712715568,0.03312156029362849,0,4
8480,0.8000000000000114,0.0,0.0,0.10424710424710425,0.0,0.0,0.4411764705882353,0.0,0.0,0.0,0.0,0.0,0.0,0.0,0.0,0.0,0.009770786935533304,0.0,0.0008043294090493882,9.89901386388269e-06,0.00906972507045675,0.002911691515931909,0.0,0.6540462744431124,0.4937850941880218,0.580754716981132,0.1405637254901961,0.40287476084280827,0.03220753180023811,0.020202020202020204,0.5,0.0,1.0,0.0,0.55,0.0001421727644030355,0.0,5.544676228712854e-06,0.0,0.0,1.987634025258853e-06,0.0036354330375410375,0.0,0.0,0.0007443332083227382,0.00108300874066315,0.03312156029362849,0,2
211,0.8000000000000114,1.0,0.0,0.05791505791505792,0.7037037037037037,0.6000000000000001,0.5,0.0,0.0,0.0,0.0,1.0,0.0,0.0,0.0,0.0,0.01612393170464561,6.192585052127598e-05,0.0008043294090493882,9.89901386388269e-06,0.1546867295487442,0.07455053805795545,0.00021243830171236623,0.6532266955141822,0.49430123587088143,0.580754716981132,0.24460784313725495,0.3985729779792589,0.13315370637257973,0.030303030303030304,0.10000000000000142,0.0,1.0,0.0,0.25000000000000006,0.0031487784618866163,0.0,0.0027232425266585513,0.01187233275758255,0.004412294855828092,0.0,0.0039015130113980077,0.0,0.0,0.01897637811390222,0.0016347776056779297,0.03312156029362849,0,0
8184,0.0,1.0,0.0,0.03474903474903475,0.0,0.6000000000000001,0.47058823529411764,0.0,0.0,0.0,0.0,0.0,0.0,0.0,0.0,0.0,0.009770786935533304,0.0,0.0008043294090493882,9.89901386388269e-06,0.0,0.0,0.0,0.6541033024008205,0.49399765732133477,0.20339622641509433,0.22303921568627452,0.39068840712170516,0.12294003383670657,0.04040404040404041,0.0,0.0,1.0,0.0,0.85,8.146658260130008e-07,0.0,0.0,0.0,0.0,0.0,0.0036354330375410375,0.0,0.0,0.0,0.0010825576210823542,0.03312156029362849,0,3
4114,1.0,1.0,0.0,0.07335907335907337,0.0,0.6000000000000001,0.029411764705882346,0.0,0.0,0.0,0.0,0.0,0.0,0.0,0.0,0.0,0.009770786935533304,0.0,0.0008043294090493882,9.89901386388269e-06,0.000962679973798331,0.0010038596241925184,0.0,0.6540968877329695,0.4939900665572095,0.39264150943396225,0.13627450980392158,0.39679986351283836,0.0785136913340435,0.24242424242424243,0.44999999999999574,0.0,1.0,0.0,0.5,0.0,0.0,0.0,0.0,0.0,0.0,0.0036354330375410375,0.0,0.0,0.0003430031501646712,0.0010914801824778873,0.03312156029362849,0,3
7515,0.6000000000000227,1.0,0.0,0.02316602316602317,0.14814814814814814,0.6000000000000001,0.5,0.0,0.0,0.0,0.0,1.0,0.0,0.0,0.0,0.0,0.010993495397461141,0.01152183099561338,0.0019247640029957478,1.0739114222473961e-05,0.11362732608497612,0.02612021135898743,0.0,0.6569740453420848,0.4975374431588113,0.3120754716981132,0.10882352941176474,0.3941188656941957,0.06360047622031456,0.030303030303030304,0.10000000000000142,0.0,1.0,0.0,0.45,0.008472368446251889,0.0,0.0,0.0,0.006471818639824983,0.0,0.004564171916116836,0.0,0.0,0.012946757254153363,0.0037049123736158634,0.033499956268907644,0,0
8580,0.8000000000000114,1.0,0.0,0.06756756756756757,0.0,0.6000000000000001,0.0,0.0,0.0,0.0,0.0,0.0,0.0,0.0,0.0,0.0,0.009818824813219265,4.801299423676024e-06,0.0008043294090493882,9.89901386388269e-06,0.0001829200400833479,0.0002473084637083555,0.0,0.6541043609651397,0.4939962420349118,0.3933962264150943,0.17708333333333334,0.39682423622028057,0.09286296133842974,0.24242424242424243,0.14999999999999858,0.0,1.0,0.0,0.55,7.733215353428409e-05,0.0,0.0,0.0,0.0,0.0,0.0036354330375410375,0.0,0.0,0.00015108715728464708,0.001087283199066661,0.03312156029362849,0,3
2397,0.6000000000000227,0.0,0.0,0.05791505791505792,0.0,0.6000000000000001,0.5294117647058824,0.0,0.0,0.0,0.0,1.0,0.0,0.0,0.0,0.0,0.010613496521655835,0.0,0.0008043294090493882,2.076971007023239e-05,0.0,0.0002605215167089027,0.0011923338915928302,0.6545862436295277,0.494756868042446,0.3915094339622641,0.1536764705882353,0.39642817972434474,0.08734883138041231,0.020202020202020204,0.8500000000000014,0.0,1.0,0.0,0.05,0.0009328195263124196,0.0,0.0,0.0016727538028119494,0.0,4.304131134696898e-05,0.0040839857778592475,0.0,0.0,0.002313557271139795,0.001581102851714005,0.033176124950604104,0,1
2483,0.6000000000000227,0.0,0.0,0.10231660231660232,0.0,0.2,0.5588235294117647,0.0,0.0,0.0,0.0,0.0,0.0,0.0,0.0,0.0,0.009770786935533304,0.0,0.0008043294090493882,9.89901386388269e-06,0.006027685273418465,0.00157542804266902,0.0,0.6541524247550168,0.494050945999377,0.3920754716981132,0.22193627450980394,0.3967815839822567,0.11943104204524095,0.020202020202020204,0.6000000000000014,0.0,1.0,0.0,0.55,0.0,0.0,0.0,0.0,9.157717128087946e-05,0.0,0.0036739558600403215,0.0,0.0,0.0005465333606889943,0.0011133800281377245,0.03312156029362849,0,2
5587,0.6000000000000227,1.0,0.0,0.03474903474903475,0.1111111111111111,0.6000000000000001,0.5,0.0,0.0,0.0,0.0,1.0,0.0,0.0,0.0,0.0,0.009770786935533304,0.0,0.0010531901165277242,9.89901386388269e-06,0.015665330073066794,0.0036010139979415893,0.00078940141659027,0.6539343552041577,0.4943283825084849,0.579811320754717,0.2450980392156863,0.3999073837117197,0.11811517012344133,0.030303030303030304,0.3500000000000014,0.0,1.0,0.0,0.4,9.974225263152506e-05,0.0,2.3086015570458973e-05,0.00010064651099420294,0.0,0.0007023214481251009,0.0038461557429519872,0.0,0.0,0.0036542063677634344,0.0017159869124181136,0.03312156029362849,0,0
10691,0.8000000000000114,0.0,0.0,0.10424710424710425,0.0,0.6000000000000001,0.0,0.0,0.0,0.0,0.0,0.0,0.0,0.0,0.0,0.0,0.009854838172023308,0.0,0.0008043294090493882,9.89901386388269e-06,0.009079124123899768,0.004269062633610766,0.0,0.6535813307957458,0.4933793432934515,0.20339622641509433,0.24448529411764708,0.39068840712170516,0.13258976126323704,0.020202020202020204,0.5,0.0,1.0,0.0,0.55,0.0,0.0,3.6090801634167306e-05,0.0,0.0,1.293769056441217e-05,0.003651064013393387,0.0,0.007700205338809035,0.001041902766997817,0.0010825576210823542,0.03312156029362849,1,2
7029,0.6000000000000227,1.0,0.0,0.10231660231660232,0.0,0.6000000000000001,0.5588235294117647,0.0,0.0,0.0,0.0,0.0,0.0,0.0,0.0,0.0,0.010340574556795271,0.0,0.0008043294090493882,9.89901386388269e-06,0.010063855723083642,0.002652582715581555,0.0,0.6541388148316666,0.4940298032660806,0.40867924528301885,0.2450980392156863,0.39776867863366605,0.13296572466946552,0.25252525252525254,1.0,0.0,0.0,0.0,0.35000000000000003,0.0,0.0,0.0,0.0,0.0,0.0,0.0036762434348428987,0.026434096031738248,0.0,0.0003636222237798804,0.0011015209513916245,0.033230689607579716,0,3
9033,0.6000000000000227,1.0,0.0,0.10424710424710425,0.0,0.6000000000000001,0.1764705882352941,0.0,0.0,0.0,0.0,0.0,0.0,0.0,0.0,0.0,0.009770786935533304,0.0,0.0008043294090493882,9.89901386388269e-06,0.0,0.0,0.0,0.6540999892104631,0.4939937755703119,0.20339622641509433,0.2450980392156863,0.39068840712170516,0.1342189360235604,0.24242424242424243,0.3999999999999986,0.0,0.0,1.0,0.5,0.0,0.0,0.0,0.0,0.0,0.0,0.0036354330375410375,0.00041514103943747195,0.0,5.372215209918031e-05,0.0010825576210823542,0.03312156029362849,1,3
711,0.20000000000004547,1.0,0.0,0.06756756756756757,0.2962962962962963,0.6000000000000001,0.5,0.0,0.0,0.0,0.0,1.0,0.0,0.0,0.0,0.0,0.009770786935533304,0.0,0.0008043294090493882,9.89901386388269e-06,0.0004482625488208526,0.0004975254610960768,0.0,0.654117924835144,0.4940142805319152,0.3920754716981132,0.17757352941176474,0.3967815839822567,0.09881571527038037,0.25252525252525254,0.5,0.0,1.0,0.0,0.55,0.00020632769820155933,0.0,0.0,0.0,0.0,0.0,0.0036354330375410375,0.0,6.504106776180699e-05,1.6909686922646752e-05,0.0010918862446255503,0.03312156029362849,0,0
1795,0.6000000000000227,1.0,1.0,0.10231660231660232,0.0,0.6000000000000001,0.23529411764705882,0.0,0.0,0.0,0.0,0.0,0.0,0.0,0.0,0.0,0.009770786935533304,0.0,0.0008043294090493882,9.89901386388269e-06,0.0,0.0,0.0,0.6540991980206057,0.4939926739293716,0.2792452830188679,0.08933823529411766,0.39313786421964686,0.05451469390312677,0.020202020202020204,0.6000000000000014,0.0,1.0,0.0,0.45,2.810597099744853e-06,0.0,0.0,0.0,7.590997790330976e-06,0.0,0.0036374457578359242,0.0,0.0,0.00044172400014121256,0.001108372308338904,0.03312156029362849,0,4
11542,0.6000000000000227,0.0,0.0,0.05791505791505792,0.0,1.0,0.029411764705882346,0.0,0.0,0.0,0.0,0.0,0.0,0.0,0.0,0.0,0.009770786935533304,0.0,0.0008043294090493882,9.89901386388269e-06,0.014696143062269452,0.003290798105796666,0.0,0.6537049883368179,0.4942560507362746,0.580754716981132,0.2450980392156863,0.3998281724125325,0.11780186728491761,0.020202020202020204,0.6000000000000014,0.0,1.0,0.0,0.45,0.0013447688789996603,0.0,0.0,0.0,0.0017475729036688765,0.0,0.0037399087697578045,0.0,0.0,0.006153514375280443,0.0019357900580918234,0.03312156029362849,1,2
6258,0.6000000000000227,1.0,0.0,0.015444015444015444,0.35185185185185186,0.4,0.5,0.0,0.0,0.0,0.0,1.0,0.0,0.0,0.0,0.0,0.009770786935533304,0.0,0.0008043294090493882,9.89901386388269e-06,0.002480627104845718,0.0029963713964825853,0.0,0.6541082605901903,0.49400346636174053,0.3920754716981132,0.19093137254901962,0.3967815839822567,0.1065229650980638,0.24242424242424243,0.44999999999999574,0.0,1.0,1.0,0.55,0.0,0.0,0.0,0.0,0.0,0.0,0.0036354330375410375,0.0,0.0,0.0008848038450734997,0.001090023226336987,0.03312156029362849,0,0
741,0.20000000000004547,1.0,1.0,0.05791505791505792,0.0,0.8,0.23529411764705882,0.0,0.0,0.0,0.0,0.0,0.0,0.0,0.0,0.0,0.009770786935533304,0.0,0.0008043294090493882,9.89901386388269e-06,0.0,0.0,0.0,0.6539940459729561,0.49510594498390703,0.580754716981132,0.2450980392156863,0.4011503917912722,0.13390563318503665,0.030303030303030304,0.6000000000000014,0.0,0.0,0.0,0.8,1.3380886192263537e-05,0.0,0.001449176741595405,0.006317875963064049,0.000408426984203478,0.0,0.0036354330375410375,0.0,0.0,0.0,0.002654915910567361,0.05747540860197729,0,4
7146,0.8000000000000114,1.0,0.0,0.03861003861003861,0.0,0.6000000000000001,0.1764705882352941,0.0,0.0,0.0,0.0,0.0,0.0,0.0,0.0,0.0,0.009770786935533304,0.0,0.0008043294090493882,9.89901386388269e-06,0.008377448634172934,0.005346217306523301,0.0,0.6540187345422234,0.4939053706316411,0.580754716981132,0.2450980392156863,0.4020643683203549,0.13183783445078015,0.020202020202020204,0.6000000000000014,0.0,1.0,0.0,0.5,8.745437642249564e-05,0.0,3.951841966646252e-05,0.000172285730610164,5.108663255183568e-05,0.0,0.00364583353211204,0.0,0.0,0.0021312089377288628,0.0011096051669493374,0.03312156029362849,0,3
8925,0.6000000000000227,1.0,0.0,0.015444015444015444,0.35185185185185186,0.6000000000000001,0.5,0.0,0.0,0.0,0.0,1.0,0.0,0.0,0.0,0.0,0.030159795923296814,0.0017218878299041034,0.0020061996850644203,0.0002279708479102554,0.04015528682296087,0.011960305994363261,0.0018674910003519108,0.6527388007345717,0.49832438083930397,0.580754716981132,0.24411764705882358,0.39471599702652976,0.08020552666207158,0.030303030303030304,0.14999999999999858,1.0,1.0,0.0,0.25000000000000006,0.006799533639116793,0.0,0.06122401248056213,0.2669141076522114,0.0,0.024701882000311516,0.006014420915532167,0.0,0.0,0.016927543142725432,0.0033993211144602445,0.03494271524526992,0,0
521,0.4000000000000341,0.0,0.0,0.06756756756756757,0.0,0.6000000000000001,0.029411764705882346,0.0,0.0,0.0,0.0,0.0,0.0,0.0,0.0,0.0,0.009770786935533304,0.0,0.0008043294090493882,9.89901386388269e-06,0.00011784967009322414,0.0008069103436183239,0.0,0.6540999487895407,0.49399365523603017,0.580754716981132,0.24497549019607845,0.40287476084280827,0.1335296697788082,0.24242424242424243,0.44999999999999574,0.0,0.0,1.0,0.5,0.0,0.008138125895051923,0.0,0.0,0.0,0.0,0.0036354330375410375,0.006786378152783797,0.0,0.00029437181152631797,0.0010840501175748017,0.03312156029362849,0,2
11675,0.0,0.0,1.0,0.03861003861003861,0.0,0.6000000000000001,0.23529411764705882,0.0,0.0,0.0,0.0,0.0,0.0,0.0,0.0,0.0,0.009770786935533304,0.0,0.0008043294090493882,9.89901386388269e-06,0.0,0.0,0.0,0.653593605503382,0.4934002736949669,0.20339622641509433,0.2450980392156863,0.39068840712170516,0.13415627545585562,0.020202020202020204,0.6000000000000014,0.0,1.0,0.0,0.75,0.0,0.0,0.0,0.0,0.0,0.0,0.0036354330375410375,0.0,0.003314014373716633,0.00457050162675793,0.0010825576210823542,0.03312156029362849,1,4
8397,0.6000000000000227,0.0,0.0,0.31660231660231664,0.0,0.6000000000000001,0.5294117647058824,0.0,0.0,0.0,0.0,1.0,0.0,0.0,0.0,0.0,0.013600197388722972,0.0,0.0008043294090493882,1.0000230774556336e-05,0.0,0.0003036509161257833,0.0,0.6539703550053053,0.49500703952054426,0.58,0.24276960784313728,0.39396044309582134,0.0769471771414249,0.030303030303030304,0.5,1.0,1.0,0.0,0.10000000000000002,0.0028259467616833143,0.0,0.0,0.0,0.0014841261514898024,0.0,0.004022024148242725,0.0,0.0,0.0013370420378398375,0.001426473275557789,0.03336392657906744,0,1
5624,0.0,1.0,0.0,0.06756756756756757,0.0,0.6000000000000001,0.5588235294117647,0.0,0.0,0.0,0.0,0.0,0.0,0.0,0.0,0.0,0.009770786935533304,0.0,0.0008043294090493882,9.89901386388269e-06,0.0,0.0011316689041600758,0.0,0.6540998576768059,0.4939864246983998,0.40547169811320755,0.22585784313725493,0.3972141995393559,0.0751926812456921,0.24242424242424243,0.6000000000000014,0.0,0.0,0.0,0.55,0.0,0.0011728320951453204,0.0,0.0,0.0,0.0,0.0036354330375410375,0.0040251302828435065,0.0,0.00042755158477790495,0.0010833297934622727,0.03312156029362849,0,3
5748,0.8000000000000114,0.0,0.0,0.10424710424710425,0.0,0.0,0.4411764705882353,0.0,0.0,0.0,0.0,0.0,0.0,0.0,0.0,0.0,0.009770786935533304,0.006635057530151778,0.0011237562715182914,0.00023086565155552171,0.1866999055756631,0.04510371207843401,0.0,0.6560491725609576,0.49765156314530834,0.38396226415094337,0.1519607843137255,0.39560560084817026,0.07738580111535812,0.030303030303030304,0.3999999999999986,1.0,1.0,0.0,0.05,0.0042166152710969235,0.0,0.0,0.0,0.0,0.003463470358413781,0.007080774734316956,0.0,0.0,0.011117338901335943,0.004547198927598275,0.03312156029362849,0,2
11335,0.6000000000000227,1.0,1.0,0.10231660231660232,0.0,0.2,0.23529411764705882,0.0,0.0,0.0,0.0,0.0,0.0,0.0,0.0,0.0,0.009770786935533304,0.0,0.0008823654398942055,9.89901386388269e-06,0.0,0.0007403464728419823,0.0,0.6539835786106598,0.49385645164072534,0.580566037735849,0.2450980392156863,0.40275289730559727,0.13309104580487502,0.24242424242424243,0.44999999999999574,0.0,1.0,1.0,0.4,0.0006662472902771989,0.0,0.0,0.0,0.0,0.0,0.0036354330375410375,0.0,0.0,0.00208273109095365,0.001233428743102292,0.03312156029362849,1,4
707,0.8000000000000114,1.0,0.0,0.10231660231660232,0.4444444444444444,0.6000000000000001,0.5,0.0,0.0,0.0,0.0,1.0,0.0,0.0,0.0,0.0,0.009770786935533304,0.0,0.0008043294090493882,9.89901386388269e-06,0.0002006336408028816,4.6204135020781475e-05,0.0,0.6540961730778094,0.49398899092400106,0.5122641509433963,0.24485294117647063,0.40066293764242805,0.13371765148192244,0.04040404040404041,0.9499999999999957,0.0,1.0,0.0,0.25000000000000006,0.0,0.0,0.0,0.0,2.4259889845387655e-06,0.0,0.0036465139933432216,0.0,0.0,0.00032483994635971027,0.0010958076292158529,0.03312156029362849,0,0
10930,0.0,0.0,0.0,0.06756756756756757,0.0,0.8,0.0,0.0,0.0,0.0,0.0,0.0,0.0,0.0,0.0,0.0,0.009770786935533304,0.0,0.0008043294090493882,9.89901386388269e-06,0.0,0.0,0.0,0.6540956310398669,0.49399453561716217,0.580754716981132,0.5745098039215687,0.39068840712170516,1.0,0.020202020202020204,0.29999999999999716,0.0,1.0,0.0,0.8,0.0,0.0,0.0,0.0,0.0,0.0,0.0036354330375410375,0.0,0.0,0.00035666392598417704,0.0010828648443722973,0.03314718088029022,1,2
10271,0.4000000000000341,0.0,0.0,0.06756756756756757,0.0,1.0,0.5588235294117647,0.0,0.0,0.0,0.0,0.0,0.0,0.0,0.0,0.0,0.009770786935533304,0.0,0.0008043294090493882,9.89901386388269e-06,0.0,0.0,0.0,0.6532742626568246,0.4930263500533835,0.20339622641509433,0.2450980392156863,0.39068840712170516,0.1342189360235604,0.020202020202020204,0.14999999999999858,0.0,1.0,0.0,0.35000000000000003,3.4623297605552532e-06,0.0,0.0,0.0,5.822373562893037e-06,0.0,0.003638447406191807,0.0,0.0,0.012805007518543098,0.0010825576210823542,0.03312156029362849,1,2
4526,0.6000000000000227,0.0,0.0,0.10231660231660232,0.0,0.6000000000000001,0.5294117647058824,0.0,0.0,0.0,0.0,1.0,0.0,0.0,6.672137819678803e-05,0.0,0.009770786935533304,0.0,0.0008043294090493882,9.89901386388269e-06,0.0,1.163413471746296e-05,0.0,0.6540968330653286,0.4939900778142875,0.20339622641509433,0.2450980392156863,0.39068840712170516,0.1342189360235604,0.020202020202020204,0.7999999999999972,0.0,1.0,0.0,0.10000000000000002,0.0,0.0,0.0,0.0,0.0,0.0,0.0036354330375410375,0.0,0.0,0.00010603729545290589,0.0010825576210823542,0.03312156029362849,0,1
11729,0.4000000000000341,0.0,0.0,0.03474903474903475,0.0,0.6000000000000001,0.5588235294117647,0.0,0.0,0.0,0.0,0.0,0.0,0.0,0.0,0.0,0.009770786935533304,0.0,0.0008043294090493882,9.89901386388269e-06,0.0,0.0,0.0,0.6540504586712148,0.4939357453333952,0.580754716981132,0.2450980392156863,0.40287476084280827,0.1342189360235604,0.020202020202020204,0.6000000000000014,0.0,1.0,0.0,0.45,0.0,0.0,0.0,0.0,0.0,0.0,0.0036354330375410375,0.0,0.0,0.0008185976881055575,0.001179782044701792,0.03312156029362849,1,2
1054,0.6000000000000227,1.0,0.0,0.10231660231660232,0.0,0.4,0.5294117647058824,0.0,0.0,0.0,0.0,1.0,0.0,0.0,0.0,0.0,0.009770786935533304,0.0,0.0008043294090493882,9.89901386388269e-06,0.0,5.858617839865277e-05,0.0,0.6541491864427614,0.4940495551679855,0.4660377358490566,0.21948529411764708,0.3991701093115929,0.1208095745347453,0.24242424242424243,0.0,0.0,1.0,1.0,0.35000000000000003,0.0007326764995066756,0.0,0.0,0.0,0.0,0.0,0.0037136389612113557,0.0,0.0,0.0015699915221327593,0.0012034297123084971,0.03312156029362849,0,0
11420,0.4000000000000341,0.0,1.0,0.02316602316602317,0.0,0.4,0.23529411764705882,0.0,0.0,0.0,0.0,0.0,0.0,0.0,0.0,0.0,0.009770786935533304,0.0,0.0008043294090493882,9.89901386388269e-06,0.0007833749542699899,0.0010519750813454544,0.0,0.6540941772119381,0.49398363876569074,0.20339622641509433,0.2450980392156863,0.39068840712170516,0.10489379033774048,0.020202020202020204,0.6000000000000014,0.0,1.0,0.0,0.55,0.0,0.0,0.0,0.0,1.7842757692736726e-06,0.0,0.0036354330375410375,0.0,0.0,0.00041186983276038234,0.0010825576210823542,0.03312156029362849,1,4
3215,0.20000000000004547,0.0,0.0,0.06756756756756757,0.0,0.0,0.4411764705882353,0.0,0.0,0.0,0.0,0.0,0.0,0.0,0.0,0.0,0.009770786935533304,0.0,0.0008043294090493882,9.89901386388269e-06,0.0,3.47362022278537e-05,0.0,0.6541030840615759,0.49399740151394234,0.20339622641509433,0.24534313725490198,0.39068840712170516,0.13434425715896986,0.020202020202020204,0.14999999999999858,0.0,1.0,0.0,0.75,0.0,0.0,0.0009293885482273418,9.976750216455925e-05,0.0,0.00032673089495209617,0.0036354330375410375,0.0,8.624229979466119e-06,0.0,0.0010825576210823542,0.03312156029362849,0,2
3909,0.6000000000000227,1.0,0.0,0.05791505791505792,0.0,0.4,0.38235294117647056,0.0,0.0,0.0,0.0,1.0,0.0,0.0,0.0,0.0,0.009770786935533304,0.0,0.0017001686959959362,9.89901386388269e-06,0.0,6.27412265120324e-05,0.0,0.6539333870899352,0.4937884185195978,0.5677358490566037,0.2450980392156863,0.4017597094773273,0.12682498903440068,0.020202020202020204,0.7999999999999972,0.0,1.0,0.0,0.4,0.0016496507755031425,0.0,0.0027451187946882,0.00035775659366498336,0.0,0.0006224908379106135,0.003813956930025361,0.0,0.0,0.004284981179339381,0.0016758156580211772,0.034057929490716905,0,0
8659,0.20000000000004547,0.0,0.0,0.15830115830115832,0.0,0.0,0.4411764705882353,0.0,0.0,0.0,0.0,0.0,0.0,0.0,0.0,0.0,0.009770786935533304,0.0,0.0008043294090493882,9.89901386388269e-06,0.07389499666695104,0.0715692079356433,0.0,0.6541603479184375,0.49404322442024223,0.3086792452830189,0.17450980392156865,0.3940883998098929,0.09706121937464755,0.020202020202020204,0.3999999999999986,0.0,1.0,0.0,0.35000000000000003,0.0,0.0,0.00791477328574993,6.768367988256443e-05,0.0,0.0028316557099846806,0.0037861542186245936,0.0,0.0,0.02658624886863706,0.001328429589831836,0.03312156029362849,0,2
8805,0.6000000000000227,1.0,0.0,0.10424710424710425,0.0,0.6000000000000001,0.5588235294117647,0.0,0.0,0.0,0.0,0.0,0.0,0.0,0.0,0.0,0.009770786935533304,0.0,0.0008043294090493882,9.89901386388269e-06,0.0005216474660874921,0.000125233150137262,0.0,0.6540931391893992,0.4939857756696288,0.580754716981132,0.2450980392156863,0.40287476084280827,0.13434425715896986,0.020202020202020204,0.5499999999999972,0.0,1.0,0.0,0.85,1.079432219467226e-06,0.0,0.0,0.0,0.0,0.0,0.00364208137543277,0.0,0.0,0.00016116645629754092,0.0010845235428155644,0.03312156029362849,0,3
3975,0.4000000000000341,1.0,1.0,0.10231660231660232,0.0,0.8,0.2647058823529412,0.0,0.0,0.0,0.0,0.0,0.0,0.0,0.0,0.0,0.009770786935533304,0.0,0.0017809338046580682,9.89901386388269e-06,0.004874493716371271,0.0014898340515333997,1.7920675738225817e-05,0.6540764098973274,0.4939876466736218,0.580754716981132,0.2450980392156863,0.40149160969546305,0.1326524218309418,0.020202020202020204,0.6000000000000014,0.0,1.0,0.0,0.4,0.00018040095828869557,0.0,0.0,0.0,5.828634179627331e-05,0.0,0.0036354330375410375,0.0,0.0,0.0006468147112741309,0.001114793860002689,0.03312156029362849,0,4
10668,0.4000000000000341,1.0,0.0,0.03474903474903475,0.0,0.6000000000000001,0.029411764705882346,0.0,0.0,0.0,0.0,0.0,0.0,0.0,0.0,0.0,0.009770786935533304,0.0,0.0008043294090493882,9.89901386388269e-06,0.004279099830961639,0.0009836660903614933,0.0,0.6540781711893213,0.49396821346347597,0.20339622641509433,0.23897058823529416,0.39068840712170516,0.13108590763832323,0.020202020202020204,0.5,0.0,1.0,0.0,0.9,5.927372772432925e-05,0.0,0.0002111009458713585,0.0009203222446369474,0.0,6.233943079220948e-05,0.0036354330375410375,0.0,0.0,0.00038089005838318836,0.0010825576210823542,0.03312156029362849,1,3
5381,0.4000000000000341,1.0,0.0,0.02316602316602317,0.14814814814814814,0.6000000000000001,0.5,0.0,0.0,0.0,0.0,1.0,0.0,0.0,0.0,0.0,0.009770786935533304,0.0,0.0008043294090493882,9.89901386388269e-06,7.627693371064508e-05,0.0007959410165990017,0.0,0.6541026473830869,0.4939968169222383,0.20339622641509433,0.23602941176470593,0.39068840712170516,0.12106021680556427,0.25252525252525254,0.6999999999999957,0.0,0.0,1.0,0.45,0.0,0.0025456217597569727,0.0,0.0,0.0,0.0,0.0036362992218895588,0.001995920882073144,0.0,0.000258633789391768,0.0010825576210823542,0.03312156029362849,0,0
65,0.20000000000004547,0.0,0.0,0.02316602316602317,0.0,0.6000000000000001,0.8235294117647058,1.0,0.0,0.0,0.0,0.0,0.0,0.0,0.0,0.0,0.009965451706168615,0.0,0.0008043294090493882,9.89901386388269e-06,0.0,0.0,0.0,0.6528180015561088,0.4940104678760605,0.31018867924528304,0.08174019607843139,0.3908163638357767,0.04586753555987218,0.020202020202020204,0.0,0.0,1.0,0.0,0.05,0.0002569591792882673,0.0,0.0,0.0,0.00042066648991902195,0.0,0.003648686914551162,0.0,0.0012040297741273101,0.0003183421241534284,0.0013117636929310162,0.03312156029362849,0,2
3272,0.6000000000000227,0.0,0.0,0.03474903474903475,0.0,0.4,0.5294117647058824,0.0,0.0,0.0,0.0,1.0,0.0,0.0,0.0,0.0,0.010453776598134183,0.0001109427528193503,0.0008043294090493882,1.3775621542683374e-05,0.026021279456994992,0.005981690364983581,0.0,0.6539554864009383,0.4942969946697138,0.580754716981132,0.24448529411764708,0.3970679632947026,0.12688764960210538,0.020202020202020204,0.14999999999999858,1.0,1.0,0.0,0.25000000000000006,4.241693400774357e-05,0.0,0.0013127777063690687,0.0,0.0,0.0005351072184001425,0.00389709060236927,0.0,0.0,0.0020822450333870387,0.0012357903672433137,0.03314388219875488,0,1
7306,0.4000000000000341,0.0,0.0,0.0694980694980695,0.0,0.4,0.5294117647058824,0.0,0.0,0.0,0.0,1.0,0.0,0.0,0.0,0.0,0.010939467834524862,0.0,0.0008272536627148321,7.551793705360813e-05,0.026677767189784242,0.006155869981896455,0.0004246156227100981,0.6539831922926641,0.49477705314776504,0.5481132075471697,0.2319852941176471,0.3986095370404222,0.1255717776803058,0.020202020202020204,0.14999999999999858,0.0,1.0,0.0,0.25000000000000006,0.00014497657262089694,0.0,0.0,0.0,0.00020467521258589314,0.0,0.004152748878593216,0.0,0.0,0.0,0.0015875282696921843,0.03548029120621702,0,1
1383,0.6000000000000227,1.0,0.0,0.05791505791505792,0.7037037037037037,0.6000000000000001,0.5,0.0,0.0,0.0,0.0,1.0,0.0,0.0,0.0,0.0,0.009770786935533304,3.519134236671631e-05,0.0010290650686226618,0.00044868444332521034,0.0,0.0,0.0008077570601862197,0.653829815102767,0.4956629673276642,0.5786792452830188,0.2433823529411765,0.39870093469333046,0.1325271006955323,0.030303030303030304,0.29999999999999716,0.0,1.0,0.0,0.2,0.002474316624530453,0.0,0.0,0.0,0.0,0.00778256295650081,0.005067823954293134,0.0,0.0,0.004124658928289114,0.001941249244448373,0.03312900092867062,0,0
3423,0.4000000000000341,0.0,0.0,0.08687258687258688,0.0,0.0,0.7941176470588235,0.4444444444444444,0.0,0.0,0.0,0.0,0.0,0.0,0.0,0.0,0.011860133625664085,7.321981621105936e-05,0.001092379673984364,9.89901386388269e-06,0.055292823894996665,0.01344016793042455,0.0008509276200653195,0.6492792985656887,0.49241071404553094,0.580754716981132,0.24448529411764708,0.3925772919484761,0.07675919543831068,0.020202020202020204,0.3999999999999986,1.0,1.0,0.0,0.45,0.0029004072181809024,0.0,0.0,0.0,0.0,0.0047047297377877054,0.004125321932569391,0.0,0.018255159137577002,0.013211965611682983,0.002686638722763393,0.03321294121279256,0,2
9545,0.20000000000004547,0.0,1.0,0.04247104247104247,0.0,0.6000000000000001,0.23529411764705882,0.0,0.0,0.0,0.0,0.0,0.0,0.0,0.0,0.0,0.009770786935533304,0.0,0.0008043294090493882,9.89901386388269e-06,0.0,0.0,0.0,0.654060351526303,0.4939473358537744,0.20339622641509433,0.2450980392156863,0.39068840712170516,0.1342189360235604,0.020202020202020204,0.3999999999999986,0.0,1.0,0.0,0.2,0.0,0.0,0.0,0.0,0.0,0.0,0.0036354330375410375,0.0,0.0,0.0006658221203263647,0.0010825576210823542,0.03312156029362849,1,4
4891,0.0,1.0,0.0,0.10231660231660232,0.0,0.6000000000000001,0.38235294117647056,0.0,0.0,0.0,0.0,0.0,0.0,0.0,0.0,0.0,0.009770786935533304,0.0,0.0008043294090493882,9.89901386388269e-06,0.0010902901993900737,0.00025063250219905923,0.0,0.6541152875356194,0.4939941342441064,0.29735849056603775,0.2121323529411765,0.39382030002802865,0.11523278400902313,0.020202020202020204,0.7999999999999972,0.0,1.0,0.0,0.35000000000000003,3.5166408156227868e-06,0.0,0.0,0.0,0.0001487209505231442,0.0,0.0035698708138737715,0.0,0.0009279260780287475,0.0016794823845063267,0.00112810959548089,0.0332623718315891,0,3
7815,0.20000000000004547,0.0,1.0,0.06756756756756757,0.0,0.6000000000000001,0.32352941176470584,0.0,0.0,0.0,0.0,0.0,0.0,0.0,0.0,0.0,0.018704267041237704,0.0,0.0008566809189506775,0.011534183177506527,0.06387669020286049,0.014683773830759073,0.0004984949133445072,0.6543005240326746,0.494413555501254,0.4273584905660377,0.23713235294117652,0.3973116903691247,0.1253211354094868,0.030303030303030304,0.14999999999999858,0.0,1.0,0.0,0.10000000000000002,0.0,0.0,1.7742963931881134e-05,7.69132725938232e-05,0.0,1.5178296192885787e-06,0.00486231523889307,0.0,0.0,0.0032990261964562823,0.0016591726120297901,0.036950099371169116,0,4
7951,0.6000000000000227,1.0,1.0,0.05791505791505792,0.0,0.6000000000000001,0.23529411764705882,0.0,0.0,0.0,0.0,0.0,0.0,0.0,0.0,0.0,0.011242112483730592,0.0,0.0008043294090493882,9.89901386388269e-06,0.0,0.009994220328074288,0.0029290735539129285,0.6544209979291321,0.4943665925246787,0.40150943396226413,0.14375000000000002,0.3970862428252843,0.08239864653173759,0.020202020202020204,0.8999999999999986,0.0,1.0,0.0,0.5,0.0,0.0,0.0,0.0,1.2677748886944517e-05,0.0,0.004702379364114547,0.0,0.0,0.007853283267698508,0.0023617565870739238,0.03312900092867062,0,4
9039,0.0,0.0,1.0,0.15830115830115832,0.0,0.8,0.23529411764705882,0.0,0.0,0.0,0.0,0.0,0.0,0.0,0.0,0.0,0.009835048131560577,0.0,0.0008043294090493882,9.89901386388269e-06,0.0027369320621957057,0.0020028162916112487,0.0,0.6540270221565835,0.4939081755849302,0.580754716981132,0.2450980392156863,0.40287476084280827,0.13415627545585562,0.020202020202020204,0.3999999999999986,0.0,0.0,0.0,0.8,0.0,0.0,0.0,0.0,0.0,0.0,0.0036354330375410375,0.0,0.0,0.0016033760023658214,0.0010976431867585903,0.03312156029362849,1,4
6479,0.4000000000000341,0.0,1.0,0.05791505791505792,0.0,0.6000000000000001,0.23529411764705882,0.0,0.0,0.0,0.0,0.0,0.0,0.0,0.0,0.0,0.009770786935533304,0.0,0.0010805744630831796,9.89901386388269e-06,0.0027763357862452807,0.00034096324818393234,1.7224727165867532e-05,0.6541015752346871,0.4940397044484147,0.580754716981132,0.23958333333333337,0.39077371159775287,0.011090920483739584,0.020202020202020204,0.6000000000000014,1.0,1.0,0.0,0.6,0.0,0.0,0.0024209064537510996,0.009990814357730225,0.0,4.63299421887609e-05,0.0036607310390781526,0.0,0.0,4.796620723141099e-05,0.0011177724586983937,0.03312156029362849,0,4
8146,0.8000000000000114,1.0,0.0,0.08687258687258688,0.0,0.6000000000000001,0.0,0.0,0.0,0.0,0.0,0.0,0.0,0.0,0.0,0.0,0.02223956588928428,3.2081409785471613e-06,0.0008043294090493882,0.0005902261712112384,0.0,0.0,0.0,0.6500484573637596,0.49714751272870994,0.580754716981132,0.2450980392156863,0.3921263968607953,0.05257221630427972,0.020202020202020204,0.29999999999999716,1.0,1.0,0.0,0.10000000000000002,0.0005799538126567718,0.0,0.0,0.0,0.0007147433094706275,0.0,0.006107419508806378,0.0,0.0,0.0,0.0043931053316669955,0.03318009328929324,0,3
10439,0.4000000000000341,0.0,0.0,0.02316602316602317,0.0,0.6000000000000001,0.029411764705882346,0.0,0.0,0.0,0.0,0.0,0.0,0.0,0.0,0.0,0.009770786935533304,0.0,0.0008043294090493882,9.89901386388269e-06,8.929100770866983e-05,2.0525937680095365e-05,0.0,0.648286632277425,0.4871828164080414,0.20339622641509433,0.2450980392156863,0.39068840712170516,0.1342189360235604,0.020202020202020204,0.14999999999999858,0.0,1.0,0.0,0.75,0.0,0.0,9.70822401500087e-05,0.0004232427514734386,0.0,8.67331211022045e-07,0.0036354330375410375,0.0,0.0,0.08982650814709228,0.0010825576210823542,0.03312156029362849,1,2
1959,0.6000000000000227,0.0,0.0,0.03474903474903475,0.0,1.0,0.0,0.0,0.0,0.0,0.0,0.0,0.0,0.0,0.0,0.0,0.010232970914735552,0.0,0.0008155108307351863,9.89901386388269e-06,0.0010826986562245593,0.0009351351283972192,0.0,0.6538784693031657,0.4938302401169433,0.46358490566037736,0.23811274509803923,0.39429556782315167,0.11961902374835519,0.24242424242424243,0.5,1.0,1.0,1.0,0.5,0.0,0.0,0.0,0.0,0.0,0.0,0.0036354330375410375,0.0,0.0035934291581108833,0.0004481450764159241,0.0011161631796839863,0.03312156029362849,0,2
4820,0.8000000000000114,0.0,0.0,0.10231660231660232,0.0,0.6000000000000001,0.5588235294117647,0.0,0.0,0.0,0.0,0.0,0.0,0.0,0.0,0.0,0.009770786935533304,0.0,0.0008043294090493882,9.89901386388269e-06,0.011513478965641399,0.0020061403301019523,0.0,0.6540475662560328,0.49393249941318984,0.580754716981132,0.2450980392156863,0.4028564813122266,0.1342189360235604,0.020202020202020204,0.6499999999999986,0.0,1.0,0.0,0.25000000000000006,0.0,0.0,0.0,0.0,0.0,0.00010758520896719283,0.003652353473683751,0.0,0.0,0.0009493727555012763,0.0010995391678557712,0.03312156029362849,0,2
10357,0.6000000000000227,1.0,1.0,0.02316602316602317,0.0,0.6000000000000001,0.32352941176470584,0.0,0.0,0.0,0.0,0.0,0.0,0.0,0.0,0.0,0.009770786935533304,0.0,0.0008043294090493882,9.89901386388269e-06,0.0,0.0,0.0,0.6538769372839445,0.4937324467752486,0.580754716981132,0.2450980392156863,0.40287476084280827,0.1342189360235604,0.020202020202020204,0.0,0.0,1.0,0.0,0.75,0.0,0.0,0.0,0.0,0.0,0.0,0.0036354330375410375,0.0,0.0034907597535934294,1.9058573006613966e-05,0.0010827774061852274,0.03312156029362849,1,4
9421,0.20000000000004547,0.0,1.0,0.02316602316602317,0.0,0.6000000000000001,0.23529411764705882,0.0,0.0,0.0,0.0,0.0,0.0,0.0,0.0,0.0,0.011871194979078617,7.68317028229611e-05,0.04510217472413897,1.0506315327924573e-05,0.0,0.0004921238985486833,0.00013366562267856294,0.6527223799005222,0.4942210171569428,0.580754716981132,0.23848039215686279,0.39401528168756633,0.13002067798734257,0.020202020202020204,0.5,0.0,1.0,0.0,0.25000000000000006,0.0,0.0,0.0,0.0,0.0,1.987634025258853e-06,0.004296062730694518,0.0,0.0,0.0008915319050744922,0.0014285249501615382,0.03330103833169137,1,4
744,0.6000000000000227,1.0,0.0,0.03861003861003861,0.537037037037037,0.6000000000000001,0.5,0.0,0.0,0.0,0.0,1.0,0.0,0.0,0.0,0.0,0.00978646847329921,4.3211694813084214e-05,0.0008043294090493882,9.89901386388269e-06,0.011941858901409714,0.0030630183682211947,0.0,0.6534258686151567,0.49402904671280623,0.27943396226415096,0.07058823529411766,0.3912124203317126,0.04423836079954885,0.020202020202020204,0.9499999999999957,0.0,1.0,0.0,0.05,3.605575168295873e-05,0.0,0.0,0.0,0.0,2.3237248695298955e-05,0.003661291742273841,0.0,0.0019763860369609856,0.0012222557061879222,0.0012211629598227964,0.03312652071698991,0,0
11530,0.20000000000004547,0.0,0.0,0.017374517374517374,0.0,1.0,0.5294117647058824,0.3333333333333333,0.0,0.0,0.0,1.0,0.0,0.0,0.0,0.0,0.009770786935533304,0.0,0.0019721563886347165,9.89901386388269e-06,0.0,0.000985577412493648,0.0,0.6539511149775807,0.49375584713493986,0.5616981132075471,0.2433823529411765,0.4050743976894674,0.11404223322263302,0.030303030303030304,0.6000000000000014,0.0,1.0,0.0,0.55,1.5648372741333055e-05,0.0,0.0,0.0,3.964535546991415e-05,0.0,0.0036448876399562883,0.0,0.0025667351129363453,0.00012801221385918963,0.0010985716970308096,0.03369541183061765,1,1
8563,0.0,0.0,1.0,0.0694980694980695,0.0,0.6000000000000001,0.9411764705882353,0.0,0.0,0.0,0.0,0.0,0.0,0.0,0.0,0.0,0.0102214129291269,0.0,0.0008043294090493882,1.636677445592874e-05,0.09334995278783155,0.03802666792980129,0.0,0.6543993551757603,0.49433173828224414,0.3630188679245283,0.14558823529411768,0.3957640234465446,0.08214800426091862,0.020202020202020204,0.14999999999999858,0.0,1.0,0.0,0.35000000000000003,0.0,0.0,0.011044087736940397,0.0006284913131952411,0.00014422895801628855,0.0,0.00408451742500698,0.0,0.0,0.017605414374308327,0.002026519420505852,0.03312156029362849,0,4
5899,0.8000000000000114,1.0,0.0,0.35135135135135137,0.6666666666666666,0.6000000000000001,0.5,0.0,0.0,0.0,0.0,1.0,0.0,0.0,0.0,0.0,0.014569578283267416,0.0,0.0008043294090493882,0.000213861210562349,0.0,3.315728394476944e-05,0.0,0.6542298715735786,0.49417552225860434,0.5184905660377358,0.22365196078431376,0.40062637858126476,0.12206278588884016,0.020202020202020204,0.3999999999999986,0.0,1.0,0.0,0.10000000000000002,7.312983564843371e-05,0.0,7.964171310333009e-06,3.4720848770925905e-05,0.0,2.059911626177357e-06,0.0038426906129086055,0.0,0.0,0.00018439489158613887,0.0013799718731347982,0.03315826742650299,0,0
5455,0.6000000000000227,0.0,1.0,0.06756756756756757,0.0,0.6000000000000001,0.23529411764705882,0.0,0.0,0.0,0.0,0.0,0.0,0.0,0.0,0.0,0.009770786935533304,0.0,0.0008043294090493882,9.89901386388269e-06,0.0,0.0,6.563664973054067e-05,0.6541028839448784,0.4939910269024126,0.580754716981132,0.2450980392156863,0.40287476084280827,0.1169246193370512,0.05050505050505051,0.6000000000000014,0.0,1.0,0.0,0.6,0.0,0.0,0.0,0.0,0.0,0.0002819910599835424,0.003647675057313565,0.0,0.0,8.605777126744883e-05,0.001088321205345251,0.03312156029362849,0,4
3003,0.8000000000000114,1.0,0.0,0.10231660231660232,0.0,0.6000000000000001,0.0,0.0,0.0,0.0,0.0,0.0,0.0,0.0,0.0,0.0,0.010033821404892715,0.0,0.0008043294090493882,9.89901386388269e-06,0.009215410398823528,0.0021183266291632022,0.0,0.654141415023459,0.49404206649391214,0.40150943396226413,0.19669117647058826,0.3970862428252843,0.10928003007707252,0.25252525252525254,0.5,0.0,0.0,0.0,0.55,0.0,0.03392592402579558,0.0,0.0,0.0,0.0,0.0036846135399006626,0.04778702021184628,0.0,9.797897263802884e-05,0.0011044684212996418,0.03312156029362849,0,3
9749,0.6000000000000227,0.0,0.0,0.10231660231660232,0.0,1.0,0.5588235294117647,0.0,0.0,0.0,0.0,0.0,0.0,0.0,0.0,0.0,0.009770786935533304,0.0,0.0008043294090493882,9.89901386388269e-06,0.0,3.5733413775064806e-06,0.0,0.654092414925987,0.49398490149929847,0.580754716981132,0.24289215686274512,0.40287476084280827,0.13309104580487502,0.25252525252525254,0.5499999999999972,0.0,1.0,0.0,0.8,0.0,0.0,0.0,0.0,0.0,0.0,0.0036863113554595956,0.0,0.0,0.0001680735901388641,0.001085237869183969,0.03312156029362849,1,2
8811,1.0,0.0,0.0,0.06756756756756757,0.0,0.0,0.4411764705882353,0.0,0.0,0.0,0.0,0.0,0.0,0.0,0.0,0.0,0.009770786935533304,0.0,0.0008043294090493882,9.89901386388269e-06,0.0,0.0,0.0,0.6541034435427298,0.49399782268392833,0.39754716981132077,0.2450980392156863,0.3969582861112127,0.1342189360235604,0.25252525252525254,0.6000000000000014,0.0,0.0,0.0,0.55,0.0,0.0,0.0,0.0,0.0,0.0,0.0036354330375410375,1.6219463866394252e-05,0.0,7.162953613224041e-07,0.0010825650563023432,0.03312156029362849,0,2
2549,0.6000000000000227,0.0,0.0,0.08687258687258688,0.0,0.6000000000000001,0.5294117647058824,0.0,0.0,0.0,0.0,1.0,0.0,0.0,0.0,0.0,0.009770786935533304,0.0003036385403709296,0.0013480552786407946,6.225852175536035e-05,0.1867002670777186,0.04800318775291258,0.0,0.6492777367277542,0.49396085599258716,0.2949056603773585,0.07561274509803922,0.3922299808674247,0.04649414123691961,0.030303030303030304,0.3500000000000014,0.0,1.0,0.0,0.05,0.0,0.0,0.08443674910592096,0.0,0.0,0.03172079596430787,0.004965456356150352,0.0,0.0051334702258726906,0.0021810170473179603,0.002711280727123286,0.03322862607146137,0,1
1306,0.6000000000000227,0.0,0.0,0.10231660231660232,0.0,0.6000000000000001,0.0,0.0,0.0,0.0,0.0,0.0,0.0,0.0,0.0,0.0,0.009770786935533304,0.0,0.0011776204702668921,9.89901386388269e-06,0.008036190693780285,0.001847334391208583,0.0,0.6537003485450413,0.49353484623942845,0.2220754716981132,0.07794117647058825,0.3912794452771787,0.048749921674290375,0.020202020202020204,0.5,0.0,1.0,0.0,0.75,0.00010563500210635243,0.0,0.0007830090957893225,0.003413630789921285,3.869061141793437e-05,0.0,0.0036354330375410375,0.0,0.0025667351129363453,0.0010299815656272368,0.001142430870110396,0.03312156029362849,0,2
2533,0.20000000000004547,0.0,0.0,0.04247104247104247,0.0,0.4,0.5294117647058824,0.0,0.0,0.0,0.0,1.0,0.0,0.0,0.0,0.0,0.009770786935533304,0.0,0.0008043294090493882,9.89901386388269e-06,0.0,0.0,0.0,0.6540873371304452,0.4939789523276808,0.20339622641509433,0.2450980392156863,0.39068840712170516,0.1342189360235604,0.020202020202020204,0.6999999999999957,0.0,1.0,0.0,0.85,0.0,0.0,0.0,0.0,0.0,0.0,0.0036354330375410375,0.0,0.0,0.000249091711899866,0.0010825576210823542,0.03312156029362849,0,1
6065,1.0,1.0,0.0,0.06756756756756757,0.0,0.6000000000000001,0.1764705882352941,0.0,0.0,0.0,0.0,0.0,0.0,0.0,0.0,0.0,0.009770786935533304,0.0,0.0008043294090493882,9.89901386388269e-06,0.0001395397934232654,3.207697143529073e-05,0.0,0.6541024138031666,0.49399661623571045,0.580754716981132,0.2450980392156863,0.40287476084280827,0.1342189360235604,0.020202020202020204,0.10000000000000142,0.0,1.0,0.0,0.5,7.67143652828909e-06,0.0,0.00011401870572134979,0.00043994391923666876,0.0,2.1683280275551125e-06,0.003635453062655169,0.0,0.0,1.6270137492894608e-05,0.0010852682048815238,0.03312156029362849,0,3
6715,0.6000000000000227,1.0,1.0,0.03861003861003861,0.0,0.6000000000000001,0.2647058823529412,0.0,0.0,0.0,0.0,0.0,0.0,0.0,0.0,0.0,0.009770786935533304,0.0,0.0008043294090493882,9.89901386388269e-06,0.0004638071372073822,0.00010661853458932127,3.0012782182951003e-06,0.65413619542337,0.49403542132433603,0.4088679245283019,0.2450980392156863,0.3973238767228458,0.1322137978570086,0.020202020202020204,0.5,0.0,1.0,0.0,0.35000000000000003,1.3000708806790804e-05,0.0,0.0,0.0,0.0,5.420820068887781e-05,0.0036557695225650456,0.0,0.0,1.130723391801795e-05,0.0010946553683900996,0.03312156029362849,0,4
10740,0.8000000000000114,0.0,0.0,0.03474903474903475,0.0,0.6000000000000001,0.5588235294117647,0.0,0.0,0.0,0.0,0.0,0.0,0.0,0.0,0.0,0.009770786935533304,0.0,0.0008043294090493882,9.89901386388269e-06,0.0,0.0,0.0,0.6534408303201727,0.4932215015924833,0.20339622641509433,0.2450980392156863,0.39068840712170516,0.1342189360235604,0.25252525252525254,0.5,0.0,0.0,0.0,0.5,0.0,0.0,0.0,0.0,0.0,0.0,0.0036354330375410375,0.0,0.0,0.010232790876034344,0.0010825576706504875,0.03312156029362849,1,2
2502,0.20000000000004547,1.0,0.0,0.06756756756756757,0.0,0.6000000000000001,0.029411764705882346,0.0,0.0,0.0,0.0,0.0,0.0,0.0,0.0,0.0,0.009770786935533304,0.0,0.0008043294090493882,9.89901386388269e-06,0.0004909197913699337,7.645288528618517e-06,0.0,0.6540984840280837,0.49399201209082216,0.580754716981132,0.24460784313725495,0.40287476084280827,0.1339682937527414,0.24242424242424243,0.3999999999999986,0.0,0.0,0.0,0.85,0.0,0.0009121092916350663,0.0,0.0,0.0,0.0,0.003641572894593543,0.0029422879809061385,0.0,2.292145156231693e-05,0.0010830590523184087,0.03312156029362849,0,3
12055,0.4000000000000341,0.0,0.0,0.10231660231660232,0.0,1.0,0.5588235294117647,0.0,0.0,0.0,0.0,0.0,0.0,0.0,0.0,0.0,0.009770786935533304,0.0,0.0008043294090493882,9.89901386388269e-06,0.0,0.0,0.0,0.6537320594212712,0.49421445311596307,0.580754716981132,0.2450980392156863,0.39199844014672375,0.1342189360235604,0.25252525252525254,0.6499999999999986,0.0,0.0,1.0,0.8,0.0,0.0,0.0,0.0,0.0,0.0,0.0036354330375410375,0.1420081256424549,0.0,0.00573547928601725,0.001177797832327409,0.03312156029362849,1,2
5020,0.4000000000000341,1.0,0.0,0.015444015444015444,0.35185185185185186,0.6000000000000001,0.5,0.0,0.0,0.0,0.0,1.0,0.0,0.0,0.0,0.0,0.009770786935533304,0.0,0.0008043294090493882,9.89901386388269e-06,0.0,6.980480830477776e-06,0.0,0.6540947593394839,0.49398764822632224,0.39301886792452834,0.13235294117647062,0.3968120498665595,0.07657121373519646,0.24242424242424243,0.7999999999999972,0.0,0.0,0.0,0.5,0.0,6.518070087756352e-05,0.0,0.0,0.0,0.0,0.0036354330375410375,0.004869314759318217,0.0,8.117161362414244e-05,0.0010843893123106973,0.03312156029362849,0,0
2321,0.4000000000000341,0.0,1.0,0.03474903474903475,0.0,0.6000000000000001,0.23529411764705882,0.0,0.0,0.0,0.0,0.0,0.0,0.0,0.0,0.0,0.009965286162103909,8.555042609459096e-06,0.0008043294090493882,9.89901386388269e-06,0.01348113465373164,0.003377721712328568,0.0,0.6540835683764136,0.4942560088133635,0.580754716981132,0.24497549019607845,0.39237012393521736,0.03778432232596028,0.020202020202020204,0.5,1.0,1.0,0.0,0.25000000000000006,0.0,0.0,0.0005560806195923655,0.0024243063521573074,0.0,0.0008449612935377681,0.0037829623724917154,0.0,0.0,0.00017393186291539376,0.0011996531658035792,0.03312156029362849,0,4
1443,0.6000000000000227,1.0,0.0,0.03861003861003861,0.537037037037037,0.6000000000000001,0.5,0.0,0.0,0.0,0.0,1.0,0.0,0.0,0.0,0.0,0.009770786935533304,0.0,0.001029735642029202,9.89901386388269e-06,8.025345632115264e-05,0.002362726559192192,4.8281432207355965e-06,0.6540846163385237,0.493980448354525,0.580754716981132,0.24497549019607845,0.40100415554661895,0.11824049125885082,0.25252525252525254,0.6000000000000014,0.0,1.0,0.0,0.4,6.346246784641276e-05,0.0,0.0,0.0,0.0,0.0,0.0036354330375410375,0.0,0.0,0.0010175743066900451,0.0011218069577687948,0.033122180346548666,0,0
11071,0.20000000000004547,0.0,1.0,0.04247104247104247,0.0,0.6000000000000001,0.2647058823529412,0.0,0.0,0.0,0.0,0.0,0.0,0.0,0.0,0.0,0.009770786935533304,0.0,0.0008043294090493882,9.89901386388269e-06,0.0,0.0,0.0,0.6540569733974145,0.49394337802043153,0.20339622641509433,0.2450980392156863,0.39068840712170516,0.1342189360235604,0.020202020202020204,0.3999999999999986,0.0,1.0,0.0,0.10000000000000002,0.0,0.0,0.0,0.0,0.0,0.0,0.0036354330375410375,0.0,0.0,0.0007179837718169497,0.0010825576210823542,0.03312156029362849,1,4
530,0.6000000000000227,1.0,0.0,0.03861003861003861,0.537037037037037,0.6000000000000001,0.5,0.0,0.0,0.0,0.0,1.0,0.0,0.0,0.0,0.0,0.009770786935533304,0.0,0.0008043294090493882,9.89901386388269e-06,0.0003546335164461745,8.152204398450832e-05,0.0,0.6541803489859872,0.494087767901405,0.2839622641509434,0.056617647058823536,0.3932901936411607,0.03784698289366502,0.24242424242424243,0.3999999999999986,0.0,1.0,0.0,0.45,4.532936433574005e-05,0.0,0.0,0.0,0.0,0.0,0.003704944527834517,0.0,0.0,6.651314069422323e-05,0.0012795873323156591,0.03312156029362849,0,0
5291,0.6000000000000227,0.0,1.0,0.05791505791505792,0.0,0.6000000000000001,0.2941176470588235,0.0,0.0,0.0,0.0,0.0,0.0,0.0,0.0,0.0,0.010505441395783277,0.0,0.0008395734997187101,9.89901386388269e-06,0.11458133000944243,0.026339597899373877,0.0,0.6548245372256475,0.49481829519968284,0.2971698113207547,0.12218137254901963,0.3937167160213993,0.07111974434488377,0.030303030303030304,0.14999999999999858,0.0,1.0,0.0,0.05,0.0,0.0,0.0,0.0,0.0,0.0030038570941730157,0.0043081614334737495,0.0,0.0,0.006088382661354484,0.0022376080918074526,0.03318768769745957,0,4
11793,0.6000000000000227,0.0,1.0,0.05791505791505792,0.0,0.6000000000000001,0.2941176470588235,0.0,0.0,0.0,0.0,0.0,0.0,0.0,0.0,0.0,0.009770786935533304,0.0,0.0008043294090493882,9.89901386388269e-06,0.028525765697503754,0.010991265673360864,0.0,0.6535622242895927,0.494127246085658,0.580377358490566,0.24473039215686276,0.4003704651531216,0.13403095432044615,0.020202020202020204,0.75,0.0,1.0,0.0,0.45,0.0,0.0,0.0009046895359358028,0.0,0.0,4.278833974375422e-05,0.0037029318075396302,0.0,0.0,0.009704830030785351,0.00163530193739155,0.03312156029362849,1,4
567,0.4000000000000341,0.0,0.0,0.06756756756756757,0.0,0.6000000000000001,0.5588235294117647,0.0,0.0,0.0,0.0,0.0,0.0,0.0,0.0,0.0,0.009770786935533304,0.0,0.0008071364605186262,9.89901386388269e-06,0.0021711813453371294,0.002910777405346965,0.0,0.6540924874848558,0.49398355957796986,0.5790566037735849,0.2450980392156863,0.4028077358973422,0.13227645842471336,0.24242424242424243,1.0,0.0,1.0,1.0,0.25000000000000006,0.00028953223456502046,0.0,0.0,0.0,0.0,0.0,0.0036354330375410375,0.0,0.0,0.0009167045706295367,0.0010954440965265267,0.03312156029362849,0,2
3193,0.0,0.0,0.0,0.02364864864864865,0.0,0.0,0.7941176470588235,0.3333333333333333,0.0,0.0,0.0,0.0,0.0,0.0,0.0,0.0,0.010243716229481096,0.0,0.0008043294090493882,9.89901386388269e-06,0.010773484258031492,0.002657485672355343,0.0,0.6545195491076327,0.4944837853052854,0.28415094339622643,0.1047794117647059,0.3932962868180212,0.06240992543392443,0.020202020202020204,0.14999999999999858,0.0,1.0,0.0,0.35000000000000003,2.3150087222536105e-06,0.0,0.0,0.0,5.31682876159883e-05,0.0,0.004046609883955626,0.0,0.0,0.0021433859588713437,0.0013115620497649162,0.03312156029362849,0,2
7365,0.0,0.0,0.0,0.0637065637065637,0.0,0.0,0.7941176470588235,0.4444444444444444,0.0,0.0,0.0,0.0,0.0,0.0,0.0,0.0,0.009770786935533304,0.0,0.0008043294090493882,9.89901386388269e-06,0.036365299273091664,0.008359541299308475,0.0004986471520947106,0.653935805056258,0.4947153864864901,0.580754716981132,0.2450980392156863,0.39077980477461344,0.0956826868851432,0.020202020202020204,0.5,1.0,1.0,0.0,0.45,0.00047874516153842336,0.0,0.0,0.0,0.0004414673890187124,0.0,0.0036354330375410375,0.0,0.0,0.002588665853841978,0.00121196693103607,0.03312156029362849,0,2
6317,0.4000000000000341,0.0,0.0,0.03474903474903475,0.0,0.2,0.5294117647058824,0.0,0.0,0.0,0.0,1.0,0.0,0.0,0.0,0.0,0.009859021922022274,0.0,0.0008043294090493882,3.9990801407157976e-05,0.050485569560948525,0.011605381784518374,0.0,0.654010879299205,0.49439855757982687,0.580754716981132,0.23811274509803923,0.3912124203317126,0.030139733065981583,0.030303030303030304,0.3999999999999986,1.0,1.0,0.0,0.2,0.00021173843706266235,0.0,0.0,0.0,0.0,0.000515809098954902,0.003853275652649057,0.0,0.0,0.0013671264430153785,0.0012571341575842445,0.03312020113762746,0,1
9858,0.20000000000004547,0.0,0.0,0.03474903474903475,0.0,0.6000000000000001,0.5588235294117647,0.0,0.0,0.0,0.0,0.0,0.0,0.0,0.0,0.0,0.009770786935533304,0.0,0.0008043294090493882,9.89901386388269e-06,0.0,0.0,0.0,0.6537344048287252,0.49356472097165077,0.580754716981132,0.24497549019607845,0.40287476084280827,0.13403095432044615,0.020202020202020204,0.7999999999999972,0.0,1.0,0.0,0.25000000000000006,0.0,0.0,0.0,0.0,0.0,0.0,0.003675284585260356,0.0,0.0,0.0,0.0010939749466248446,0.03312156029362849,1,2
9517,0.20000000000004547,0.0,1.0,0.04247104247104247,0.0,0.8,0.23529411764705882,0.0,0.0,0.0,0.0,0.0,0.0,0.0,0.0,0.0,0.009770786935533304,0.0,0.0008043294090493882,9.89901386388269e-06,0.0,0.0,0.0,0.6540503470166997,0.49393561451838575,0.20339622641509433,0.2450980392156863,0.39068840712170516,0.1342189360235604,0.020202020202020204,0.3999999999999986,0.0,1.0,0.0,0.10000000000000002,0.0,0.0,0.0,0.0,0.0,0.0,0.0036354330375410375,0.0,0.0,0.0008203116805772932,0.0010825576210823542,0.03312156029362849,1,4
9455,1.0,0.0,0.0,0.10231660231660232,0.0,0.6000000000000001,0.029411764705882346,0.0,0.0,0.0,0.0,0.0,0.0,0.0,0.0,0.0,0.009770786935533304,0.0,0.0008043294090493882,9.89901386388269e-06,0.0050798268838956615,0.002840723294155385,0.0,0.6539098276559416,0.49403605521427807,0.580754716981132,0.2450980392156863,0.39236403075835685,0.1261357227896485,0.020202020202020204,0.5,0.0,1.0,0.0,0.10000000000000002,0.0003696546185533991,0.0,0.0,0.0,0.00020993413064269976,0.0,0.0036398966747459285,0.0,0.0,0.003421077809630182,0.0011257406352561457,0.03312156029362849,1,2
1714,0.4000000000000341,1.0,0.0,0.06756756756756757,0.0,0.6000000000000001,0.5588235294117647,0.0,0.0,0.0,0.0,0.0,0.0,0.0,0.0,0.0,0.009770786935533304,0.0,0.0008043294090493882,9.89901386388269e-06,9.579804470768221e-05,5.6674856266498135e-05,0.0,0.6541002764640671,0.49399405699726107,0.2788679245283019,0.05024509803921569,0.3931256778659258,0.03446331223760887,0.24242424242424243,0.10000000000000142,0.0,0.0,1.0,0.5,0.0,0.0,0.0,0.0,0.0,0.0,0.0036364924053435355,0.0022538875930910337,0.0,2.1181877113391093e-05,0.001083426253049596,0.03312156029362849,0,3
1166,0.6000000000000227,0.0,0.0,0.02316602316602317,0.0,0.6000000000000001,0.029411764705882346,0.0,0.0,0.0,0.0,0.0,0.0,0.0,0.0,0.0,0.009770786935533304,0.0,0.0008043294090493882,9.89901386388269e-06,0.00025702796146098884,0.0032131818070387347,0.0,0.654090004911321,0.4939820779136044,0.20339622641509433,0.2450980392156863,0.39068840712170516,0.1342189360235604,0.020202020202020204,0.6000000000000014,0.0,1.0,0.0,0.2,4.236262295267604e-06,0.0,0.00011795038522898252,0.0,0.0,4.228239653732469e-05,0.0036354330375410375,0.0,0.001026694045174538,0.0001555895852701022,0.0010825576210823542,0.03312156029362849,0,2
4954,0.6000000000000227,1.0,0.0,0.08687258687258688,0.8888888888888888,0.6000000000000001,0.5,0.0,0.0,0.0,0.0,1.0,0.0,0.0,0.0,0.0,0.017356271821247327,0.0015867967233924917,0.0008043294090493882,0.39123223693826137,0.1866999055756631,0.04291799056887179,0.0,0.647833363981559,0.4949914162490273,0.580754716981132,0.24411764705882358,0.3934668957701167,0.08628360172943168,0.030303030303030304,0.0,0.0,0.0,0.0,0.45,0.0031675497202943324,0.0,0.005105941120579066,0.022260019601896903,0.0025887963227140703,0.0,0.00412817335176203,0.0,0.0,0.01233230374402469,0.003797615340823758,0.03313991386006574,0,0
5654,0.8000000000000114,1.0,0.0,0.06756756756756757,0.2962962962962963,0.6000000000000001,0.5,0.0,0.0,0.0,0.0,1.0,0.0,0.0,0.0,0.0,0.009770786935533304,0.0,0.000836906800822934,9.89901386388269e-06,0.005341554372078159,0.0015067866478359886,0.0,0.6537959552912712,0.49414248972192487,0.580754716981132,0.2450980392156863,0.39213858321451645,0.04975249075756627,0.020202020202020204,0.5,1.0,1.0,0.0,0.25000000000000006,0.00024557422436973566,0.0,0.0,0.0,0.0,0.0,0.0038867757053449485,0.0,0.0,0.0009719616413601222,0.0013395535215935624,0.03312662984630386,0,0
5205,0.0,1.0,1.0,0.03861003861003861,0.0,0.6000000000000001,0.2941176470588235,0.0,0.0,0.0,0.0,0.0,0.0,0.0,0.0,0.0,0.00991772986715164,0.0,0.0008043294090493882,9.89901386388269e-06,4.229574049358045e-05,9.72281258530833e-06,0.0,0.6540043861087426,0.4938774717106894,0.580754716981132,0.2450980392156863,0.40287476084280827,0.13685067986715962,0.020202020202020204,0.6000000000000014,0.0,1.0,0.0,0.5,0.0,0.0,0.0,0.0,0.0,3.650018846384439e-06,0.0036354499214607955,0.0,0.0,0.0014792010850851445,0.0011312960829274854,0.03312156029362849,0,4
3557,0.6000000000000227,1.0,0.0,0.05791505791505792,0.7037037037037037,0.2,0.5,0.0,0.0,0.0,0.0,1.0,0.0,0.0,0.0,0.0,0.011100090725672189,8.697990387754906e-05,0.0008324623026633071,9.89901386388269e-06,0.08198794318344493,0.023002097052782822,0.0,0.6536753127534245,0.49515799266614724,0.580754716981132,0.24448529411764708,0.39655004326155574,0.08459176640140362,0.030303030303030304,0.29999999999999716,1.0,1.0,0.0,0.2,0.0003417387362486869,0.0,0.0,0.0,0.0,0.005251762760339401,0.004465618120592906,0.0,0.0,0.0050980019964175,0.002435433470715841,0.033193982474705216,0,0
11300,0.6000000000000227,0.0,0.0,0.10231660231660232,0.0,0.6000000000000001,0.5588235294117647,0.0,0.0,0.0,0.0,0.0,0.0,0.0,0.0,0.0,0.009770786935533304,0.0,0.0008043294090493882,9.89901386388269e-06,0.0,0.0,0.0,0.654033896363937,0.49396025470935373,0.580754716981132,0.2442401960784314,0.3996819361678793,0.13114856820602797,0.020202020202020204,0.44999999999999574,0.0,1.0,0.0,0.25000000000000006,5.2579890187255756e-05,0.0,0.0,0.0,8.724169419238115e-05,0.0,0.0036505818400570387,0.0,0.0,0.0010594264213730257,0.0011097954590129212,0.03312156029362849,1,2
1726,0.8000000000000114,0.0,0.0,0.10231660231660232,0.0,0.6000000000000001,0.0,0.0,0.0,0.0,0.0,0.0,0.0,0.0,0.0,0.0,0.009770786935533304,0.0,0.0008043294090493882,9.89901386388269e-06,0.0042957289255146705,0.00086400070469616,0.0,0.6540958831736531,0.4939775657662154,0.580566037735849,0.2450980392156863,0.4028625744890872,0.12970737514881886,0.25252525252525254,0.6499999999999986,0.0,1.0,0.0,0.5,0.0,0.0,0.0,0.0,0.0,0.0,0.0036354330375410375,0.0,0.0,0.0001187003741619984,0.0011282968143202117,0.03312156029362849,0,2
5815,0.6000000000000227,1.0,0.0,0.10231660231660232,0.4444444444444444,0.2,0.5,0.0,0.0,0.0,0.0,1.0,0.0,0.0,0.0,0.0,0.009770786935533304,0.0,0.0010039419579729815,9.89901386388269e-06,0.0014969800118283473,0.0007175768091806619,0.0,0.6540005573859655,0.49409372561287496,0.580754716981132,0.24448529411764708,0.3923335648740541,0.03928817595087412,0.07070707070707072,0.10000000000000142,0.0,1.0,0.0,0.35000000000000003,0.00024352398204093625,0.0,0.00033187407536223117,0.00144684853359352,0.00021264184738028173,0.0,0.0036354330375410375,0.0,0.0,0.0016940129475502956,0.001257066298809812,0.03312156029362849,0,0
10146,0.20000000000004547,0.0,0.0,0.02316602316602317,0.0,0.6000000000000001,0.5294117647058824,0.0,0.0,0.0,0.0,1.0,0.0,0.0,0.0,0.0,0.009770786935533304,0.0,0.0008043294090493882,9.89901386388269e-06,0.0,0.0,0.0,0.6537388501362278,0.4934708008411267,0.580754716981132,0.2450980392156863,0.40287476084280827,0.11448085719656623,0.020202020202020204,0.14999999999999858,0.0,1.0,0.0,0.25000000000000006,0.0,0.0,0.0,0.0,0.0,0.0,0.003638745427008003,0.0,0.00287541067761807,4.213351643207141e-05,0.0010988280634160285,0.03312156029362849,1,1
9727,0.8000000000000114,1.0,1.0,0.20463320463320464,0.0,0.4,0.23529411764705882,0.0,0.0,0.0,0.0,0.0,0.0,0.0,0.0,0.0,0.009770786935533304,0.0,0.0008043294090493882,9.89901386388269e-06,0.022855605956975472,0.005427905552432344,0.0007930333982022647,0.6540708053045188,0.4940092983044773,0.580754716981132,0.2450980392156863,0.4003887446837032,0.11103452597280533,0.020202020202020204,0.3999999999999986,0.0,1.0,0.0,0.4,0.0009605928420975795,0.0,0.0006420735072849485,0.0,0.00134482742915177,0.0,0.0036354330375410375,0.0,0.0,0.0012956759807234686,0.0014545287894146067,0.03312156029362849,1,4
12091,0.20000000000004547,0.0,0.0,0.02316602316602317,0.0,0.6000000000000001,0.38235294117647056,0.0,0.0,0.0,0.0,0.0,0.0,0.0,0.0,0.0,0.009770786935533304,0.0,0.0008043294090493882,9.89901386388269e-06,0.0,8.310096226759258e-08,6.287460383399373e-05,0.6538564027927473,0.4937083267389176,0.3990566037735849,0.2022058823529412,0.3970070315260971,0.1122877373269002,0.24242424242424243,0.7999999999999972,0.0,1.0,0.0,0.5,2.0964067256067887e-05,0.0,0.0,0.0,0.0,0.0,0.0036354330375410375,0.0,0.00191694045174538,0.00020749541698878641,0.0011132614115948343,0.033121689264635885,1,2
4969,0.6000000000000227,1.0,0.0,0.31660231660231664,0.6666666666666666,0.6000000000000001,0.5,0.0,0.0,0.0,0.0,1.0,0.0,0.0,0.0,0.0,0.016375739276525785,0.0,0.000874505695780339,9.89901386388269e-06,0.0,5.501283702114628e-05,0.0,0.6540951582476029,0.4938748398834959,0.5632075471698113,0.2345588235294118,0.4027772700130394,0.12763957641456233,0.25252525252525254,0.0,0.0,1.0,0.0,0.35000000000000003,0.00010193506147987672,0.0,0.0,0.0,0.0,0.0,0.004059997654375925,0.0,0.0,0.00023683794482581489,0.0014373033674255525,0.03429447223912955,0,0
5578,0.4000000000000341,0.0,0.0,0.03861003861003861,0.0,0.4,0.5294117647058824,0.0,0.0,0.0,0.0,1.0,0.0,0.0,0.0,0.0,0.010197198347298354,0.0,0.0008607043593899187,9.89901386388269e-06,0.0014980645179948494,0.0003443703876369036,0.0001411688182243007,0.6539287323888021,0.4940823229692452,0.580754716981132,0.2450980392156863,0.394332126884315,0.1316498527476659,0.24242424242424243,0.0,0.0,1.0,1.0,0.6,0.001107436357236423,0.0,0.0,0.0,0.0,0.0,0.0036354330375410375,0.0,0.0,0.0028065219715927496,0.0011398993759766933,0.033139492224080025,0,1
814,0.0,0.0,0.0,0.06756756756756757,0.0,0.0,0.4411764705882353,0.0,0.0,0.0,0.0,0.0,0.0,0.0,0.0,0.0,0.009770786935533304,0.0,0.0008043294090493882,9.89901386388269e-06,0.0,0.0,0.0,0.6540160541712242,0.49389543684259846,0.20339622641509433,0.12279411764705883,0.39068840712170516,0.07168368945422647,0.020202020202020204,0.6000000000000014,0.0,1.0,0.0,0.75,0.0,0.0,0.0,0.0,0.0,0.0,0.0036354330375410375,0.0,0.0,0.0006760804931795891,0.0010825576210823542,0.03312156029362849,0,2
3138,0.6000000000000227,1.0,0.0,0.03474903474903475,0.1111111111111111,0.4,0.5,0.0,0.0,0.0,0.0,1.0,0.0,0.0,0.0,0.0,0.01569327634503988,0.0,0.0008043294090493882,1.271284398061008e-05,0.0,0.0,0.0,0.6536024139512663,0.49336664841490624,0.580754716981132,0.24460784313725495,0.40288085401966883,0.1322137978570086,0.030303030303030304,0.29999999999999716,0.0,1.0,0.0,0.35000000000000003,0.0,0.0,0.0033336609732923027,0.0,0.0,0.000501172884768905,0.003946899343603616,0.0,0.0,0.006113325089114818,0.0014651146095216666,0.033139918820489105,0,0
8018,0.6000000000000227,0.0,1.0,0.03861003861003861,0.0,0.6000000000000001,0.5882352941176471,0.0,0.0,0.0,0.0,0.0,0.0,0.0,0.0,0.0,0.009770786935533304,0.0,0.0009095938391458143,9.89901386388269e-06,0.0006615487615662583,0.0001520747609496944,0.0,0.6540862457655414,0.4939348113840991,0.580754716981132,0.2450980392156863,0.3944844563058288,0.04812331599724294,0.020202020202020204,0.44999999999999574,0.0,1.0,0.0,0.4,0.0,0.0,0.0,0.0,0.0,0.00014007399058006025,0.0036354330375410375,0.0,0.0,0.00022238412771341637,0.0011205514465214615,0.03312156029362849,0,4
6287,0.20000000000004547,0.0,1.0,0.07673745173745174,0.0,0.6000000000000001,0.5882352941176471,0.3333333333333333,0.0,0.0,0.0,0.0,0.0,0.0,0.0,0.0,0.01152928628761641,1.0912044144718236e-07,0.0008043294090493882,1.1386902450785302e-05,0.0,0.0036310134453201902,0.0,0.6540767133855641,0.4942227981043121,0.580754716981132,0.24485294117647063,0.39681814304342,0.10044489003070368,0.020202020202020204,0.29999999999999716,1.0,1.0,0.0,0.2,0.0,0.0,0.0,0.0,0.00013198945230074457,0.0,0.0037722512923270227,0.0,0.0,0.00045512895618881753,0.0012033413323268953,0.03312156029362849,0,4
9155,0.0,0.0,0.0,0.02316602316602317,0.0,0.6000000000000001,0.5588235294117647,0.0,0.0,0.0,0.0,0.0,0.0,0.0,0.0,0.0,0.009770786935533304,0.0,0.0008043294090493882,9.89901386388269e-06,0.0,0.00021988514616004995,0.0,0.6540186821938158,0.49401679668292825,0.20339622641509433,0.2450980392156863,0.39068840712170516,0.1342189360235604,0.020202020202020204,0.3999999999999986,0.0,1.0,0.0,0.35000000000000003,1.3930785624822313e-05,0.0,0.0,0.0,0.0,0.0,0.0036354330375410375,0.0,0.001312345995893224,6.902017445885165e-05,0.0010976615269678964,0.03312156029362849,1,2
4111,0.6000000000000227,0.0,0.0,0.03474903474903475,0.0,0.8,0.5588235294117647,0.0,0.0,0.0,0.0,0.0,0.0,0.0,0.0,0.0,0.013929178593677587,0.0,0.0008316357819529204,0.00046349247735676493,0.14154757583951622,0.03253843107876268,0.0,0.6524730262123513,0.49423681549543086,0.580754716981132,0.23713235294117652,0.39102962502589605,0.12707563130521962,0.020202020202020204,0.44999999999999574,0.0,1.0,0.0,0.2,0.0003450245550802727,0.0,0.0,0.0,0.0017198540230777917,0.0,0.004199803577660505,0.0,0.01803272587268994,0.006395494297521465,0.001373511013941338,0.03312156029362849,0,2
10774,0.6000000000000227,0.0,0.0,0.06756756756756757,0.0,0.6000000000000001,0.0,0.0,0.0,0.0,0.0,0.0,0.0,0.0,0.0,0.0,0.009770786935533304,0.0,0.0008043294090493882,9.89901386388269e-06,0.0,0.0,0.0,0.653606489506725,0.4934155887554526,0.20339622641509433,0.2450980392156863,0.39068840712170516,0.1342189360235604,0.020202020202020204,0.5,0.0,1.0,0.0,0.85,0.0,0.0,0.0,0.0,0.0,0.0,0.0036354330375410375,0.0,0.0,0.007674593157025758,0.0010825576210823542,0.03312156029362849,1,2
9915,0.4000000000000341,0.0,0.0,0.02316602316602317,0.0,0.8,0.5588235294117647,0.0,0.0,0.0,0.0,0.0,0.0,0.0,0.0,0.0,0.009770786935533304,0.0,0.0008043294090493882,9.89901386388269e-06,0.0,0.03156432159906196,0.0,0.6528726178425557,0.4939912889206066,0.20339622641509433,0.2450980392156863,0.39068840712170516,0.1342189360235604,0.25252525252525254,0.8500000000000014,1.0,1.0,0.0,0.45,0.0,0.0,0.0,0.0,0.0,0.0,0.0036354330375410375,0.0,0.005903490759753594,0.0,0.0012658652372809958,0.03312156029362849,1,2
10698,0.0,0.0,0.0,0.05791505791505792,0.0,1.0,0.5588235294117647,0.0,0.0,0.0,0.0,0.0,0.0,0.0,0.0,0.0,0.009780599183732317,0.0,0.0008043294090493882,0.0003496841829953161,0.0,0.0,0.0002552826356981731,0.653913491381839,0.4935562207132609,0.580754716981132,0.23357843137254902,0.4027955495436211,0.11711260104016544,0.020202020202020204,0.5,0.0,1.0,0.0,0.8,0.0002728723184230546,0.0,0.0,0.0,0.0007226629896395089,0.0,0.003646945122270999,0.0,0.0,0.0018375278395866771,0.001393764305350557,0.03312156029362849,1,2
5883,0.4000000000000341,1.0,0.0,0.10231660231660232,0.4444444444444444,0.6000000000000001,0.5,0.0,0.0,0.0,0.0,1.0,0.0,0.0,0.0,0.0,0.009880422254750795,0.0,0.0008043294090493882,9.89901386388269e-06,0.0006760088437862857,0.0001553987994403981,3.982130737462557e-05,0.6541246728099449,0.49401925926577717,0.3920754716981132,0.1920343137254902,0.3967815839822567,0.10063287173381792,0.24242424242424243,0.0,0.0,1.0,0.0,0.55,6.302119052398905e-05,0.0,0.0,0.0,0.0,0.0,0.0036354330375410375,0.0,0.0,6.282933597885086e-05,0.0010927820894979516,0.03312156029362849,0,0
12104,0.20000000000004547,0.0,1.0,0.02316602316602317,0.0,0.6000000000000001,0.23529411764705882,0.0,0.0,0.0,0.0,0.0,0.0,0.0,0.0,0.0,0.009770786935533304,0.0,0.0008043294090493882,9.89901386388269e-06,0.0,0.0,0.0,0.6536036563976503,0.4934118983747552,0.20339622641509433,0.2450980392156863,0.39068840712170516,0.13415627545585562,0.020202020202020204,0.7999999999999972,0.0,1.0,0.0,0.10000000000000002,0.0,0.0,0.0,0.0,0.0,0.0,0.0036354330375410375,0.0,0.003973511293634497,2.588896091636689e-05,0.0010825576210823542,0.03312156029362849,1,4
2435,0.6000000000000227,1.0,1.0,0.03861003861003861,0.0,0.6000000000000001,0.23529411764705882,0.0,0.0,0.0,0.0,0.0,0.0,0.0,0.0,0.0,0.009770786935533304,0.0,0.0014188709493175161,9.89901386388269e-06,0.0,0.0,5.189166542646456e-05,0.6540924129380727,0.4939980804321963,0.580754716981132,0.2450980392156863,0.3995478862769471,0.10245002819725549,0.25252525252525254,0.6000000000000014,0.0,1.0,1.0,0.4,0.0002364635448821569,0.0,0.0,0.0,0.0,0.0,0.0036354330375410375,0.0,0.0,0.000224353939957053,0.0011808437941162133,0.03312156029362849,0,4
5716,0.6000000000000227,0.0,0.0,0.03474903474903475,0.0,0.6000000000000001,0.029411764705882346,0.0,0.0,0.0,0.0,0.0,0.0,0.0,0.0,0.0,0.009770786935533304,0.0,0.0008043294090493882,9.89901386388269e-06,0.002372899492306513,0.00408457849737671,0.0,0.6540950909898386,0.4939880367895996,0.20339622641509433,0.2450980392156863,0.39068840712170516,0.1342189360235604,0.020202020202020204,0.75,0.0,1.0,0.0,0.35000000000000003,0.0,0.0,0.0,0.0,0.0,2.956153877566803e-05,0.0036354330375410375,0.0,0.0010061088295687886,0.00021609096132465527,0.0010825576210823542,0.03312156029362849,0,2
6910,0.4000000000000341,0.0,0.0,0.10424710424710425,0.0,0.4,0.5294117647058824,0.0,0.0,0.0,0.0,1.0,0.0,0.0,0.0,0.0,0.009770786935533304,0.0,0.0008043294090493882,9.89901386388269e-06,0.0,0.0,0.0,0.6539609747007653,0.49382923047350225,0.5073584905660377,0.211764705882353,0.39529484882828214,0.11448085719656623,0.020202020202020204,0.29999999999999716,0.0,1.0,0.0,0.8,0.0,0.0,0.0,0.0,0.00016086654698767376,0.0,0.0036354330375410375,0.0,0.0013551078028747434,0.0002558197719008586,0.0010832357627134793,0.03312156029362849,0,1
7103,0.6000000000000227,0.0,0.0,0.15830115830115832,0.0,0.0,0.4411764705882353,0.0,0.0,0.0,0.0,0.0,0.0,0.0,0.0,0.0,0.009770786935533304,0.0,0.0008043294090493882,9.89901386388269e-06,0.0011965718037072759,0.0030722425750328974,0.0,0.6540458632761891,0.4940021943119303,0.580754716981132,0.2450980392156863,0.39654395008469523,0.1342189360235604,0.020202020202020204,0.14999999999999858,0.0,1.0,0.0,0.45,3.5437963431565535e-06,0.0,0.0007958122572628958,0.0005388324125715843,0.0,0.00012984671005009197,0.0036354330375410375,0.0,0.0012833675564681726,0.00047155258554485265,0.0011019027747221233,0.03312156029362849,0,2
11009,0.20000000000004547,0.0,1.0,0.04247104247104247,0.0,0.6000000000000001,0.2647058823529412,0.0,0.0,0.0,0.0,0.0,0.0,0.0,0.0,0.0,0.009770786935533304,0.0,0.0008043294090493882,9.89901386388269e-06,0.0,0.0,0.0,0.6540570383359455,0.4939434541027516,0.20339622641509433,0.2450980392156863,0.39068840712170516,0.1342189360235604,0.020202020202020204,0.3999999999999986,0.0,1.0,0.0,0.25000000000000006,0.0,0.0,0.0,0.0,0.0,0.0,0.0036354330375410375,0.0,0.0,0.0007169860747065364,0.0010825576210823542,0.03312156029362849,1,4
2048,0.0,0.0,0.0,0.03474903474903475,0.0,0.6000000000000001,0.029411764705882346,0.0,0.0,0.0,0.0,0.0,0.0,0.0,0.0,0.0,0.009770786935533304,0.0,0.0008043294090493882,9.89901386388269e-06,0.0016376043114181148,0.001563627706027022,0.00025204212515812986,0.6540868328628728,0.4940779703618232,0.580754716981132,0.24485294117647063,0.39662925456074294,0.10727489191052073,0.020202020202020204,0.3999999999999986,1.0,1.0,0.0,0.10000000000000002,0.00014936219031760025,0.0,9.23440622818359e-05,0.00040258604397681175,0.0,1.0841640137775562e-07,0.003666097377016158,0.0,0.0,0.0008873876247696983,0.0011213201491320518,0.03312156029362849,0,2
9053,0.8000000000000114,1.0,1.0,0.06756756756756757,0.0,0.6000000000000001,0.23529411764705882,0.0,0.0,0.0,0.0,0.0,0.0,0.0,0.0,0.0,0.0106210212518698,0.0,0.0008043294090493882,9.89901386388269e-06,0.0004283799357683148,0.0014625769359096292,0.0,0.6540838791536692,0.49397477284635444,0.20339622641509433,0.2450980392156863,0.39068840712170516,0.1335296697788082,0.020202020202020204,0.0,0.0,1.0,0.0,0.75,0.0,0.0,0.0,0.0,0.0,0.0,0.0036354330375410375,0.0,0.0,0.0007224350358480246,0.0010825576210823542,0.03312156029362849,1,4
11695,0.0,0.0,1.0,0.04247104247104247,0.0,0.6000000000000001,0.32352941176470584,0.0,0.0,0.0,0.0,0.0,0.0,0.0,0.0,0.0,0.009770786935533304,0.0,0.0008043294090493882,9.89901386388269e-06,0.012499295070991774,0.003802284528553698,0.0,0.6533506866935233,0.4931126611755525,0.580754716981132,0.24460784313725495,0.40287476084280827,0.1335296697788082,0.020202020202020204,0.6000000000000014,0.0,1.0,0.0,0.35000000000000003,0.0,0.0,3.024368852025193e-07,0.0,0.0,3.360908442710424e-06,0.0036354330375410375,0.0,0.0,0.011888584349662652,0.0010825944997734994,0.03312156029362849,1,4
8768,0.0,1.0,0.0,0.06756756756756757,0.2962962962962963,0.6000000000000001,0.5,0.0,0.0,0.0,0.0,1.0,0.0,0.0,0.0,0.0,0.009770786935533304,0.0,0.0008043294090493882,9.89901386388269e-06,0.0,0.0005194641151347212,0.0,0.6541063528551826,0.4940012114525713,0.3920754716981132,0.17757352941176474,0.3967815839822567,0.09956764208283729,0.25252525252525254,0.0,0.0,0.0,0.0,0.55,0.0,0.00017619815269483298,0.0,0.0,0.0,0.0,0.0036354330375410375,0.0028567882356675743,0.0,0.00017344580534878212,0.0010847311341576557,0.03312156029362849,0,0
153,0.6000000000000227,0.0,0.0,0.05791505791505792,0.0,0.6000000000000001,0.47058823529411764,0.0,0.0,0.0,0.0,0.0,0.0,0.0,0.0,0.0,0.013989692474058305,0.0001317083728267491,0.0008479946541264243,2.092153543624286e-05,0.023866727206210893,0.005489898870283968,0.0,0.6534935782985772,0.4949749056092266,0.580188679245283,0.2422794117647059,0.3938507659123314,0.09969296321824678,0.030303030303030304,0.29999999999999716,1.0,1.0,0.0,0.2,0.0001703194686917847,0.0,0.0,0.0,0.0,0.0,0.004323832852203659,0.0,0.0,0.0003254794957894624,0.0014889341298463831,0.033135449479040464,0,2
11878,0.6000000000000227,0.0,1.0,0.03861003861003861,0.0,0.6000000000000001,0.2647058823529412,0.0,0.0,0.0,0.0,0.0,0.0,0.0,0.0,0.0,0.009770786935533304,0.0,0.0008043294090493882,9.89901386388269e-06,0.02046716187628243,0.022690052939468013,0.0,0.6540335024256035,0.4939137179490407,0.580754716981132,0.2450980392156863,0.40287476084280827,0.1335296697788082,0.020202020202020204,0.6499999999999986,0.0,1.0,0.0,0.10000000000000002,0.0,0.0,0.0,0.0,0.0,0.00027975045435506876,0.003688984904520829,0.0,0.0,0.006504038626738999,0.001133654633844245,0.03312156029362849,1,4
9444,0.4000000000000341,1.0,0.0,0.02316602316602317,0.14814814814814814,0.6000000000000001,0.5,0.0,0.0,0.0,0.0,1.0,0.0,0.0,0.0,0.0,0.009770786935533304,0.0,0.0008043294090493882,9.89901386388269e-06,0.001683515072466702,0.01657656444832803,0.0,0.6539459898034168,0.4938133490655423,0.20339622641509433,0.13725490196078433,0.39068840712170516,0.07907763644338618,0.04040404040404041,0.5,0.0,1.0,0.0,0.35000000000000003,0.0,0.0,3.024368852025193e-07,1.3185132444655407e-06,0.0,0.0,0.0036354330375410375,0.0,0.0,0.006346121081544599,0.0010825576210823542,0.03312156029362849,1,0
7265,0.0,0.0,0.0,0.03474903474903475,0.0,0.6000000000000001,0.5588235294117647,0.0,0.0,0.0,0.0,0.0,0.0,0.0,0.0,0.0,0.009770786935533304,0.0,0.0008043294090493882,9.89901386388269e-06,0.006985304218439786,0.0016057598938966913,0.0,0.6541171707530186,0.49401546174875144,0.30849056603773584,0.21286764705882358,0.3938629522660525,0.11134782881132906,0.020202020202020204,0.3500000000000014,0.0,1.0,0.0,0.05,0.0,0.0,0.0,0.0,1.9955715840560813e-05,0.0,0.0036248264020892675,0.0,0.0,0.00039426943245360324,0.0010932393555272717,0.03312156029362849,0,2
4049,0.6000000000000227,1.0,0.0,0.03861003861003861,0.0,0.6000000000000001,0.5588235294117647,0.0,0.0,0.0,0.0,0.0,0.0,0.0,0.0,0.0,0.009770786935533304,0.0,0.0008043294090493882,9.89901386388269e-06,0.0005686427333025816,0.000633727938252661,6.459272687200325e-06,0.6541174447538611,0.4940139769789852,0.3920754716981132,0.17671568627450981,0.3967815839822567,0.09881571527038037,0.24242424242424243,0.10000000000000142,0.0,1.0,1.0,0.55,0.0,0.0,0.0,0.0,0.0,0.0,0.0036354330375410375,0.0,0.0,0.0002088000978254808,0.0010923067310999917,0.03312156029362849,0,3
589,0.4000000000000341,1.0,0.0,0.08687258687258688,0.0,0.6000000000000001,0.0,0.0,0.0,0.0,0.0,0.0,0.0,0.0,0.0,0.0,0.015624048827071392,5.4778461606485545e-06,0.0017325745457352508,2.4939846789986654e-05,0.030467393237597947,0.007003749099912702,0.0,0.6488598854428519,0.4962279794795518,0.580566037735849,0.24473039215686276,0.3908346433663584,0.03151826555548594,0.030303030303030304,0.29999999999999716,1.0,1.0,0.0,0.10000000000000002,0.0019086805637658596,0.0,0.01773893144007843,0.07733519683205219,0.007561165951592066,0.0,0.00639044151451738,0.0,0.0,0.004280632243217067,0.0060502733092514995,0.03320963757083385,0,3
3493,0.8000000000000114,0.0,0.0,0.03474903474903475,0.0,0.6000000000000001,0.0,0.0,0.0,0.0,0.0,0.0,0.0,0.0,0.0,0.0,0.009770786935533304,0.0,0.0008043294090493882,9.89901386388269e-06,0.04272628944168177,0.03251566141510136,0.0,0.653872501584694,0.49386035318867844,0.5709433962264151,0.2450980392156863,0.4023446544559403,0.13415627545585562,0.020202020202020204,0.6000000000000014,0.0,1.0,0.0,0.4,0.0014032143631342098,0.0,0.0,0.0,0.0,0.0007726475538188051,0.003795665755187866,0.0,0.0,0.01310081192079206,0.0022163939221349956,0.03312156029362849,0,2
8458,0.0,1.0,1.0,0.015444015444015444,0.0,0.6000000000000001,0.32352941176470584,0.0,0.0,0.0,0.0,0.0,0.0,0.0,0.0,0.0,0.009770786935533304,0.0,0.0008043294090493882,9.89901386388269e-06,0.0,0.00010761574613653238,0.0,0.6541004205878476,0.49399422468890525,0.5809433962264151,0.2450980392156863,0.40288085401966883,0.1326524218309418,0.25252525252525254,0.3999999999999986,0.0,0.0,0.0,0.75,0.0,0.0,0.0,0.0,0.0,0.0,0.0036354330375410375,0.0009659849265571091,0.0,8.019949849091917e-05,0.0010827044914612026,0.03312156029362849,0,4
12427,0.20000000000004547,0.0,1.0,0.04247104247104247,0.0,0.6000000000000001,0.23529411764705882,0.0,0.0,0.0,0.0,0.0,0.0,0.0,0.0,0.0,0.009770786935533304,0.0,0.0008043294090493882,9.89901386388269e-06,3.0004670606557067e-05,0.0007622020259183591,0.0,0.6539418801220974,0.4938085341415735,0.5835849056603774,0.2450980392156863,0.40296615849571654,0.1342189360235604,0.04040404040404041,0.9499999999999957,0.0,1.0,0.0,0.9,0.0,0.0,4.939802458307815e-05,0.0,0.0,1.7708012225033418e-05,0.0036354330375410375,0.0,0.00011267967145790555,0.0012964946039935514,0.0010825732846124643,0.03312156029362849,1,4
10368,0.6000000000000227,1.0,1.0,0.20463320463320464,0.0,0.8,0.2647058823529412,0.0,0.0,0.0,0.0,0.0,0.0,0.0,0.0,0.0,0.009770786935533304,0.0,0.0008043294090493882,9.89901386388269e-06,0.05371848244329117,0.012691843765204878,0.0,0.6529283430538153,0.4942751307070774,0.5622641509433962,0.24178921568627454,0.39359485248418824,0.13158719217996115,0.020202020202020204,0.14999999999999858,0.0,1.0,0.0,0.05,0.00035420312338668583,0.0,0.0,0.0,9.635089154077832e-05,0.0,0.0036706285499000816,0.0,0.012577002053388091,0.0057348909005418775,0.0013806203234541007,0.03312156029362849,1,4
1251,0.6000000000000227,1.0,0.0,0.06756756756756757,0.2962962962962963,0.6000000000000001,0.5,0.0,0.0,0.0,0.0,1.0,0.0,0.0,0.0,0.0,0.009770786935533304,0.0,0.0008043294090493882,9.89901386388269e-06,0.00014315481397827228,0.0002128215643673046,0.0,0.6541109111424763,0.49400657176255885,0.4133962264150943,0.19313725490196082,0.39747011296749907,0.10765085531674919,0.24242424242424243,0.5,0.0,1.0,0.0,0.55,7.936202921743316e-05,0.0,0.0,0.0,0.0,0.0,0.0036354330375410375,0.0,0.0,8.06855560575308e-05,0.001087991676395341,0.03312156029362849,0,0
3184,0.0,0.0,0.0,0.13706563706563707,0.0,0.6000000000000001,0.8235294117647058,1.0,0.0,0.0,0.0,0.0,0.0,0.0,0.0,0.0,0.009772728315928507,0.0,0.0008043294090493882,9.89901386388269e-06,0.0,1.936252420834907e-05,0.0,0.6541135119969069,0.49400955915814604,0.3920754716981132,0.19387254901960788,0.3967815839822567,0.10783883701986341,0.24242424242424243,0.44999999999999574,0.0,1.0,0.0,0.55,7.44808231432386e-05,0.0,0.0,0.0,0.0,0.0,0.0036354330375410375,0.0,0.0,4.5740575215873515e-05,0.0010885074328219075,0.03312156029362849,0,2
12178,0.0,0.0,0.0,0.02316602316602317,0.0,0.2,0.5588235294117647,0.0,0.0,0.0,0.0,0.0,0.0,0.0,0.0,0.0,0.009770786935533304,0.0,0.0008043294090493882,9.89901386388269e-06,0.0,0.0,6.154795186793575e-06,0.653668142346853,0.49348729867114904,0.580754716981132,0.2450980392156863,0.40287476084280827,0.13409361488815089,0.25252525252525254,0.7999999999999972,0.0,0.0,0.0,0.75,0.0,0.0,0.0,0.0,0.0,0.0,0.0036354330375410375,0.001983408724233354,0.006628028747433266,0.00012366327773687504,0.0010830137966127426,0.03312156029362849,1,2
6478,0.6000000000000227,1.0,0.0,0.05791505791505792,0.7037037037037037,0.6000000000000001,0.5,0.0,0.0,0.0,0.0,1.0,0.0,0.0,0.0,0.0,0.009937550006535229,0.0,0.0009048374463784943,1.2743209053812174e-05,0.0,0.025620940777683735,0.0,0.6533943393017584,0.4931676341453636,0.2849056603773585,0.05882352941176471,0.3933206595254634,0.0389748731123504,0.24242424242424243,0.29999999999999716,0.0,1.0,1.0,0.45,0.0007909726282397893,0.0,0.0,0.0,0.0,0.0,0.0037512952067128217,0.0,0.0038501026694045177,0.008368657780169977,0.0018002800014327788,0.03312156029362849,0,0
3182,0.0,0.0,1.0,0.03861003861003861,0.0,0.6000000000000001,0.32352941176470584,0.0,0.0,0.0,0.0,0.0,0.0,0.0,0.0,0.0,0.009846952254759072,0.0,0.0008043294090493882,9.89901386388269e-06,0.014609021066893785,0.0033582760871579513,0.00020713169384813432,0.6540648528267226,0.49394164675947533,0.580754716981132,0.2450980392156863,0.4028077358973422,0.13052196252898052,0.11111111111111112,0.7999999999999972,0.0,1.0,0.0,0.8,1.4426374002313555e-05,0.0,0.00014133883768464403,0.0006161851895802293,5.2119634312994125e-05,0.0,0.0037239888040230835,0.0,0.0,0.0008398051471961386,0.0011427570284272442,0.03312156029362849,0,4
6601,0.0,1.0,0.0,0.06177606177606178,0.4444444444444444,0.6000000000000001,0.5,0.0,0.0,0.0,0.0,1.0,0.0,0.0,0.0,0.0,0.009770786935533304,0.0,0.0010137354486545454,9.89901386388269e-06,0.0008350697482065883,0.00019196322283813886,0.0,0.6540390377727338,0.49429219139099806,0.580754716981132,0.19350490196078432,0.3912733521003181,0.10338993671282663,0.020202020202020204,0.5,0.0,1.0,0.0,0.25000000000000006,0.0,0.0,0.0001284348639160032,0.000559928624483033,1.0063941400376944e-05,0.0,0.0038074526944255178,0.0,0.0,0.0007332817941766211,0.0011339052007578725,0.03318816885852563,0,0
2365,0.6000000000000227,0.0,0.0,0.13706563706563707,0.0,0.4,0.5294117647058824,0.0,0.0,0.0,0.0,1.0,0.0,0.0,0.0008866529813706498,0.0,0.009770786935533304,0.0,0.0008430043404033344,9.89901386388269e-06,0.0,0.0024651900456681337,0.0,0.6540454819279788,0.49399331014836423,0.580377358490566,0.2450980392156863,0.4010468077846428,0.12168682248261171,0.020202020202020204,0.7999999999999972,1.0,1.0,0.0,0.5,0.00024661971217978564,0.0,0.00038883302207537234,0.000895709997406924,0.00023305145793407883,0.0,0.00386345233712094,0.0,0.0,0.0016717310454177309,0.001277582846574773,0.03312156029362849,0,1
11641,0.4000000000000341,0.0,0.0,0.10231660231660232,0.0,0.6000000000000001,0.029411764705882346,0.0,0.0,0.0,0.0,0.0,0.0,0.0,0.0,0.0,0.009770786935533304,0.0,0.0008043294090493882,9.89901386388269e-06,0.0,0.0,0.0,0.6538794291344123,0.49373535692399045,0.5490566037735849,0.2450980392156863,0.4018511071302356,0.1342189360235604,0.020202020202020204,0.6000000000000014,0.0,1.0,0.0,0.35000000000000003,2.6639572510625127e-05,0.0,0.0,0.0,0.00011649442588336795,0.0,0.0037144097317807784,0.0,0.0,0.0036148612868450824,0.0011037419507385886,0.03312156029362849,1,2
1149,1.0,0.0,0.0,0.02316602316602317,0.0,0.6000000000000001,0.029411764705882346,0.0,0.0,0.0,0.0,0.0,0.0,0.0,0.0,0.0,0.009770786935533304,0.0,0.0008043294090493882,9.89901386388269e-06,0.0013512946834615702,0.0032599676487953893,0.0,0.6540942182954985,0.4939759676493193,0.2788679245283019,0.2450980392156863,0.3931256778659258,0.0769471771414249,0.020202020202020204,0.44999999999999574,0.0,1.0,0.0,0.10000000000000002,0.0,0.0,0.0007109283048160554,0.0,0.0,0.0002548508208386442,0.0036354330375410375,0.0,0.0,0.0010749546815274078,0.0010828621181249681,0.03312156029362849,0,2
7080,0.6000000000000227,0.0,0.0,0.03474903474903475,0.0,0.6000000000000001,0.5294117647058824,0.0,0.0,0.0,0.0,1.0,0.0,0.0,0.0,0.0,0.01101737889116027,0.00011418362993033161,0.0008043294090493882,9.89901386388269e-06,0.03819739169036915,0.008870279813405098,0.00022368222083452976,0.6536289376966726,0.4936888061893737,0.580754716981132,0.24497549019607845,0.3918887629632338,0.06497900870981892,0.020202020202020204,0.3999999999999986,1.0,1.0,0.0,0.45,0.0,0.0,0.000564750476968171,0.0026603202229166394,6.354525985307992e-06,0.0,0.003737660852534194,0.0,0.0,0.006707696747149273,0.0012227773443549293,0.03312156029362849,0,1
10084,0.20000000000004547,0.0,0.0,0.015444015444015444,0.0,0.8,0.5588235294117647,0.0,0.0,0.0,0.0,0.0,0.0,0.0,0.0,0.0,0.011082558104273648,0.0,0.0008043294090493882,9.89901386388269e-06,0.0032499034789511814,0.0007470776507856572,0.0011195637689956173,0.6540540647475998,0.4943083414161288,0.580754716981132,0.2450980392156863,0.4011869508524355,0.13227645842471336,0.030303030303030304,0.14999999999999858,0.0,1.0,0.0,0.45,2.2450832388541612e-05,0.0,0.0,0.0,0.00011312934438868514,0.0,0.0037272792051294334,0.0,0.0,0.0010641846691303817,0.001525651179308989,0.033140399981555164,1,2
6800,0.0,0.0,0.0,0.03474903474903475,0.0,0.8,0.23529411764705882,0.0,0.0,0.0,0.0,0.0,0.0,0.0,0.0,0.0,0.015578644604960317,0.00015212480742151692,0.0008430823140552577,0.0010529898868111532,0.013765275269355181,0.00372732746058833,0.0,0.6534452514413858,0.49581516884439614,0.580754716981132,0.2334558823529412,0.3917608062491622,0.037283037784322334,0.020202020202020204,0.44999999999999574,1.0,1.0,0.0,0.25000000000000006,0.004335814459206393,0.0,0.0,0.0,0.00014596627916005502,0.0,0.004718610308092255,0.0,0.0,0.006357914373029229,0.0021343289702784843,0.03363136780459837,0,2
12435,0.4000000000000341,0.0,0.0,0.0637065637065637,0.0,0.6000000000000001,0.029411764705882346,0.0,0.0,0.0,0.0,0.0,0.0,0.0,0.0,0.0,0.009770786935533304,0.0,0.0008043294090493882,9.89901386388269e-06,3.18121808840605e-05,0.0015418552539129126,0.0,0.6539660037924089,0.49383679755894627,0.3922641509433962,0.2450980392156863,0.3967876771591173,0.1342189360235604,0.04040404040404041,0.9499999999999957,0.0,1.0,0.0,0.8,8.146658260130008e-08,0.0,3.115099917585949e-05,0.0,0.0,1.1166889341908828e-05,0.0036354330375410375,0.0,0.0,0.0028510090299263087,0.0010880160639169048,0.03312156029362849,1,2
5914,0.0,0.0,0.0,0.03581081081081081,0.0,0.0,0.7941176470588235,0.3333333333333333,0.0,0.0,0.0,0.0,0.0,0.0,0.0,0.0,0.009770786935533304,0.0,0.0008043294090493882,1.9423525158272883e-05,0.04002731509531363,0.009201354047079188,0.0017427857155424607,0.6539130858473392,0.4942438531100353,0.580754716981132,0.2394607843137255,0.3955934144944492,0.1283288426593145,0.24242424242424243,0.10000000000000142,0.0,1.0,0.0,0.25000000000000006,0.0014933910811919654,0.0,0.0,0.0,0.0,0.0,0.0036354330375410375,0.0,0.0,0.0028638000185213517,0.0011942972794367428,0.03314718088029022,0,2
11372,0.4000000000000341,0.0,1.0,0.02316602316602317,0.0,0.6000000000000001,0.23529411764705882,0.0,0.0,0.0,0.0,0.0,0.0,0.0,0.0,0.0,0.009770786935533304,0.0,0.0008043294090493882,9.89901386388269e-06,0.00041608886588129137,0.001961515113364255,0.0,0.6538898212872875,0.49374754174045127,0.580754716981132,0.2450980392156863,0.40287476084280827,0.1342189360235604,0.020202020202020204,0.6999999999999957,0.0,1.0,0.0,0.75,5.9782893865587374e-05,0.0,0.0,0.0,1.1378670914578597e-05,0.0,0.0036354330375410375,0.0,0.0,0.0005706315832020552,0.0010865545970758779,0.03312156029362849,1,4
11416,0.8000000000000114,0.0,1.0,0.03861003861003861,0.0,0.2,0.23529411764705882,0.0,0.0,0.0,0.0,0.0,0.0,0.0,0.0,0.0,0.009770786935533304,0.0,0.0011617294400049281,9.89901386388269e-06,0.00013700927903476058,0.0005660837549668407,0.0,0.6540976447969662,0.4939950806150058,0.580754716981132,0.2450980392156863,0.4025701019997807,0.13171251331537065,0.020202020202020204,0.6000000000000014,0.0,1.0,0.0,0.4,0.0,0.0,0.000344778049130872,0.001266212219101741,0.0,4.452300216579831e-05,0.003646266231637004,0.0,0.0,0.00025420810733788317,0.00120435584331032,0.03317860516228481,1,4
8501,0.8000000000000114,1.0,0.0,0.02316602316602317,0.14814814814814814,0.6000000000000001,0.5,0.0,0.0,0.0,0.0,1.0,0.0,0.0,0.0,0.0,0.009770786935533304,0.0,0.0008043294090493882,9.89901386388269e-06,0.006323755456873528,0.0018060332129615894,0.0,0.6541014748450193,0.49413079982871944,0.27962264150943394,0.10772058823529412,0.39302209385929643,0.06353781565260982,0.24242424242424243,0.8500000000000014,0.0,1.0,0.0,0.45,0.0,0.0,0.0,0.0,0.0,0.0,0.0037877322761480326,0.0,0.008470225872689939,0.0007382191157743077,0.0014868775975655742,0.03313326689276144,0,0
1181,0.8000000000000114,1.0,0.0,0.08687258687258688,0.0,0.6000000000000001,0.20588235294117646,0.0,0.0,0.0,0.0,0.0,0.0,0.0,0.0,0.0,0.011421938486383964,0.002964900602517247,0.0010538450952038798,0.3674740773370074,0.07488876581752243,0.01721511224239221,0.0,0.6429599588216028,0.4954402569090023,0.580754716981132,0.24497549019607845,0.3907615252440318,0.13340434864339873,0.020202020202020204,0.44999999999999574,0.0,0.0,0.0,0.25000000000000006,0.008043270377927075,0.0,0.0,0.0,0.005924640737247723,0.0,0.003869743364152675,0.0,0.0,0.007885695632798347,0.0029579203079844263,0.033214568231655105,0,3
6315,0.0,0.0,0.0,0.1783783783783784,0.0,0.0,0.7941176470588235,0.2222222222222222,0.0,0.0,0.0,0.0,0.0,0.0,0.0,0.0,0.009918286697187475,0.0,0.0009170793097304491,9.89901386388269e-06,0.0008162716413205526,0.0002160625018957407,2.424945806810896e-05,0.6540070830456934,0.494041352639899,0.580754716981132,0.2450980392156863,0.3909016683118245,0.06416442132965726,0.25252525252525254,0.10000000000000142,1.0,1.0,0.0,0.45,7.185352585434667e-05,0.0,0.0,0.0,0.0,0.0,0.0036354330375410375,0.0,0.0011930441478439425,7.283188906017445e-05,0.0011228919050695816,0.03315742415453155,0,2
8490,0.6000000000000227,1.0,0.0,0.015444015444015444,0.35185185185185186,0.6000000000000001,0.5,0.0,0.0,0.0,0.0,1.0,0.0,0.0,0.0,0.0,0.009787762726896012,0.0,0.0008043294090493882,9.89901386388269e-06,0.0,0.00870216656673776,0.0,0.6536470191017292,0.49344779331463895,0.5283018867924528,0.1888480392156863,0.40118085767557493,0.10389122125446458,0.25252525252525254,0.7999999999999972,0.0,1.0,0.0,0.05,0.0009376260546858963,0.0,0.0,0.0,0.0,0.0,0.0036354330375410375,0.0,0.0,0.007649471655425093,0.0011406431953843873,0.03312156029362849,0,0
12206,0.4000000000000341,0.0,0.0,0.0694980694980695,0.0,1.0,0.029411764705882346,0.0,0.0,0.0,0.0,0.0,0.0,0.0,0.0,0.0,0.009770786935533304,0.0,0.0008043294090493882,1.4656208665544104e-05,0.0001514693612547881,0.0019557811469677914,0.0,0.6535206192329983,0.49331217308557634,0.580754716981132,0.2450980392156863,0.40287476084280827,0.13415627545585562,0.020202020202020204,0.7999999999999972,0.0,1.0,0.0,0.45,0.00029175898782278937,0.0,0.0,0.0,0.0004040758555731439,0.0,0.0036354330375410375,0.0,0.0,0.009000507034787908,0.0017427433446384629,0.03312156029362849,1,2
12452,0.6000000000000227,0.0,0.0,0.06756756756756757,0.0,0.6000000000000001,0.5588235294117647,0.0,0.0,0.0,0.0,0.0,0.0,0.0,0.0,0.0,0.009770786935533304,0.0,0.0008043294090493882,9.89901386388269e-06,5.205629599209901e-05,0.002397047256608708,0.0,0.6537674906789536,0.4936041649964948,0.20339622641509433,0.2450980392156863,0.39068840712170516,0.1342189360235604,0.24242424242424243,1.0,0.0,0.0,1.0,0.0,0.0,0.0,0.0,0.0,0.0,0.0,0.0036354330375410375,0.0,0.0,0.005922560285208348,0.0010825576210823542,0.03312156029362849,1,2
980,0.6000000000000227,1.0,0.0,0.15830115830115832,0.4444444444444444,0.6000000000000001,0.5,0.0,0.0,0.0,0.0,1.0,0.0,0.0,0.0,0.0,0.009770786935533304,0.0,0.0008199085447036593,9.89901386388269e-06,0.0,0.0,0.0002754651442965633,0.6539306752436277,0.4937957441601282,0.36716981132075466,0.1536764705882353,0.39597119145980336,0.0874741525158218,0.020202020202020204,0.44999999999999574,0.0,1.0,0.0,0.35000000000000003,0.0002825939972801431,0.0,0.0,0.0,0.0,0.0009084571659446736,0.0036384379826086863,0.0,0.0,0.003783600008390889,0.001179991271792281,0.03312156029362849,0,0
3891,0.8000000000000114,0.0,0.0,0.10231660231660232,0.0,0.6000000000000001,0.5294117647058824,0.0,0.0,0.0,0.0,1.0,0.0,0.0,0.0,0.0,0.010027289939066993,0.0,0.0008043294090493882,9.89901386388269e-06,0.0010342573807874671,0.0007877971222967777,3.2122376292912054e-05,0.6541082122176112,0.49400325752353547,0.4945283018867924,0.19656862745098042,0.4000901790175362,0.109405351212482,0.24242424242424243,0.7999999999999972,0.0,1.0,0.0,0.45,0.00016695897215948107,0.0,0.0,0.0,0.0,0.0,0.0036354330375410375,0.0,0.0,0.00034346362575409276,0.0011665075003423299,0.03312156029362849,0,1
7071,0.0,0.0,0.0,0.10231660231660232,0.0,0.6000000000000001,0.5294117647058824,0.0,0.0,0.0,0.0,1.0,0.0,0.0,0.0,0.0,0.009929197555997726,0.0,0.00085112919493374,9.89901386388269e-06,0.0060157557055869415,0.001814509511112884,0.0,0.6542086837212429,0.4940959374346078,0.5005660377358491,0.2450980392156863,0.4000779926638151,0.12939407231029515,0.25252525252525254,0.8999999999999986,0.0,1.0,0.0,0.45,0.0007611422812439467,0.0,0.0,0.0,0.0,0.0,0.0036354330375410375,0.0,0.0,0.0008494751345739911,0.0011976976533783535,0.03312156029362849,0,1
8268,0.6000000000000227,1.0,0.0,0.08687258687258688,0.8888888888888888,0.4,0.5,0.0,0.0,0.0,0.0,1.0,0.0,0.0,0.0,0.0,0.011989814826171584,0.025115815526132172,0.0014541306347172229,0.00012277611264713395,0.0,0.022278121469507556,0.0,0.6483348494680157,0.49401981707339915,0.580188679245283,0.2252450980392157,0.3969460997574916,0.09518140234350525,0.030303030303030304,0.3500000000000014,1.0,1.0,0.0,0.25000000000000006,0.0,0.0,0.03987610168936204,0.1738450922739519,0.0,0.019469778747421947,0.005961746619730501,0.0,0.0,0.029389010289582868,0.005147396156216514,0.033310056381362425,0,0
1638,0.8000000000000114,1.0,0.0,0.10231660231660232,0.4444444444444444,0.2,0.5,0.0,0.0,0.0,0.0,1.0,0.0,0.0,0.0,0.0,0.015963925841375827,0.0,0.0008043294090493882,0.024982317405705314,0.06916654978100205,0.015701677517574814,0.0,0.6541863296259014,0.4951385361654952,0.5228301886792452,0.2259803921568628,0.3984267417346056,0.12375462121686823,0.030303030303030304,0.6000000000000014,0.0,1.0,0.0,0.85,0.00034547262128457987,0.0,0.0,0.0,0.0006111927086854116,0.0,0.0038811360834964397,0.0,0.0,0.0019880010294187622,0.0017932008293450382,0.04306752163994612,0,0
8089,0.20000000000004547,1.0,0.0,0.0637065637065637,0.2222222222222222,0.4,0.5,0.0,0.0,0.0,0.0,1.0,0.0,0.0,0.0,0.0,0.009770786935533304,5.957976103016157e-06,0.0011184384684571238,4.8827037708967376e-05,0.00578837091267701,0.002372366270815233,0.0,0.6540061722496642,0.49436409422972033,0.580754716981132,0.24485294117647063,0.3939909089801241,0.08640892286484117,0.020202020202020204,0.29999999999999716,1.0,1.0,0.0,0.2,0.0007811694828000996,0.0,0.0,0.0,0.0,5.3955229085663045e-05,0.0038177656282033555,0.0,0.0,0.0015929129736950763,0.0012157713844000132,0.03327066069902603,0,0
4003,0.6000000000000227,0.0,0.0,0.10231660231660232,0.0,0.8,0.029411764705882346,0.0,0.0,0.0,0.0,0.0,0.0,0.0,0.0,0.0,0.009810020878868925,0.0,0.0008043294090493882,9.89901386388269e-06,0.0002530514388504813,0.00020542557872548886,0.0,0.6542235741926663,0.49413294255528406,0.3966037735849056,0.2450980392156863,0.39692782022691,0.13177517388307539,0.020202020202020204,0.6000000000000014,0.0,1.0,0.0,0.35000000000000003,0.0,0.0,0.0,0.0,0.00019047926414088242,0.0,0.0037587029283443728,0.0,0.0,0.00096536149124508,0.0011426533814605983,0.03312156029362849,0,2
839,0.20000000000004547,0.0,0.0,0.0,0.0,0.0,0.7941176470588235,0.3333333333333333,0.0,0.0,0.0,0.0,0.0,0.0,0.0,0.0,0.01569693336392387,0.00012870756068695158,0.0008043294090493882,1.673115533435387e-05,0.0,0.0,0.0,0.6537375334743798,0.4952418004470816,0.580754716981132,0.24497549019607845,0.39168768812683563,0.045115608747415256,0.020202020202020204,0.14999999999999858,1.0,1.0,0.0,0.2,0.001407538880893962,0.0,0.0,0.0,0.002467371661152446,0.0,0.00435961655320916,0.0,0.0,0.0,0.001576378612069296,0.0331219968108843,0,2
11445,0.6000000000000227,0.0,1.0,0.03861003861003861,0.0,0.8,0.2647058823529412,0.0,0.0,0.0,0.0,0.0,0.0,0.0,0.0,0.0,0.009770786935533304,0.0,0.0008043294090493882,9.89901386388269e-06,8.639899126466433e-05,8.85025248149861e-05,0.0,0.6540855437005048,0.4939768511358521,0.580754716981132,0.2450980392156863,0.40287476084280827,0.1342189360235604,0.07070707070707072,0.6000000000000014,0.0,1.0,0.0,0.6,4.901572719844888e-06,0.0,0.0,0.0,3.5215969130401434e-06,0.0,0.0036354330375410375,0.0,0.0,0.0002979277063557399,0.0011461317260758265,0.03312156029362849,1,4
10544,0.0,1.0,1.0,0.0694980694980695,0.0,0.6000000000000001,0.23529411764705882,0.0,0.0,0.0,0.0,0.0,0.0,0.0,0.0,0.0,0.010259593410232564,0.002823731487417027,0.000818832508307118,9.89901386388269e-06,0.03765730761945112,0.00865654413845285,0.0013831325423834312,0.6540983147240564,0.49312162142143867,0.580754716981132,0.2450980392156863,0.3992858796719434,0.08553167491697476,0.020202020202020204,0.10000000000000142,0.0,1.0,0.0,0.45,0.0,0.0,0.0,0.0,0.000393479761750352,0.0,0.003636133523886351,0.0,0.0,0.0017057039111261648,0.0019067001564301435,0.03312156029362849,1,4
9060,0.6000000000000227,0.0,0.0,0.05791505791505792,0.0,0.6000000000000001,0.5588235294117647,0.0,0.0,0.0,0.0,0.0,0.0,0.0,0.0,0.0,0.009770786935533304,0.0,0.0008043294090493882,9.89901386388269e-06,0.005167671883382329,0.0017762830684697913,0.0,0.654205727692806,0.49411570641621716,0.41150943396226414,0.1564950980392157,0.3973726221377302,0.08897800614073564,0.11111111111111112,0.9499999999999957,0.0,1.0,0.0,0.8,0.0005360229579890207,0.0,0.0,0.0,0.0,0.0,0.0036687092801378097,0.0,0.0,0.0040320265888838126,0.0016577679007013456,0.03312156029362849,1,2
8921,0.6000000000000227,1.0,0.0,0.06756756756756757,0.2962962962962963,0.6000000000000001,0.5,0.0,0.0,0.0,0.0,1.0,0.0,0.0,0.0,0.0,0.009770786935533304,0.0,0.0008043294090493882,9.89901386388269e-06,0.0,0.0017060627553536756,0.0,0.6541046366225775,0.4939992205024717,0.3920754716981132,0.18419117647058825,0.3967815839822567,0.10307663387430291,0.24242424242424243,0.0,0.0,0.0,0.0,0.55,0.0,0.0,0.0,0.0,0.0,0.0,0.0036354330375410375,0.0038878054887747024,0.0,0.000582220218869164,0.001085547570880575,0.03312156029362849,0,0
6371,0.20000000000004547,0.0,0.0,0.03474903474903475,0.0,0.0,0.4411764705882353,0.0,0.0,0.0,0.0,0.0,0.0,0.0,0.0,0.0,0.009770786935533304,0.0034648140809192237,0.0008043294090493882,9.89901386388269e-06,0.0,0.010212609656913523,0.0,0.6540481573291925,0.49403451183007135,0.580754716981132,0.24485294117647063,0.4005715399895198,0.12400526348768723,0.24242424242424243,0.3999999999999986,0.0,1.0,0.0,0.5,9.612377858765065e-05,0.0,0.0,0.0,0.0,0.0,0.0036354330375410375,0.0,0.0,0.002031106660984057,0.00122725602346747,0.03312156029362849,0,2
8067,0.0,1.0,0.0,0.02316602316602317,0.14814814814814814,0.6000000000000001,0.5,0.0,0.0,0.0,0.0,1.0,0.0,0.0,0.0,0.0,0.009770786935533304,0.0,0.0008043294090493882,9.89901386388269e-06,0.0,0.0,0.0,0.6541030880374044,0.4939974061720436,0.20339622641509433,0.24473039215686276,0.39068840712170516,0.13403095432044615,0.25252525252525254,0.19999999999999574,0.0,1.0,0.0,0.35000000000000003,0.0,0.0,0.0,0.0,0.0,0.0,0.0036354330375410375,0.0,0.0,5.858272776529662e-06,0.0010825576210823542,0.03312156029362849,0,0
6061,0.20000000000004547,0.0,0.0,0.31660231660231664,0.0,0.6000000000000001,0.5294117647058824,0.0,0.0,0.0,0.0,1.0,0.0,0.0,0.0,0.0,0.013405442321325093,5.205045057030599e-06,0.0008043294090493882,0.0009529268489191856,0.033746578383044686,0.00886994740955603,0.0,0.6538693557104496,0.4949491032220023,0.580754716981132,0.2382352941176471,0.39261385100963947,0.04843661883576665,0.030303030303030304,0.3999999999999986,1.0,1.0,0.0,0.25000000000000006,0.0,0.0,0.00043218230895440007,0.0,0.0,0.0024676657117590956,0.00450747296502399,0.0,0.0,0.002023687887598932,0.0015439639278692265,0.033125146679718796,0,1
11743,0.8000000000000114,0.0,0.0,0.10231660231660232,0.0,0.6000000000000001,0.029411764705882346,0.0,0.0,0.0,0.0,0.0,0.0,0.0,0.0,0.0,0.009770786935533304,0.0,0.0008043294090493882,9.89901386388269e-06,0.0,0.047044784355080436,0.0,0.6541234923202206,0.4941583179498958,0.5394339622641509,0.2450980392156863,0.40028516067707387,0.1332163669402845,0.020202020202020204,0.6000000000000014,0.0,1.0,0.0,0.35000000000000003,0.000799390841775257,0.0,0.0,0.0,0.0,0.0012493906094772557,0.003696406368877765,0.0,0.0,0.015784796221644297,0.0013715226874118946,0.04337463633152168,1,2
3413,0.4000000000000341,1.0,0.0,0.03861003861003861,0.537037037037037,0.6000000000000001,0.5,0.0,0.0,0.0,0.0,1.0,0.0,0.0,0.0,0.0,0.009770786935533304,0.0,0.0008043294090493882,9.89901386388269e-06,3.18121808840605e-05,7.312884679548147e-06,1.0591467335577637e-05,0.6540142213143185,0.4940491068257423,0.580754716981132,0.2450980392156863,0.3912124203317126,0.07224763456356915,0.020202020202020204,0.5,1.0,1.0,0.0,0.45,2.131030023212341e-05,0.0,0.0,0.0,0.0,4.947401782871581e-05,0.0036363047189797125,0.0,0.0,0.00014412885948894373,0.0011188938881452595,0.03312156029362849,0,0
7538,0.6000000000000227,1.0,0.0,0.05791505791505792,0.0,0.6000000000000001,0.029411764705882346,0.0,0.0,0.0,0.0,0.0,0.0,0.0,0.0,0.0,0.009909934246649972,0.0,0.0029306085180756574,9.89901386388269e-06,0.0077643411480437675,0.0017848424675833534,0.00042620325539079044,0.6539765917548341,0.49397159330409157,0.580754716981132,0.24497549019607845,0.3946185061967609,0.058211667397706626,0.020202020202020204,0.10000000000000142,0.0,1.0,0.0,0.4,0.00012898875578539178,0.0,0.0,0.0,0.0,0.00017281574379614245,0.0036547902552190744,0.0,0.0,0.001594345564417721,0.0013456772183445907,0.03312156029362849,0,3
1578,0.6000000000000227,1.0,0.0,0.06756756756756757,0.2962962962962963,0.6000000000000001,0.5,0.0,0.0,0.0,0.0,1.0,0.0,0.0,0.0,0.0,0.009770786935533304,0.0,0.0008043294090493882,9.89901386388269e-06,0.0010700460842820352,0.0004936197158694999,0.0,0.65410239889381,0.494012917649131,0.580754716981132,0.24387254901960786,0.3945149221901315,0.1335296697788082,0.24242424242424243,0.5,0.0,0.0,0.0,0.10000000000000002,0.0,5.71908085119267e-05,0.0,0.0,0.0,0.0,0.003638858902654749,0.0030821615478682333,0.0,9.214628183868926e-05,0.0010857859440334208,0.03312156029362849,0,0
1441,0.4000000000000341,1.0,1.0,0.20463320463320464,0.0,0.6000000000000001,0.23529411764705882,0.0,0.0,0.0,0.0,0.0,0.0,0.0,0.0,0.0,0.013347261107310705,0.0,0.0008043294090493882,9.89901386388269e-06,0.14072082063858615,0.03234837917805669,0.00016206902378793542,0.6537932023614033,0.4950936937895037,0.580754716981132,0.24154411764705885,0.3971898268319137,0.13196315558618962,0.25252525252525254,0.29999999999999716,0.0,1.0,1.0,0.25000000000000006,0.010805279450032136,0.0,0.0,0.0,0.0,0.0,0.0036354330375410375,0.0,0.0,0.004566434092384706,0.0015286420709017417,0.03327313595028338,0,4
4265,0.6000000000000227,0.0,1.0,0.03861003861003861,0.0,0.6000000000000001,0.32352941176470584,0.0,0.0,0.0,0.0,0.0,0.0,0.0,0.0,0.0,0.00982613885098724,0.0,0.0008043294090493882,9.89901386388269e-06,0.0010082292327914177,0.0004111835613000481,0.0,0.6541000740281362,0.4940009234266454,0.580754716981132,0.2450980392156863,0.4004801423366115,0.13133654990914218,0.020202020202020204,0.3999999999999986,0.0,1.0,0.0,0.2,0.0,0.0,0.0,0.0,0.0,1.5901072202070825e-05,0.0036354330375410375,0.0,0.0,0.00010759779606150112,0.0010885248312366817,0.03312156029362849,0,4
8731,0.4000000000000341,0.0,1.0,0.02316602316602317,0.0,0.6000000000000001,0.32352941176470584,0.0,0.0,0.0,0.0,0.0,0.0,0.0,0.0,0.0,0.009770786935533304,0.0,0.0008043294090493882,9.89901386388269e-06,0.0,0.0001556481023272009,1.1809377337204634e-05,0.6541126952954838,0.4940084753732605,0.42566037735849055,0.166421568627451,0.3978661694634349,0.09386553042170565,0.020202020202020204,0.7999999999999972,0.0,1.0,0.0,0.45,1.8397869904126933e-05,0.0,0.0,0.0,1.3460325978731214e-06,0.0,0.003639627317328392,0.0,0.0,0.00010749546815274078,0.0010997547396673173,0.03312156029362849,0,4
10986,0.20000000000004547,0.0,0.0,0.10231660231660232,0.0,0.6000000000000001,0.5588235294117647,0.0,0.0,0.0,0.0,0.0,0.0,0.0,0.0,0.0,0.011988640968258205,0.0,0.0008043294090493882,9.89901386388269e-06,0.011201864193799805,0.0029272313958759485,0.0,0.6540289732943849,0.49391057295436197,0.5316981132075471,0.22022058823529414,0.40129053485906485,0.12149884077949748,0.020202020202020204,0.3999999999999986,0.0,1.0,0.0,0.55,0.0,0.0,0.0,0.0,0.0,2.529716032147631e-07,0.0036920298998167414,0.0,0.0,0.0012431817635294123,0.0011232903832928557,0.03312156029362849,1,2
11820,0.0,0.0,1.0,0.03474903474903475,0.0,0.6000000000000001,0.32352941176470584,0.0,0.0,0.0,0.0,0.0,0.0,0.0,0.0,0.0,0.009770786935533304,0.0,0.0008043294090493882,9.89901386388269e-06,0.0,0.00014127163585490738,0.0,0.6540780051984845,0.49576108363104404,0.580754716981132,0.2450980392156863,0.3911271158556649,0.13114856820602797,0.020202020202020204,0.75,0.0,1.0,0.0,0.4,0.00021170449265324513,0.0,0.00047361616222714524,0.0020647917408330367,0.00025018989624420754,0.0,0.003646204193048125,0.0,0.0,0.0004113581932165806,0.00132210033403218,0.03312156029362849,1,4
3977,0.6000000000000227,1.0,1.0,0.03474903474903475,0.0,0.8,0.23529411764705882,0.0,0.0,0.0,0.0,0.0,0.0,0.0,0.0,0.0,0.009770786935533304,0.0,0.0008043294090493882,9.89901386388269e-06,0.0,0.0,0.0,0.654077537044687,0.49396747049633016,0.580754716981132,0.2450980392156863,0.40287476084280827,0.1342189360235604,0.020202020202020204,0.14999999999999858,0.0,1.0,0.0,0.4,0.0,0.0,0.0,0.0,0.0,0.0,0.0036354330375410375,0.0,0.0,0.00040043468895641397,0.0010838959606803643,0.03312156029362849,0,4
7188,0.6000000000000227,1.0,1.0,0.03861003861003861,0.0,0.4,0.23529411764705882,0.0,0.0,0.0,0.0,0.0,0.0,0.0,0.0,0.0,0.009770786935533304,8.228772489532021e-05,0.0013227450312264983,3.415058566128854e-05,0.17352098664033003,0.04103916091296379,0.0,0.6594474068824322,0.5014249997285297,0.28056603773584904,0.11225490196078433,0.39273571454685047,0.05576790525722164,0.030303030303030304,0.14999999999999858,1.0,1.0,0.0,0.05,0.0022693874359968826,0.0,0.030171607729278665,0.0,0.0,0.01149914947333119,0.008238524744596121,0.0,0.0023100616016427105,0.011752462649034205,0.006911599478900268,0.03338641217816476,0,4
4213,0.0,0.0,0.0,0.03474903474903475,0.0,0.6000000000000001,0.5588235294117647,0.0,0.0,0.0,0.0,0.0,0.0,0.0,0.0,0.0,0.009770786935533304,0.0,0.0008043294090493882,9.89901386388269e-06,0.0,0.0,0.00016224301093102498,0.6540993802460754,0.49399266422499405,0.4613207547169811,0.20674019607843142,0.39901777989007914,0.1141675543580425,0.04040404040404041,0.0,0.0,1.0,0.0,0.55,0.0,0.0,2.0162459013501287e-07,8.790088296436938e-07,2.7108470459491238e-05,0.0,0.0036329279350280886,0.0,0.0002947638603696099,0.00013517516747241367,0.0010952837436154319,0.03312156029362849,0,2
10823,0.8000000000000114,1.0,0.0,0.10424710424710425,0.2962962962962963,0.6000000000000001,0.5,0.0,0.0,0.0,0.0,1.0,0.0,0.0,0.0,0.0,0.009770786935533304,0.0,0.0008043294090493882,9.89901386388269e-06,0.0,0.0,5.371853042890506e-06,0.6540685950752313,0.4939569940384945,0.580754716981132,0.24448529411764708,0.40287476084280827,0.13390563318503665,0.25252525252525254,0.29999999999999716,0.0,0.0,0.0,0.75,0.0,0.0,0.0,0.0,0.0,0.0,0.0036354330375410375,0.0011468705664385154,0.0,0.000543182121677093,0.0010834355718586488,0.03312156029362849,1,0
3017,0.8000000000000114,0.0,0.0,0.05791505791505792,0.0,0.6000000000000001,0.0,0.0,0.0,0.0,0.0,0.0,0.0,0.0,0.0,0.0,0.011585601368537734,0.0,0.000808914259782477,0.0009853466254079548,0.0,0.002434359588666857,0.004671032830525714,0.653363328502651,0.4960917905739643,0.58,0.23970588235294119,0.39441133818350216,0.12939407231029515,0.020202020202020204,0.0,1.0,1.0,0.0,0.25000000000000006,0.006079925737235743,0.0,0.0,0.0,0.0,0.0,0.005289472911683368,0.0,0.0,0.01680109142947484,0.0016723059367775958,0.033551083352493793,0,2
7354,0.20000000000004547,0.0,0.0,0.03474903474903475,0.0,0.8,0.5588235294117647,0.0,0.0,0.0,0.0,0.0,0.0,0.0,0.0,0.0,0.009770786935533304,0.0,0.0008043294090493882,9.89901386388269e-06,0.0,0.0,0.0,0.6540698090281782,0.49398593520959583,0.2788679245283019,0.13223039215686275,0.39219951498312194,0.07387680932389248,0.020202020202020204,0.7999999999999972,0.0,1.0,0.0,0.0,0.0,0.0,0.0,0.0,6.855375324051479e-06,0.0,0.003698123424252236,0.0,6.778747433264888e-05,0.00019488350223407407,0.0010932940787463903,0.03312156029362849,0,2
6016,0.20000000000004547,1.0,0.0,0.10231660231660232,0.4444444444444444,0.6000000000000001,0.5,0.0,0.0,0.0,0.0,1.0,0.0,0.0,0.0,0.0,0.009770786935533304,0.0,0.0008043294090493882,9.89901386388269e-06,0.0,0.0015627135954420783,0.0,0.6540958669390203,0.49398891018357977,0.580754716981132,0.2450980392156863,0.40287476084280827,0.13415627545585562,0.24242424242424243,0.5,0.0,1.0,0.0,0.5,3.915827070369157e-05,0.0,0.0,0.0,0.0,0.0,0.0036354330375410375,0.0,0.0,0.00030905586643342726,0.0010952374965471005,0.03312156029362849,0,0
11409,0.6000000000000227,0.0,0.0,0.02316602316602317,0.0,0.4,0.029411764705882346,0.0,0.0,0.0,0.0,0.0,0.0,0.0,0.0,0.0,0.009770786935533304,0.0,0.0008043294090493882,9.89901386388269e-06,0.012969247743142667,0.0030151522139550612,0.0,0.654030392002496,0.4939100364963706,0.20339622641509433,0.24497549019607845,0.39068840712170516,0.13102324707061846,0.030303030303030304,0.6999999999999957,0.0,1.0,0.0,0.8,0.0,0.0,0.0,0.0,0.0,0.0,0.0036354330375410375,0.0,0.0,0.0011383212390272505,0.0010825576210823542,0.03312156029362849,1,2
685,0.4000000000000341,0.0,0.0,0.03861003861003861,0.0,0.8,0.5588235294117647,0.0,0.0,0.0,0.0,0.0,0.0,0.0,0.0,0.0,0.009770786935533304,0.0,0.0009867877545498601,9.89901386388269e-06,0.0013390036135745467,0.0003078059642391629,0.0,0.654000153508061,0.4939138464349996,0.580754716981132,0.2450980392156863,0.39401528168756633,0.09944232094742779,0.020202020202020204,0.5,0.0,1.0,0.0,0.45,0.0,0.0,0.0,0.0,0.0,9.009402954491492e-05,0.003635592453155498,0.0,0.001600770020533881,0.0,0.0011012258722943298,0.033180629015016276,0,2
7491,0.6000000000000227,0.0,0.0,0.03474903474903475,0.0,0.6000000000000001,0.5294117647058824,0.0,0.0,0.0,0.0,1.0,0.0,0.0,0.0,0.0,0.010157362425545616,2.6734508154559675e-05,0.0008043294090493882,2.9352904095357667e-05,0.0,0.0,0.00013899397893568107,0.6540361268036857,0.4941159203006985,0.580754716981132,0.23995098039215687,0.39688516798888607,0.1290807694717714,0.020202020202020204,0.3500000000000014,0.0,1.0,0.0,0.25000000000000006,0.0,0.0,9.23440622818359e-05,0.00040258604397681175,0.0,5.915921635179532e-05,0.003811864501923244,0.0,0.0,0.001110769449593528,0.001140685130025125,0.03312170910632933,0,1
4421,0.8000000000000114,1.0,0.0,0.15830115830115832,0.0,0.6000000000000001,0.0,0.0,0.0,0.0,0.0,0.0,0.0,0.0,0.0,0.0,0.011223330757116533,0.0,0.0008043294090493882,9.89901386388269e-06,0.002731148029307695,0.0006278277699316619,0.0,0.6540919825546453,0.49397458574595515,0.3820754716981132,0.21004901960784317,0.39654395008469523,0.11529544457672788,0.24242424242424243,0.29999999999999716,0.0,1.0,0.0,0.35000000000000003,0.00019177912432534382,0.0,0.0,0.0,0.0,0.0,0.003722113510982042,0.0,0.0,0.002177179750739447,0.0011385811114726534,0.03319596664404978,0,3
2150,0.20000000000004547,0.0,0.0,0.10231660231660232,0.0,0.8,0.5588235294117647,0.0,0.0,0.0,0.0,0.0,0.0,0.0,0.0,0.0,0.009770786935533304,0.0,0.0008043294090493882,9.89901386388269e-06,0.0,4.661963983211944e-05,4.830318060024216e-05,0.6541298162066558,0.4940136474183234,0.3920754716981132,0.18075980392156865,0.3967815839822567,0.09029387806253526,0.25252525252525254,0.14999999999999858,0.0,0.0,0.0,0.55,0.0,0.003480228906211069,0.0,0.0,0.0,0.0,0.0036551589529086764,0.026714615521084648,0.0,0.00011140951066282392,0.00110252163286587,0.03312156029362849,0,2
1303,0.4000000000000341,1.0,1.0,0.03861003861003861,0.0,0.4,0.23529411764705882,0.0,0.0,0.0,0.0,0.0,0.0,0.0,0.0,0.0,0.009770786935533304,0.0,0.0008043294090493882,9.89901386388269e-06,0.00038210767266422675,0.0028193663468526133,0.0,0.6541025115422822,0.4940045163753922,0.580754716981132,0.24473039215686276,0.395337501066306,0.059151575913277785,0.020202020202020204,0.25,0.0,1.0,0.0,0.4,4.4399287517708545e-06,0.0,1.4516970489720926e-05,6.328863573434595e-05,0.0,0.0,0.0036354330375410375,0.0,0.0,0.0008544124561716776,0.0011082193906477979,0.03312156029362849,0,4
11540,0.20000000000004547,0.0,0.0,0.03474903474903475,0.0,0.6000000000000001,0.5294117647058824,0.0,0.0,0.0,0.0,1.0,0.0,0.0,0.0,0.0,0.0099203484732661,0.0,0.0008043294090493882,9.89901386388269e-06,0.0048011087991046315,0.0,0.0,0.6457469462985457,0.4842012974036999,0.20339622641509433,0.2450980392156863,0.39068840712170516,0.13415627545585562,0.030303030303030304,0.6000000000000014,0.0,1.0,0.0,0.25000000000000006,0.0,0.0,0.0,0.0,0.0,2.797143155546095e-05,0.0036646547835000806,0.0,0.002745328542094456,0.0011709894238989902,0.0010825576210823542,0.03312156029362849,1,1
1473,0.6000000000000227,0.0,0.0,0.10231660231660232,0.0,0.2,0.5294117647058824,0.0,0.0,0.0,0.0,1.0,0.0,0.0,0.0,0.0,0.009770786935533304,0.0,0.0008043294090493882,9.89901386388269e-06,0.00047862872148291035,0.0042815277779509045,0.0,0.6536723093463654,0.4934892865158479,0.20339622641509433,0.029534313725490202,0.39068840712170516,0.02387367629550724,0.020202020202020204,0.6000000000000014,0.0,1.0,0.0,0.35000000000000003,0.0,0.0,0.0,0.0,0.0,1.2251053355686385e-05,0.0036354330375410375,0.0,0.0,0.0020860311660111713,0.0010825576210823542,0.03312156029362849,0,1
9316,1.0,0.0,0.0,0.18532818532818535,0.0,0.6000000000000001,0.029411764705882346,0.0,0.0,0.0,0.0,0.0,1.0,0.0,0.0,0.0,0.009770786935533304,0.0,0.0008043294090493882,9.89901386388269e-06,0.00011206563720521315,7.371055353135462e-05,0.0,0.6540949372578061,0.4939878566763522,0.580754716981132,0.2450980392156863,0.40287476084280827,0.1342189360235604,0.020202020202020204,0.29999999999999716,0.0,1.0,0.0,0.75,0.0,0.0,0.0,0.0,0.0,2.023772825718105e-06,0.0036354330375410375,0.0,0.0,0.00014650798336762172,0.0011450134689894892,0.03312156029362849,1,2
1452,0.4000000000000341,0.0,0.0,0.02316602316602317,0.0,0.4,0.029411764705882346,0.0,0.0,0.0,0.0,0.0,0.0,0.0,0.0,0.0,0.009770786935533304,0.0,0.0008043294090493882,9.89901386388269e-06,0.00010555860020620078,0.000824029141845448,0.0,0.6539563504809836,0.49382548768916595,0.580754716981132,0.2450980392156863,0.40287476084280827,0.1342189360235604,0.25252525252525254,0.8999999999999986,0.0,1.0,1.0,0.55,0.0,0.0,0.0,0.0,0.0,0.0,0.0036354330375410375,0.0,0.0025154004106776183,1.1025832168927006e-05,0.0011039710546505148,0.03312156029362849,0,2
10674,0.0,1.0,1.0,0.03861003861003861,0.0,0.6000000000000001,0.2647058823529412,0.0,0.0,0.0,0.0,0.0,0.0,0.0,0.0,0.0,0.010365345968659649,0.0,0.0010942666363609075,9.89901386388269e-06,0.018686402750886042,0.004295571840574127,2.090020556363472e-05,0.6540283762574826,0.49393334369403735,0.2869811320754717,0.14325980392156865,0.3927844599617349,0.06811203709505609,0.020202020202020204,0.5,1.0,1.0,0.0,0.05,1.5112051072541164e-05,0.0,0.0,0.0,0.0,0.00010729609856351881,0.003710341885066962,0.0,0.0,0.00043415173489294714,0.0012332849955158389,0.033213784484764,1,4
4976,0.4000000000000341,0.0,0.0,0.0,0.0,0.0,0.7941176470588235,0.4444444444444444,0.0,0.0,0.0,0.0,0.0,0.0,0.0,0.0,0.009781547299739275,0.0,0.0008043294090493882,0.00010239102683746144,0.0,0.0,0.0,0.6540998175872026,0.4941266052085641,0.580754716981132,0.2382352941176471,0.396342875248297,0.13052196252898052,0.24242424242424243,0.14999999999999858,0.0,1.0,0.0,0.2,0.0002075293302949285,0.0,0.0,0.0,0.0,0.0,0.0036354330375410375,0.0,0.0,1.261191475471233e-05,0.0011172339009305277,0.03312156029362849,0,2
6855,0.4000000000000341,0.0,0.0,0.03474903474903475,0.0,0.4,0.0,0.0,0.0,0.0,0.0,0.0,0.0,0.0,0.0,0.0,0.010004399709756107,5.161396880451725e-06,0.000928993683744326,9.89901386388269e-06,0.0,0.002342366823436632,0.0,0.653873242745377,0.4945187684218539,0.580754716981132,0.24485294117647063,0.39300381432871473,0.06767341312112289,0.030303030303030304,0.14999999999999858,1.0,1.0,0.0,0.10000000000000002,2.3272287096438054e-05,0.0,0.0,0.0,0.00022962377027205307,0.0,0.0039918918485646335,0.0,0.0,0.002062700402813813,0.0013755281891243388,0.03316121391797968,0,2
10861,0.8000000000000114,1.0,1.0,0.02316602316602317,0.0,0.6000000000000001,0.23529411764705882,0.0,0.0,0.0,0.0,0.0,0.0,0.0,0.0,0.0,0.009770786935533304,0.0,0.0008043294090493882,9.89901386388269e-06,0.00023136131552044004,0.0017964766023008164,0.0,0.6540698759546235,0.49395849472343994,0.20339622641509433,0.2450980392156863,0.39068840712170516,0.1342189360235604,0.25252525252525254,0.5,0.0,1.0,0.0,0.35000000000000003,0.0,0.0,0.0,0.0,0.0,0.0,0.0036354330375410375,0.0,0.0,0.0010554100509541822,0.0010825576210823542,0.03312156029362849,1,4
3289,0.8000000000000114,1.0,0.0,0.015444015444015444,0.0,0.6000000000000001,0.1764705882352941,0.0,0.0,0.0,0.0,0.0,0.0,0.0,0.0,0.0,0.009770786935533304,0.0,0.005915549076811456,9.89901386388269e-06,0.0011033042733880984,0.004372107826822581,0.0,0.6539766374768611,0.49397592417370784,0.5747169811320755,0.24473039215686276,0.3987496801082149,0.13390563318503665,0.24242424242424243,0.9499999999999957,0.0,1.0,0.0,0.85,0.00012435873834088456,0.0,0.0,0.0,0.0,0.0,0.0036999716244918053,0.0,0.0,0.001340188621034218,0.0011386970017682144,0.03312156029362849,0,3
9805,0.0,0.0,0.0,0.07722007722007722,0.0,0.2,0.5588235294117647,0.0,0.0,0.0,0.0,0.0,0.0,0.0,0.0,0.0,0.010715592061198933,0.0,0.0008043294090493882,9.89901386388269e-06,0.037441129390261715,0.008369347212856051,0.0,0.6540736596180117,0.49396378671460944,0.4252830188679245,0.14865196078431375,0.3978417967559927,0.08484240867222258,0.020202020202020204,0.6000000000000014,0.0,1.0,0.0,0.5,3.4107342582410963e-05,0.0,0.0,0.0,1.5338510999019292e-06,0.0,0.0034910174115131945,0.0,0.0,0.000347710233967647,0.0013820281575749407,0.03312156029362849,1,2
8981,0.6000000000000227,0.0,0.0,0.03474903474903475,0.0,0.6000000000000001,0.5294117647058824,0.0,0.0,0.0,0.0,1.0,0.0,0.0,0.0,0.0,0.01001332403978987,0.0,0.0008043294090493882,9.89901386388269e-06,0.010094583397801199,0.0023204281693979876,0.0,0.6538824567277609,0.4937384017694928,0.3988679245283019,0.22071078431372554,0.39700093834923655,0.12162416191490696,0.020202020202020204,0.0,0.0,0.0,0.0,0.55,0.00015276342014120453,0.0,0.0,0.0,0.0,7.950536101035413e-06,0.003643424628676782,0.0,0.0038601129363449696,0.0,0.0011288678887834958,0.03312156029362849,0,1
10966,0.20000000000004547,1.0,0.0,0.02316602316602317,0.14814814814814814,0.6000000000000001,0.5,0.0,0.0,0.0,0.0,1.0,0.0,0.0,0.0,0.0,0.009770786935533304,0.0,0.0008043294090493882,9.89901386388269e-06,0.0,0.0,0.0,0.654034155124104,0.49391664401296176,0.20339622641509433,0.12401960784313726,0.39068840712170516,0.07231029513127389,0.25252525252525254,0.3999999999999986,0.0,1.0,0.0,0.75,0.0,0.0,0.0,0.0,0.0,0.0,0.0036354330375410375,0.0,0.0002738449691991787,6.8048059325628385e-06,0.0010825576210823542,0.03312156029362849,1,0
5913,0.20000000000004547,0.0,0.0,0.10231660231660232,0.0,0.8,0.5588235294117647,0.0,0.0,0.0,0.0,0.0,0.0,0.0,0.0006872598493727819,0.0,0.009770786935533304,0.0,0.0008043294090493882,9.89901386388269e-06,9.326753031917739e-05,0.0003815165177705175,0.0,0.6541030810797046,0.49399730524651697,0.580754716981132,0.2450980392156863,0.40287476084280827,0.13215113728930386,0.25252525252525254,0.6000000000000014,0.0,1.0,0.0,0.35000000000000003,3.393083165344148e-05,0.0,0.0,0.0,0.0,0.0,0.0036354330375410375,0.0,0.0,6.0322302214222454e-05,0.0010833255801709456,0.03312156029362849,0,2
1947,0.20000000000004547,1.0,0.0,0.06756756756756757,0.0,0.6000000000000001,0.47058823529411764,0.0,0.0,0.0,0.0,0.0,0.0,0.0,0.0,0.0,0.011148715532314842,0.0,0.0008043294090493882,9.89901386388269e-06,0.0,0.0,0.0,0.6540657417556955,0.4939536510745136,0.20339622641509433,0.2450980392156863,0.39068840712170516,0.1342189360235604,0.020202020202020204,0.0,0.0,1.0,0.0,0.75,0.0,0.0,0.0,0.0,0.0,0.0,0.0036354330375410375,0.0,0.00024394250513347024,5.7738522518023785e-05,0.0010825576210823542,0.03312156029362849,0,3
11454,0.0,0.0,1.0,0.03474903474903475,0.0,0.6000000000000001,0.23529411764705882,0.0,0.0,0.0,0.0,0.0,0.0,0.0,0.0,0.0,0.00987361989863737,0.0,0.0008043294090493882,9.89901386388269e-06,0.026410978672824735,0.006191437193746985,0.0,0.6540096666715342,0.4938777298471324,0.579811320754717,0.24460784313725495,0.4028442949585055,0.13302838523717025,0.020202020202020204,0.6000000000000014,0.0,1.0,0.0,0.5,1.6700649433266516e-06,0.0,0.0,0.0,0.00022333185045408802,0.0,0.0037273200406562905,0.0,0.0,0.0014914548521591958,0.0012694145634630516,0.03312156029362849,1,4
6928,0.6000000000000227,1.0,0.0,0.10231660231660232,0.0,0.2,0.0,0.0,0.0,0.0,0.0,0.0,0.0,0.0,0.0,0.0,0.009770786935533304,1.138126204294112e-05,0.0008043294090493882,9.89901386388269e-06,0.002721748975864677,0.0014868424168917663,7.50537038502637e-05,0.6541001817068228,0.49399522967424503,0.580754716981132,0.24497549019607845,0.40248479752373295,0.13415627545585562,0.25252525252525254,0.5,0.0,0.0,1.0,0.5,0.0,0.08567645687802525,0.0,0.0,0.0,0.0,0.0036393171243839987,0.04197388712658836,0.0,0.0004030952145841829,0.0010883652218475856,0.03312156029362849,0,3
2555,0.6000000000000227,1.0,0.0,0.10231660231660232,0.4444444444444444,0.2,0.5,0.0,0.0,0.0,0.0,1.0,0.0,0.0,0.0,0.0,0.009770786935533304,0.0,0.0008043294090493882,9.89901386388269e-06,0.03554432810504961,0.011519289187609147,0.0,0.6535044856525528,0.4932960805103608,0.580754716981132,0.14105392156862748,0.40287476084280827,0.08102011404223323,0.5050505050505051,0.29999999999999716,0.0,1.0,0.0,0.30000000000000004,0.0,0.0,1.360965983411337e-05,0.0,0.0,6.6134004840430925e-06,0.0036408567022763612,0.0,0.0,0.005837065317439081,0.0010967609731228354,0.03312156029362849,0,0
5387,1.0,0.0,0.0,0.03474903474903475,0.0,0.4,0.029411764705882346,0.0,0.0,0.0,0.0,0.0,0.0,0.0,0.0,0.0,0.010119513032569366,0.0,0.0008043294090493882,9.89901386388269e-06,0.006714539178869771,0.0035474969782412595,0.0,0.6539418184967568,0.494075878486197,0.3860377358490566,0.12487745098039217,0.395337501066306,0.07193433172504544,0.020202020202020204,0.14999999999999858,0.0,1.0,0.0,0.45,1.1710821248936887e-05,0.0,0.0,0.0,0.0,3.407888883307452e-05,0.0036354330375410375,0.0,0.0,0.0021106154460908437,0.001266208595740085,0.03315132283379701,0,2
5871,0.4000000000000341,1.0,1.0,0.08687258687258688,0.0,0.6000000000000001,0.32352941176470584,0.0,0.0,0.0,0.0,0.0,0.0,0.0,0.0,0.0,0.010857056989221502,0.0,0.0048761602966741514,9.89901386388269e-06,0.1867002670777186,0.0647013289090381,0.0,0.6534696023965557,0.49455434195275294,0.5777358490566038,0.2450980392156863,0.40037655832998215,0.12344131837834453,0.020202020202020204,0.10000000000000142,0.0,1.0,0.0,0.4,0.0019745123513895935,0.0,0.00571504900737694,0.0,0.0008534003185933948,0.0,0.0040713644588661075,0.0,0.0,0.017380779032602184,0.0027258833504771735,0.033123504779586165,0,4
9808,0.20000000000004547,0.0,0.0,0.015444015444015444,0.0,0.4,0.029411764705882346,0.0,0.0,0.0,0.0,0.0,0.0,0.0,0.0,0.0,0.009770786935533304,0.0,0.0008043294090493882,9.89901386388269e-06,0.0,0.0,0.0,0.6540083960630321,0.49388131542055225,0.41962264150943396,0.15992647058823534,0.39765900145017613,0.09035653863024,0.020202020202020204,0.6000000000000014,0.0,1.0,0.0,0.5,5.145972467648788e-06,0.0,0.0,0.0,4.272870921155374e-06,0.0,0.0037113199744650423,0.0,0.0,0.001106880989060635,0.0012411264263568463,0.03312156029362849,1,2
5015,0.0,0.0,0.0,0.15405405405405406,0.0,0.0,0.7941176470588235,0.3333333333333333,0.0,0.0,0.0,0.0,0.0,0.0,0.0,0.0,0.009770786935533304,0.0,0.0008731177647761046,9.89901386388269e-06,0.0021404536706195712,0.0004920407975864157,3.5754357904906846e-05,0.6542040293514289,0.49411669548637777,0.2843396226415094,0.10833333333333335,0.3932841004643001,0.06397643962654302,0.25252525252525254,0.10000000000000142,0.0,1.0,0.0,0.10000000000000002,0.0011206203658540666,0.0,0.0,0.0,0.0,0.0,0.0036354330375410375,0.0,0.0,0.00013601937271968652,0.0011174524468300694,0.03312156029362849,0,2
7078,0.8000000000000114,1.0,0.0,0.15830115830115832,0.4444444444444444,0.4,0.5,0.0,0.0,0.0,0.0,1.0,0.0,0.0,0.0,0.0,0.009770786935533304,0.0,0.0008043294090493882,9.89901386388269e-06,0.014494424915300069,0.0033318499811568567,0.0,0.6542888410608362,0.4941992506262571,0.4069811320754717,0.24117647058823533,0.3972629449542403,0.12763957641456233,0.24242424242424243,0.5499999999999972,0.0,1.0,0.0,0.25000000000000006,0.0,0.0,0.0,0.0,0.0,0.0,0.0037668692484171496,0.0,0.0,0.0008445889769306846,0.0011708917521610109,0.03312156029362849,0,0
10975,0.6000000000000227,0.0,0.0,0.33204633204633205,0.0,1.0,0.5588235294117647,0.0,0.0,0.0,0.0,0.0,1.0,0.0,0.0,0.0,0.009770786935533304,0.0,0.0008043294090493882,9.89901386388269e-06,0.0027654907245802597,0.005882966421809681,0.0,0.6539651526338061,0.4938358003371085,0.580754716981132,0.2450980392156863,0.40287476084280827,0.1342189360235604,0.020202020202020204,0.3999999999999986,0.0,1.0,0.0,0.75,3.7474627996598035e-06,0.0,0.00011795038522898252,0.0,0.0,3.136847879863063e-05,0.0036355013585186633,0.0,0.0,0.003783420934550558,0.0011325295363555181,0.03312156029362849,1,2
5406,0.0,0.0,0.0,0.06756756756756757,0.0,0.6000000000000001,0.5294117647058824,0.0,0.0,0.0,0.0,1.0,0.0,0.0,0.0,0.0,0.009770786935533304,0.0,0.0008043917879709268,9.89901386388269e-06,0.021785921374748937,0.005120431992042252,0.0,0.6540913331693353,0.4940816234777109,0.4050943396226415,0.19056372549019612,0.3963916206631814,0.10432984522839779,0.020202020202020204,0.10000000000000142,0.0,1.0,0.0,0.05,0.0,0.0,6.250362294185399e-05,0.0002724927371895451,0.0,3.6391772062466636e-05,0.0037923996983379115,0.0,0.0023198151950718686,0.0004546428986222059,0.001211571179060125,0.03312156029362849,0,1
10383,0.20000000000004547,1.0,0.0,0.08687258687258688,0.8888888888888888,0.6000000000000001,0.5,0.0,0.0,0.0,0.0,1.0,0.0,0.0,0.0,0.0,0.022586245259702143,0.005669265239035201,0.0019659964701327776,2.402889459392383e-05,0.0,0.0,0.05872011708290807,0.6545097682383786,0.5024465787776282,0.580754716981132,0.24375000000000005,0.3972629449542403,0.13102324707061846,0.030303030303030304,0.14999999999999858,0.0,0.0,0.0,0.2,0.03917846762729481,0.0,0.0,0.0,0.03839986837679378,0.0,0.00755232298069643,0.0,0.0,0.005727779110883034,0.0035895932516543973,0.03322768855144606,1,0
6330,0.20000000000004547,1.0,0.0,0.05791505791505792,0.7037037037037037,0.6000000000000001,0.5,0.0,0.0,0.0,0.0,1.0,0.0,0.0,0.0,0.0,0.01963343577751871,7.027356429198544e-06,0.04590998175806414,0.0011008857289419231,0.06390958688991105,0.019757170678157868,0.0,0.655270979024101,0.49675185710402486,0.32849056603773585,0.16568627450980394,0.39381420685116814,0.09311360360924871,0.030303030303030304,0.0,0.0,1.0,0.0,0.10000000000000002,0.00276405931443386,0.0,0.0,0.0,0.0,0.0020970984518499268,0.004972957135665221,0.0,0.0,0.005216446550807598,0.001924366437396409,0.03342791108000639,0,0
6346,0.8000000000000114,0.0,0.0,0.10231660231660232,0.0,0.6000000000000001,0.029411764705882346,0.0,0.0,0.0,0.0,0.0,0.0,0.0,0.0,0.0,0.009770786935533304,0.0,0.0008043294090493882,9.89901386388269e-06,0.0014485387363912551,0.0003329855558062435,3.434071236730408e-05,0.654094510187569,0.4939870624700929,0.580754716981132,0.2450980392156863,0.40287476084280827,0.13384297261733194,0.020202020202020204,0.6000000000000014,0.0,1.0,0.0,0.5,0.0,0.0,0.0,0.0,0.0,8.615490029485646e-05,0.0036536649223347308,0.0,0.0,0.00017830638101489843,0.0010949793952772177,0.03312156029362849,0,2
12315,0.0,0.0,0.0,0.10231660231660232,0.0,0.8,0.029411764705882346,0.0,0.0,0.0,0.0,0.0,0.0,0.0,0.0,0.0,0.009770786935533304,0.0,0.0008043294090493882,9.89901386388269e-06,0.0002299153072984373,5.8087572625047214e-05,0.0,0.6535009935499161,0.49328704107675375,0.20339622641509433,0.2450980392156863,0.39068840712170516,0.13334168807569396,0.020202020202020204,0.9499999999999957,0.0,1.0,0.0,0.05,1.5308928647160973e-05,0.0,0.0,0.0,1.30846889746736e-05,0.0,0.0036354330375410375,0.0,0.00795364476386037,0.0013781266932071153,0.0010825576210823542,0.03312156029362849,1,2
2283,0.0,1.0,0.0,0.05405405405405406,0.537037037037037,0.6000000000000001,0.5,0.0,0.0,0.0,0.0,1.0,0.0,0.0,0.0,0.0,0.009770786935533304,0.0,0.0008043294090493882,9.89901386388269e-06,0.0056011128479276535,0.0015800816965560053,4.7672477206542464e-05,0.6540567673169744,0.49418433693882713,0.5599999999999999,0.2450980392156863,0.39196188108556046,0.03383670656056144,0.020202020202020204,0.9499999999999957,1.0,1.0,0.0,0.25000000000000006,0.0003362329530412157,0.0,0.0,0.0,1.6684543596892412e-05,0.0,0.0038839250714509032,0.0,0.0,0.0008248396905399383,0.001219277536738,0.0332580265007245,0,0
10382,0.0,0.0,1.0,0.10231660231660232,0.0,0.6000000000000001,0.2647058823529412,0.0,0.0,0.0,0.0,0.0,0.0,0.0,0.0,0.0,0.01542872188017725,0.0,0.0008043294090493882,9.89901386388269e-06,0.0,0.00011816956834451664,0.0,0.6539789066809368,0.4938519146501298,0.20339622641509433,0.2450980392156863,0.39068840712170516,0.1342189360235604,0.020202020202020204,0.14999999999999858,0.0,1.0,0.0,0.35000000000000003,0.0,0.0,1.1089352457425708e-06,0.0,0.0,3.975268050517706e-07,0.0036354330375410375,0.0,0.0,0.001959937600441238,0.0010825576210823542,0.03312156029362849,1,4
3246,0.4000000000000341,0.0,1.0,0.10231660231660232,0.0,0.8,0.5882352941176471,0.0,0.0,0.0,0.0,0.0,0.0,0.0,0.0,0.0,0.009770786935533304,0.0,0.0008043294090493882,0.002772027532619174,0.00011206563720521315,0.003967987847315278,1.2440080730904329e-05,0.6539196638554748,0.4938832718230678,0.580754716981132,0.2450980392156863,0.40015111078614174,0.13271508239864654,0.020202020202020204,0.0,0.0,1.0,0.0,0.45,0.00026983089933927274,0.0,0.0008557955728280621,0.0037309529774226585,0.0004515313304190893,0.0,0.0036354448170199385,0.0,0.0,0.0016782800315783928,0.0011537321070847922,0.03312156029362849,0,4
7704,0.4000000000000341,0.0,0.0,0.03474903474903475,0.0,0.4,0.029411764705882346,0.0,0.0,0.0,0.0,0.0,0.0,0.0,0.0,0.0,0.009770786935533304,0.0,0.0018313203785308909,1.501046785290187e-05,0.028093770741180434,0.006458108181663689,0.0034402260319172017,0.6537158277703912,0.49400838919838774,0.5749056603773585,0.24007352941176474,0.401247882621041,0.12826618209160975,0.25252525252525254,0.0,0.0,1.0,1.0,0.4,0.0016490805094249333,0.0,0.0,0.0,0.0,0.0,0.0036354330375410375,0.0,0.0,0.009570985126126823,0.0018539139112548977,0.03489945043271162,0,2
102,0.0,0.0,0.0,0.03474903474903475,0.0,0.8,0.5588235294117647,0.0,0.0,0.0,0.0,0.0,0.0,0.0,0.0,0.0,0.009770786935533304,0.0,0.0008043294090493882,0.0038222541977689364,0.0,0.0,0.0,0.6541022080540454,0.49401129197180266,0.580754716981132,0.2450980392156863,0.39126725892345754,0.015915784197004828,0.020202020202020204,0.29999999999999716,0.0,1.0,0.0,0.4,0.0006226626685855033,0.0,0.0,0.0,0.0005311350721956322,0.0,0.0036354330375410375,0.0,0.0,1.946788464165534e-05,0.0011168255586487348,0.03312156029362849,0,2
7688,0.8000000000000114,0.0,0.0,0.05791505791505792,0.0,0.6000000000000001,0.029411764705882346,0.0,0.0,0.0,0.0,0.0,0.0,0.0,0.0,0.0,0.009770786935533304,0.0,0.0008043294090493882,9.89901386388269e-06,0.04127883521145701,0.009489049578449593,0.0,0.654434169848717,0.49432232852958957,0.28471698113207544,0.12267156862745099,0.3933389390560451,0.07111974434488377,0.030303030303030304,0.75,0.0,1.0,0.0,0.05,0.00014239000862330565,0.0,0.0,0.0,1.781145460906526e-05,0.0,0.004084009729466346,0.0,0.0,0.0018455861624015542,0.001539221843696544,0.03312156029362849,0,2
7547,0.6000000000000227,1.0,0.0,0.03861003861003861,0.537037037037037,0.8,0.5,0.0,0.0,0.0,0.0,1.0,0.0,0.0,0.0,0.0,0.009770786935533304,0.0,0.0008043294090493882,9.89901386388269e-06,0.0010125672574574258,0.0002327657953115268,1.3505751982327951e-05,0.6541471836191903,0.4940489861032855,0.3960377358490566,0.2129901960784314,0.3969095406963283,0.11767654614950813,0.020202020202020204,0.29999999999999716,0.0,1.0,0.0,0.55,0.0,0.0,0.0,0.0,0.0,0.00018188658271141468,0.003672318905122377,0.0,0.0,1.803529391901053e-05,0.001100045060223819,0.03312156029362849,0,0
7392,0.0,1.0,0.0,0.05405405405405406,0.0,0.6000000000000001,0.8235294117647058,1.0,0.0,0.0,0.0,0.0,0.0,0.0,0.0,0.0,0.010062595973230924,0.0,0.0008043294090493882,9.89901386388269e-06,0.00037957715827572193,0.0005065003650209768,0.0,0.6541157719240497,0.4940122666794845,0.39264150943396225,0.17169117647058826,0.39679986351283836,0.09668525596841909,0.24242424242424243,0.3999999999999986,0.0,0.0,0.0,0.55,0.0,0.00021825021777713204,0.0,0.0,0.0,0.0,0.0036448848914112115,0.012629246921796775,0.0,0.00017155273903671578,0.0010919556400121138,0.03312156029362849,0,3
2180,0.4000000000000341,1.0,1.0,0.07335907335907337,0.0,0.6000000000000001,0.2647058823529412,0.0,0.0329036,0.0,0.0,0.0,0.0,0.0,0.0,0.0,0.009770786935533304,0.0,0.0008043294090493882,9.89901386388269e-06,0.0,8.310096226759258e-08,0.0,0.653801431663613,0.4937144292397007,0.580754716981132,0.2450980392156863,0.39421635652396453,0.13415627545585562,0.020202020202020204,0.7999999999999972,0.0,1.0,0.0,0.25000000000000006,0.0,0.0,0.0,0.0,0.0,0.0,0.003646089146804192,0.0,0.00467985112936345,0.0,0.0010959716997369423,0.03312156029362849,0,4
9559,0.20000000000004547,0.0,1.0,0.04247104247104247,0.0,0.8,0.23529411764705882,0.0,0.0,0.0,0.0,0.0,0.0,0.0,0.0,0.0,0.009770786935533304,0.0,0.0008043294090493882,9.89901386388269e-06,0.0,0.0,0.0,0.6540404723841585,0.4939240453476371,0.20339622641509433,0.2450980392156863,0.39068840712170516,0.1342189360235604,0.020202020202020204,0.3999999999999986,0.0,1.0,0.0,0.10000000000000002,0.0,0.0,0.0,0.0,0.0,0.0,0.0036354330375410375,0.0,0.0,0.000972805846607395,0.0010825576210823542,0.03312156029362849,1,4
9837,0.4000000000000341,0.0,1.0,0.03861003861003861,0.0,0.6000000000000001,0.23529411764705882,0.0,0.0,0.0,0.0,0.0,0.0,0.0,0.0,0.0,0.009770786935533304,0.0,0.0008043294090493882,9.89901386388269e-06,0.02936770398476486,0.007003915301837238,0.0,0.6539763624820614,0.49400190900323016,0.580754716981132,0.2450980392156863,0.4015525414640686,0.13378031204962718,0.020202020202020204,0.6499999999999986,0.0,1.0,0.0,0.45,0.0,0.0,0.0,0.0,0.0,0.0010220775545885614,0.0036354330375410375,0.0,0.0,0.000918572054964413,0.0013011996332344573,0.03312156029362849,1,4
8696,0.8000000000000114,0.0,0.0,0.02316602316602317,0.0,0.6000000000000001,0.029411764705882346,0.0,0.0,0.0,0.0,0.0,0.0,0.0,0.0,0.0,0.009770786935533304,0.0,0.0008043294090493882,9.89901386388269e-06,0.0,0.007371470857946799,0.004068384863649212,0.6526329727960891,0.4947406834697312,0.580754716981132,0.24436274509803926,0.39801849888494867,0.1322137978570086,0.020202020202020204,0.6000000000000014,0.0,1.0,0.0,0.25000000000000006,0.00022519400095564373,0.0,0.0006375369540069106,0.0027794259193333597,0.0005176747462169011,0.0,0.003829123401759714,0.0,0.0,0.029317329589496247,0.0019934072631026863,0.03312156029362849,0,2
7902,0.8000000000000114,0.0,0.0,0.10231660231660232,0.0,0.6000000000000001,0.029411764705882346,0.0,0.0,0.0,0.0,0.0,0.0,0.0,0.0,0.0,0.010130062704329345,0.0,0.0008043294090493882,9.89901386388269e-06,0.0024545989568496686,0.0005642555337969536,6.737652116143638e-05,0.6542369717405145,0.4941443277310342,0.44207547169811323,0.18210784313725492,0.3983962758503029,0.10119681684316062,0.020202020202020204,0.14999999999999858,0.0,1.0,0.0,0.35000000000000003,0.0002290025636922545,0.0,0.0,0.0,0.0002063186244786452,0.0,0.0037972261434929535,0.0,0.0,0.00032067008407772623,0.0012576408430424245,0.03312156029362849,0,2
2013,0.8000000000000114,0.0,0.0,0.03474903474903475,0.0,0.4,0.5294117647058824,0.0,0.0,0.0,0.0,1.0,0.0,0.0,0.0,0.0,0.011010230397457002,0.0,0.0008043294090493882,9.89901386388269e-06,0.0026143828653809723,0.0009569906814735961,0.0,0.6540923036027909,0.49407555435998657,0.580754716981132,0.24387254901960786,0.39272962136998996,0.038410928003007716,0.020202020202020204,0.14999999999999858,1.0,1.0,0.0,0.25000000000000006,0.0002059135764066694,0.0,1.5121844260125965e-05,0.0,0.00024987686540749285,0.0,0.00366205112601366,0.0,0.0,0.0002510103601891225,0.0011428471928616435,0.03312156029362849,0,1
2712,0.8000000000000114,0.0,0.0,0.03474903474903475,0.0,0.6000000000000001,0.5294117647058824,0.0,0.0,0.0,0.0,1.0,0.0,0.0,0.0,0.0,0.009770786935533304,0.0,0.0008043294090493882,9.89901386388269e-06,0.006341107555537561,0.00346049027074709,0.0,0.6542646471508892,0.49418460866139874,0.28377358490566035,0.1096813725490196,0.3932841004643001,0.06491634814211417,0.38383838383838387,0.9499999999999957,0.0,1.0,0.0,0.45,1.0006811896193026e-05,0.0,0.0,0.0,4.938061449174068e-05,0.0,0.0036354330375410375,0.0,0.005646817248459959,0.0010310048447148403,0.0014158708501260868,0.03312156029362849,0,1
2260,0.20000000000004547,0.0,0.0,0.03581081081081081,0.0,0.0,0.7941176470588235,0.3333333333333333,0.0,0.0,0.0,0.0,0.0,0.0,0.0,0.0,0.009919746494848983,0.0,0.0008043294090493882,9.89901386388269e-06,0.0050946484681711895,0.0011711418612371822,0.0,0.6540802823542171,0.49403016193987515,0.580754716981132,0.2450980392156863,0.39915792295787184,0.1342189360235604,0.020202020202020204,0.5,0.0,1.0,0.0,0.2,3.44875199678837e-06,0.0,0.00022037567701756907,0.0009607566508005573,0.0,2.059911626177357e-05,0.0036475340962160495,0.0,0.0,0.0001849065311299406,0.0011109429117297483,0.03312156029362849,0,2
2223,0.0,0.0,0.0,0.0972972972972973,0.0,0.0,0.7941176470588235,0.3333333333333333,0.0,0.0,0.0,0.0,0.0,0.0,0.0,0.0,0.010316736211477426,0.0,0.0008043294090493882,9.89901386388269e-06,0.0,0.0,0.0,0.65383176226474,0.49372461922431093,0.3971698113207547,0.14387254901960786,0.3967876771591173,0.0822733253963281,0.020202020202020204,0.29999999999999716,0.0,1.0,0.0,0.45,0.0,0.0,0.0,0.0,0.0,0.0,0.003739791367618091,0.0,0.0,0.002894907702784496,0.0013687547532825434,0.03312156029362849,0,2
1131,0.0,0.0,0.0,0.02316602316602317,0.0,0.0,0.4411764705882353,0.0,0.0,0.0,0.0,0.0,0.0,0.0,0.0,0.0,0.009770786935533304,0.0,0.0008043294090493882,9.89901386388269e-06,0.0,0.00010595372689118054,0.0,0.6540996539155989,0.49400833058394733,0.580754716981132,0.2450980392156863,0.394630692550482,0.13008333855504733,0.24242424242424243,0.6000000000000014,0.0,0.0,0.0,0.10000000000000002,0.0,0.00033936016521415326,0.0,0.0,0.0,0.0,0.0036354330375410375,0.002704711453034573,0.0,8.239954852926656e-05,0.0010856430391052332,0.03312156029362849,0,2
4981,0.6000000000000227,0.0,1.0,0.06756756756756757,0.0,0.6000000000000001,0.23529411764705882,0.0,0.0,0.0,0.0,0.0,0.0,0.0,0.0,0.0,0.009770786935533304,0.0,0.0008043294090493882,9.89901386388269e-06,0.000685046395173803,0.0006542538759327564,0.0,0.6541032030051098,0.4939975117556714,0.4918867924528302,0.21519607843137256,0.4000048745414885,0.1188044363681935,0.020202020202020204,0.6000000000000014,0.0,1.0,0.0,0.5,2.065177868942957e-05,0.0,0.0,0.0,5.24326651497088e-06,0.0,0.0036354330375410375,0.0,0.0,0.00021823984740862248,0.0010886594087184814,0.03312156029362849,0,4
1655,0.6000000000000227,1.0,0.0,0.08687258687258688,0.8888888888888888,0.4,0.5,0.0,0.0,0.0,0.0,1.0,0.0,0.0,0.0,0.0,0.05200962593587892,0.00010457011903883486,0.0008043294090493882,0.001026096553645165,0.10122057554019252,0.03226095696575119,0.0,0.6523590272838091,0.49919772552121594,0.580754716981132,0.24264705882352944,0.3933206595254634,0.06454038473588572,0.030303030303030304,0.0,1.0,1.0,0.0,0.2,0.001276085760984881,0.0,0.013789408156218734,0.06475701998426575,6.160446866544891e-05,0.0,0.007276352171055574,0.0,0.0,0.008585183635106864,0.0035918035442845777,0.03324234660247905,0,0
2132,1.0,1.0,0.0,0.03474903474903475,0.1111111111111111,0.4,0.5,0.0,0.0,0.0,0.0,1.0,0.0,0.0,0.0,0.0,0.009770786935533304,0.0,0.0008043294090493882,9.89901386388269e-06,0.0036186355755618827,0.01699904974049647,0.0,0.6539865578314292,0.4938607495154579,0.3552830188679245,0.1584558823529412,0.3955934144944492,0.08985525408860205,0.020202020202020204,0.10000000000000142,0.0,1.0,0.0,0.75,0.0,0.0,0.0,0.0,0.0,0.0,0.0036354330375410375,0.0,0.0,0.006204985313386895,0.0010851579653531544,0.03312156029362849,0,0
9882,0.4000000000000341,0.0,0.0,0.02316602316602317,0.0,0.6000000000000001,0.5588235294117647,0.0,0.17771879999999998,0.19445959301078705,0.0,0.0,0.0,0.0,0.0,0.0,0.009770786935533304,0.0,0.0008043294090493882,9.89901386388269e-06,0.0,0.0,0.0,0.6533662832058117,0.4931341618062932,0.20339622641509433,0.2450980392156863,0.39068840712170516,0.1342189360235604,0.020202020202020204,0.7999999999999972,0.0,1.0,0.0,0.0,6.788881883441673e-09,0.0,0.0,0.0,0.0,0.0,0.0036354330375410375,0.0,0.011421971252566736,0.0,0.0010825576210823542,0.03312156029362849,1,2
9178,0.8000000000000114,0.0,1.0,0.03861003861003861,0.0,0.6000000000000001,0.23529411764705882,0.0,0.0,0.0,0.0,0.0,0.0,0.0,0.0,0.0,0.00996642992109643,0.0,0.0008043294090493882,9.89901386388269e-06,0.0,0.0015235730422140422,0.0,0.6540867831650174,0.4940817131461595,0.580754716981132,0.2442401960784314,0.39094432054984835,0.017544958957328154,0.020202020202020204,0.8999999999999986,0.0,1.0,0.0,0.4,0.0,0.0,0.0,0.0,0.0,0.0,0.0036354330375410375,0.0,0.0,0.000725197889384554,0.0011496233053826348,0.03312156029362849,1,4
9105,0.8000000000000114,0.0,0.0,0.20463320463320464,0.0,0.6000000000000001,0.029411764705882346,0.0,0.0,0.0,0.0,0.0,0.0,0.0,0.0,0.0,0.013137968261139442,0.0,0.0008043294090493882,0.00011859585423631234,0.334908518289835,0.07782812311075156,0.0,0.6534835118323142,0.4944485549211768,0.580754716981132,0.24019607843137258,0.395337501066306,0.09167241055203962,0.030303030303030304,1.0,1.0,1.0,0.0,0.2,0.0,0.0,6.048737704050386e-07,0.0,0.0,3.6138800459251876e-07,0.004483772653475149,0.0,0.0,0.0013283185836180183,0.0015848276490877998,0.03498171905416076,1,2
6259,0.20000000000004547,1.0,1.0,0.10424710424710425,0.0,0.4,0.32352941176470584,0.0,0.0,0.0,0.0,0.0,0.0,0.0,0.0,0.0,0.009770786935533304,0.0,0.0008043294090493882,9.89901386388269e-06,0.0005849103258001125,0.00019761408827233514,0.0,0.6541143618302335,0.49401023768822483,0.2875471698113207,0.15637254901960787,0.3934059640015112,0.08753681308352655,0.24242424242424243,0.5,0.0,1.0,0.0,0.05,0.00021824218590699946,0.0,0.0,0.0,0.0,0.0,0.0036354330375410375,0.0,0.0,5.269887301157687e-05,0.0010871892178860008,0.03312156029362849,0,4
986,0.8000000000000114,1.0,0.0,0.10231660231660232,0.0,0.6000000000000001,0.0,0.0,0.0,0.0,0.0,0.0,0.0,0.0,0.0,0.0,0.009952298477754603,0.0,0.0008043294090493882,9.89901386388269e-06,0.00816560842964953,0.0018770845357003812,0.0,0.6543810464858452,0.49430461804054765,0.29924528301886794,0.13137254901960788,0.3937898341437259,0.07450341500093992,0.020202020202020204,0.14999999999999858,0.0,1.0,0.0,0.75,4.5254686635022194e-05,0.0,0.0,0.0,0.0002681578662716301,0.0,0.003727459431156619,0.0,0.0,0.0016119971286788803,0.0012238341369560247,0.03313396135203204,0,3
11281,0.0,1.0,0.0,0.04247104247104247,0.14814814814814814,0.6000000000000001,0.5,0.0,0.0,0.0,0.0,1.0,0.0,0.0,0.0,0.0,0.009770786935533304,0.0,0.001295625795087582,9.89901386388269e-06,0.0,0.0008431423631669943,0.0,0.6540749865507498,0.4939643860569674,0.20339622641509433,0.24485294117647063,0.39068840712170516,0.13378031204962718,0.25252525252525254,0.5499999999999972,0.0,0.0,0.0,0.55,0.0,0.0,0.0,0.0,0.0,0.0,0.0036360294718227257,0.0010785943471152179,0.0003711755646817249,0.0003290609725960744,0.0010841192155525655,0.03327783347120665,1,0
7093,0.0,0.0,0.0,0.02316602316602317,0.0,0.6000000000000001,0.5588235294117647,0.0,0.0,0.0,0.0,0.0,0.0,0.0,0.0,0.0,0.010201156355390902,0.0,0.0008043294090493882,9.89901386388269e-06,0.005934779245154788,0.006112740582479574,0.0,0.6540720692866401,0.494136638370433,0.580754716981132,0.2450980392156863,0.3995174203926444,0.13058462309668528,0.020202020202020204,0.29999999999999716,0.0,1.0,0.0,0.45,0.0,0.0,0.0,0.0,0.0,0.0,0.0036432934838116844,0.0,0.0,0.001941160429183715,0.0011843698728437704,0.03312156029362849,0,2
599,0.6000000000000227,1.0,0.0,0.015444015444015444,0.35185185185185186,0.6000000000000001,0.5,0.0,0.0,0.0,0.0,1.0,0.0,0.0,0.0,0.0,0.018831796168904007,1.719738157207594e-05,0.0008366105009456256,9.89901386388269e-06,0.029135981167188917,0.0066976882558811585,0.0,0.6538374556510502,0.494500864621611,0.580754716981132,0.24473039215686276,0.3939665362726819,0.07487937840716838,0.020202020202020204,0.3999999999999986,1.0,1.0,0.0,0.2,0.0011306950665690941,0.0,3.8006235240449924e-05,0.00016569316438783628,0.0,4.596855418416838e-05,0.004160818999588301,0.0,0.0,0.0012616519510606544,0.001384130589947148,0.03323502997802096,0,0
9449,1.0,0.0,0.0,0.02316602316602317,0.0,0.6000000000000001,0.0,0.0,0.0,0.0,0.0,0.0,0.0,0.0,0.0,0.0,0.010536548630487814,0.002208564998758537,0.0008043294090493882,9.89901386388269e-06,0.049479509340490106,0.011374194907489931,0.0,0.6525914018653555,0.4949017629392276,0.579622641509434,0.24448529411764708,0.39626366394910983,0.1332163669402845,0.020202020202020204,0.5,0.0,1.0,0.0,0.5,2.1296722468356527e-05,0.0,0.0,0.0,0.00031148133407294174,0.0,0.003882167573198872,0.0,0.0,0.0181509756198641,0.0017799653446745846,0.03336760225277825,1,2
305,0.4000000000000341,1.0,0.0,0.03861003861003861,0.537037037037037,0.4,0.5,0.0,0.0,0.0,0.0,1.0,0.0,0.0,0.0,0.0,0.009770786935533304,0.0,0.0008043294090493882,9.89901386388269e-06,0.00678756259408091,0.0015603036675363182,0.0,0.6541293391072444,0.4940264595257495,0.3058490566037736,0.16102941176470592,0.39399700215698463,0.09010589635942104,0.020202020202020204,0.3999999999999986,0.0,1.0,0.0,0.35000000000000003,0.0,0.0,8.075064834907266e-05,0.00035204303627229936,2.7640622881906193e-05,0.0,0.003659012020457198,0.0,0.0,0.0005046812460060138,0.0011028930468883842,0.03312156029362849,0,0
7505,0.0,0.0,0.0,0.06756756756756757,0.0,0.6000000000000001,0.029411764705882346,0.0,0.0,0.0,0.0,0.0,0.0,0.0,0.0,0.0,0.009770786935533304,0.0,0.0008043294090493882,9.89901386388269e-06,9.471353854118014e-05,2.8503630057784254e-05,0.0,0.6540982239426406,0.49399144807239853,0.580754716981132,0.2450980392156863,0.40287476084280827,0.13359233034651294,0.25252525252525254,0.8999999999999986,0.0,0.0,0.0,0.35000000000000003,0.0,0.0,0.0,0.0,0.0,0.0,0.003644835417599827,0.012543978883184873,0.0,8.30390979590187e-05,0.0010898786360922686,0.03312156029362849,0,2
4780,0.0,0.0,0.0,0.09594594594594595,0.0,0.0,0.4411764705882353,0.3333333333333333,0.0,0.0,0.0,0.0,0.0,0.0,0.0,0.0,0.009770786935533304,0.0,0.0008043294090493882,9.89901386388269e-06,0.0,0.0,0.0,0.6540052959108147,0.49388243802294807,0.580754716981132,0.22475490196078435,0.40287476084280827,0.12350397894604927,0.020202020202020204,0.7999999999999972,0.0,1.0,0.0,0.75,0.0,0.0,0.0,0.0,0.0,1.8647621036973966e-05,0.0036593182869086244,0.0,0.0010604979466119096,0.0003077511855967329,0.001086118546207593,0.03312156029362849,0,2
6123,0.0,0.0,0.0,0.02316602316602317,0.0,0.6000000000000001,0.5294117647058824,0.0,0.0,0.0,0.0,1.0,0.0,0.0,0.0,0.0,0.010504809318445303,0.0,0.0008063099398082395,2.0719101614895568e-05,0.006943369980001706,0.0015961201822736505,0.0,0.6539887965541538,0.49401907255355293,0.580754716981132,0.2442401960784314,0.3956421599093336,0.13359233034651294,0.24242424242424243,0.44999999999999574,0.0,1.0,0.0,0.25000000000000006,0.0,0.0,0.0,0.0,0.0,0.0,0.0036354330375410375,0.0,0.0003976899383983573,0.0003567662538929374,0.0011193633479353615,0.033172796506528594,0,1
4320,0.4000000000000341,1.0,0.0,0.06756756756756757,0.0,0.6000000000000001,0.1764705882352941,0.0,0.0,0.0,0.0,0.0,0.0,0.0,0.0,0.0,0.009770786935533304,0.0,0.0008043294090493882,9.89901386388269e-06,0.0016715855046351793,0.0003841757485630805,5.611085364638666e-06,0.6541243179672577,0.4940222342397611,0.3211320754716981,0.13100490196078432,0.39449054948268936,0.07575662635503479,0.24242424242424243,0.6999999999999957,0.0,0.0,1.0,0.05,0.0,0.0003269548060148751,0.0,0.0,0.0,0.0,0.0036465159565897054,0.009789527740960023,0.0,1.3328210116034733e-05,0.0010908446694413655,0.03312156029362849,0,3
6173,0.6000000000000227,0.0,0.0,0.015444015444015444,0.0,0.6000000000000001,0.5588235294117647,0.0,0.0015999999999999999,0.0017507171375074515,0.0,0.0,0.0,0.0,0.0,0.0,0.009770786935533304,0.0,0.0008043294090493882,9.89901386388269e-06,0.0,4.661963983211944e-05,0.0,0.6541054248305634,0.49400014397104003,0.2788679245283019,0.16617647058823531,0.3931256778659258,0.09386553042170565,0.020202020202020204,0.9499999999999957,0.0,1.0,0.0,0.45,1.2043476461225528e-05,0.0,0.0,0.0,2.266343257814279e-05,0.0,0.0036549268971743263,0.0,0.0002438398357289528,9.864410404497107e-05,0.0010898885992870538,0.03312156029362849,0,2
6326,0.6000000000000227,1.0,0.0,0.03474903474903475,0.1111111111111111,0.6000000000000001,0.5,0.0,0.0,0.0,0.0,1.0,0.0,0.0,0.0,0.0,0.010373006144017467,0.0,0.0008043294090493882,9.89901386388269e-06,0.005042953674234592,0.0011591753226706488,1.4332190912003414e-05,0.6539507412497084,0.4942570724131438,0.5726415094339623,0.24154411764705885,0.3948561400943224,0.09862773356726613,0.24242424242424243,0.29999999999999716,1.0,1.0,1.0,0.25000000000000006,0.00038031316311040253,0.0,0.0,0.0,0.0,0.0,0.0037999974622290656,0.0,0.0,0.000418035089263193,0.0012160375157074842,0.033181085373965524,0,0
3213,0.6000000000000227,0.0,1.0,0.08687258687258688,0.0,0.8,0.2941176470588235,0.0,0.0,0.0,0.0,0.0,0.0,0.0,0.0,0.0,0.010053280357226033,0.0,0.0008043294090493882,9.89901386388269e-06,0.024381506133243875,0.00975979251351741,0.0,0.6533614714594557,0.49488892870582063,0.580754716981132,0.2450980392156863,0.401302721212786,0.13409361488815089,0.020202020202020204,0.7999999999999972,1.0,1.0,0.0,0.45,0.0,0.0,0.0,0.0,0.0003756370040576153,0.0,0.003754034720855901,0.0,0.0,0.0127373943528297,0.003141283143083519,0.03312156029362849,0,4
2468,1.0,0.0,0.0,0.015444015444015444,0.0,0.8,0.029411764705882346,0.0,0.0,0.0,0.0,0.0,0.0,0.0,0.0,0.0,0.009770786935533304,0.0,0.0008043294090493882,9.89901386388269e-06,0.0,0.0,0.0,0.6541051226676029,0.4939962494102388,0.4960377358490565,0.2450980392156863,0.4007055898804519,0.12538379597719157,0.24242424242424243,0.6499999999999986,0.0,1.0,0.0,0.35000000000000003,0.0,0.0,0.0,0.0,0.0,0.0,0.003640213150079069,0.0,0.0,5.7124555065461724e-05,0.0010870376881026262,0.03317736505644446,0,2
9754,0.4000000000000341,0.0,0.0,0.06756756756756757,0.0,0.6000000000000001,0.0,0.0,0.0,0.0,0.0,0.0,0.0,0.0,0.0,0.0,0.009770786935533304,0.0,0.0008043294090493882,9.89901386388269e-06,0.0,0.0019757253779120135,0.0,0.6539939936245484,0.49386959059158764,0.20339622641509433,0.14558823529411768,0.39068840712170516,0.08333855504730875,0.25252525252525254,0.5499999999999972,0.0,0.0,0.0,0.0,0.0,0.0,0.0,0.0,0.0,0.0,0.0036354330375410375,0.0,0.0,0.0016120482926332605,0.0010825576210823542,0.03312156029362849,1,2
259,1.0,1.0,0.0,0.03861003861003861,0.537037037037037,0.6000000000000001,0.5,0.0,0.0,0.0,0.0,1.0,0.0,0.0,0.0,0.0,0.01071742809537114,0.0,0.0008043294090493882,9.89901386388269e-06,0.040977703999224936,0.009419826476880689,0.00017100761326416212,0.6543624362956075,0.4942999475177169,0.3039622641509434,0.15416666666666667,0.39393607038837913,0.0875994736512313,0.24242424242424243,0.29999999999999716,0.0,1.0,0.0,0.35000000000000003,0.0004988198852677604,0.0,0.0,0.0,0.0,0.0,0.003700594758925669,0.0,0.0,0.0022895613765354945,0.0012121988107634584,0.033126753856887896,0,0
5098,0.20000000000004547,0.0,0.0,0.03474903474903475,0.0,1.0,0.5588235294117647,0.0,0.0,0.0,0.0,0.0,0.0,0.0,0.0,0.0,0.009770786935533304,0.0,0.0008043294090493882,9.89901386388269e-06,0.0,0.0,2.353176110286448e-05,0.6540136067175072,0.4939529418786017,0.580754716981132,0.24497549019607845,0.39817082830646244,0.09800112789021871,0.25252525252525254,0.14999999999999858,0.0,0.0,0.0,0.45,0.0,0.0,0.0,0.0,0.0,0.0,0.0036354330375410375,0.1653142594497879,0.0,0.0007285491283964552,0.0011902475133812977,0.03312156029362849,0,2
269,0.0,0.0,0.0,0.10231660231660232,0.0,0.4,0.5294117647058824,0.0,0.0,0.0,0.0,1.0,0.0,0.0,0.0,0.0,0.009770786935533304,0.0,0.0008607043593899187,9.89901386388269e-06,0.0,0.0,0.00016707115415176058,0.6541662066329466,0.4940683137298036,0.4271698113207547,0.17953431372549022,0.3979149148783193,0.099880944921361,0.020202020202020204,0.44999999999999574,0.0,1.0,0.0,0.35000000000000003,5.822823991427923e-05,0.0,0.0,0.0,0.0001739355844205116,0.0,0.003677506587630384,0.0,0.0,0.000261601298745818,0.001142864095595085,0.033139492224080025,0,1
6174,0.6000000000000227,1.0,1.0,0.03861003861003861,0.0,0.6000000000000001,0.23529411764705882,0.0,0.0,0.0,0.0,0.0,0.0,0.0,0.0,0.0,0.009770786935533304,0.0,0.0008043294090493882,9.89901386388269e-06,0.05239863843865816,0.022474572144308144,0.0,0.6538875825645629,0.49378074235695,0.5569811320754716,0.2450980392156863,0.4018389207765145,0.13215113728930386,0.030303030303030304,0.9499999999999957,0.0,1.0,0.0,0.4,0.00021630056568833515,0.0,0.0039046618125546592,0.009733264770644621,0.0005083464272828037,0.0,0.003840344926010117,0.0,0.0,0.011002373495843697,0.0019106317024877644,0.03312156029362849,0,4
6316,0.8000000000000114,0.0,0.0,0.05791505791505792,0.0,0.6000000000000001,0.029411764705882346,0.0,0.0,0.0,0.0,0.0,0.0,0.0,0.0,0.0,0.009770786935533304,0.0,0.001356195727901585,0.10636355778250753,0.0,0.0,0.0,0.6509629045287891,0.49511631314088916,0.580754716981132,0.24497549019607845,0.3929489757369698,0.13277774296635128,0.020202020202020204,0.0,0.0,1.0,0.0,0.45,0.00013696569199843575,0.0,0.0,0.0,0.00040894348508405717,0.0,0.004489890129517742,0.0,0.0,0.0,0.001872744944216498,0.033239008237556815,0,2
8217,0.6000000000000227,1.0,0.0,0.05791505791505792,0.7037037037037037,0.6000000000000001,0.5,0.0,0.0,0.0,0.0,1.0,0.0,0.0,0.0,0.0,0.009875139894140591,0.0,0.0009827331246498496,9.89901386388269e-06,0.0,0.0,0.0002581751719520372,0.6545542706799404,0.4944790887747228,0.3060377358490566,0.08284313725490197,0.39399700215698463,0.05050441757002319,0.020202020202020204,0.6499999999999986,0.0,1.0,0.0,0.45,0.000436884915845122,0.0,1.865027458748869e-05,8.130831674204168e-05,8.044892503567261e-05,0.0,0.0038417466839993377,0.0,0.0,0.00010649777104232743,0.0015532237012753248,0.03312156029362849,0,0
3300,0.4000000000000341,1.0,0.0,0.37451737451737455,1.0,0.4,0.5,0.0,0.0,0.0,0.0,1.0,0.0,0.0,0.00022092189669603148,0.0,0.013245978238630716,0.0034175758418167382,0.0009090324288519667,1.412988073004114e-05,0.07230041110013752,0.020152731258551607,0.0015758450517480173,0.65225202647594,0.49691692973079854,0.580754716981132,0.2442401960784314,0.394685531142227,0.09035653863024,0.030303030303030304,0.29999999999999716,1.0,1.0,0.0,0.25000000000000006,0.0,0.0,0.0,0.0,0.0,0.005394149634148853,0.006224300210253804,0.0,0.0,0.0,0.0029414519400946465,0.04801959164842488,0,0
5722,0.8000000000000114,1.0,0.0,0.31660231660231664,0.0,0.6000000000000001,0.029411764705882346,0.0,0.0,0.0,0.0,0.0,0.0,0.0,0.0,0.0,0.010007168810474846,0.0007662110037096804,0.0008043294090493882,9.89901386388269e-06,0.020381847391184267,0.004685315353609137,0.0,0.6535659947002194,0.494095748393333,0.580754716981132,0.2450980392156863,0.40005971313323346,0.13378031204962718,0.020202020202020204,0.5,0.0,1.0,0.0,0.10000000000000002,0.00012207088514616473,0.0,0.0010620575285361802,0.0,2.385294975765857e-05,0.0,0.0037234614760176146,0.0,0.0,0.007455304448552342,0.0015534907743773277,0.03312160989786211,0,3
6072,0.0,0.0,0.0,0.03581081081081081,0.0,0.0,0.7941176470588235,0.3333333333333333,0.0,0.0,0.0,0.0,0.0,0.0,0.0,0.0,0.010352388383231199,0.0,0.0008043294090493882,9.89901386388269e-06,0.005551225564268558,0.0012982032325443312,0.0,0.6540744216517939,0.49403433521039986,0.580754716981132,0.2450980392156863,0.3988106118768204,0.13315370637257973,0.020202020202020204,0.0,0.0,1.0,0.0,0.45,7.691803173939415e-06,0.0,0.0,0.0,5.808287175240876e-05,0.0,0.0036392778594543287,0.0,0.0,0.00045530803002914814,0.0011138050253122927,0.03312156029362849,0,2
1535,0.20000000000004547,0.0,0.0,0.10424710424710425,0.0,1.0,0.5588235294117647,0.0,0.0,0.0,0.0,0.0,0.0,0.0,0.0,0.0,0.009770786935533304,0.0,0.0008043294090493882,9.89901386388269e-06,0.0,0.0,0.0,0.6540917400291112,0.49397498362543496,0.580754716981132,0.2450980392156863,0.403965439500847,0.13403095432044615,0.25252525252525254,0.6000000000000014,0.0,1.0,0.0,0.25000000000000006,0.0,0.0,0.0,0.0,0.0,0.0,0.0036354330375410375,0.0,0.0,9.342538069819356e-05,0.0010992254015722376,0.033235774041525175,0,2
4212,0.20000000000004547,0.0,0.0,0.0694980694980695,0.0,0.6000000000000001,0.029411764705882346,0.0,0.0,0.0,0.0,0.0,0.0,0.0,0.0,0.0,0.009770786935533304,0.0,0.0008043294090493882,9.89901386388269e-06,0.014936180427121908,0.003562288949524891,0.0005849882718529102,0.653402567610011,0.4947671271222244,0.580754716981132,0.23419117647058826,0.398055057946112,0.1270129707375149,0.020202020202020204,0.6000000000000014,0.0,1.0,0.0,0.25000000000000006,0.0,0.0,0.0,0.0,0.0,0.0028994159608457777,0.00446814756736225,0.0,0.0,0.0005596313330103183,0.0016747972807233582,0.03312156029362849,0,2
2,0.4000000000000341,0.0,0.0,0.03474903474903475,0.0,0.6000000000000001,0.5588235294117647,0.0,0.0,0.0,0.0,0.0,0.0,0.0,0.0,0.0,0.009770786935533304,0.0,0.0008043294090493882,9.89901386388269e-06,0.029125497607579397,0.006695278327975398,0.0,0.6542001247565926,0.49411103045893495,0.2943396226415094,0.13909313725490197,0.393625318368491,0.08001754495895734,0.020202020202020204,1.0,0.0,1.0,0.0,0.35000000000000003,3.881882660951949e-05,0.0,0.0008870473842989891,0.002339042495681869,8.295317172939004e-05,0.0,0.0037125250151566164,0.0,0.0,0.0012367351052775108,0.0011473711772479835,0.03312156029362849,0,2
1794,0.6000000000000227,1.0,0.0,0.15830115830115832,0.4444444444444444,0.6000000000000001,0.5,0.0,0.0,0.0,0.0,1.0,0.0,0.0,0.0,0.0,0.009770786935533304,0.0,0.0008043294090493882,9.89901386388269e-06,0.0,0.0,0.0,0.6540459759246612,0.4939140180083948,0.3920754716981132,0.22904411764705887,0.3967815839822567,0.11466883889968044,0.25252525252525254,0.9499999999999957,0.0,0.0,0.0,0.55,0.0,0.0027998264931794704,0.0,0.0,0.0,0.0,0.0036476181231655433,0.017115859569410308,0.001026694045174538,0.00029882307555739295,0.0010946410431995875,0.03312156029362849,0,0
2079,0.6000000000000227,1.0,0.0,0.05791505791505792,0.7037037037037037,0.6000000000000001,0.5,0.0,0.0,0.0,0.0,1.0,0.0,0.0,0.0,0.0,0.012765990747742224,0.0,0.001398582205087079,9.89901386388269e-06,0.0,0.0,0.0,0.6539122201106987,0.4937796178136787,0.44169811320754715,0.21078431372549022,0.3983414372585579,0.11629801366000378,0.020202020202020204,0.44999999999999574,0.0,1.0,0.0,0.35000000000000003,0.006988644732861944,0.0,0.0,0.0,0.0,0.003259286135819008,0.003780587236895974,0.0,0.0,0.010909152770963024,0.0014841288463037948,0.03312156029362849,0,0
4064,0.4000000000000341,0.0,0.0,0.06756756756756757,0.0,0.6000000000000001,0.5588235294117647,0.0,0.0,0.0,0.0,0.0,0.0,0.0,0.0,0.0,0.009770786935533304,0.0,0.0008224660804867428,9.89901386388269e-06,0.0007689148720499625,0.0013459031848859293,0.0,0.6541005024236495,0.4939948283011893,0.3920754716981132,0.1694852941176471,0.3964403660780658,0.09555736574973371,0.25252525252525254,0.9499999999999957,0.0,0.0,1.0,0.55,0.0,0.0016625283930286926,0.0,0.0,0.0,0.0,0.003644353636912776,0.005107354700443108,0.0002566735112936345,0.00014893827120067988,0.0010836882702020064,0.03312156029362849,0,2
9430,0.0,1.0,0.0,0.02316602316602317,0.14814814814814814,0.6000000000000001,0.5,0.0,0.0,0.0,0.0,1.0,0.0,0.0,0.0,0.0,0.009770786935533304,0.0,0.0008043294090493882,9.89901386388269e-06,0.0,0.0027478995193024837,0.0,0.6539687931673708,0.49384006560513244,0.20339622641509433,0.16397058823529415,0.39068840712170516,0.09273764020302026,0.04040404040404041,0.5,0.0,1.0,0.0,0.35000000000000003,0.0,0.0,6.199956146651646e-05,0.0,0.0,3.5632857252822345e-05,0.0036354330375410375,0.0,0.0,0.002237348561090529,0.0010825576210823542,0.03312156029362849,1,0
9998,0.6000000000000227,0.0,0.0,0.20463320463320464,0.0,0.6000000000000001,0.5588235294117647,0.0,0.0,0.0,0.0,0.0,0.0,0.0,0.0,0.0,0.012227596300932925,0.0,0.0008043294090493882,9.89901386388269e-06,0.049196814733088574,0.0,0.0,0.6532832957390151,0.49302930367773684,0.580754716981132,0.2450980392156863,0.40287476084280827,0.13384297261733194,0.020202020202020204,0.14999999999999858,0.0,1.0,0.0,0.35000000000000003,0.0017942946929117506,0.0,0.0,0.0,0.001406838837904948,0.0,0.0044286878836410385,0.0,0.0,0.021978960358679786,0.0012977900891881936,0.03312156029362849,1,2
5365,0.6000000000000227,0.0,0.0,0.10424710424710425,0.0,0.6000000000000001,0.5294117647058824,0.0,0.0,0.0,0.0,1.0,0.0,0.0,0.0,0.0,0.009770786935533304,0.0,0.0008043294090493882,9.89901386388269e-06,0.0,0.0004428450279240008,0.0,0.6540593390153298,0.49394290832855775,0.3920754716981132,0.23186274509803925,0.3967815839822567,0.12268939156588761,0.020202020202020204,0.9499999999999957,0.0,1.0,0.0,0.85,0.0,0.0,0.0,0.0,0.0,0.0,0.003647519175542775,0.0,0.0,0.0009313374615822658,0.0010861448173182205,0.03312156029362849,0,1
4611,0.20000000000004547,0.0,1.0,0.0694980694980695,0.0,0.6000000000000001,0.23529411764705882,0.4444444444444444,0.0,0.0,0.0,0.0,0.0,0.0,0.0,0.0,0.010005709012813337,0.0,0.002088181182696555,9.89901386388269e-06,0.013069022310460856,0.009656165613569722,0.0008207191023463928,0.6535737396139989,0.4941592716961221,0.5752830188679245,0.2450980392156863,0.40126616215162264,0.1336549909142177,0.020202020202020204,0.7999999999999972,0.0,1.0,0.0,0.4,0.001375950213490308,0.0,0.005713536822950927,0.024908473205613353,0.00045145307270991067,0.0,0.0038931205253303317,0.0,0.0,0.012343662141897088,0.0021036006435400404,0.03314216093184846,0,4
8367,0.0,0.0,0.0,0.06756756756756757,0.0,0.8,0.5588235294117647,0.0,0.0,0.0,0.0,0.0,0.0,0.0,0.0,0.0,0.009770786935533304,0.0,0.0008043294090493882,9.89901386388269e-06,0.0,0.0007306236602566739,0.0,0.6541029005108301,0.4939971864649357,0.3883018867924528,0.2439950980392157,0.39665972044504566,0.1336549909142177,0.24242424242424243,0.14999999999999858,0.0,1.0,0.0,0.55,0.0,0.0,0.0,0.0,0.0,0.0,0.0036354330375410375,0.0,0.00012625770020533881,0.0001085443292175343,0.0010825737307256637,0.03312156029362849,0,2
3024,0.20000000000004547,1.0,0.0,0.03861003861003861,0.0,0.6000000000000001,0.47058823529411764,0.0,0.0,0.0,0.0,0.0,0.0,0.0,0.0,0.0,0.009817425213399468,0.0,0.0008043294090493882,9.89901386388269e-06,0.0006535957163452431,0.00020692139604630553,0.0,0.6541212300738445,0.4940162361580805,0.36245283018867924,0.21948529411764708,0.3958249552151501,0.11930572090983146,0.24242424242424243,0.14999999999999858,0.0,1.0,0.0,0.2,0.00018729167340038888,0.0,0.0,0.0,0.0,0.0,0.0036354330375410375,0.0,0.0,0.0003994114098688105,0.001105535474504322,0.03312156029362849,0,3
244,0.4000000000000341,1.0,0.0,0.06756756756756757,0.0,0.6000000000000001,0.1764705882352941,0.0,0.0,0.0,0.0,0.0,0.0,0.0,0.0,0.0,0.009770786935533304,0.0,0.0008043294090493882,9.89901386388269e-06,0.0005780417867455994,0.0005206275286064675,0.0,0.6541028885833449,0.49400372954445987,0.5577358490566038,0.24276960784313728,0.4003399992688188,0.12168682248261171,0.24242424242424243,0.19999999999999574,0.0,0.0,1.0,0.5,0.0,0.008718864913838472,0.0,0.0,0.0,0.0,0.00363592424181121,0.02059292644465413,0.0,0.0001819901857302708,0.0010963421223967914,0.03312156029362849,0,3
4821,0.6000000000000227,0.0,0.0,0.05791505791505792,0.0,0.6000000000000001,0.5294117647058824,0.0,0.0,0.0,0.0,1.0,0.0,0.0,0.0,0.0,0.009770786935533304,0.0,0.0012565765902044041,9.89901386388269e-06,0.15323385278768695,0.03522491898694941,0.0,0.6548447506686991,0.4948244105102443,0.2852830188679245,0.0894607843137255,0.39333284587918455,0.0542640516323078,0.020202020202020204,0.5,0.0,1.0,0.0,0.45,0.00198642005021315,0.0,0.0024509485176812166,0.010685231333148743,0.004289978056381831,0.0,0.0037607902520056325,0.0,0.0,0.010056403143308702,0.002058270932651041,0.03315132283379701,0,1
2916,0.4000000000000341,1.0,0.0,0.10231660231660232,0.0,0.6000000000000001,0.0,0.0,0.0,0.0,0.0,0.0,0.0,0.0,0.0,0.0,0.009770786935533304,0.0,0.0008043294090493882,9.89901386388269e-06,0.0004865817667039255,0.0001118538952121796,0.0,0.6541256704115616,0.49402325902203115,0.3462264150943396,0.15747549019607845,0.3953009420051427,0.08853938216680245,0.25252525252525254,0.6999999999999957,0.0,0.0,1.0,0.55,0.0,0.0003475603179052016,0.0,0.0,0.0,0.0,0.00364246460114635,0.012947843533458089,0.0,5.361982419041996e-05,0.0010933725946694736,0.03312156029362849,0,3
9280,0.8000000000000114,0.0,0.0,0.05791505791505792,0.0,0.8,0.5588235294117647,0.0,0.0,0.0,0.0,0.0,0.0,0.0,0.0,0.0,0.009770786935533304,0.0,0.0008043294090493882,9.89901386388269e-06,0.009590288030377741,0.010179950978742358,0.0,0.6539024859574286,0.4940463340909867,0.580754716981132,0.2450980392156863,0.40233856127907974,0.1342189360235604,0.020202020202020204,0.29999999999999716,0.0,1.0,0.0,0.45,0.00017080147930550904,0.0,0.0,0.0,0.0003680460062672843,0.0,0.0036355327704623995,0.0,0.0,0.005565231227817228,0.0020660894630144823,0.03312156029362849,1,2
929,0.8000000000000114,1.0,0.0,0.05791505791505792,0.0,0.6000000000000001,0.029411764705882346,0.0,0.0,0.0,0.0,0.0,0.0,0.0,0.0,0.0,0.009770786935533304,0.0,0.0011975037515073283,9.89901386388269e-06,0.0,0.0033134015675334513,0.0,0.653972874023934,0.49380465976587756,0.5722641509433962,0.2450980392156863,0.4018023617153512,0.1251331537063726,0.020202020202020204,0.6499999999999986,0.0,1.0,0.0,0.4,0.0,0.0,0.0011100441809883134,0.004839383111603356,9.455096422966891e-05,0.0,0.0037839703032363455,0.0,0.0,0.004345712793188646,0.0018001294134439361,0.03312156029362849,0,3
10793,0.0,0.0,0.0,0.06756756756756757,0.0,0.6000000000000001,0.5588235294117647,0.0,0.0,0.0,0.0,0.0,0.0,0.0,0.0,0.0,0.010181306117086458,0.0,0.0008043294090493882,9.89901386388269e-06,0.0008755579784226653,0.014603996906982185,0.0,0.6539286041683352,0.49378376546464664,0.20339622641509433,0.2450980392156863,0.39068840712170516,0.12883012720095247,0.020202020202020204,0.5,0.0,1.0,0.0,0.2,6.921265080168785e-05,0.0,1.4819407374923445e-05,6.460714897881149e-05,0.0,3.613880045925187e-08,0.0036354330375410375,0.0,0.0022630133470225872,0.004878483050149374,0.0010825576210823542,0.03312156029362849,1,2
6028,0.4000000000000341,1.0,0.0,0.15830115830115832,0.4444444444444444,0.6000000000000001,0.5,0.0,0.0,0.0,0.0,1.0,0.0,0.0,0.0,0.0,0.010188665303235717,0.0,0.0008043294090493882,9.89901386388269e-06,0.0041655881855344225,0.001630274677765631,0.00022372571762030216,0.6540974032653891,0.4939877972855615,0.580754716981132,0.24497549019607845,0.40287476084280827,0.13196315558618962,0.24242424242424243,0.3999999999999986,0.0,1.0,1.0,0.5,1.6048916772456116e-05,0.0,0.0,0.0,0.0,0.0,0.0036354330375410375,0.0,0.0,0.0005701711076126336,0.0011066281544338972,0.03312156029362849,0,0
1090,0.6000000000000227,1.0,1.0,0.15830115830115832,0.0,0.6000000000000001,0.23529411764705882,0.0,0.0,0.0,0.0,0.0,0.0,0.0,0.0,0.0,0.01021725927804879,0.0,0.0008043294090493882,9.89901386388269e-06,0.0,0.0,0.0,0.6540722428978148,0.49396122902886047,0.3179245283018868,0.2235294117647059,0.39438696547605995,0.1231280155398208,0.25252525252525254,0.14999999999999858,0.0,0.0,0.0,0.55,0.0,0.0032487322879330128,0.0,0.0,0.0,0.0,0.003641668308372641,0.01712443271459683,0.0007700205338809035,0.00019309276383076807,0.0010913513053314122,0.03312156029362849,0,4
12120,0.0,1.0,0.0,0.0637065637065637,0.0,0.6000000000000001,0.5588235294117647,0.0,0.0,0.0,0.0,0.0,0.0,0.0,0.0,0.0,0.009770786935533304,0.0,0.0008043294090493882,9.89901386388269e-06,0.01314891426472651,0.005333004253522754,0.0,0.6536621593877056,0.4934672863037506,0.580754716981132,0.24350490196078436,0.40344751946770013,0.13240177956012283,0.25252525252525254,0.7999999999999972,0.0,1.0,0.0,0.25000000000000006,0.00012687062463775798,0.0,0.0,0.0,0.0,0.0,0.0036354330375410375,0.0,0.006097792607802875,0.00138843623001472,0.0011099741025651889,0.03322403271942869,1,3
597,0.0,0.0,0.0,0.0,0.0,0.0,0.7941176470588235,0.3333333333333333,0.0,0.0,0.0,0.0,0.0,0.0,0.0,0.0,0.010299323985762308,0.0,0.0008043294090493882,9.89901386388269e-06,0.0,0.00018066149196974626,8.220892510982232e-06,0.6541681872581422,0.4940664244815807,0.3920754716981132,0.17536764705882354,0.3967815839822567,0.09530672347891472,0.24242424242424243,0.3999999999999986,0.0,1.0,0.0,0.55,0.00023382266982949811,0.0,0.0,0.0,0.0,0.0,0.0036354330375410375,0.0,0.0,0.00011291884731703898,0.0011202506175207088,0.03312156029362849,0,2
12032,0.20000000000004547,0.0,1.0,0.03474903474903475,0.0,0.6000000000000001,0.23529411764705882,0.0,0.0,0.0,0.0,0.0,0.0,0.0,0.0,0.0,0.009770786935533304,0.0,0.0008043294090493882,9.89901386388269e-06,0.00019376510174836853,4.454211577542962e-05,0.0,0.6539822195399753,0.4938557960129776,0.20339622641509433,0.2450980392156863,0.39068840712170516,0.1342189360235604,0.020202020202020204,0.6499999999999986,0.0,1.0,0.0,0.25000000000000006,0.0,0.0,0.0,0.0,0.0,0.0,0.0036354330375410375,0.0,0.00095161704312115,1.8546933462812247e-05,0.0010825576210823542,0.03312156029362849,1,4
8663,0.6000000000000227,1.0,0.0,0.03861003861003861,0.537037037037037,0.4,0.5,0.0,0.0,0.0,0.0,1.0,0.0,0.0,0.0,0.0,0.00988140046967861,0.0,0.0008043294090493882,9.89901386388269e-06,0.013677430269868514,0.0031441249073943653,0.0,0.6543150599927297,0.4942420314042803,0.2852830188679245,0.15980392156862747,0.39333284587918455,0.08972993295319258,0.24242424242424243,0.10000000000000142,0.0,1.0,1.0,0.05,0.0006951068271637095,0.0,0.0,0.0,0.0,0.0,0.0038331441305579266,0.0,0.0,0.001244230624594206,0.0011609829336180109,0.03312156029362849,0,0
10876,0.6000000000000227,1.0,0.0,0.31660231660231664,0.0,0.8,0.029411764705882346,0.0,0.0,0.0,0.0,0.0,0.0,0.0,0.0,0.0,0.011488396903633714,1.7459270631549177e-07,0.0008043294090493882,9.89901386388269e-06,0.15155178372344225,0.06653644745879335,0.0,0.6531789053938286,0.49467684885051,0.579622641509434,0.23982843137254906,0.39319270281139185,0.10865342440002508,0.020202020202020204,0.5,1.0,1.0,0.0,0.10000000000000002,0.0005429408286282478,0.0,0.0,0.0,0.0,0.0011084854264866327,0.004274155255834411,0.0,0.0,0.010430795379485608,0.0014407406696264416,0.03312156029362849,1,3
8413,0.20000000000004547,1.0,1.0,0.06756756756756757,0.0,0.6000000000000001,0.23529411764705882,0.0,0.0,0.0,0.0,0.0,0.0,0.0,0.0,0.0,0.009770786935533304,0.0,0.0008043294090493882,9.89901386388269e-06,0.0,0.0,3.0121524147381986e-05,0.6541183575378047,0.4940138923568129,0.3662264150943396,0.24240196078431378,0.3961783594730621,0.13284040353405605,0.25252525252525254,0.8999999999999986,0.0,0.0,0.0,0.25000000000000006,0.0,0.004810545985089599,0.0,0.0,0.0,0.0,0.0036516769389455363,0.008048793090384816,0.0,2.6247108597028093e-05,0.0010871447057023338,0.033139492224080025,0,4
5240,0.4000000000000341,0.0,1.0,0.03474903474903475,0.0,0.6000000000000001,0.23529411764705882,0.0,0.0,0.0,0.0,0.0,0.0,0.0,0.0,0.0,0.0115301441068608,0.0006795802852447622,0.0008043294090493882,9.89901386388269e-06,0.018841848634751336,0.0043313052543491925,0.0,0.6531164325390871,0.49401896541722473,0.5388679245283019,0.2450980392156863,0.3931439573965074,0.13296572466946552,0.37373737373737376,0.14999999999999858,0.0,1.0,0.0,0.45,8.947067434187781e-05,0.0,0.0,0.0,0.0,0.001352892133992553,0.003699051647189636,0.0,0.0,0.003948168867654711,0.001287438974192118,0.03312156029362849,0,4
10831,1.0,1.0,0.0,0.03861003861003861,0.0,0.6000000000000001,0.029411764705882346,0.0,0.0,0.0,0.0,0.0,0.0,0.0,0.0,0.0,0.009770786935533304,0.0,0.0032072278456386806,9.89901386388269e-06,0.05416023795511301,0.012865026170570542,1.2179100016269971e-05,0.6536150574169892,0.49437881693499997,0.4915094339622641,0.24497549019607845,0.394332126884315,0.12268939156588761,0.030303030303030304,0.29999999999999716,0.0,1.0,0.0,0.5,5.2437323667703485e-05,0.0,0.0015678328128898601,0.006835172659309363,0.0001362310201382285,0.0,0.0037642612717884646,0.0,0.0,0.001997722180750995,0.0013231296658874497,0.03312156029362849,1,3
8054,0.20000000000004547,1.0,1.0,0.03861003861003861,0.0,0.4,0.23529411764705882,0.0,0.0,0.0,0.0,0.0,0.0,0.0,0.0,0.0,0.009999749426483875,0.0,0.000884876191486135,1.0425341799385654e-05,0.008774739393168189,0.006249774069258835,0.0,0.6542330648264452,0.4941451537676519,0.3922641509433962,0.2248774509803922,0.39679377033597785,0.12131085907638325,0.020202020202020204,0.3999999999999986,0.0,1.0,0.0,0.05,0.0,0.0,3.5284303273627253e-06,0.0,0.0,2.0960504266366085e-06,0.003710709404808673,0.0,0.0006827772073921971,0.0,0.0011301690027134279,0.033150767266380526,0,4
6469,0.4000000000000341,1.0,0.0,0.0694980694980695,0.0,0.6000000000000001,0.1764705882352941,0.0,0.0,0.0,0.0,0.0,0.0,0.0,0.0,0.0,0.010691828963183226,1.954347106319036e-05,0.001153214717214906,1.1164225247303279e-05,0.025759913470867996,0.005933990412641983,0.0,0.6537223183103014,0.4965926637773505,0.580754716981132,0.24448529411764708,0.392973348444412,0.05984084215802997,0.020202020202020204,0.3999999999999986,1.0,1.0,0.0,0.2,0.0011499279689448844,0.0,0.02473611121612392,0.10783987975159211,0.0005911743866775078,0.0,0.0045033583930438655,0.0,0.0,0.0057624426899756005,0.001987299923835634,0.03312207121723472,0,3
6025,1.0,1.0,0.0,0.06756756756756757,0.2962962962962963,0.4,0.5,0.0,0.0,0.0,0.0,1.0,0.0,0.0,0.0,0.0,0.009770786935533304,0.0,0.0008043294090493882,9.89901386388269e-06,0.0,0.0,5.8807654364275006e-05,0.6541024926570972,0.4940152168102619,0.5809433962264151,0.2450980392156863,0.3922177945137036,0.1339682937527414,0.04040404040404041,0.10000000000000142,0.0,1.0,0.0,0.8,0.0,0.0,0.0,0.0,0.0,0.0,0.003657939302578612,0.0,0.0,8.416470495538248e-05,0.0010853284797315676,0.03312156029362849,0,0
3802,1.0,0.0,0.0,0.10424710424710425,0.0,0.6000000000000001,0.029411764705882346,0.0,0.0,0.0,0.0,0.0,0.0,0.0,0.0,0.0,0.009770786935533304,0.0,0.0008043294090493882,9.89901386388269e-06,5.422530832510314e-05,1.3379254925082405e-05,0.0,0.6541023531717831,0.4939963736262715,0.20339622641509433,0.2450980392156863,0.39068840712170516,0.11968168431605992,0.020202020202020204,0.6999999999999957,0.0,1.0,0.0,0.8,0.0,0.0,0.0,0.0,0.0,0.0,0.0036354330375410375,0.0,0.0,1.7498072398018726e-05,0.0010825576210823542,0.03312156029362849,0,2
1776,0.6000000000000227,1.0,0.0,0.07335907335907337,0.537037037037037,0.4,0.5,0.0,0.0,0.0,0.0,1.0,0.0,0.0,0.0,0.0,0.009912266913016301,0.0,0.0008043294090493882,9.89901386388269e-06,0.0,0.0,0.0003717017828179823,0.6541025151867915,0.49397692527729664,0.580754716981132,0.24497549019607845,0.40295397214199546,0.12488251143555364,0.020202020202020204,0.6499999999999986,0.0,1.0,0.0,0.5,0.0,0.0,0.0,0.0,0.0,4.3330421750642995e-05,0.003686103643981641,0.0,0.0,0.0004382192692661708,0.0011176162199423591,0.033140161881233816,0,0
8094,0.8000000000000114,1.0,0.0,0.015444015444015444,0.35185185185185186,0.6000000000000001,0.5,0.0,0.0,0.0,0.0,1.0,0.0,0.0,0.0,0.0,0.014106536484820777,0.0,0.0030866026061133686,9.89901386388269e-06,0.0,4.354490422821851e-05,0.0,0.6541384477301749,0.4939613862397769,0.5728301886792452,0.2450980392156863,0.4010772736689456,0.11448085719656623,0.020202020202020204,0.6000000000000014,0.0,1.0,0.0,0.4,2.7542493801122867e-05,0.0,0.0,0.0,0.0,0.00014928938469716948,0.0037123809128647273,0.0,0.0,8.275769620992776e-05,0.001462109244034002,0.03312156029362849,0,0
9920,0.6000000000000227,1.0,1.0,0.20463320463320464,0.0,0.6000000000000001,0.32352941176470584,0.0,0.0,0.0,0.0,0.0,0.0,0.0,0.0,0.0,0.009770786935533304,0.0,0.0008043294090493882,9.89901386388269e-06,0.18664712627556,0.04558519905381244,0.0,0.6545475306567963,0.4945141743695183,0.3920754716981132,0.2450980392156863,0.3967815839822567,0.13403095432044615,0.07070707070707072,0.9499999999999957,0.0,1.0,0.0,0.30000000000000004,0.0,0.0,0.0,0.0,0.00010162546113942067,0.0,0.004183089282398559,0.0,0.0,0.013777455217469831,0.001504786960657345,0.03312156029362849,1,4
4013,0.8000000000000114,0.0,0.0,0.015444015444015444,0.0,0.6000000000000001,0.0,0.0,0.0,0.0,0.0,0.0,0.0,0.0,0.0,0.0,0.009770786935533304,0.0,0.0008043294090493882,9.89901386388269e-06,0.000563581704525572,0.0018780817472475921,0.0,0.6540210779617632,0.4939013227416744,0.20339622641509433,0.2450980392156863,0.39068840712170516,0.1342189360235604,0.020202020202020204,0.8999999999999986,0.0,1.0,0.0,0.35000000000000003,2.7175894179417017e-05,0.0,0.0,0.0,0.0,0.0,0.0036354330375410375,0.0,0.0,0.0018105900176055168,0.0010825576210823542,0.03312156029362849,0,2
6213,0.4000000000000341,1.0,0.0,0.03861003861003861,0.537037037037037,0.6000000000000001,0.5,0.0,0.0,0.0,0.0,1.0,0.0,0.0,0.0,0.0,0.009770786935533304,0.0,0.0008043294090493882,9.89901386388269e-06,0.0,0.0,4.912961952991762e-05,0.6541091843076621,0.4940044026400872,0.38056603773584907,0.14607843137254903,0.3964099001937631,0.08346387618271824,0.020202020202020204,0.5,0.0,1.0,0.0,0.55,2.385613093841404e-05,0.0,0.0,0.0,3.1271780587796474e-05,0.0,0.0036406281803856816,0.0,0.0,0.0001307750673957189,0.0010931134524687922,0.03312156029362849,0,0
2923,0.0,0.0,1.0,0.03474903474903475,0.0,0.6000000000000001,0.23529411764705882,0.0,0.0,0.0,0.0,0.0,0.0,0.0,0.0,0.0,0.01071793977702569,0.0,0.0008043294090493882,1.3623796176672903e-05,0.008214411207142124,0.004576868597849929,0.0003501491254677617,0.6540304758262121,0.494120350931316,0.580754716981132,0.24093137254901964,0.39960881804555265,0.12839150322701925,0.020202020202020204,0.14999999999999858,0.0,1.0,0.0,0.25000000000000006,0.00030795047111479776,0.0,0.0,0.0,0.00034829376047058804,0.0,0.0036566718306488633,0.0,0.0,0.002198310463898458,0.0012083549011654407,0.03312162477913219,0,4
6105,0.4000000000000341,0.0,1.0,0.03474903474903475,0.0,0.6000000000000001,0.23529411764705882,0.0,0.0,0.0,0.0,0.0,0.0,0.0,0.0,0.0,0.009770786935533304,0.0,0.0008043294090493882,9.89901386388269e-06,0.0017453319239573196,0.0006168584429123397,0.0,0.6540498851579639,0.493916178202839,0.280377358490566,0.20759803921568631,0.3938629522660525,0.11429287549345199,0.24242424242424243,0.6999999999999957,0.0,1.0,1.0,0.05,0.0001435237518978404,0.0,0.0,0.0,0.0,0.0,0.0036354330375410375,0.0,0.0013603696098562629,0.00011110252693654288,0.0010935340876476335,0.03335064256530556,0,4
3044,0.0,1.0,0.0,0.03861003861003861,0.0,0.6000000000000001,0.5588235294117647,0.0,0.0,0.0,0.0,0.0,0.0,0.0,0.0,0.0,0.009835740406740262,0.0,0.0008043294090493882,9.89901386388269e-06,0.012558942910149386,0.004682573021854306,0.0,0.6539767368725717,0.49383480350344583,0.580754716981132,0.24497549019607845,0.4027772700130394,0.13102324707061846,0.25252525252525254,0.7999999999999972,0.0,1.0,0.0,0.25000000000000006,0.0,0.0,0.0,0.0,0.0,0.0,0.0036354330375410375,0.0,0.0,0.0023861333404280685,0.0011780079516442966,0.03316767238919625,0,3
4129,0.20000000000004547,0.0,0.0,0.10231660231660232,0.0,0.0,0.4411764705882353,0.0,0.0,0.0,0.0,0.0,0.0,0.0,0.0,0.0,0.009770786935533304,0.0013939045190463073,0.0008043294090493882,9.89901386388269e-06,0.0018255853802784721,0.002179987543165756,0.00040201904250134005,0.6540679698762109,0.49388177036177217,0.579622641509434,0.24473039215686276,0.4028321086047844,0.11260104016542392,0.020202020202020204,0.6499999999999986,0.0,1.0,0.0,0.25000000000000006,0.0,0.0,8.569045080738047e-05,0.0003735787525985699,0.0,0.0,0.0036654373335484047,0.0,0.0,0.0007075974890777748,0.0011314976765254524,0.03312156029362849,0,2
8491,0.8000000000000114,1.0,0.0,0.015444015444015444,0.0,0.6000000000000001,0.029411764705882346,0.0,0.0,0.0,0.0,0.0,0.0,0.0,0.0,0.0,0.009770786935533304,0.0,0.0008043294090493882,9.89901386388269e-06,0.001833899927554988,0.0005974959187039907,0.0,0.654107385576617,0.4940020436999906,0.3920754716981132,0.2183823529411765,0.3967815839822567,0.1179271884203271,0.25252525252525254,1.0,0.0,1.0,0.0,0.55,0.0,0.0,0.0,0.0,0.0,0.0,0.0036354330375410375,0.0,0.0,0.00011023273971207997,0.0010855143106631578,0.03312156029362849,0,3
3790,0.0,1.0,0.0,0.02316602316602317,0.14814814814814814,0.6000000000000001,0.5,0.0,0.0,0.0,0.0,1.0,0.0,0.0,0.0,0.0,0.009770786935533304,0.0,0.0008043294090493882,9.89901386388269e-06,0.00012038018448172896,4.263079364327499e-05,0.0,0.6541050289043158,0.49399751486107224,0.3920754716981132,0.2232843137254902,0.3967815839822567,0.08496772980763208,0.24242424242424243,0.7999999999999972,0.0,0.0,0.0,0.55,0.0,0.0004428082453166089,0.0,0.0,0.0,0.0,0.0036354330375410375,0.0015742920570891144,0.0,1.5988735743803664e-05,0.0010834221388945355,0.03312156029362849,0,0
7778,0.6000000000000227,1.0,0.0,0.05791505791505792,0.7037037037037037,0.6000000000000001,0.5,0.0,0.0,0.0,0.0,1.0,0.0,0.0,0.0,0.0,0.009770786935533304,1.9641679460492824e-07,0.0008275343678617559,0.0008358188832697758,0.056032818602606574,0.014305996856290597,0.00029260287789088606,0.6526918462008263,0.4956431509886923,0.5790566037735849,0.24093137254901964,0.39288195079150373,0.10658562566576854,0.030303030303030304,0.14999999999999858,1.0,1.0,0.0,0.2,0.0036757450514431256,0.0,0.001073953379354146,0.004682040531097135,6.716076601713446e-05,0.0,0.00488712714060087,0.0,0.0,0.00883422418305235,0.0017225086908473496,0.03315362943066007,0,0
497,0.0,0.0,0.0,0.02364864864864865,0.0,0.0,0.7941176470588235,0.3333333333333333,0.0,0.0,0.0,0.0,0.0,0.0,0.0,0.0,0.009770786935533304,0.0,0.0008043294090493882,9.89901386388269e-06,0.0014297406295052193,0.0003286643057683286,0.0,0.6540733213412762,0.49403606491865565,0.579622641509434,0.2450980392156863,0.39068840712170516,0.016417068738642772,0.020202020202020204,0.14999999999999858,1.0,1.0,0.0,0.45,0.00028200336455628367,0.0,0.0,0.0,0.00012921912939581966,0.0,0.0036354330375410375,0.0,0.0,0.0001708108616982033,0.0011627864205785293,0.03312156029362849,0,2
5019,0.0,0.0,1.0,0.015444015444015444,0.0,0.6000000000000001,0.23529411764705882,0.0,0.0,0.0,0.0,0.0,0.0,0.0,0.0,0.0,0.009770786935533304,0.0,0.0008051403350293903,9.89901386388269e-06,0.0006839618890073009,0.00015722702061028514,5.502343400207684e-06,0.6541121101860666,0.4940112795501994,0.39283018867924524,0.17659313725490197,0.39632459571771533,0.0988783758380851,0.25252525252525254,0.44999999999999574,0.0,0.0,0.0,0.55,0.0,0.0017592481427179804,0.0,0.0,0.0,0.0,0.0036354330375410375,0.008180865867582598,0.0,4.771038745951013e-05,0.0010886571781524848,0.033121867839876896,0,4
10141,0.6000000000000227,1.0,1.0,0.06756756756756757,0.0,0.6000000000000001,0.2647058823529412,0.0,0.0,0.0,0.0,0.0,0.0,0.0,0.0,0.0,0.009770786935533304,0.0,0.0008043294090493882,9.89901386388269e-06,0.0,3.6813726284543514e-05,0.0,0.654072903216653,0.4939620414793496,0.580754716981132,0.2450980392156863,0.40287476084280827,0.1342189360235604,0.020202020202020204,0.0,0.0,0.0,0.0,0.8,1.7651092896948349e-07,0.0,0.0,0.0,1.8781850202880766e-07,0.0,0.0036354330375410375,0.0,0.0,0.0004833970409838624,0.0010844821038561595,0.03312156029362849,1,4
228,0.8000000000000114,1.0,0.0,0.06756756756756757,0.2962962962962963,0.6000000000000001,0.5,0.0,0.0,0.0,0.0,1.0,0.0,0.0,0.0,0.0,0.009770786935533304,0.0,0.0008947788452803914,9.89901386388269e-06,0.0,4.155048113379629e-05,0.0,0.6541019618840019,0.49400797113380257,0.48867924528301887,0.2450980392156863,0.39071277982914737,0.015101196816843162,0.020202020202020204,0.3500000000000014,1.0,1.0,0.0,0.75,4.630017444507221e-06,0.0,0.00032028066142946794,0.0001977769866698311,0.0,8.640787189807123e-05,0.0036354330375410375,0.0,0.0,3.427984943471505e-05,0.0010887546786706066,0.03312156029362849,0,0
12433,0.4000000000000341,0.0,0.0,0.0637065637065637,0.0,0.6000000000000001,0.029411764705882346,0.0,0.0,0.0,0.0,0.0,0.0,0.0,0.0,0.0,0.009770786935533304,0.0,0.0008043294090493882,9.89901386388269e-06,0.0,0.3373888264939164,0.0,0.6539382872984738,0.4938043247707643,0.3920754716981132,0.22169117647058825,0.3967815839822567,0.1222507675919544,0.04040404040404041,0.9499999999999957,0.0,1.0,0.0,0.0,5.1663391132991135e-06,0.0,1.5121844260125966e-06,0.0,0.0,5.420820068887781e-07,0.0036354330375410375,0.0,0.0,0.1064361952232309,0.001089564076718603,0.03312156029362849,1,2
48,0.6000000000000227,0.0,1.0,0.03861003861003861,0.0,0.6000000000000001,0.9411764705882353,0.0,0.0,0.0,0.0,1.0,0.0,0.0,0.0,0.0,0.009770786935533304,0.0,0.0008043294090493882,9.89901386388269e-06,0.005524835914217008,0.0012710292178828284,0.0,0.6540590732974632,0.4941119706190327,0.41509433962264153,0.15514705882352944,0.39481348785629855,0.08791277648975501,0.020202020202020204,0.9499999999999957,0.0,1.0,0.0,0.05,0.00020648384248487847,0.0,0.0,0.0,0.0,0.0,0.0037481265268884487,0.0,0.0,0.0006554102556099997,0.0011400799031180248,0.03312156029362849,0,1
6436,0.20000000000004547,0.0,0.0,0.10231660231660232,0.0,0.0,0.7941176470588235,0.4444444444444444,0.0,0.0,0.0,0.0,0.0,0.0,0.0,0.0,0.009770786935533304,0.0,0.0008043294090493882,9.89901386388269e-06,0.0,0.0,0.0,0.6540516623532716,0.49393598406108313,0.580754716981132,0.2450980392156863,0.40288085401966883,0.13378031204962718,0.25252525252525254,0.04999999999999716,0.0,1.0,0.0,0.4,0.0002667283803185399,0.0,0.0,0.0,0.0,0.0,0.0036354330375410375,0.0,0.0,0.00041312334964269657,0.001124673433347066,0.033122626784651193,0,2
10963,0.8000000000000114,1.0,0.0,0.03474903474903475,0.2222222222222222,0.6000000000000001,0.5,0.0,0.0,0.0,0.0,1.0,0.0,0.0,0.0,0.0,0.009770786935533304,0.0,0.0008043294090493882,9.89901386388269e-06,0.004634094849463314,0.0010652712353082692,0.0,0.6540831674803803,0.4939694284515461,0.580566037735849,0.24473039215686276,0.4028686676659477,0.11491948117049944,0.04040404040404041,0.3999999999999986,0.0,1.0,0.0,0.7,0.00023988514135141152,0.0,0.002183090249686852,0.011652141045756806,0.0,0.00026952317382510045,0.0037474158316614208,0.0,0.0,0.0003130466548750807,0.0010828530471565815,0.03312156029362849,1,0
2431,0.0,1.0,0.0,0.015444015444015444,0.35185185185185186,0.6000000000000001,0.5,0.0,0.0,0.0,0.0,1.0,0.0,0.0,0.0,0.0,0.009770786935533304,0.0,0.0008043294090493882,9.89901386388269e-06,0.0,0.00027157394469049255,0.0,0.6540993752762898,0.49399287073414844,0.580754716981132,0.2450980392156863,0.40287476084280827,0.13271508239864654,0.020202020202020204,0.8999999999999986,0.0,1.0,0.0,0.4,0.0,0.0,6.351174589252906e-06,0.0,0.0,2.276744428932868e-06,0.0036354330375410375,0.0,0.0,0.00014678938511671267,0.0010841347799464092,0.03312156029362849,0,0
2324,0.8000000000000114,0.0,0.0,0.15830115830115832,0.0,0.6000000000000001,0.029411764705882346,0.0,0.0,0.0,0.0,0.0,0.0,0.0,0.0,0.0,0.009770786935533304,0.0,0.0008043294090493882,9.89901386388269e-06,0.0,0.0,1.5811081628264767e-05,0.6541024615131078,0.493996269207169,0.580754716981132,0.2450980392156863,0.40287476084280827,0.13378031204962718,0.25252525252525254,0.9499999999999957,0.0,0.0,0.0,0.45,0.0,0.0,0.0,0.0,0.0,0.0,0.0036421669729794505,0.026714306578915763,0.0,3.397286570843402e-05,0.0010992369509472872,0.03312156029362849,0,2
4272,0.6000000000000227,1.0,0.0,0.03861003861003861,0.0,0.6000000000000001,0.5588235294117647,0.0,0.0,0.0,0.0,0.0,0.0,0.0,0.0,0.0,0.009770786935533304,0.0,0.0008043294090493882,9.89901386388269e-06,0.0,1.2215841453336109e-05,0.0,0.6540929254886211,0.4939955879598645,0.5584905660377358,0.23627450980392162,0.3916389427119512,0.02537752992042108,0.020202020202020204,0.7999999999999972,0.0,1.0,0.0,0.6,3.082831263270864e-05,0.0,0.0,0.0,3.5059453712044095e-06,0.0,0.0036405308033600997,0.0,0.0,0.00018784845850680046,0.0011156886143761588,0.03312156029362849,0,3
8096,0.4000000000000341,0.0,0.0,0.10231660231660232,0.0,0.6000000000000001,0.029411764705882346,0.0,0.0,0.0,0.0,0.0,0.0,0.0,0.0,0.0,0.009770786935533304,0.0,0.0008043294090493882,9.89901386388269e-06,0.003849635389026822,0.0008848590462253258,0.0,0.6541913295614697,0.4940421022060215,0.3984905660377358,0.18051470588235297,0.3969887519955155,0.09706121937464755,0.020202020202020204,0.7999999999999972,0.0,1.0,0.0,0.5,3.421596469254603e-06,0.0,0.0,0.0,0.0,0.00016858750414241,0.0036854730492111402,0.0,0.0,0.002926424698682682,0.0012740006567203658,0.03312156029362849,0,2
8487,0.6000000000000227,1.0,0.0,0.15830115830115832,0.4444444444444444,0.4,0.5,0.0,0.0,0.0,0.0,1.0,0.0,0.0,0.0,0.0,0.009770786935533304,0.0,0.0008043294090493882,9.89901386388269e-06,0.0025970307667169397,0.0005365829133618452,0.0,0.6540867861468888,0.49397828738373056,0.5435849056603773,0.24460784313725495,0.4016744050012796,0.1339682937527414,0.020202020202020204,0.7999999999999972,0.0,1.0,0.0,0.5,0.0,0.0,0.0,0.0,0.0,5.435275589071482e-05,0.0036597572688223355,0.0,0.0,0.00033642858202681915,0.0010953227537363072,0.03312156029362849,0,0
4515,0.4000000000000341,1.0,0.0,0.10231660231660232,0.4444444444444444,0.6000000000000001,0.5,0.0,0.0,0.0,0.0,1.0,0.0,0.0,0.0,0.0,0.009773736629777178,0.0,0.0008043294090493882,9.89901386388269e-06,0.0025550965282788596,0.000613949909232974,0.0,0.6541072881688205,0.49399596293701326,0.3920754716981132,0.18468137254901965,0.3967815839822567,0.08998057522401154,0.020202020202020204,0.10000000000000142,0.0,1.0,0.0,0.55,1.6700649433266516e-06,0.0,0.00013912096719315888,0.0006065160924541487,0.0,0.0,0.0036441066605051513,0.0,0.0,0.00010810943560530284,0.0010886310061781238,0.03312156029362849,0,0
12137,0.0,0.0,1.0,0.03474903474903475,0.0,0.6000000000000001,0.2647058823529412,0.0,0.0,0.0,0.0,0.0,0.0,0.0,0.0,0.0,0.009770786935533304,0.0,0.0008043294090493882,9.89901386388269e-06,0.0,0.0,0.0,0.6538764707867422,0.4937317061371534,0.580754716981132,0.2450980392156863,0.40287476084280827,0.13415627545585562,0.020202020202020204,0.7999999999999972,0.0,1.0,0.0,0.2,1.059065573816901e-06,0.0,0.0,0.0,1.4399418488875253e-06,0.0,0.0036354330375410375,0.0,0.003446586242299795,7.029927331835594e-05,0.0010982247200979924,0.03312156029362849,1,4
4014,0.6000000000000227,1.0,0.0,0.31660231660231664,0.6666666666666666,0.6000000000000001,0.5,0.0,0.0,0.0,0.0,1.0,0.0,0.0,0.0,0.0,0.009770786935533304,0.0,0.0008043294090493882,3.896851060935414e-05,4.084973227157769e-05,9.39040873623796e-06,0.00593383151506982,0.6527312310885621,0.4921562493508014,0.580754716981132,0.24485294117647063,0.394984096808394,0.08045616893289055,0.030303030303030304,0.3999999999999986,1.0,1.0,0.0,0.25000000000000006,0.0012812588889800636,0.0,0.0,0.0,0.0016918534147336635,0.0,0.004312446415248642,0.0,0.0,0.014971212601067997,0.0014925456640356798,0.039526171233338236,0,0
8618,0.0,0.0,0.0,0.05791505791505792,0.0,0.6000000000000001,0.5588235294117647,0.0,0.0,0.0,0.0,0.0,0.0,0.0,0.0,0.0,0.009770786935533304,0.0,0.001408375695768643,9.89901386388269e-06,0.09331271807611498,0.03059453336939915,0.0,0.6549199816255499,0.49519913495706375,0.39641509433962263,0.19607843137254904,0.3963794343094603,0.10552039601478791,0.030303030303030304,0.6000000000000014,0.0,1.0,0.0,0.35000000000000003,8.506468999952416e-06,0.0,0.0,0.0,0.0004940252665031071,0.0,0.005125401261862699,0.0,0.0,0.0062967990295221135,0.0016456466580984353,0.03474680332461066,0,2
6331,0.8000000000000114,1.0,0.0,0.15830115830115832,0.4444444444444444,0.6000000000000001,0.5,0.0,0.0,0.0,0.0,1.0,0.0,0.0,0.0,0.0,0.009770786935533304,0.0,0.0008043294090493882,9.89901386388269e-06,0.0,0.004847528431955478,0.0,0.6541482458280189,0.4940492523914057,0.29452830188679247,0.12365196078431374,0.3936314115453516,0.07193433172504544,0.020202020202020204,1.0,0.0,1.0,0.0,0.35000000000000003,0.0,0.0,0.009349130619970412,0.0019223923104307583,0.0,0.0032386508807567753,0.003635457381797433,0.0,0.0,0.0025828587450198288,0.0011382117297436027,0.03312156029362849,0,0
4229,0.8000000000000114,1.0,0.0,0.05791505791505792,0.0,0.4,0.1764705882352941,0.0,0.0,0.0,0.0,0.0,0.0,0.0,0.0,0.0,0.01130751743875039,0.0,0.0008043294090493882,9.89901386388269e-06,0.0222920242524499,0.005124337737268829,0.0008398576880862456,0.6537071412479121,0.4943553777577985,0.580754716981132,0.24497549019607845,0.3947708356182747,0.08145873801616645,0.020202020202020204,0.29999999999999716,1.0,1.0,0.0,0.10000000000000002,0.0,0.0,0.0009412843990453076,0.004103652721191585,0.0,0.0012770367918285834,0.0037503571675430044,0.0,0.0021300564681724847,0.0011738290233670897,0.0014575803028343362,0.03312156029362849,0,3
2548,0.20000000000004547,0.0,0.0,0.04247104247104247,0.0,0.2,0.5294117647058824,0.0,0.0,0.0,0.0,1.0,0.0,0.0,0.0,0.0,0.009770786935533304,0.0,0.0008043294090493882,9.89901386388269e-06,0.0,0.0,0.0,0.6540273948904987,0.4939402501054573,0.580754716981132,0.24485294117647063,0.39071887300600794,0.13284040353405605,0.020202020202020204,0.14999999999999858,0.0,1.0,0.0,0.2,0.0,0.0,0.0,0.0,0.0,1.3732744174515712e-06,0.0036355979502456517,0.0,0.0,0.0006061137855647042,0.0010867100923099132,0.03312156029362849,0,1
1621,0.6000000000000227,0.0,0.0,0.37451737451737455,0.0,0.6000000000000001,0.6470588235294117,0.0,0.0,0.0,0.0,1.0,0.0,0.0,0.0017973108319192107,0.0,0.011043564952304874,0.0,0.0008043294090493882,9.89901386388269e-06,0.08118721613051091,0.018663146509905013,0.0,0.6540137365945693,0.49573122597852615,0.27962264150943394,0.07745098039215688,0.3928332053766193,0.04824863713265243,0.030303030303030304,0.5499999999999972,0.0,1.0,0.0,0.45,0.0003957103472220482,0.0,0.0,0.0,0.0,0.0,0.003923204529144929,0.0,0.0,0.004464387585373454,0.0030580160648591946,0.03312782530833396,0,1
2340,0.20000000000004547,0.0,0.0,0.10231660231660232,0.0,0.4,0.5588235294117647,0.0,0.0,0.0,0.0,0.0,0.0,0.0,0.0,0.0,0.009770786935533304,0.0,0.0008043294090493882,9.89901386388269e-06,0.0,0.0,1.404946180448286e-05,0.6541115449557917,0.4940073143415295,0.31943396226415094,0.09191176470588236,0.39443571089094437,0.055893226392631126,0.24242424242424243,0.04999999999999716,0.0,0.0,0.0,0.45,0.0,0.0024432249812815746,0.0,0.0,0.0,0.0,0.0036354330375410375,0.029030600490121305,0.0,5.3057020692238074e-05,0.0011028887344607908,0.03312156029362849,0,2
3820,0.6000000000000227,0.0,0.0,0.10231660231660232,0.0,0.6000000000000001,0.5294117647058824,0.0,0.0,0.0,0.0,1.0,0.0,0.0,0.0,0.0,0.009843235038033372,0.0,0.0008043294090493882,9.89901386388269e-06,0.0,9.05800488716759e-06,5.260936239170904e-05,0.6541278998573531,0.49400968997315553,0.3943396226415094,0.13198529411764706,0.3969339134037705,0.07487937840716838,0.24242424242424243,0.9499999999999957,0.0,1.0,1.0,0.5,0.001149459536094927,0.0,0.0,0.0,0.0,0.0,0.0036354330375410375,0.0,0.0,6.781782153091761e-05,0.0011514141029010387,0.03338037038251055,0,1
2589,0.20000000000004547,1.0,1.0,0.02316602316602317,0.0,0.2,0.23529411764705882,0.0,0.0,0.0,0.0,0.0,0.0,0.0,0.0,0.0,0.009770786935533304,0.0,0.0008043294090493882,9.89901386388269e-06,0.00015761489619829977,3.623201954867036e-05,0.0,0.654100386793306,0.49399424138043463,0.20339622641509433,0.17500000000000002,0.39068840712170516,0.09837709129644716,0.020202020202020204,0.14999999999999858,0.0,1.0,0.0,0.75,0.0,0.0,0.0,0.0,0.0,0.0,0.0036354330375410375,0.0,0.0,2.0286507911738088e-05,0.0010825576210823542,0.03312156029362849,0,4
12335,0.8000000000000114,1.0,1.0,0.03474903474903475,0.0,0.6000000000000001,0.23529411764705882,0.0,0.0,0.0,0.0,0.0,0.0,0.0,0.0,0.0,0.009770786935533304,0.0,0.0008589109653956833,9.89901386388269e-06,0.025055707466752657,0.012332598305322077,0.0,0.6538832197555002,0.49374100564807893,0.5816981132075472,0.2450980392156863,0.39293069620638815,0.13415627545585562,0.020202020202020204,0.9499999999999957,0.0,1.0,0.0,0.8,0.0,0.0,0.0,0.0,0.0,2.276744428932868e-06,0.0036354330375410375,0.0,0.0,0.005424581517226136,0.0010827780010028265,0.03312156029362849,1,4
8492,0.8000000000000114,0.0,0.0,0.06756756756756757,0.0,0.6000000000000001,0.029411764705882346,0.0,0.0,0.0,0.0,0.0,0.0,0.0,0.0,0.0,0.009770786935533304,0.0,0.0008043294090493882,9.89901386388269e-06,0.0031700115246855293,0.0014441285222862239,0.0,0.6541193664042685,0.49401647799116927,0.2871698113207547,0.2388480392156863,0.39339377764779004,0.13102324707061846,0.020202020202020204,0.6999999999999957,0.0,1.0,0.0,0.35000000000000003,5.274282335245836e-05,0.0,0.00013105598358775837,9.317493594223154e-05,6.484433782544584e-05,0.0,0.0036452449508162857,0.0,0.0,0.00047950858045096937,0.0010892617111057192,0.03312156029362849,0,2
5744,0.20000000000004547,0.0,1.0,0.10424710424710425,0.0,0.6000000000000001,0.6176470588235294,0.0,0.0,0.0,0.0,0.0,0.0,0.0,0.0,0.0,0.009770786935533304,0.0,0.0008043294090493882,9.89901386388269e-06,3.6150205550068757e-07,8.310096226759258e-08,6.828995366265663e-06,0.654108600192202,0.49400374468328884,0.2894339622641509,0.06776960784313726,0.3934668957701167,0.04348643398709193,0.24242424242424243,0.14999999999999858,0.0,1.0,0.0,0.5,7.994587305940915e-05,0.0,0.0,0.0,0.0,0.0,0.0036354330375410375,0.0,0.0,1.0744430419836062e-05,0.0010898188569235575,0.033121585095745296,0,4
2032,0.6000000000000227,1.0,0.0,0.06756756756756757,0.2962962962962963,0.6000000000000001,0.5,0.0,0.0,0.0,0.0,1.0,0.0,0.0,0.0,0.0,0.009770786935533304,0.0,0.0008043294090493882,9.89901386388269e-06,0.0,0.00020110432868757403,0.0,0.6540976981393309,0.49399058438279597,0.5809433962264151,0.2450980392156863,0.40288085401966883,0.12763957641456233,0.25252525252525254,0.6499999999999986,0.0,0.0,1.0,0.45,0.0,0.0021026032541149524,0.0,0.0,0.0,0.0,0.003646343190899157,0.005158098451682256,0.0,0.00015101041135307682,0.0010829182788199513,0.03312156029362849,0,0
6244,0.20000000000004547,0.0,0.0,0.03581081081081081,0.0,0.0,0.7941176470588235,0.3333333333333333,0.0,0.0,0.0,0.0,0.0,0.0,0.0,0.0,0.010659412425421459,0.0,0.0008043294090493882,9.89901386388269e-06,0.0004930888037029379,0.0003517663732787194,9.960763941877942e-06,0.654106755076492,0.49397908314269023,0.3920754716981132,0.12708333333333335,0.3967815839822567,0.07224763456356915,0.020202020202020204,0.14999999999999858,0.0,1.0,0.0,0.45,0.00027642969252997804,0.0,0.0,0.0,0.0002052543196338153,0.0,0.003635760114405189,0.0,0.0,0.00014118693211208385,0.0012062383418752543,0.03312156029362849,0,2
3370,0.8000000000000114,1.0,0.0,0.10231660231660232,0.4444444444444444,0.6000000000000001,0.5,0.0,0.0,0.0,0.0,1.0,0.0,0.0,0.0,0.0,0.009770786935533304,0.0,0.0008043294090493882,9.89901386388269e-06,0.0008430227934276034,0.0019694097047796765,1.0721957692894815e-05,0.6541110781272703,0.4940059052659082,0.42490566037735844,0.2450980392156863,0.3978357035791321,0.13290306410176078,0.24242424242424243,0.10000000000000142,0.0,0.0,0.0,0.35000000000000003,0.0,0.011044974893865843,0.0,0.0,0.0,0.0,0.00363654776889437,0.02148445630851027,0.0,0.0009537984375551612,0.0010959811176822615,0.03312156029362849,0,0
12280,0.20000000000004547,0.0,1.0,0.02316602316602317,0.0,0.6000000000000001,0.23529411764705882,0.0,0.0,0.0,0.0,0.0,0.0,0.0,0.0,0.0,0.009770786935533304,0.0,0.0008043294090493882,9.89901386388269e-06,0.0,0.0,0.0,0.6537207750262329,0.4935494862634113,0.580754716981132,0.2450980392156863,0.40287476084280827,0.1342189360235604,1.0,0.8999999999999986,0.0,1.0,0.0,0.75,4.358462169169554e-06,0.0,0.0,0.0,5.6658581445356976e-06,0.0,0.0036354330375410375,0.0,0.0,0.00032276780620731327,0.0010828648443722973,0.03312156029362849,1,4
342,0.6000000000000227,0.0,0.0,0.15830115830115832,0.0,0.6000000000000001,0.5294117647058824,0.0,0.0,0.0,0.0,1.0,0.0,0.0,0.0,0.0,0.010085666796066943,0.0,0.0008695777609787878,9.89901386388269e-06,0.0427960593383934,0.00983782431708668,0.0,0.6540911691664125,0.4939688947107805,0.33490566037735847,0.20183823529411765,0.39492925821664904,0.11097186540510058,0.030303030303030304,0.44999999999999574,0.0,1.0,0.0,0.35000000000000003,0.0,0.0,0.0,0.0,0.0,0.0011309276215718282,0.0037647744644192524,0.0,0.007700205338809035,0.0015167042636458105,0.0012796995545693588,0.03312156029362849,0,1
8914,0.0,0.0,0.0,0.03581081081081081,0.0,0.0,0.7941176470588235,0.3333333333333333,0.0,0.0,0.0,0.0,0.0,0.0,0.0,0.0,0.00986007538425223,0.0,0.0008115029850263299,9.89901386388269e-06,0.0,0.0008025890935804091,0.0,0.6541616480143337,0.4940628121240789,0.3924528301886792,0.172671568627451,0.3967876771591173,0.09562002631743845,0.24242424242424243,0.14999999999999858,0.0,1.0,0.0,0.05,0.000294182618655178,0.0,0.0,0.0,0.0,0.0,0.0036354330375410375,0.0,0.0,0.0003180351404271474,0.0011194947034884994,0.03312156029362849,0,2
11826,1.0,1.0,0.0,0.06756756756756757,0.0,0.6000000000000001,0.029411764705882346,0.0,0.0,0.0,0.0,0.0,0.0,0.0,0.0,0.0,0.009770786935533304,0.0,0.0008043294090493882,9.89901386388269e-06,0.0,0.002794934663945941,0.0,0.6540869710229107,0.49397849428106005,0.20339622641509433,0.2450980392156863,0.39068840712170516,0.13403095432044615,0.020202020202020204,0.75,0.0,1.0,0.0,0.10000000000000002,0.0,0.0,0.0,0.0,0.0,0.0,0.0036444117490086873,0.0,0.0,0.0011151439676930328,0.0010825576210823542,0.03312156029362849,1,3
8024,0.0,0.0,0.0,0.0501930501930502,0.0,0.2,0.5588235294117647,0.0,0.0,0.0,0.0,0.0,0.0,0.0,0.0014449700606349056,0.0,0.009770786935533304,0.0,0.0008043294090493882,9.89901386388269e-06,0.0,0.0,0.0,0.6540842137858952,0.4939830273899046,0.5809433962264151,0.2450980392156863,0.3912733521003181,0.10583369885331163,0.020202020202020204,0.6000000000000014,0.0,1.0,0.0,0.4,0.0,0.0,0.0,0.0,0.0,0.0,0.0036354330375410375,0.0,0.0,0.00029733932088036794,0.0010845288466058232,0.03312156029362849,0,2
8356,0.0,1.0,0.0,0.02316602316602317,0.0,0.6000000000000001,0.1764705882352941,0.0,0.0,0.0,0.0,0.0,0.0,0.0,0.0,0.0,0.010712807911019764,0.0002364858207043336,0.0012424633592062907,7.077086394301407e-05,0.05601004397311003,0.03765495732557835,0.0,0.6533026411261931,0.4960139086741415,0.58,0.24460784313725495,0.39637334113259975,0.09768782505169499,0.020202020202020204,0.3999999999999986,1.0,1.0,0.0,0.45,0.008202632591258984,0.0,0.0,0.0,0.0,0.003921746487037554,0.004370445820812159,0.0,0.0,0.016016850336735566,0.0024490564294839855,0.03345122506980506,0,3
901,0.6000000000000227,0.0,0.0,0.03861003861003861,0.0,0.6000000000000001,0.029411764705882346,0.0,0.0,0.0,0.0,0.0,0.0,0.0,0.0,0.0,0.010033971899496995,2.2402426629106537e-05,0.0008043294090493882,9.89901386388269e-06,0.0018075102775034378,0.000570903610778361,0.0,0.6539445353128499,0.49406499793807984,0.580754716981132,0.2450980392156863,0.3949109786860674,0.12782755811767657,0.020202020202020204,0.9499999999999957,0.0,1.0,0.0,0.45,5.3251989493716485e-05,0.0,0.0,0.0,0.0,0.0008718485610794514,0.003678766599223496,0.0,0.0,0.000432923799987823,0.0011392313958128865,0.03312156029362849,0,2
8679,0.0,0.0,0.0,0.06756756756756757,0.0,0.6000000000000001,0.5588235294117647,0.0,0.0,0.0,0.0,0.0,0.0,0.0,0.0,0.0,0.009770786935533304,0.0,0.0008043294090493882,9.89901386388269e-06,0.0001977416243588761,0.0006979649820855101,0.0,0.6541051435407021,0.49399980936410187,0.39471698113207543,0.19399509803921572,0.3968668884583044,0.1080894792906824,0.25252525252525254,0.5,0.0,0.0,0.0,0.55,0.0,0.006569794127807579,0.0,0.0,0.0,0.0,0.0036354569891481362,0.007395148696569128,0.0,0.00028812980909193704,0.0010865999023496771,0.03312156029362849,0,2
7448,1.0,1.0,0.0,0.08687258687258688,0.0,0.4,0.1764705882352941,0.0,0.0,0.0,0.0,0.0,0.0,0.0,0.0,0.0,0.009770786935533304,8.729635315774588e-08,0.0010520205117488751,0.00022451935125628405,0.11947317582447774,0.027464120120778937,0.0,0.6512795580587333,0.4989879883026476,0.580754716981132,0.24485294117647063,0.3913525633995053,0.04975249075756627,0.030303030303030304,0.29999999999999716,1.0,1.0,1.0,0.2,0.0,0.0,0.0001815629434165791,0.0,0.0,0.00011412633185031742,0.0073695129284893236,0.0,0.0,0.006494573295178667,0.0034633611103382245,0.036708234088489666,0,3
7478,1.0,0.0,0.0,0.03861003861003861,0.0,0.6000000000000001,0.0,0.0,0.0,0.0,0.0,0.0,0.0,0.0,0.0,0.0,0.011405519525057087,0.0,0.0008043294090493882,9.89901386388269e-06,0.0,6.357223613470832e-05,0.0,0.6540707824435052,0.49398232518114454,0.580754716981132,0.2450980392156863,0.40088838518626846,0.12425590575850619,0.020202020202020204,0.14999999999999858,0.0,1.0,0.0,0.25000000000000006,1.605570565433956e-05,0.0,0.0,0.0,3.405775503455712e-05,0.0,0.0036492111013622574,0.0,0.0,0.0005220769904952722,0.0011255139106146161,0.03312156029362849,0,2
8882,0.20000000000004547,0.0,0.0,0.02316602316602317,0.0,0.6000000000000001,0.5588235294117647,0.0,0.0,0.0,0.0,0.0,0.0,0.0,0.0,0.0,0.009770786935533304,0.0,0.0008043294090493882,9.89901386388269e-06,8.892950565316915e-05,0.0005967480100435823,0.0,0.6541033308942575,0.4939976511105331,0.5733962264150944,0.24460784313725495,0.39068840712170516,0.1339682937527414,0.24242424242424243,0.6499999999999986,0.0,1.0,0.0,0.55,0.0,0.0,0.0,0.0,0.0,0.0,0.0036354330375410375,0.0,9.142710472279262e-05,1.5860825857853234e-06,0.001082563668394612,0.033122066256811356,0,2
5454,0.6000000000000227,1.0,0.0,0.20463320463320464,0.6666666666666666,0.6000000000000001,0.5,0.0,0.0,0.0,0.0,1.0,0.0,0.0,0.0,0.0,0.014681094785038398,5.3174391117211964e-05,0.0011084266515501747,4.9333122262335615e-05,0.0,0.0,0.017367657603915614,0.653531211171252,0.4948614501785047,0.580754716981132,0.24448529411764708,0.3972324790699375,0.12300269440441133,0.020202020202020204,0.14999999999999858,0.0,1.0,0.0,0.2,0.00022710167676489085,0.0,0.0021800658808348266,0.00950428297052244,0.0,0.0004417606968138949,0.0041171230226049885,0.0,0.0,0.00019598352725324776,0.00163279557430141,0.03327612212514696,0,0
3223,0.0,0.0,0.0,0.12548262548262548,0.0,0.6000000000000001,0.38235294117647056,0.0,0.0,0.0,0.0,1.0,0.0,0.0,0.0,0.0,0.01048896223661469,0.0,0.0015314960921554998,9.89901386388269e-06,0.0,0.010115797035871777,0.0,0.6544559451297032,0.4942812724135458,0.5360377358490566,0.23014705882352945,0.4014123983962759,0.12475719030014412,0.020202020202020204,0.6000000000000014,0.0,1.0,0.0,0.35000000000000003,0.002001084035081384,0.0,0.006844852398198485,0.02984103125315894,0.004722555369637847,0.0,0.0043873878526661915,0.0,0.0,0.0053905063236089415,0.002550100375179877,0.03312156029362849,0,1
12124,0.20000000000004547,0.0,1.0,0.04247104247104247,0.0,0.6000000000000001,0.32352941176470584,0.0,0.0,0.0,0.0,0.0,0.0,0.0,0.0,0.0,0.009770786935533304,0.0,0.0008043294090493882,9.89901386388269e-06,0.0,8.226995264491664e-06,0.0,0.6540662529809677,0.4939541378460919,0.5786792452830188,0.2450980392156863,0.4028077358973422,0.13390563318503665,0.24242424242424243,0.7999999999999972,0.0,1.0,0.0,0.35000000000000003,1.4840495797203497e-05,0.0,0.0,0.0,0.0,0.0,0.0036354330375410375,0.0,0.000278388090349076,2.0644655592399288e-05,0.0010825791336521889,0.03312156029362849,1,4
2603,0.4000000000000341,0.0,0.0,0.03474903474903475,0.0,0.6000000000000001,0.029411764705882346,0.0,0.0,0.0,0.0,0.0,0.0,0.0,0.0,0.0,0.009770786935533304,0.0,0.0008043294090493882,9.89901386388269e-06,0.0,1.5373678019504626e-05,0.00016030740396415352,0.6541245316680356,0.4940219097253756,0.4062264150943396,0.22867647058823531,0.3972385722467981,0.12519581427407733,0.020202020202020204,0.0,0.0,1.0,0.0,0.85,0.0,0.0,0.0,0.0,5.237005898236587e-05,0.0,0.003653233400757657,0.0,0.0,0.0004273725109375744,0.0011023776374387507,0.03312156029362849,0,2
12358,0.4000000000000341,1.0,1.0,0.03474903474903475,0.0,0.6000000000000001,0.23529411764705882,0.0,0.0,0.0,0.0,0.0,0.0,0.0,0.0,0.0,0.009770786935533304,0.0,0.0008043294090493882,9.89901386388269e-06,0.0021053879712360046,0.0004589666146039138,0.0,0.6536960705536518,0.49351168344289975,0.580754716981132,0.2450980392156863,0.40287476084280827,0.13233911899241807,0.020202020202020204,0.9499999999999957,0.0,1.0,0.0,0.85,0.0,0.0,0.0,0.0,0.0,0.0,0.0036692523141151467,0.0,0.0051334702258726906,0.0012319512755429648,0.0010985121161346317,0.03312156029362849,1,4
10803,0.20000000000004547,1.0,1.0,0.10231660231660232,0.0,0.8,0.23529411764705882,0.0,0.0,0.0,0.0,0.0,0.0,0.0,0.0,0.0,0.009770786935533304,0.0,0.0008043294090493882,9.89901386388269e-06,0.0,0.0,2.3814490210385034e-05,0.6539201492378621,0.49378286916833547,0.580754716981132,0.2450980392156863,0.40287476084280827,0.1342189360235604,0.020202020202020204,0.5,0.0,1.0,0.0,0.8,0.0,0.0,0.0,0.0,0.0,0.0,0.003641947482022595,0.0,0.0,0.0016717310454177309,0.0014335965137159973,0.03312156029362849,1,4
4267,0.20000000000004547,0.0,1.0,0.03474903474903475,0.0,0.4,0.9411764705882353,0.0,0.0,0.0,0.0,0.0,0.0,0.0,0.0,0.0,0.009770786935533304,0.0,0.0008043294090493882,9.89901386388269e-06,0.0,0.0012116951308237674,0.0,0.6541079362288544,0.49400179371522474,0.39283018867924524,0.24497549019607845,0.3968059566896989,0.1332163669402845,0.24242424242424243,0.6000000000000014,0.0,1.0,0.0,0.35000000000000003,0.0,0.0,0.0,0.0,0.0,0.0,0.0036354330375410375,0.0,0.0005948151950718687,0.00014192880945059635,0.0011065092404822074,0.03312156029362849,0,4
73,0.4000000000000341,1.0,0.0,0.31660231660231664,0.6666666666666666,0.4,0.5,0.0,0.0,0.0,0.0,1.0,0.0,0.0,0.0,0.0,0.011473377542126639,0.0009787557995605022,0.002209180695751099,9.89901386388269e-06,0.0,9.805913547575924e-06,0.00147845574840363,0.6538736645145095,0.49393437429893394,0.580754716981132,0.24497549019607845,0.4017840821847695,0.13384297261733194,0.020202020202020204,0.3999999999999986,0.0,1.0,0.0,0.45,0.0001835781550101463,0.0,0.0,0.0,0.0,0.003967281375616211,0.004014607003028053,0.0,0.0,0.003920054274722807,0.0014411259131581354,0.03312156029362849,0,0
6707,0.20000000000004547,1.0,1.0,0.015444015444015444,0.0,0.8,0.5882352941176471,0.0,0.0,0.0,0.0,0.0,0.0,0.0,0.0,0.0,0.009864048441805204,0.0,0.0008043294090493882,9.89901386388269e-06,0.0002505209244619765,7.853040934287498e-05,0.0,0.6541026798523524,0.4939969279403176,0.580754716981132,0.2450980392156863,0.40287476084280827,0.1342189360235604,0.020202020202020204,0.44999999999999574,0.0,1.0,0.0,0.5,0.0,0.0,0.0,0.0,0.0,0.0,0.0036354330375410375,0.0,0.0,9.593241446282197e-06,0.0010834487074139626,0.03312156029362849,0,4
1128,0.4000000000000341,0.0,0.0,0.06756756756756757,0.0,0.6000000000000001,0.0,0.0,0.0,0.0,0.0,0.0,0.0,0.0,0.0,0.0,0.009770786935533304,3.4918541263098353e-07,0.0008043294090493882,9.89901386388269e-06,0.0,0.0,0.0,0.6540781748338308,0.49396809157649385,0.5790566037735849,0.24497549019607845,0.40281992225106333,0.1336549909142177,0.020202020202020204,0.3999999999999986,0.0,1.0,0.0,0.5,3.53021857938967e-06,0.0,0.0,0.0,5.290221140478082e-06,0.0,0.003636565438112722,0.0,0.0,0.00039050888180666065,0.0010827666003321767,0.03312156029362849,0,2
3526,0.6000000000000227,1.0,0.0,0.05791505791505792,0.7037037037037037,0.6000000000000001,0.5,0.0,0.0,0.0,0.0,1.0,0.0,0.0,0.0,0.0,0.009770786935533304,0.0,0.0008043294090493882,9.89901386388269e-06,0.15805592870601062,0.036333402722636826,0.0,0.653437365717016,0.49318851097871486,0.5739622641509434,0.24436274509803926,0.4026554064758284,0.1302086596904568,0.020202020202020204,0.6000000000000014,0.0,1.0,0.0,0.5,0.0036778496048269927,0.0,0.0,0.0,0.0,0.0025317759437738087,0.004386994418070898,0.0,0.0,0.010284773453684599,0.0011097525330095183,0.03312156029362849,0,0
7007,0.6000000000000227,1.0,0.0,0.10231660231660232,0.0,0.6000000000000001,0.1764705882352941,0.0,0.0,0.0,0.0,0.0,0.0,0.0,0.0,0.0,0.010998476768862786,0.0,0.0008043294090493882,1.8036853482043917e-05,0.003977245614618564,0.0009143598878303211,0.0,0.6540394638490137,0.49402560592869954,0.580754716981132,0.2450980392156863,0.39345470941639554,0.12695031016981015,0.24242424242424243,0.0,0.0,1.0,1.0,0.25000000000000006,0.0,0.0,0.0,0.0,0.0,0.0,0.0036354330375410375,0.0,0.0,0.0001640828016972107,0.0011014692518286347,0.033124477022565005,0,3
9609,0.20000000000004547,1.0,1.0,0.04247104247104247,0.0,0.8,0.23529411764705882,0.0,0.0,0.0,0.0,0.0,0.0,0.0,0.0,0.0,0.009770786935533304,0.0,0.0008043294090493882,9.89901386388269e-06,0.0,0.0,0.0,0.6540404723841585,0.4939240453476371,0.20339622641509433,0.2450980392156863,0.39068840712170516,0.1342189360235604,0.020202020202020204,0.3999999999999986,0.0,1.0,0.0,0.2,0.0,0.0,0.0,0.0,0.0,0.0,0.0036354330375410375,0.0,0.0,0.000972805846607395,0.0010825576210823542,0.03312156029362849,1,4
2086,0.20000000000004547,1.0,0.0,0.06756756756756757,0.0,0.6000000000000001,0.029411764705882346,0.0,0.0,0.0,0.0,0.0,0.0,0.0,0.0,0.0,0.009770786935533304,0.0,0.0008043294090493882,9.89901386388269e-06,0.00031233777595259405,7.179923139919998e-05,0.0,0.6540973356763058,0.49399270304250426,0.580754716981132,0.2450980392156863,0.3994503954471783,0.11943104204524095,0.24242424242424243,0.8500000000000014,0.0,0.0,0.0,0.4,0.0,0.0011623190788747455,0.0,0.0,0.0,0.0,0.003635810373515167,0.004717778625480762,0.0,4.8912740387444166e-05,0.0010849228141289707,0.03312156029362849,0,3
11689,0.0,0.0,1.0,0.02316602316602317,0.0,0.6000000000000001,0.2647058823529412,0.0,0.0,0.0,0.0,0.0,0.0,0.0,0.0,0.0,0.009770786935533304,0.0,0.0008043294090493882,9.89901386388269e-06,0.0088325797220483,0.07682526069810625,0.0,0.6538864683386457,0.4937431639016477,0.20339622641509433,0.23504901960784316,0.39068840712170516,0.12883012720095247,0.020202020202020204,0.6000000000000014,0.0,1.0,0.0,0.35000000000000003,0.0,0.0,6.331012130239405e-05,0.0,0.0,2.2695166688410178e-05,0.0036453654941503728,0.0,0.011930467145790555,0.0145219674996329,0.0010825576210823542,0.03312156029362849,1,4
9244,0.6000000000000227,1.0,1.0,0.03861003861003861,0.0,0.6000000000000001,0.23529411764705882,0.0,0.0,0.0,0.0,0.0,0.0,0.0,0.0,0.0,0.009837245352783056,0.0,0.0008043294090493882,9.89901386388269e-06,0.0,0.0,0.0,0.6540412847784342,0.4939255052741968,0.580754716981132,0.2450980392156863,0.4028321086047844,0.13390563318503665,0.020202020202020204,0.3500000000000014,0.0,1.0,0.0,0.45,7.63070323698844e-06,0.0,0.0,0.0,4.972494841212682e-05,0.0,0.00363875288734464,0.0,0.0,0.0009602706777842529,0.0012181897640536172,0.03312156029362849,1,4
3417,0.20000000000004547,1.0,0.0,0.03474903474903475,0.0,0.6000000000000001,0.47058823529411764,0.0,0.0,0.0,0.0,0.0,0.0,0.0,0.0,0.0,0.009770786935533304,0.0,0.0008043294090493882,9.89901386388269e-06,0.00011206563720521315,8.484608247521202e-05,0.0,0.6533015580442653,0.49423839265087144,0.3560377358490566,0.0968137254901961,0.39074933889031066,0.05827432796541138,0.020202020202020204,0.7999999999999972,0.0,1.0,0.0,0.45,0.0,0.0,0.0,0.0,0.00011154853866327601,0.0,0.003837804092411168,0.0,0.0010269250513347023,0.00034980795609723404,0.0012360286412598928,0.03317153655899479,0,3
407,0.0,1.0,0.0,0.06756756756756757,0.2962962962962963,0.6000000000000001,0.5,0.0,0.0,0.0,0.0,1.0,0.0,0.0,0.0,0.0,0.009770786935533304,0.0,0.0008043294090493882,9.89901386388269e-06,0.00024329088335196274,0.00027971783899271663,0.0,0.6541088152182563,0.4940040711385499,0.3920754716981132,0.21139705882352944,0.3967815839822567,0.11667397706623224,0.25252525252525254,0.0,0.0,0.0,0.0,0.55,0.0,0.0010647582878838117,0.0,0.0,0.0,0.0,0.0036354330375410375,0.0037437612025326772,0.0,9.616265225753274e-05,0.0010854529453141826,0.03312156029362849,0,0
10097,0.0,0.0,0.0,0.06756756756756757,0.0,0.6000000000000001,0.5588235294117647,0.0,0.0,0.0,0.0,0.0,0.0,0.0,0.0,0.0,0.009770786935533304,0.0,0.0008043294090493882,9.89901386388269e-06,0.0,0.0,0.0,0.6540025940040782,0.49387966684089285,0.45358490566037735,0.18186274509803924,0.3987679596387965,0.10188608308791279,0.020202020202020204,0.14999999999999858,0.0,1.0,0.0,0.35000000000000003,0.0002379910433059313,0.0,0.0,0.0,0.00048629340483625447,0.0,0.0037771346716300867,0.0,0.0,0.002977409579222523,0.0013351876099841876,0.03312156029362849,1,2
10781,0.6000000000000227,0.0,0.0,0.04247104247104247,0.0,0.6000000000000001,0.0,0.0,0.0,0.0,0.0,0.0,0.0,0.0,0.0,0.0,0.009770786935533304,0.0,0.0008043294090493882,9.89901386388269e-06,0.0020323645560248655,0.005717429304972637,0.0,0.6540028136685989,0.49387992420098564,0.20339622641509433,0.15772058823529414,0.39068840712170516,0.08954195125007834,0.37373737373737376,0.5,0.0,1.0,0.0,0.55,0.0,0.0,3.931679507632751e-06,1.7140672178052028e-05,0.0,3.6138800459251876e-07,0.0036354330375410375,0.0,0.0,0.002616806028751073,0.0010825576210823542,0.03312156029362849,1,2
378,0.0,0.0,0.0,0.06756756756756757,0.0,0.6000000000000001,0.5588235294117647,0.0,0.0,0.0,0.0,0.0,0.0,0.0,0.0,0.0,0.009770786935533304,0.0,0.0008043294090493882,9.89901386388269e-06,0.00957980447076822,0.0022099038895820895,0.0,0.6541091130740694,0.4939988602759768,0.4594339622641509,0.2450980392156863,0.39895684812147364,0.13133654990914218,0.05050505050505051,0.6499999999999986,0.0,1.0,0.0,0.35000000000000003,0.0,0.0,0.0,0.0,0.0,0.0,0.0037552531116235625,0.0,0.0,0.0009513937316992931,0.0011180290233561453,0.03312156029362849,0,2
2317,0.8000000000000114,1.0,0.0,0.05791505791505792,0.0,0.6000000000000001,0.1764705882352941,0.0,0.0,0.0,0.0,0.0,0.0,0.0,0.0,0.0,0.01229015690793184,0.0,0.0008043294090493882,9.89901386388269e-06,0.028340315143031904,0.006514783037930187,0.0,0.6549121012022847,0.49495645254121395,0.2850943396226415,0.16262254901960785,0.3932901936411607,0.09073250203646847,0.030303030303030304,0.5,0.0,1.0,0.0,0.05,0.00048545936572114715,0.0,0.0,0.0,0.00018054053507519135,0.0,0.004371297869786,0.0,0.0,0.0038758742001155284,0.001361541995075668,0.03312156029362849,0,3
4473,0.6000000000000227,0.0,0.0,0.10424710424710425,0.0,0.6000000000000001,0.5294117647058824,0.0,0.0,0.0,0.0,1.0,0.0,0.0,0.0,0.0,0.009770786935533304,0.0,0.0008043294090493882,9.89901386388269e-06,0.0010982432446110888,0.0,0.0,0.6541097985731543,0.49400126851431136,0.3924528301886792,0.17904411764705883,0.39679377033597785,0.08584497775549847,0.24242424242424243,0.6999999999999957,0.0,1.0,1.0,0.55,0.0,0.0,0.0,0.0,0.0,0.0,0.0036354330375410375,0.0,0.0,1.8546933462812247e-05,0.0010865642628618635,0.03312156029362849,0,1
9854,0.20000000000004547,0.0,0.0,0.10231660231660232,0.0,0.4,0.5294117647058824,0.0,0.0,0.0,0.0,1.0,0.0,0.0,0.0,0.0,0.009770786935533304,0.0,0.0008043294090493882,9.89901386388269e-06,0.0,0.0,0.0,0.6533958338819287,0.49371686387394226,0.2788679245283019,0.11311274509803923,0.3907554320671712,0.06673350460555173,0.020202020202020204,0.7999999999999972,0.0,1.0,0.0,0.45,0.0,0.0,0.0,0.0,0.0,0.0,0.0036354330375410375,0.0,0.0026407340862423,0.0,0.001154621755940536,0.03312156029362849,1,1
10313,0.8000000000000114,0.0,0.0,0.05791505791505792,0.0,0.6000000000000001,0.029411764705882346,0.0,0.0,0.0,0.0,0.0,0.0,0.0,0.0,0.0,0.009992299943572048,0.0,0.0008043294090493882,9.89901386388269e-06,0.029225633676953088,0.01681980096488527,1.4136455376027647e-05,0.6533329213668267,0.49318760148445023,0.580754716981132,0.2450980392156863,0.4022410704493109,0.12933141174259039,0.020202020202020204,0.14999999999999858,1.0,1.0,0.0,0.45,0.0006589424533706157,0.0,1.6533216391071056e-05,0.0033279274290310247,0.000442782118532914,0.0,0.003708183491882999,0.0,0.0,0.0032112544327170976,0.002540990000127423,0.03312156029362849,1,2
5435,0.0,1.0,0.0,0.05405405405405406,0.0,0.6000000000000001,0.8235294117647058,1.0,0.0,0.0,0.0,0.0,0.0,0.0,0.0,0.0,0.009770786935533304,0.0,0.0008043294090493882,9.89901386388269e-06,0.0,0.00015913834274243978,0.0,0.6541134811842366,0.4940094182505839,0.3920754716981132,0.1849264705882353,0.3967815839822567,0.10282599160348395,0.24242424242424243,0.3999999999999986,0.0,0.0,0.0,0.55,0.0,0.0013736307059132983,0.0,0.0,0.0,0.0,0.0036354330375410375,0.005569300478466461,0.0,5.71757190198419e-05,0.0010877883974808433,0.03312156029362849,0,3
9037,0.4000000000000341,0.0,0.0,0.10231660231660232,0.0,0.8,0.5588235294117647,0.0,0.0,0.0,0.0,0.0,0.0,0.0,0.0,0.0,0.009770786935533304,0.0,0.0008043294090493882,9.89901386388269e-06,0.0,0.0,0.0002035649574147981,0.653828137634489,0.49387697251750784,0.580754716981132,0.2450980392156863,0.3918704834326522,0.13208847672159912,0.020202020202020204,0.3999999999999986,0.0,1.0,0.0,0.25000000000000006,2.3557420135542607e-06,0.0,0.0006307825302373877,0.0017870249506656295,0.0,7.918011180622085e-05,0.00363600512756633,0.0,0.004106776180698152,0.00039032980796633004,0.0011125067863340897,0.03312156029362849,1,2
1510,0.6000000000000227,1.0,1.0,0.10231660231660232,0.0,0.6000000000000001,0.23529411764705882,0.0,0.0,0.0,0.0,0.0,0.0,0.0,0.0,0.0,0.010097179633294312,0.0,0.0008941238666042359,9.89901386388269e-06,0.007378618454824534,0.001696173740843832,0.0,0.6541301375861205,0.49402231342748193,0.3611320754716981,0.1718137254901961,0.395812768861429,0.09605865029137166,0.25252525252525254,0.5,0.0,1.0,0.0,0.35000000000000003,4.122209079625784e-05,0.0,0.0,0.0,0.0,0.0,0.0037377939606457757,0.0,0.0,0.0017345603813965816,0.0011579649778244983,0.03318555967583752,0,4
9902,0.8000000000000114,0.0,0.0,0.06756756756756757,0.0,0.4,0.029411764705882346,0.0,0.0,0.0,0.0,0.0,0.0,0.0,0.0,0.0,0.009770786935533304,0.0,0.0008043294090493882,9.89901386388269e-06,0.0,0.0,0.0,0.6537300715070568,0.49356037806860636,0.20339622641509433,0.2450980392156863,0.39068840712170516,0.1342189360235604,0.020202020202020204,0.7999999999999972,0.0,1.0,0.0,0.55,0.0,0.0,0.0,0.0,0.0,0.0,0.0036354330375410375,0.0,0.0,0.005766177658645353,0.0010825576210823542,0.03312156029362849,1,2
113,0.8000000000000114,0.0,0.0,0.15830115830115832,0.0,0.6000000000000001,0.5294117647058824,0.0,0.0,0.0,0.0,1.0,0.0,0.0,0.0,0.0,0.009864484876157613,0.0,0.0008043294090493882,9.89901386388269e-06,0.027995080680028747,0.00659580647614109,5.086949096081333e-05,0.6537445074087631,0.494029918554086,0.580754716981132,0.24497549019607845,0.3998647314736958,0.13233911899241807,0.020202020202020204,0.0,1.0,1.0,0.0,0.45,0.0,0.0,0.0003146351729056876,0.0010666772147726225,0.0,2.50803275187208e-05,0.003705539391519018,0.0,0.0,0.005549089000210284,0.0013686103117422248,0.03312156029362849,0,1
2157,0.6000000000000227,1.0,0.0,0.06756756756756757,0.0,0.6000000000000001,0.1764705882352941,0.0,0.0,0.0,0.0,0.0,0.0,0.0,0.0,0.0,0.009770786935533304,0.0,0.0008043294090493882,9.89901386388269e-06,0.0,0.0005072482736813851,0.0,0.6541049951097742,0.4939992911503403,0.3988679245283019,0.20171568627450984,0.39700093834923655,0.11059590199887213,0.25252525252525254,0.29999999999999716,0.0,0.0,1.0,0.55,0.0,0.002472661426839184,0.0,0.0,0.0,0.0,0.003637697446035109,0.006162855620434269,0.0,0.00024313111121457601,0.0010862857890892108,0.03312156029362849,0,3
4281,0.0,1.0,0.0,0.05791505791505792,0.7037037037037037,0.6000000000000001,0.5,0.0,0.0,0.0,0.0,1.0,0.0,0.0,0.0,0.0,0.017801976641280984,0.00019905750928795004,0.000860236517478379,9.89901386388269e-06,0.09334995278783155,0.03448689934105092,0.0,0.6518633968673522,0.4952657500745426,0.580754716981132,0.24387254901960786,0.39552029637212255,0.13227645842471336,0.030303030303030304,0.14999999999999858,0.0,1.0,0.0,0.25000000000000006,0.0003139246871722264,0.0,0.0,0.0,0.0,0.0024657864941352147,0.004401165916487411,0.0,0.0,0.01120889679769926,0.001984181691708537,0.03312156029362849,0,0
6806,0.6000000000000227,1.0,0.0,0.5405405405405406,1.0,0.6000000000000001,0.5,0.0,0.0,0.0,0.0,1.0,0.0,0.0,0.0,0.0,0.030394597604893422,0.0,0.00195773126302891,0.00018460952337766499,0.0,0.0,9.701958066532205e-05,0.6555239427644854,0.4963443062415053,0.4986792452830189,0.23431372549019613,0.39921885472647733,0.1212481985086785,0.020202020202020204,0.0,0.0,1.0,0.0,0.35000000000000003,0.0027845074266667864,0.0,0.003695778737174786,0.01611223184736891,4.476340965019916e-05,0.0,0.005318776721345422,0.0,0.0,0.004533842653444537,0.0031983308102432285,0.06402091540684479,0,0
12242,0.0,0.0,1.0,0.015444015444015444,0.0,0.6000000000000001,0.23529411764705882,0.0,0.0,0.0,0.0,0.0,0.0,0.0,0.0,0.0,0.009770786935533304,0.0,0.0008043294090493882,9.89901386388269e-06,0.0,0.0,0.0,0.654048653645108,0.4939333541747651,0.20339622641509433,0.15514705882352944,0.39068840712170516,0.08791277648975501,0.25252525252525254,0.7999999999999972,0.0,1.0,0.0,0.55,0.0,0.0,0.0,0.0,0.0,0.0,0.0036354330375410375,0.0,0.0005316991786447639,6.062928594050349e-06,0.0010825576210823542,0.03312156029362849,1,4
9818,0.20000000000004547,0.0,1.0,0.05791505791505792,0.0,0.6000000000000001,0.23529411764705882,0.0,0.0,0.0,0.0,0.0,0.0,0.0,0.0,0.0,0.009770786935533304,0.0,0.0008043294090493882,0.00044599207350129135,0.0,0.0004897970716051907,0.00015972019735622622,0.6540976033820867,0.4939899667962082,0.580754716981132,0.2450980392156863,0.4027589904824578,0.13296572466946552,0.020202020202020204,0.6000000000000014,0.0,1.0,0.0,0.45,0.0,0.0,0.0,0.0,0.0,0.00022915613371211614,0.0036354330375410375,0.0,0.0,0.00022166783235209398,0.0013579719989820428,0.03312156029362849,1,4
11618,0.20000000000004547,0.0,1.0,0.03474903474903475,0.0,0.6000000000000001,0.23529411764705882,0.0,0.0,0.0,0.0,0.0,0.0,0.0,0.0,0.0,0.009770786935533304,0.0,0.0008043294090493882,9.89901386388269e-06,0.0,0.0,3.581960308356544e-05,0.6541030979769754,0.49399741781729667,0.580754716981132,0.2450980392156863,0.40287476084280827,0.1342189360235604,0.020202020202020204,0.6000000000000014,0.0,1.0,0.0,0.8,0.0,0.0,0.0,0.0,0.0,0.0,0.0036354330375410375,0.0,0.0,2.471218996562294e-05,0.0012272469029309503,0.03312156029362849,1,4
3295,0.0,0.0,0.0,0.03648648648648648,0.0,0.0,0.7941176470588235,0.2222222222222222,0.0,0.0,0.0,0.0,0.0,0.0,0.0,0.0,0.009770786935533304,0.0,0.0008043294090493882,9.89901386388269e-06,0.0,0.00040802572473387953,0.0,0.6541032069809382,0.4939975598893841,0.4011320754716981,0.16139705882352942,0.397049683764121,0.09117112601040167,0.23232323232323235,0.10000000000000142,0.0,0.0,0.0,0.0,0.0,0.0,0.0,0.0,0.0,0.0,0.0036354330375410375,0.0,0.0,0.00015622913469985435,0.0010858107281000505,0.03312156029362849,0,2
3276,0.8000000000000114,0.0,1.0,0.03474903474903475,0.0,0.6000000000000001,0.23529411764705882,0.0,0.0,0.0,0.0,0.0,0.0,0.0,0.0,0.0,0.018183284820143523,0.0,0.0008043294090493882,9.89901386388269e-06,0.0,0.005401894951242588,0.0,0.6539360787257816,0.49374931919424464,0.580754716981132,0.2450980392156863,0.40266149965268894,0.13108590763832323,0.020202020202020204,0.14999999999999858,0.0,1.0,0.0,0.85,7.186031473623011e-05,0.0,0.0,0.0,0.0,0.00027765440392843216,0.004271734572920252,0.0,0.0,0.002831489981330273,0.002000953862687065,0.03312156029362849,0,4
593,0.0,0.0,0.0,0.04054054054054054,0.0,0.0,0.4411764705882353,0.3333333333333333,0.0,0.0,0.0,0.0,0.0,0.0,0.0,0.0,0.009886622632447103,0.0,0.0009175003674508348,9.89901386388269e-06,0.0,0.00013695038581699255,3.1317685756122784e-05,0.6540902292143081,0.4939771065550694,0.580754716981132,0.2450980392156863,0.40202171608233106,0.11767654614950813,0.020202020202020204,0.14999999999999858,0.0,1.0,0.0,0.75,3.0970879152260916e-05,0.0,0.00019698722456190757,0.0007225452579671163,0.0,0.00025322457481797786,0.0036354330375410375,0.0,0.0,0.0002832948154030108,0.0010886612923075455,0.03312156029362849,0,2
356,0.6000000000000227,0.0,0.0,0.06756756756756757,0.0,0.8,0.029411764705882346,0.0,0.0,0.0,0.0,0.0,0.0,0.0,0.0,0.0,0.009770786935533304,0.0,0.0008043294090493882,9.89901386388269e-06,0.0019090923550991311,0.00044583666256563416,0.0,0.6540887316522667,0.4939801451897701,0.580754716981132,0.2450980392156863,0.40287476084280827,0.13302838523717025,0.04040404040404041,0.6000000000000014,0.0,1.0,0.0,0.45,0.0,0.0,0.0,0.0,0.0,7.010927289094864e-06,0.0036436657153449564,0.0,0.0,0.00023197736915969857,0.0010843362248399763,0.03312156029362849,0,2
10772,0.6000000000000227,0.0,0.0,0.03861003861003861,0.0,1.0,0.5588235294117647,0.0,0.0,0.0,0.0,0.0,0.0,0.0,0.0,0.0,0.01013993515037007,0.0,0.0008043294090493882,9.89901386388269e-06,0.029493145198023596,0.007524792133330508,0.0,0.6539733544365358,0.493845354102726,0.580754716981132,0.24497549019607845,0.40287476084280827,0.13415627545585562,0.020202020202020204,0.5,0.0,1.0,0.0,0.25000000000000006,2.9789613704542062e-05,0.0,0.00027481431635402253,0.0,0.00012837394613669003,0.0,0.00377248727455434,0.0,0.0,0.002290303253874007,0.0011325392021415037,0.03312156029362849,1,2
8635,1.0,0.0,1.0,0.05405405405405406,0.0,0.8,0.23529411764705882,0.0,0.0,0.0,0.0,0.0,0.0,0.0,0.0,0.0,0.009770786935533304,0.0,0.0008043294090493882,9.89901386388269e-06,0.0007230041110013752,0.00036340050799618233,0.00011217821050700092,0.6541182230222761,0.4940139579584052,0.3920754716981132,0.1871323529411765,0.3967815839822567,0.10395388182216933,0.020202020202020204,0.3500000000000014,0.0,1.0,0.0,0.55,0.0,0.0,0.0,0.0,8.43618104946061e-06,0.0,0.0036858594161190933,0.0,0.0,0.0006980042476314927,0.0011100217375412515,0.03312156029362849,0,4
1052,0.6000000000000227,0.0,0.0,0.05791505791505792,0.0,0.4,0.0,0.0,0.0,0.0,0.0,0.0,0.0,0.0,0.0,0.0,0.009770786935533304,0.0,0.0015647284626052011,9.89901386388269e-06,0.0001626759249753094,0.0015423538596865182,0.0,0.6535094309204803,0.4932158804288271,0.580188679245283,0.2450980392156863,0.4021557659732632,0.12519581427407733,0.020202020202020204,0.6000000000000014,0.0,1.0,0.0,0.4,0.00041057120966490207,0.0,0.0,0.0,0.0004504200709487522,0.0,0.0036540638540201787,0.0,0.0,0.009318772413009766,0.0014000052307367441,0.03312156029362849,0,2
7153,0.8000000000000114,1.0,0.0,0.06756756756756757,0.0,0.6000000000000001,0.029411764705882346,0.0,0.0,0.0,0.0,0.0,0.0,0.0,0.0,0.0,0.009770786935533304,0.0,0.0008043294090493882,9.89901386388269e-06,0.0,0.00012165980875975553,0.0,0.6541017485145428,0.4939905727375429,0.39301886792452834,0.19473039215686277,0.3968120498665595,0.08785011592205026,0.25252525252525254,0.14999999999999858,0.0,0.0,0.0,0.55,0.0,0.00023170687860346774,0.0,0.0,0.0,0.0,0.0036429326391080167,0.0064962042206597815,0.0,0.00012849827142580127,0.0010851102312408253,0.03312156029362849,0,3
5485,0.0,0.0,0.0,0.10231660231660232,0.0,1.0,0.5588235294117647,0.0,0.0,0.0,0.0,0.0,0.0,0.0,0.0,0.0,0.010081272353621988,0.0,0.0008043294090493882,9.89901386388269e-06,0.016705009984686773,0.0034526787802939365,0.0,0.6541920773485335,0.49408494897381217,0.29283018867924526,0.11384803921568627,0.3935522002461644,0.0655429538191616,0.020202020202020204,0.7999999999999972,0.0,1.0,0.0,0.35000000000000003,5.913116120477697e-05,0.0,0.0,0.0,0.0,0.0001637810436813295,0.003808519522564653,0.0,0.0,0.002860832509167302,0.0012403257027321702,0.03312156029362849,0,2
5609,0.8000000000000114,0.0,0.0,0.02316602316602317,0.0,0.6000000000000001,0.5294117647058824,0.0,0.0,0.0,0.0,1.0,0.0,0.0,0.0,0.0,0.010391291238437406,0.00015376161404322467,0.0009937118148406472,9.89901386388269e-06,0.009245415069430085,0.0024415893723841375,6.813771491245325e-05,0.6538308256258261,0.4940236215775767,0.5681132075471698,0.23725490196078433,0.3950450285769995,0.08960461181778309,0.020202020202020204,0.29999999999999716,1.0,1.0,0.0,0.45,0.0001974953628712017,0.0,0.0,0.0,0.0001247584399726355,0.0,0.0036482098456556713,0.0,0.003080082135523614,0.0009927342068384718,0.0012398562925102015,0.033270372994471074,0,1
9989,0.6000000000000227,1.0,1.0,0.05791505791505792,0.0,0.4,0.23529411764705882,0.0,0.0,0.0,0.0,0.0,0.0,0.0,0.0,0.0,0.01157441961943978,0.0,0.0008355188698186996,9.89901386388269e-06,0.03666932250176774,0.008429346107613252,0.0,0.65394742839067,0.49380994942799644,0.569811320754717,0.2450980392156863,0.40251526340803573,0.13409361488815089,0.020202020202020204,0.14999999999999858,0.0,1.0,0.0,0.8,0.00018264807819211477,0.0,0.0008580134433195472,0.003740622074548739,0.0,0.0003649296070375254,0.003759684944235421,0.0,0.0,0.002672370083207939,0.001851836609926253,0.03312156029362849,1,4
7034,0.0,0.0,0.0,0.02316602316602317,0.0,0.0,0.4411764705882353,0.1111111111111111,0.0,0.0,0.0,0.0,0.0,0.0,0.0,0.0,0.009896239237660552,0.0,0.0013848744370789667,9.89901386388269e-06,0.03163721388919817,0.005815903945259734,0.0,0.6542672947213037,0.49412644799764766,0.3632075471698113,0.17794117647058824,0.396342875248297,0.0984397518641519,0.020202020202020204,0.14999999999999858,0.0,1.0,0.0,0.35000000000000003,0.0,0.0,0.0,0.0,0.0,0.0,0.0036923192823484097,0.0,0.0,0.0007238676265706695,0.00117281142682589,0.03407200717221661,0,2
11483,0.4000000000000341,0.0,1.0,0.02316602316602317,0.0,0.4,0.23529411764705882,0.0,0.0,0.0,0.0,0.0,0.0,0.0,0.0,0.0,0.009770786935533304,0.0,0.0036702977696806477,9.89901386388269e-06,0.0068009381701344355,0.0017870030926023107,6.150445508216336e-05,0.654068101409868,0.49398982084236975,0.580754716981132,0.2450980392156863,0.398883729999147,0.09461745723416255,0.020202020202020204,0.6000000000000014,0.0,1.0,0.0,0.4,1.862190300628051e-05,0.0,0.0,0.0,0.0,0.00014368787062598546,0.003663655098390681,0.0,0.0,0.000683217864815623,0.0015296050805947098,0.03312156029362849,1,4
907,0.6000000000000227,0.0,0.0,0.03474903474903475,0.0,0.0,0.4411764705882353,0.0,0.0,0.0,0.0,0.0,0.0,0.0,0.0,0.0,0.009770786935533304,0.0,0.0038022915676563735,9.89901386388269e-06,0.000836515756428591,0.00019237872764947683,0.0,0.6540399913089185,0.4939905051950751,0.580566037735849,0.24497549019607845,0.3908955751349639,0.12275205213359236,0.07070707070707072,0.0,0.0,0.0,0.0,0.9,0.0,0.0,4.2845225403690234e-05,0.0,0.0,1.6768403413092868e-05,0.0036354330375410375,0.0,0.0,2.8140174909094447e-06,0.001092286358597222,0.03312156029362849,0,2
5227,0.0,1.0,1.0,0.15830115830115832,0.0,0.6000000000000001,0.32352941176470584,0.0,0.0,0.0,0.0,0.0,0.0,0.0,0.0,0.0,0.009770786935533304,0.0,0.0008043294090493882,9.89901386388269e-06,0.0004070513144937742,0.0026795074273562552,0.0,0.6541062842721421,0.49400111479697084,0.3920754716981132,0.17414215686274512,0.3967815839822567,0.09787580675480921,0.25252525252525254,0.14999999999999858,0.0,1.0,0.0,0.55,9.987124138731046e-05,0.0,0.0,0.0,0.0,0.0,0.0036354330375410375,0.0,0.0,0.0010008948575621092,0.0010944934788668737,0.03312156029362849,0,4
7453,0.8000000000000114,1.0,0.0,0.15830115830115832,0.0,0.6000000000000001,0.029411764705882346,0.0,0.0,0.0,0.0,0.0,0.0,0.0,0.0,0.0,0.009770786935533304,0.0,0.0008043294090493882,9.89901386388269e-06,0.0014460082220027503,0.0004130948834322027,0.0,0.6541227561293231,0.4940203888553248,0.39452830188679244,0.18529411764705883,0.3968607952814439,0.10357791841594086,0.020202020202020204,0.14999999999999858,0.0,1.0,0.0,0.55,3.639519577713081e-05,0.0,7.883521474279004e-05,0.00034369245239068426,3.4370785871271797e-05,0.0,0.003653405381149612,0.0,0.0,0.00011931434161456045,0.0010962383762938791,0.03312156029362849,0,3
5945,1.0,0.0,1.0,0.10231660231660232,0.0,0.6000000000000001,0.23529411764705882,0.0,0.0,0.0,0.0,0.0,0.0,0.0,0.0,0.0,0.009770786935533304,0.0,0.0008043294090493882,9.89901386388269e-06,0.001868604124883054,0.0016931821062021988,0.0,0.6540994468412016,0.49399311179088695,0.580754716981132,0.24485294117647063,0.40287476084280827,0.13403095432044615,0.020202020202020204,0.6000000000000014,0.0,1.0,0.0,0.5,6.228799128057735e-05,0.0,0.0,0.0,4.377736251454791e-05,0.0,0.0036369345284516202,0.0,0.0,0.00043141446333360794,0.0011025999009482868,0.03312156029362849,0,4
6208,0.0,0.0,0.0,0.15830115830115832,0.0,0.4,0.5294117647058824,0.0,0.0,0.0,0.0,1.0,0.0,0.0,0.0,0.0,0.009770786935533304,0.0,0.0008043294090493882,1.2216881118309208e-05,0.0018671581166610513,0.0005629259184006721,0.0,0.6540910025129376,0.4940904490268365,0.580754716981132,0.2382352941176471,0.39294288256010923,0.10859076383232034,0.24242424242424243,0.3999999999999986,0.0,1.0,0.0,0.25000000000000006,0.0007247267188211654,0.0,0.0,0.0,0.0,0.0,0.0036354330375410375,0.0,0.0,0.00021867474102085392,0.0011014550753425225,0.03312156029362849,0,1
774,0.6000000000000227,1.0,0.0,0.21235521235521235,0.537037037037037,0.8,0.5,0.0,0.0,0.0,0.0,1.0,1.0,0.0,0.0,0.0,0.009770786935533304,0.0021451332861452898,0.0008043294090493882,9.89901386388269e-06,0.01568882770667434,0.010148705016929743,0.0,0.6537436323951897,0.4936354193030307,0.580754716981132,0.2450980392156863,0.40230809539477697,0.13327902750798926,0.020202020202020204,0.5499999999999972,0.0,1.0,0.0,0.45,0.0003848074029172409,0.0,0.0,0.0,0.00021448872931689833,0.0,0.0036475344888653462,0.0,0.0,0.007570755911611199,0.0013229058657657825,0.03312156029362849,0,0
470,0.6000000000000227,1.0,1.0,0.03861003861003861,0.0,0.6000000000000001,0.23529411764705882,0.0,0.0,0.0,0.0,0.0,0.0,0.0,0.0,0.0,0.009770786935533304,0.0,0.0008043294090493882,9.89901386388269e-06,0.0,0.0001872264679888861,0.0,0.6541280370234338,0.4940325647437583,0.2811320754716981,0.12879901960784315,0.3931744232808102,0.07437809386553043,0.020202020202020204,0.9499999999999957,0.0,1.0,0.0,0.45,0.00014584554950197747,0.0,0.0,0.0,0.0,2.334566509667671e-05,0.0037731363238417857,0.0,0.0042351129363449695,4.765922350512996e-05,0.0012234350639151513,0.03312156029362849,0,4
3873,0.20000000000004547,0.0,0.0,0.5405405405405406,0.0,0.0,0.4411764705882353,0.0,0.0,0.0,0.0,0.0,0.0,0.0,0.0,0.0,0.02241487705380927,0.0,0.0015547166456982523,2.244991078741493e-05,0.14758682917871072,0.033926715754405076,0.0,0.6526371951258806,0.49332693072661515,0.5792452830188679,0.24497549019607845,0.4015769141715108,0.1255717776803058,0.030303030303030304,0.3999999999999986,0.0,1.0,0.0,0.4,0.009467435230553585,0.0,0.007092548207179348,0.03092089360037622,0.0008678310401659414,0.0,0.004528434940377642,0.0,0.0,0.024057240185602364,0.0059184450248265805,0.03312998309249618,0,2
8505,0.20000000000004547,0.0,0.0,0.03474903474903475,0.0,0.6000000000000001,0.47058823529411764,0.0,0.0,0.0,0.0,0.0,0.0,0.0,0.0,0.0,0.009770786935533304,0.0,0.00081036456970825,9.89901386388269e-06,0.018562046043793804,0.020356577918994014,0.0,0.6540995018401615,0.4939921452348823,0.5788679245283018,0.2439950980392157,0.4027955495436211,0.13240177956012283,0.020202020202020204,0.7999999999999972,0.0,1.0,0.0,0.75,0.00030010252365753916,0.0,0.0,0.0,0.00039612487232059106,0.0,0.0036354330375410375,0.0,0.0011296201232032855,0.0014641588824973741,0.0010999289220875916,0.03312156029362849,0,2
7893,0.6000000000000227,0.0,1.0,0.03861003861003861,0.0,0.4,0.23529411764705882,0.0,0.0,0.0,0.0,0.0,0.0,0.0,0.0,0.0,0.009770786935533304,0.0,0.0008043294090493882,9.89901386388269e-06,0.0,0.0,0.0,0.6530801471409308,0.4927989233072288,0.580754716981132,0.2450980392156863,0.40287476084280827,0.1342189360235604,0.020202020202020204,0.6000000000000014,0.0,1.0,0.0,0.75,0.0,0.0,0.0,0.0,0.00021256358967110305,0.0,0.0036354330375410375,0.0,0.0,0.015802294294042316,0.0011014547779337228,0.03312156029362849,0,4
3943,0.20000000000004547,0.0,0.0,0.10231660231660232,0.0,0.8,0.5588235294117647,0.0,0.0,0.0,0.0,0.0,0.0,0.0,0.0,0.0,0.009770786935533304,0.0,0.0008043294090493882,9.89901386388269e-06,0.0,0.0,0.0,0.6541022362161635,0.49399628279329755,0.580754716981132,0.24460784313725495,0.40287476084280827,0.13346700921110347,0.24242424242424243,0.6499999999999986,0.0,0.0,0.0,0.8,0.0,0.0,0.0,0.0,0.0,0.0,0.0036354330375410375,0.006504777365846304,0.0,9.414167605951597e-06,0.0010872016594874491,0.03312156029362849,0,2
2751,0.6000000000000227,1.0,0.0,0.05791505791505792,0.0,0.6000000000000001,0.5588235294117647,0.0,0.0,0.0,0.0,0.0,0.0,0.0,0.0,0.0,0.009770786935533304,0.0,0.0008043294090493882,9.89901386388269e-06,0.045288254509015136,0.03496040862405166,0.0,0.6537664367531009,0.4934735999717893,0.5718867924528301,0.2450980392156863,0.4025457292923385,0.13102324707061846,0.020202020202020204,0.9499999999999957,0.0,1.0,0.0,0.4,0.0003734156591168258,0.0,0.0,0.0,0.0005273317475295489,0.0,0.003756322295658478,0.0,0.0,0.014393059916572058,0.0019063156564204486,0.034495205691296105,0,3
2112,0.8000000000000114,1.0,0.0,0.05791505791505792,0.7037037037037037,0.4,0.5,0.0,0.0,0.0,0.0,1.0,0.0,0.0,0.0,0.0,0.009770786935533304,0.0,0.0008043294090493882,9.89901386388269e-06,0.09714138634592276,0.02233047507573614,0.0,0.654448323797924,0.4943948978649625,0.2949056603773585,0.1254901960784314,0.39364359789907266,0.0728742402406166,0.020202020202020204,0.5,0.0,1.0,0.0,0.35000000000000003,0.0,0.0,0.0,0.0,0.0003359133908785225,0.0,0.004008365842456999,0.0,0.0,0.006834532190057719,0.0014427686506624927,0.03312156029362849,0,0
5151,1.0,0.0,0.0,0.10231660231660232,0.0,0.2,0.029411764705882346,0.0,0.0,0.0,0.0,0.0,0.0,0.0,0.0,0.0,0.009845597803320559,0.0,0.0008043294090493882,9.89901386388269e-06,0.0,0.0033010195241555797,0.0,0.6541471292828684,0.4940470933614868,0.280188679245283,0.10784313725490198,0.39316833010394964,0.06353781565260982,0.25252525252525254,0.6999999999999957,0.0,1.0,0.0,0.35000000000000003,0.00017270236623287272,0.0,0.0,0.0,0.0,0.0,0.003637141847280278,0.0,0.0008983572895277208,0.0006466868013881805,0.0011176102221982349,0.03312156029362849,0,2
3552,0.8000000000000114,0.0,0.0,0.10231660231660232,0.0,0.6000000000000001,0.5294117647058824,0.0,0.0,0.0,0.0,1.0,0.0,0.0,0.0,0.0,0.009857336382454345,0.0,0.0008043294090493882,9.89901386388269e-06,0.0026324579681560067,0.002168187206523758,0.0,0.654098717939323,0.4939916289619962,0.580754716981132,0.239093137254902,0.40287476084280827,0.13014599912275207,0.25252525252525254,0.14999999999999858,0.0,1.0,0.0,0.75,5.9748949456170163e-05,0.0,0.0,0.0,0.0,0.0,0.0036354330375410375,0.0,0.0,0.0005300074034241989,0.001093447343414429,0.03312156029362849,0,1
8520,0.6000000000000227,0.0,0.0,0.10231660231660232,0.0,0.6000000000000001,0.5588235294117647,0.0,0.0,0.0,0.0,0.0,0.0,0.0,0.0,0.0,0.009770786935533304,0.0,0.0008043294090493882,9.89901386388269e-06,0.0,0.00020609038642362959,0.0,0.6541222329765657,0.49401983648215425,0.31622641509433963,0.2270833333333334,0.394332126884315,0.12500783257096312,0.25252525252525254,0.6000000000000014,0.0,1.0,1.0,0.35000000000000003,7.739325347123508e-07,0.0,0.0,0.0,0.0,0.0,0.003654983831322348,0.0,0.0,0.0007188023950870325,0.001097673472888012,0.03312156029362849,0,2
638,0.6000000000000227,1.0,1.0,0.05791505791505792,0.0,0.6000000000000001,0.23529411764705882,0.0,0.0,0.0,0.0,0.0,0.0,0.0,0.0,0.0,0.010127639741200449,0.0,0.0008043294090493882,9.89901386388269e-06,0.006507036999012376,0.0030559547864284493,0.0,0.6541186881942023,0.4939854542606441,0.30943396226415093,0.07144607843137256,0.39416151793221954,0.04542891158593898,0.020202020202020204,0.0,0.0,1.0,0.0,0.45,8.425002417351116e-06,0.0,0.00017410283358158362,0.0007590241243973296,0.0,5.695474952378095e-05,0.0036643438052570937,0.0,0.0,0.0006193908317263588,0.001377711566258159,0.03349979257493672,0,4
10334,0.4000000000000341,0.0,0.0,0.06756756756756757,0.0,0.6000000000000001,0.0,0.0,0.0,0.0,0.0,0.0,0.0,0.0,0.0,0.0,0.009770786935533304,0.0,0.0008043294090493882,9.89901386388269e-06,0.1867002670777186,0.05728839067091977,0.0,0.6540358014483926,0.4939181776927909,0.5964150943396226,0.2450980392156863,0.40338049452223407,0.13359233034651294,0.030303030303030304,0.14999999999999858,0.0,1.0,0.0,0.25000000000000006,5.241016814016972e-06,0.0,0.0,0.0,0.0,0.0008031848402068729,0.0036354330375410375,0.0,0.0,0.005468736009856224,0.0010825590585582187,0.03312156029362849,1,2
11683,0.6000000000000227,0.0,0.0,0.05791505791505792,0.0,0.6000000000000001,0.029411764705882346,0.0,0.0,0.0,0.0,0.0,0.0,0.0,0.0,0.0,0.017605837023523738,0.0,0.000805109145568621,5.4545793162028434e-05,0.09219242320611835,0.02122140963331285,3.2405105400432604e-06,0.6464233119116383,0.48512265313496333,0.580754716981132,0.24350490196078436,0.4024360521088486,0.13334168807569396,0.020202020202020204,0.6000000000000014,0.0,1.0,0.0,0.05,0.0,0.0,4.0324918027002574e-07,1.7580176592873876e-06,0.0,0.0,0.004073242107802929,0.0,0.0,0.11612068758215013,0.0016374118545518794,0.03331709026168892,1,2
5903,0.8000000000000114,0.0,0.0,0.10231660231660232,0.0,0.6000000000000001,0.47058823529411764,0.0,0.0,0.0,0.0,0.0,0.0,0.0,0.0,0.0,0.009770786935533304,0.0,0.0008043294090493882,9.89901386388269e-06,0.0,0.0005676626732499249,0.0,0.6537610866133117,0.4935782030693035,0.43566037735849056,0.18627450980392157,0.3982012941907652,0.10288865217118869,0.25252525252525254,0.8999999999999986,0.0,1.0,0.0,0.5,2.6245817361385508e-05,0.0,0.0,0.0,0.0,0.0,0.003700527615895933,0.0,0.0,0.0058927572817818975,0.0012103723737572408,0.03313986425583213,0,2
9488,0.6000000000000227,1.0,0.0,0.06756756756756757,0.0,0.6000000000000001,0.0,0.0,0.0,0.0,0.0,0.0,0.0,0.0,0.0,0.0,0.009770786935533304,0.0,0.0008043294090493882,9.89901386388269e-06,0.0,0.0,0.0,0.6541030794231094,0.4939968786420796,0.20339622641509433,0.24546568627450985,0.39068840712170516,0.06767341312112289,0.25252525252525254,0.3999999999999986,0.0,1.0,0.0,0.35000000000000003,0.0,0.0,0.0,0.0,0.0,0.0,0.0036354330375410375,0.0,0.0,6.011764639670177e-06,0.0010825576210823542,0.03312156029362849,1,3
1912,0.6000000000000227,1.0,1.0,0.03474903474903475,0.0,0.8,0.23529411764705882,0.0,0.0,0.0,0.0,0.0,0.0,0.0,0.0,0.0,0.009770786935533304,0.0,0.0015287202301470311,9.89901386388269e-06,0.0,0.0,0.0,0.6538935347110401,0.49387301934226613,0.5752830188679245,0.2450980392156863,0.4007360557647547,0.11798984898803185,0.030303030303030304,0.19999999999999574,0.0,0.0,0.0,0.4,0.00035317121334040274,0.0,0.0,0.0,0.0,0.00016815383853689898,0.0038752074717655588,0.0,0.0,0.0,0.0016903125029786885,0.03312156029362849,0,4
2849,1.0,0.0,0.0,0.03861003861003861,0.0,0.6000000000000001,0.029411764705882346,0.0,0.0,0.0,0.0,0.0,0.0,0.0,0.0,0.0,0.009770786935533304,0.0,0.00080560817694093,9.89901386388269e-06,0.0,0.0,0.0004161989946631401,0.6540919623441841,0.49397408267102255,0.580754716981132,0.2450980392156863,0.4032647241618836,0.13409361488815089,0.020202020202020204,0.14999999999999858,0.0,1.0,0.0,0.5,0.00044848032610204035,0.0,0.00014204452375011657,0.0006192617204839823,0.0,0.0004931862098674103,0.0036652845929719883,0.0,0.0,0.0006670244732542987,0.001131637359524978,0.033248958846819825,0,2
6312,0.0,0.0,0.0,0.047972972972972976,0.0,0.0,0.7941176470588235,0.3333333333333333,0.0,0.0,0.0,0.0,0.0,0.0,0.0,0.0,0.009770786935533304,0.0,0.0008526574785114364,9.89901386388269e-06,0.0,0.0013640191946602646,0.0,0.6542490479880484,0.494160322486124,0.5228301886792452,0.2450980392156863,0.4009615033085951,0.13309104580487502,0.24242424242424243,0.3999999999999986,0.0,1.0,0.0,0.35000000000000003,0.0010236954992041698,0.0,0.0,0.0,0.0,0.0,0.0036354330375410375,0.0,0.0,0.0006413657501326426,0.001262054389627862,0.03312156029362849,0,2
11812,0.20000000000004547,0.0,0.0,0.0694980694980695,0.0,1.0,0.5294117647058824,0.0,0.0,0.0,0.0,1.0,0.0,0.0,0.0,0.0,0.009770786935533304,0.0,0.0008043294090493882,9.89901386388269e-06,0.0,0.0,0.0,0.6538617466374748,0.493989707883415,0.4581132075471698,0.23958333333333337,0.3907980843051951,0.13139921047684694,0.020202020202020204,0.6999999999999957,0.0,1.0,0.0,0.45,0.0002657983035005084,0.0,0.0,0.0,0.00022060848217467032,0.0,0.0036354330375410375,0.0,0.0023100616016427105,0.0013616007359423198,0.0011182116819272072,0.03312156029362849,1,1
4880,0.8000000000000114,1.0,0.0,0.06756756756756757,0.0,0.6000000000000001,0.5294117647058824,0.0,0.0,0.0,0.0,1.0,0.0,0.0,0.0,0.0,0.009770786935533304,0.0,0.0008043294090493882,9.89901386388269e-06,0.0013729848067916114,0.000315534353730049,0.0,0.6541103204006355,0.49400587964635145,0.4833962264150943,0.24497549019607845,0.39973068158276365,0.13415627545585562,0.25252525252525254,0.44999999999999574,0.0,1.0,0.0,0.35000000000000003,3.803131631104025e-05,0.0,0.0,0.0,0.0,0.0,0.003643635873998407,0.0,0.0,1.6398047378845037e-05,0.0010878314226205126,0.03312156029362849,0,0
80,0.8000000000000114,1.0,0.0,0.10424710424710425,0.0,0.6000000000000001,0.029411764705882346,0.0,0.0,0.0,0.0,0.0,0.0,0.0,0.0,0.0,0.009770786935533304,0.0,0.0008043294090493882,9.89901386388269e-06,0.0004967038242579447,0.0001141807221556722,0.0,0.654115858066999,0.4940123326692519,0.31773584905660374,0.15232843137254903,0.3943808722991994,0.08678488627106963,0.24242424242424243,0.44999999999999574,0.0,0.0,0.0,0.5,0.0,0.01232398845334397,0.0,0.0,0.0,0.0,0.0036354330375410375,0.010231546749090378,0.0,4.3770762972236906e-05,0.0010878041105790866,0.03312180831479656,0,3
2168,0.20000000000004547,1.0,0.0,0.06756756756756757,0.2962962962962963,0.6000000000000001,0.5,0.0,0.0,0.0,0.0,1.0,0.0,0.0,0.0,0.0,0.009770786935533304,0.0,0.0008043294090493882,9.89901386388269e-06,0.0007801214357704838,0.0001801628861961407,6.959485723582841e-07,0.6541052416111367,0.4939999293102085,0.3920754716981132,0.1806372549019608,0.3967815839822567,0.10125947741086536,0.24242424242424243,0.5499999999999972,0.0,0.0,0.0,0.55,0.0,0.005580939817397317,0.0,0.0,0.0,0.0,0.0036354330375410375,0.008746538978808652,0.0,3.164490578413621e-05,0.0010861865041182919,0.03312156029362849,0,0
670,0.0,0.0,1.0,0.0250965250965251,0.0,0.6000000000000001,0.23529411764705882,0.0,0.0,0.0,0.0,0.0,0.0,0.0,0.0,0.0,0.009770786935533304,0.0,0.0008043294090493882,9.89901386388269e-06,0.00017026746814082384,0.0033367529379306447,0.0,0.6539978945748752,0.493874160965242,0.2958490566037736,0.135171568627451,0.39367406378337544,0.07801240679240555,0.020202020202020204,0.44999999999999574,0.0,1.0,0.0,0.35000000000000003,0.0,0.0,0.0,0.0,0.0,0.0,0.0036354330375410375,0.0,0.0,0.0021260669603136557,0.0010895597642910095,0.03312156029362849,0,4
5711,0.6000000000000227,1.0,0.0,0.10231660231660232,0.0,0.4,0.1764705882352941,0.0,0.0,0.0,0.0,0.0,0.0,0.0,0.0,0.0,0.009920905303301935,0.0,0.0008043294090493882,9.89901386388269e-06,0.007379702960991036,0.00184467516041602,0.0,0.6540791790618281,0.49411953653995144,0.5279245283018867,0.23627450980392162,0.39218732862940087,0.07049313866783634,0.24242424242424243,0.14999999999999858,1.0,1.0,1.0,0.25000000000000006,0.0013170770297971017,0.0,0.0,0.0,0.0,0.0,0.003676475097927952,0.0,0.0,0.00026838052270119074,0.0011148178509791868,0.03312156029362849,0,3
5881,0.4000000000000341,0.0,1.0,0.03861003861003861,0.0,0.6000000000000001,0.2941176470588235,0.0,0.0,0.0,0.0,0.0,0.0,0.0,0.0,0.0,0.009770786935533304,0.0,0.0009714425398513589,9.89901386388269e-06,0.0,7.179923139919998e-05,0.0003556297204750832,0.6540977981976797,0.4940517052698771,0.5735849056603773,0.24497549019607845,0.39767118780389726,0.09474277836957204,0.020202020202020204,0.10000000000000142,1.0,1.0,0.0,0.25000000000000006,0.0,0.0,1.5827530325598512e-05,6.900219312702997e-05,0.0,0.0,0.0037177959393155237,0.0,0.0,0.00046687108371906694,0.0011438594732790716,0.03312156029362849,0,4
7150,0.6000000000000227,0.0,0.0,0.06756756756756757,0.0,0.6000000000000001,0.5294117647058824,0.0,0.0,0.0,0.0,1.0,0.0,0.0,0.0,0.0,0.009770786935533304,0.0,0.0008043294090493882,9.89901386388269e-06,6.760088437862857e-05,1.553987994403981e-05,0.0,0.6540756481948642,0.49396525751007203,0.20339622641509433,0.24080882352941177,0.39068840712170516,0.13202581615389436,0.25252525252525254,0.5499999999999972,0.0,0.0,0.0,0.55,0.0,0.0,0.0,0.0,0.0,0.0,0.003635617582710487,0.0009092168030247292,0.00038501026694045176,3.83473838079387e-05,0.0010825576210823542,0.03312156029362849,0,1
3611,0.4000000000000341,0.0,0.0,0.10424710424710425,0.0,0.0,0.4411764705882353,0.0,0.0,0.0,0.0,0.0,0.0,0.0,0.0,0.0,0.009770786935533304,0.0,0.0008043294090493882,9.89901386388269e-06,0.01122536182740735,0.18465432700477954,0.0,0.6535690941897987,0.49337148507668077,0.20339622641509433,0.2450980392156863,0.39068840712170516,0.13415627545585562,0.020202020202020204,0.14999999999999858,0.0,1.0,0.0,0.75,0.0,0.0,0.0018286342202294993,0.0,0.0,0.0007767673770711597,0.0036354330375410375,0.0,0.0,0.06430206482370693,0.0010825576210823542,0.03312156029362849,0,2
1319,0.0,1.0,0.0,0.06756756756756757,0.0,0.6000000000000001,0.1764705882352941,0.0,0.0,0.0,0.0,0.0,0.0,0.0,0.0,0.0,0.009770786935533304,0.0,0.0008043294090493882,9.89901386388269e-06,0.00012110318859273034,0.00042032466714948325,0.0,0.6541141908696111,0.4940104143078964,0.2788679245283019,0.09546568627450981,0.3931256778659258,0.05771038285606868,0.25252525252525254,0.6000000000000014,0.0,0.0,0.0,0.35000000000000003,0.0,0.005048140152804589,0.0,0.0,0.0,0.0,0.0036354330375410375,0.00817013012721389,0.0,0.00016702472907407058,0.001088441457636539,0.03312156029362849,0,3
8277,0.20000000000004547,0.0,0.0,0.10231660231660232,0.0,0.6000000000000001,0.5588235294117647,0.0,0.0,0.0,0.0,0.0,0.0,0.0,0.0,0.0,0.009800118333907345,0.0,0.0008043294090493882,9.89901386388269e-06,0.0,0.0,0.0,0.6540785044962714,0.4939683217643295,0.30566037735849055,0.23639705882352943,0.3939909089801241,0.12964471458111412,0.020202020202020204,0.3999999999999986,0.0,1.0,0.0,0.35000000000000003,9.87239203490088e-05,0.0,0.0,0.0,0.00014167775669706391,0.0,0.0036390630802890333,0.0,0.0008215349075975359,0.00035093356309359784,0.001110433103479173,0.03312156029362849,0,2
5332,0.20000000000004547,0.0,0.0,0.10231660231660232,0.0,0.6000000000000001,0.5588235294117647,0.0,0.0,0.0,0.0,0.0,0.0,0.0,0.0,0.0,0.010787287690677605,0.0,0.0008687668349987857,1.9939731402708486e-05,0.0034606591773080823,0.0007955255117876637,0.0,0.6540345580080514,0.49425837279973645,0.580754716981132,0.2442401960784314,0.3916267563582301,0.06209662259540072,0.020202020202020204,0.14999999999999858,1.0,1.0,0.0,0.2,0.0,0.0,0.0,0.0,0.00010857474571448655,0.0,0.0038551772531929774,0.0,0.0,0.0005467635984837051,0.001154138912754454,0.033154993547084455,0,2
7805,0.8000000000000114,1.0,0.0,0.05791505791505792,0.0,0.6000000000000001,0.029411764705882346,0.0,0.0,0.0,0.0,0.0,0.0,0.0,0.0,0.0,0.009872114952594576,0.0,0.003969326724806421,9.89901386388269e-06,0.06353254024602384,0.021518246270532688,0.0,0.6541911645645899,0.4941274735562679,0.5709433962264151,0.2450980392156863,0.402429958931988,0.13327902750798926,0.030303030303030304,1.0,0.0,1.0,0.0,0.4,0.0,0.0,0.0,0.0,0.0,0.0009042650650914004,0.004085260317476337,0.0,0.0,0.002304143103533843,0.002198163654948502,0.03312156029362849,0,3
6950,0.0,0.0,0.0,0.03474903474903475,0.0,0.6000000000000001,0.029411764705882346,0.0,0.0,0.0,0.0,0.0,0.0,0.0,0.0,0.0,0.009770786935533304,0.0006335641950864855,0.0008043294090493882,9.89901386388269e-06,0.0,1.1634134717462962e-06,0.0,0.6539321005781195,0.49388338167662177,0.580754716981132,0.2450980392156863,0.39529484882828214,0.1342189360235604,0.020202020202020204,0.7999999999999972,0.0,1.0,0.0,0.45,8.759015406016447e-05,0.0,0.0,0.0,0.00012101772147389506,0.0,0.0036354330375410375,0.0,0.0,0.001161370600475518,0.0011016198893856106,0.03312156029362849,0,2
5076,0.20000000000004547,0.0,0.0,0.0694980694980695,0.0,0.6000000000000001,0.0,0.0,0.0,0.0,0.0,0.0,0.0,0.0,0.0,0.0,0.009770786935533304,0.0,0.0014714875696353446,9.89901386388269e-06,0.1696214639676441,0.043164468022957474,0.0,0.6537528844792628,0.4942904675053688,0.5767924528301887,0.24497549019607845,0.40061419222754363,0.12237608872736389,0.25252525252525254,0.5499999999999972,0.0,1.0,0.0,0.4,0.0014911371724066627,0.0,0.0,0.0,0.0,0.0,0.0036354330375410375,0.0,0.0,0.006496415197536354,0.0022971477968667903,0.03312156029362849,0,2
1798,0.8000000000000114,0.0,0.0,0.10231660231660232,0.0,0.2,0.5294117647058824,0.0,0.0,0.0,0.0,1.0,0.0,0.0,0.0,0.0,0.009832655267352535,0.0,0.0008043294090493882,9.89901386388269e-06,0.0023606084224194897,0.0006656387077634165,0.0,0.6541327328081274,0.49403168125722546,0.36735849056603775,0.2450980392156863,0.39598337781352444,0.13290306410176078,0.24242424242424243,0.14999999999999858,0.0,0.0,0.0,0.35000000000000003,0.0,0.0005336407058943749,0.0,0.0,0.0,0.0,0.0036434823481233973,0.011858358974889722,0.0,0.00015587098701919314,0.0010931722402748381,0.03312156029362849,0,1
7714,0.0,1.0,0.0,0.10231660231660232,0.0,0.6000000000000001,0.5588235294117647,0.0,0.0,0.0,0.0,0.0,0.0,0.0,0.0,0.0,0.009770786935533304,0.0,0.0008043294090493882,5.771388246611359e-05,0.003152297923965996,0.0007246403909734072,7.87291822480309e-06,0.6540865956384432,0.4939972202361696,0.580754716981132,0.2450980392156863,0.39935290461740947,0.1332163669402845,0.25252525252525254,0.0,0.0,0.0,0.0,0.25000000000000006,0.0,0.0,0.0,0.0,0.0,0.0,0.0036629491149552137,0.015114300492755035,0.0,0.00026968520353788514,0.0010926063704655461,0.03313244842290681,0,3
10759,0.6000000000000227,0.0,0.0,0.03474903474903475,0.0,0.6000000000000001,0.5588235294117647,0.0,0.0,0.0,0.0,0.0,0.0,0.0,0.0,0.0,0.009770786935533304,0.0,0.0008043294090493882,9.89901386388269e-06,0.0,0.0,0.0,0.653606489506725,0.4934155887554526,0.20339622641509433,0.2450980392156863,0.39068840712170516,0.1342189360235604,0.020202020202020204,0.5,0.0,1.0,0.0,0.75,0.0,0.0,0.0,0.0,0.0,0.0,0.0036354330375410375,0.0,0.0,0.007674593157025758,0.0010825576210823542,0.03312156029362849,1,2
3450,0.0,1.0,0.0,0.06756756756756757,0.2962962962962963,0.6000000000000001,0.5,0.0,0.0,0.0,0.0,1.0,0.0,0.0,0.0,0.0,0.009773556036252044,0.0,0.0008043294090493882,9.89901386388269e-06,0.0,0.0,4.5541134703695216e-05,0.6541004192625715,0.4939996641866136,0.580754716981132,0.2450980392156863,0.3997367747596242,0.13058462309668528,0.24242424242424243,0.3999999999999986,0.0,0.0,0.0,0.10000000000000002,0.0,0.0,0.0,0.0,0.0,0.0,0.003635495076129916,0.0030675640303884787,0.0,9.98464569729051e-05,0.0010859810937740638,0.03312194224622732,0,0
5264,0.6000000000000227,1.0,1.0,0.20463320463320464,0.0,0.6000000000000001,0.23529411764705882,0.0,0.0,0.0,0.0,0.0,0.0,0.0,0.0,0.0,0.010113312654873056,0.0,0.000874505695780339,3.60838286551552e-05,0.0009793090683513626,0.0002251205067829083,0.005906863507890937,0.656096404077417,0.49627765347104147,0.40735849056603773,0.21654411764705886,0.3972751313079614,0.11817783069114608,0.030303030303030304,0.3500000000000014,0.0,1.0,0.0,0.35000000000000003,0.00042127048751320614,0.0,0.0,0.0,0.0,0.0007590955036465856,0.0045095669637232935,0.0,0.0,4.001021232529429e-05,0.002082974748473109,0.03963838593062027,0,4
10723,0.6000000000000227,0.0,0.0,0.015444015444015444,0.0,0.6000000000000001,0.029411764705882346,0.0,0.0,0.0,0.0,0.0,0.0,0.0,0.0,0.0,0.009885207983166878,0.0,0.0008082280916455522,9.89901386388269e-06,0.0010385954054534755,0.0010240531580235433,0.0,0.6539146804858582,0.49377676395032666,0.3922641509433962,0.2373774509803922,0.3963611547788787,0.13027132025816157,0.020202020202020204,0.5,0.0,1.0,0.0,0.0,1.4691140395767781e-05,0.0,1.1694226227830746e-05,0.0,7.043193826080287e-06,0.0,0.0036354330375410375,0.0,0.0,0.0025386786704125505,0.001082751928164732,0.03312156029362849,1,2
10890,0.6000000000000227,0.0,0.0,0.02316602316602317,0.0,0.6000000000000001,0.0,0.0,0.0,0.0,0.0,0.0,0.0,0.0,0.0,0.0,0.009770786935533304,0.0,0.0008043294090493882,9.89901386388269e-06,0.0,0.0003740374311664342,0.0,0.6539682617316375,0.4938356819437023,0.20339622641509433,0.20379901960784316,0.39068840712170516,0.11065856256657686,0.020202020202020204,0.5,0.0,1.0,0.0,0.55,0.0,0.0,0.0,0.0,0.0,0.0,0.0036354330375410375,0.0,0.0002105492813141684,0.00025661281319375124,0.0010825576210823542,0.03312156029362849,1,2
3779,0.0,1.0,0.0,0.20463320463320464,0.6666666666666666,0.6000000000000001,0.5,0.0,0.0,0.0,0.0,1.0,0.0,0.0,0.0,0.0,0.012495627191154409,0.0,0.0008043294090493882,9.89901386388269e-06,0.0,0.0036905137343037865,0.0005072595156776444,0.6538273573781599,0.4942786277765739,0.580754716981132,0.2416666666666667,0.3976346287427339,0.11266370073312865,0.020202020202020204,0.29999999999999716,1.0,1.0,0.0,0.25000000000000006,0.0014245789744214007,0.0,0.0,0.0,0.0,0.0013205117687810635,0.0036354330375410375,0.0,0.0,0.005747093503661549,0.0013783344889888327,0.03321113065826564,0,0
10703,0.8000000000000114,1.0,1.0,0.0694980694980695,0.0,0.6000000000000001,0.23529411764705882,0.0,0.0,0.0,0.0,0.0,0.0,0.0,0.0,0.0,0.009770786935533304,0.0,0.0008043294090493882,9.89901386388269e-06,0.0010082292327914177,0.0002317685837643157,0.0,0.6540918884600392,0.4939842846890609,0.580754716981132,0.24497549019607845,0.40287476084280827,0.13415627545585562,0.020202020202020204,0.5,0.0,1.0,0.0,0.35000000000000003,0.0,0.0,7.964171310333009e-06,0.0,0.0,4.445072456487981e-06,0.0036354330375410375,0.0,0.0,0.00016346883424464865,0.001498967413971998,0.03312156029362849,1,4
3905,0.6000000000000227,0.0,0.0,0.03474903474903475,0.0,0.4,0.5294117647058824,0.0,0.0,0.0,0.0,1.0,0.0,0.0,0.0,0.0,0.009770786935533304,0.0,0.0008043294090493882,9.89901386388269e-06,0.004441775755936948,0.0011325830147450192,0.0,0.6540826708331458,0.4940485451363693,0.5783018867924529,0.23210784313725494,0.39218732862940087,0.061908640892286496,0.020202020202020204,0.29999999999999716,1.0,1.0,0.0,0.45,2.9748880413241413e-05,0.0,0.0,0.0,1.580805725409131e-06,0.0,0.0036397753461132483,0.0,0.0,0.00020340230063837266,0.00110169880185376,0.03313189285549033,0,1
1019,0.4000000000000341,1.0,0.0,0.06756756756756757,0.2962962962962963,0.6000000000000001,0.5,0.0,0.0,0.0,0.0,1.0,0.0,0.0,0.0,0.0,0.009770786935533304,0.0,0.0008043294090493882,9.89901386388269e-06,0.0007866284727694961,0.0008035863051276202,0.0,0.6540938634528113,0.49398600003483795,0.3920754716981132,0.19877450980392158,0.3967815839822567,0.10965599348330096,0.25252525252525254,0.6000000000000014,0.0,0.0,1.0,0.55,0.0,0.003790783406843847,0.0,0.0,0.0,0.0,0.0036354330375410375,0.011823757451974747,0.0,0.0005562545120212269,0.0010909280430415084,0.03312156029362849,0,0
8750,0.0,0.0,0.0,0.05791505791505792,0.0,0.0,0.4411764705882353,0.0,0.0,0.0,0.0,0.0,0.0,0.0,0.0,0.0,0.009770786935533304,0.0,0.0011289025325452277,9.89901386388269e-06,0.0,0.0,0.0,0.6542780446987375,0.4941664770023708,0.279811320754717,0.13504901960784316,0.39315614375022856,0.07738580111535812,0.020202020202020204,0.14999999999999858,0.0,1.0,0.0,0.05,0.0001353431492282932,0.0,0.0,0.0,0.00047674596431645675,0.0,0.0035273881232172634,0.0,0.003314014373716633,0.002600254489509087,0.0016976710410654804,0.033224801585049715,0,2
849,0.6000000000000227,0.0,0.0,0.10231660231660232,0.0,0.6000000000000001,0.5294117647058824,0.0,0.0,0.0,0.0,1.0,0.0,0.0,0.0,0.0,0.009770786935533304,0.0,0.0008043294090493882,9.89901386388269e-06,0.0025496739974463496,0.0015064542439869183,0.0,0.6541102756725657,0.49400523760473225,0.540188679245283,0.2450980392156863,0.4015647278177897,0.13327902750798926,0.020202020202020204,0.9499999999999957,0.0,1.0,0.0,0.5,4.460974285609523e-05,0.0,7.339135080914469e-05,0.0,3.0144869575623627e-05,0.0,0.003645830783566963,0.0,0.0,0.00029478112316135935,0.0010957404148271529,0.03312156029362849,0,1
207,0.4000000000000341,0.0,0.0,0.0694980694980695,0.0,0.6000000000000001,0.5294117647058824,0.0,0.0,0.0,0.0,1.0,0.0,0.0,0.0,0.0,0.009770786935533304,0.0019367896272901844,0.0008043294090493882,9.89901386388269e-06,0.0,0.010395514874864493,0.0,0.6529928137623423,0.49422863819872603,0.3920754716981132,0.12561274509803924,0.39437477912233887,0.07293690080832134,0.020202020202020204,0.9499999999999957,0.0,1.0,0.0,0.45,0.0002494303092795305,0.0,0.0,0.0,0.000328588469299399,0.0,0.0037063776977674734,0.0,0.0,0.0063314114446603,0.0016103666383871593,0.03312156029362849,0,1
4849,1.0,1.0,0.0,0.03861003861003861,0.0,0.6000000000000001,0.029411764705882346,0.0,0.0,0.0,0.0,0.0,0.0,0.0,0.0,0.0,0.009770786935533304,0.0,0.0008526574785114364,9.89901386388269e-06,0.001029919356121459,0.0384674354336686,0.0,0.6541093665331317,0.49400596504487393,0.5709433962264151,0.2450980392156863,0.40250307705431465,0.1342189360235604,0.020202020202020204,0.29999999999999716,0.0,1.0,0.0,0.75,3.3129743591195364e-06,0.0,0.0,0.0,0.0,1.1600554947419851e-05,0.0036354330375410375,0.0,0.0,0.011770011885386603,0.0011233372747469193,0.03312156029362849,0,3
11465,0.0,0.0,0.0,0.02316602316602317,0.0,0.6000000000000001,0.5588235294117647,0.0,0.0,0.0,0.0,0.0,0.0,0.0,0.0,0.0,0.009770786935533304,0.0,0.0008043294090493882,9.89901386388269e-06,0.0,0.0,0.0,0.6540876727566284,0.49397934554905937,0.5815094339622641,0.2450980392156863,0.4028991335502505,0.1342189360235604,0.020202020202020204,0.6000000000000014,0.0,1.0,0.0,0.8,0.0,0.0,0.0,0.0,0.0,0.0,0.0036354330375410375,0.0,0.00013257186858316224,0.0001117932403206752,0.0010826190855675961,0.03312156029362849,1,2
7857,0.6000000000000227,0.0,1.0,0.02316602316602317,0.0,0.6000000000000001,0.32352941176470584,0.0,0.0,0.0,0.0,0.0,0.0,0.0,0.0,0.0,0.009770786935533304,0.0,0.0008043294090493882,9.89901386388269e-06,0.0,0.00033979983471218604,0.0,0.6540099976592509,0.494541560899335,0.4450943396226415,0.1519607843137255,0.39097478643415107,0.016479729306347515,0.020202020202020204,0.6499999999999986,1.0,1.0,0.0,0.05,0.0022271945350912925,0.0,0.0,0.0,0.0,0.0,0.0038475147021678675,0.0,0.0,0.0004002300331388933,0.0014227347973792142,0.03312156029362849,0,4
10441,0.8000000000000114,0.0,0.0,0.015444015444015444,0.0,0.6000000000000001,0.029411764705882346,0.0,0.0,0.0,0.0,0.0,0.0,0.0,0.0,0.0,0.009770786935533304,0.0,0.0008043294090493882,9.89901386388269e-06,0.003893377137742405,0.33924513578904986,0.0,0.648147893425165,0.48702026924848324,0.20339622641509433,0.2450980392156863,0.39068840712170516,0.1342189360235604,0.020202020202020204,0.14999999999999858,0.0,1.0,0.0,0.75,0.0,0.0,0.0,0.0,0.0,3.613880045925187e-08,0.0036354330375410375,0.0,0.0,0.19608135273402266,0.0010825576210823542,0.03312156029362849,1,2
2899,0.8000000000000114,1.0,0.0,0.10231660231660232,0.4444444444444444,0.6000000000000001,0.5,0.0,0.0,0.0,0.0,1.0,0.0,0.0,0.0,0.0,0.009770786935533304,0.0,0.0008043294090493882,9.89901386388269e-06,0.0,0.000418745748866399,0.0,0.6541387618206208,0.4940368789218451,0.28679245283018867,0.14828431372549022,0.39338159129406897,0.0819600225578044,0.24242424242424243,0.0,0.0,1.0,0.0,0.05,0.0003697496628997673,0.0,0.0,0.0,0.0,0.0,0.0036530464996924277,0.0,0.0,0.00031355829441888236,0.0010961058311055429,0.033122056335964635,0,0
4734,0.6000000000000227,0.0,1.0,0.03861003861003861,0.0,0.6000000000000001,0.23529411764705882,0.0,0.0,0.0,0.0,0.0,0.0,0.0,0.0,0.0,0.009770786935533304,0.0,0.0008043294090493882,9.89901386388269e-06,0.012640280872637041,0.002903880025478755,0.0001483457878767455,0.6543087533348843,0.49423330173440494,0.3054716981132075,0.14289215686274512,0.39398481580326356,0.08102011404223323,0.020202020202020204,0.9499999999999957,0.0,1.0,0.0,0.35000000000000003,0.00041926776735759085,0.0,3.084856229065697e-05,0.00013448835093548514,0.00038145937762050833,0.0,0.003738221163080586,0.0,0.0,0.0009583264475178064,0.0011686224734522518,0.03312156029362849,0,4
2794,0.6000000000000227,1.0,0.0,0.10231660231660232,0.4444444444444444,0.4,0.5,0.0,0.0,0.0,0.0,1.0,0.0,0.0,0.0,0.0,0.009786152434630224,0.0,0.0008043294090493882,9.89901386388269e-06,0.0,0.0,0.0,0.6541211031786538,0.49401825660948795,0.3920754716981132,0.18676470588235297,0.3967815839822567,0.10389122125446458,0.25252525252525254,0.29999999999999716,0.0,1.0,1.0,0.55,8.610338892769074e-05,0.0,0.0,0.0,0.0,0.0,0.00364757453909361,0.0,0.0,2.7628535365292727e-05,0.0010921251134597284,0.03312156029362849,0,0
23,0.0,1.0,0.0,0.10231660231660232,0.4444444444444444,0.6000000000000001,0.5,0.0,0.0,0.0,0.0,1.0,0.0,0.0,0.0,0.0,0.009770786935533304,0.0,0.0008065750502247787,9.89901386388269e-06,0.00017171347636282659,0.0004037875756582323,0.0,0.6541027312068028,0.49399838359695114,0.580754716981132,0.2450980392156863,0.4026310337683862,0.13415627545585562,0.25252525252525254,0.3500000000000014,0.0,0.0,0.0,0.5,0.0,0.004070009118990313,0.0,0.0,0.0,0.0,0.003638190613551765,0.03799231768955746,0.0,0.00012340745796497418,0.0010933626314746884,0.03312156029362849,0,0
8574,0.20000000000004547,1.0,0.0,0.13706563706563707,0.4444444444444444,0.6000000000000001,0.5,0.0,0.0,0.0,0.0,1.0,0.0,0.0,0.0,0.0,0.009770786935533304,0.0,0.0008043294090493882,9.89901386388269e-06,0.0012815247867499374,0.0002945929112386157,0.0,0.6541222117721475,0.4940198116389477,0.3264150943396226,0.2450980392156863,0.3946611584347848,0.1342189360235604,0.24242424242424243,0.75,0.0,0.0,0.0,0.35000000000000003,0.0,0.006941954903785926,0.0,0.0,0.0,0.0,0.003684914309261935,0.023892274337247606,0.0,0.0004234584684274912,0.0010934733666843903,0.03312156029362849,0,0
7889,0.6000000000000227,0.0,1.0,0.0694980694980695,0.0,0.8,0.23529411764705882,0.0,0.0,0.0,0.0,0.0,0.0,0.0,0.0,0.0,0.009770786935533304,0.0,0.0008043294090493882,9.89901386388269e-06,0.0,0.003973804914674009,9.743280013015977e-05,0.6538743867900073,0.49396756870463104,0.580754716981132,0.2450980392156863,0.4005288877514959,0.11817783069114608,0.24242424242424243,0.14999999999999858,0.0,1.0,1.0,0.4,0.00238765654728832,0.0,0.0,0.0,0.0,0.0,0.0036354330375410375,0.0,0.0,0.004875489958818134,0.0016367012457934693,0.03312156029362849,0,4
10866,0.8000000000000114,0.0,1.0,0.06756756756756757,0.0,0.2,0.23529411764705882,0.0,0.0,0.0,0.0,0.0,0.0,0.0,0.0,0.0,0.009770786935533304,0.0,0.0008043294090493882,9.89901386388269e-06,0.0002472674059624703,0.001878331050134395,0.0,0.6540770672342943,0.49396692006403514,0.20339622641509433,0.17279411764705885,0.39068840712170516,0.09724920107776178,0.020202020202020204,0.5,0.0,1.0,0.0,0.35000000000000003,1.968775746198085e-06,0.0,9.073106556075579e-06,0.0,0.0,3.2524920413326684e-06,0.0036354330375410375,0.0,0.0,0.0008482471996688669,0.0010825576210823542,0.03312156029362849,1,4
2912,0.4000000000000341,0.0,0.0,0.10424710424710425,0.0,0.4,0.0,0.0,0.0,0.0,0.0,0.0,0.0,0.0,0.0,0.0,0.009842076229580422,0.0,0.0013988317207732338,9.89901386388269e-06,0.0862811415945711,0.02489281014629509,0.0,0.6535955904357251,0.49432606937305035,0.5779245283018868,0.2450980392156863,0.40143067792685755,0.130897925935209,0.020202020202020204,0.29999999999999716,0.0,1.0,0.0,0.4,3.194168926159307e-05,0.0,0.0,0.0,0.00019841459585159953,0.0,0.0040304582551358515,0.0,0.0038501026694045177,0.006461572544603457,0.0026854700053173973,0.03312156029362849,0,2
7685,0.8000000000000114,1.0,0.0,0.03861003861003861,0.537037037037037,0.6000000000000001,0.5,0.0,0.0,0.0,0.0,1.0,0.0,0.0,0.0,0.0,0.010045424538882651,0.0,0.0009446819825112897,9.89901386388269e-06,0.0024477304177951556,0.0006397112075359276,0.0,0.6540934118649655,0.49416710817508713,0.580754716981132,0.24411764705882358,0.3914500542292741,0.06842533993357981,0.020202020202020204,0.10000000000000142,1.0,1.0,0.0,0.6,0.00013750201366722765,0.0,0.0,0.0,0.00012342805891659808,0.0,0.0037658730971514205,0.0,0.0,0.00017771799553952647,0.0011122302952867676,0.033203407279091914,0,0
7762,0.0,1.0,0.0,0.06756756756756757,0.0,0.6000000000000001,0.47058823529411764,0.0,0.0,0.0,0.0,0.0,0.0,0.0,0.0,0.0,0.009770786935533304,0.0,0.0008043294090493882,9.89901386388269e-06,0.0,0.0,0.0,0.6540874027316143,0.4939789542685563,0.20339622641509433,0.2442401960784314,0.39068840712170516,0.13327902750798926,0.24242424242424243,0.10000000000000142,0.0,0.0,0.0,0.55,0.0,0.0,0.0,0.0,0.0,0.0,0.0036354330375410375,0.00015462555552629188,0.0,0.00024717306361060956,0.0010825576210823542,0.03312156029362849,0,3
5760,0.0,0.0,0.0,0.06756756756756757,0.0,0.0,0.4411764705882353,0.0,0.0,0.0,0.0,0.0,0.0,0.0,0.0,0.0,0.009770786935533304,0.0,0.0008043294090493882,9.89901386388269e-06,0.00046742215776238903,0.0001074495442119972,0.0,0.654073801422559,0.4939630841176743,0.2850943396226415,0.11262254901960785,0.393326752702324,0.06529231154834264,0.24242424242424243,0.29999999999999716,0.0,0.0,0.0,0.35000000000000003,0.0,0.007927024528338782,0.0,0.0,0.0,0.0,0.0036354330375410375,0.013362366688557795,0.0,0.0002617803725861486,0.00108496142770478,0.03312156029362849,0,2
8205,0.4000000000000341,1.0,0.0,0.06756756756756757,0.2962962962962963,0.6000000000000001,0.5,0.0,0.0,0.0,0.0,1.0,0.0,0.0,0.0,0.0,0.009770786935533304,0.0,0.0008043294090493882,9.89901386388269e-06,0.0,0.0005381618316449296,0.0,0.654108451429955,0.49400368995059946,0.3764150943396226,0.12279411764705883,0.3962758503028309,0.07168368945422647,0.24242424242424243,0.3500000000000014,0.0,1.0,1.0,0.5,0.0,0.0,0.0,0.0,0.0,0.0,0.0036354330375410375,0.0,0.0,0.00016884104945456667,0.0010928834563304676,0.03312156029362849,0,0
7677,0.4000000000000341,1.0,0.0,0.06756756756756757,0.2962962962962963,0.6000000000000001,0.5,0.0,0.0,0.0,0.0,1.0,0.0,0.0,0.0,0.0,0.009770786935533304,0.0,0.0008043294090493882,9.89901386388269e-06,0.0,0.0,3.895137165917772e-05,0.6540976332007999,0.4939910152571595,0.580754716981132,0.2450980392156863,0.40288085401966883,0.1342189360235604,0.25252525252525254,0.8999999999999986,0.0,0.0,0.0,0.5,0.0,0.054479081095094646,0.0,0.0,0.0,0.0,0.0036354330375410375,0.026043670365811473,0.0,0.00013535424131274427,0.00108563173757085,0.03312156029362849,0,0
4513,0.6000000000000227,1.0,0.0,0.06756756756756757,0.0,0.6000000000000001,0.1764705882352941,0.0,0.0,0.0,0.0,0.0,0.0,0.0,0.0,0.0,0.010267674970482364,0.0,0.0008043294090493882,9.89901386388269e-06,0.002892739448116502,0.0010778194806106756,0.0,0.6541213566377162,0.49401673263403634,0.3988679245283019,0.2450980392156863,0.3970070315260971,0.13215113728930386,0.24242424242424243,0.29999999999999716,0.0,0.0,1.0,0.35000000000000003,0.0,0.001009249561975177,0.0,0.0,0.0,0.0,0.0036443473545240287,0.02579458574214899,0.0002566735112936345,0.00048352495086981283,0.001102261251461857,0.033123048420636916,0,3
7942,1.0,1.0,0.0,0.06756756756756757,0.2962962962962963,0.4,0.5,0.0,0.0,0.0,0.0,1.0,0.0,0.0,0.0,0.0,0.022180361311960793,0.0004565708390591557,0.0010825393991116463,0.0005663491019833251,0.1807510277503438,0.05287897051203904,0.0,0.6521243437399028,0.503305968952788,0.5790566037735849,0.24240196078431378,0.39250417382614955,0.049125885080518836,0.030303030303030304,0.3999999999999986,1.0,1.0,0.0,0.2,0.027679045371326413,0.0,0.0,0.0,0.008611462666478996,0.0,0.010373415512255353,0.0,0.0,0.01617891216223476,0.005095135729798886,0.03340762790888155,0,0
1720,0.8000000000000114,1.0,0.0,0.03861003861003861,0.537037037037037,0.6000000000000001,0.5,0.0,0.0,0.0,0.0,1.0,0.0,0.0,0.0,0.0,0.009942606625239013,0.0,0.0009009699532430997,9.89901386388269e-06,0.0,0.0,0.00029216791003316213,0.654089681212623,0.4941698987658975,0.580754716981132,0.24497549019607845,0.395867607453174,0.1336549909142177,0.020202020202020204,1.0,0.0,1.0,0.0,0.25000000000000006,1.0373411517898876e-05,0.0,0.0,0.0,6.511041403665332e-05,0.0,0.003763035028034869,0.0,0.0,0.0003481451275798785,0.0011280768805129386,0.03312156029362849,0,0
5415,0.20000000000004547,0.0,0.0,0.10424710424710425,0.0,0.8,0.0,0.0,0.0,0.0,0.0,0.0,0.0,0.0,0.0,0.0,0.009770786935533304,0.0,0.0008043294090493882,9.89901386388269e-06,0.00022630028674343043,5.202120237951295e-05,3.2622589329294566e-06,0.6541139738556427,0.4940098922123838,0.3971698113207547,0.19154411764705886,0.3969460997574916,0.10583369885331163,0.020202020202020204,1.0,0.0,1.0,0.0,0.55,5.194173529021224e-05,0.0,0.0,0.0,2.159912773331288e-06,0.0,0.003655525294702498,0.0,0.0,5.704780913389147e-06,0.0010879014623928086,0.03312156029362849,0,2
6627,0.8000000000000114,1.0,0.0,0.06756756756756757,0.0,0.6000000000000001,0.0,0.0,0.0,0.0,0.0,0.0,0.0,0.0,0.0,0.0,0.009770786935533304,0.0,0.0008043294090493882,9.89901386388269e-06,0.00013303275642425304,9.980425568337868e-05,0.0,0.6541034511630676,0.4939978316119557,0.3920754716981132,0.15465686274509804,0.3967815839822567,0.08797543705745975,0.25252525252525254,0.10000000000000142,0.0,0.0,0.0,0.55,0.0,0.0005256508135287381,0.0,0.0,0.0,0.0,0.003637527428889638,0.0025175697342332717,0.0,3.67357192449633e-05,0.0010837970722545112,0.03312156029362849,0,3
5650,0.20000000000004547,0.0,1.0,0.03474903474903475,0.0,0.6000000000000001,0.23529411764705882,0.0,0.0,0.0,0.0,0.0,0.0,0.0,0.0,0.0,0.009770786935533304,0.0,0.0008043294090493882,9.89901386388269e-06,0.0,0.0,0.0,0.6540660028350956,0.4940664636872661,0.580754716981132,0.24044117647058827,0.39580667568456845,0.1264490256281722,0.020202020202020204,0.10000000000000142,0.0,1.0,0.0,0.8,9.783457682227796e-05,0.0,0.0,0.0,0.00020384568086859924,0.0,0.0037473321973612236,0.0,0.0,0.00023105641798085548,0.001110834754062976,0.03312156029362849,0,4
9715,0.20000000000004547,1.0,1.0,0.04247104247104247,0.0,0.8,0.23529411764705882,0.0,0.0,0.0,0.0,0.0,0.0,0.0,0.0,0.0,0.009770786935533304,0.0,0.0008043294090493882,9.89901386388269e-06,0.0,0.0,0.0,0.6540636647166604,0.4939512176047973,0.20339622641509433,0.2450980392156863,0.39068840712170516,0.1342189360235604,0.020202020202020204,0.3999999999999986,0.0,1.0,0.0,0.10000000000000002,0.0,0.0,0.0,0.0,0.0,0.0,0.0036354330375410375,0.0,0.0,0.0006146581659461929,0.0010825576210823542,0.03312156029362849,1,4
6507,0.4000000000000341,1.0,0.0,0.06756756756756757,0.0,0.6000000000000001,0.0,0.0,0.0,0.0,0.0,0.0,0.0,0.0,0.0,0.0,0.009770786935533304,0.0,0.0008043294090493882,9.89901386388269e-06,6.434736587912238e-05,1.4791971283631478e-05,0.0,0.6540967171036661,0.49398983054674733,0.4432075471698113,0.22254901960784318,0.3984328349114662,0.12193746475343067,0.25252525252525254,0.6000000000000014,0.0,0.0,0.0,0.85,0.0,0.00011101745181726947,0.0,0.0,0.0,0.0,0.0036409638955343603,0.0034576807541463707,0.0,0.0001243028271666272,0.001083743340398058,0.03312156029362849,0,3
6546,0.0,1.0,0.0,0.07673745173745174,0.4444444444444444,0.6000000000000001,0.5,0.3333333333333333,0.0,0.0,0.0,1.0,0.0,0.0,0.0,0.0,0.018555758965734862,2.6996397214032913e-05,0.0008043294090493882,9.89901386388269e-06,0.0,0.0,0.0,0.6542334176812182,0.4942660606076373,0.37113207547169813,0.23848039215686279,0.3953070351820032,0.12550911711260104,0.020202020202020204,0.25,0.0,1.0,0.0,0.10000000000000002,9.725073298030196e-05,0.0,0.0,0.0,0.00032010533362443114,0.0,0.003410047236794105,0.0,0.0,0.004300637349379714,0.0012227754607658655,0.033238894147819505,0,0
3937,0.6000000000000227,0.0,0.0,0.10231660231660232,0.0,0.6000000000000001,0.029411764705882346,0.0,0.0,0.0,0.0,0.0,0.0,0.0,0.0,0.0,0.009771403963410849,0.0,0.0008929074776342327,9.89901386388269e-06,0.009725851301190499,0.002687485119733944,0.0,0.6540604605302658,0.4941041535488228,0.5671698113207547,0.24031862745098043,0.39174252671858056,0.03621780813334169,0.020202020202020204,0.29999999999999716,0.0,1.0,0.0,0.6,0.0,0.0,0.0012112597252360898,0.005280645544084491,0.0,6.504984082665337e-07,0.003763651487430689,0.0,0.0,0.0007978251226272077,0.0011550327749015247,0.03312156029362849,0,2
4722,0.4000000000000341,1.0,0.0,0.10231660231660232,0.4444444444444444,0.6000000000000001,0.5,0.0,0.0,0.0,0.0,1.0,0.0,0.0,0.0,0.0,0.009770786935533304,0.0,0.0008043294090493882,9.89901386388269e-06,0.0001800280236393424,0.0006402929142718008,0.0,0.6540977491624624,0.4939911072546587,0.580754716981132,0.2450980392156863,0.40287476084280827,0.13415627545585562,0.25252525252525254,0.0,0.0,0.0,0.0,0.5,0.0,0.014753125992822974,0.0,0.0,0.0,0.0,0.0036354330375410375,0.022221592323466776,0.0,0.00026461997205424814,0.001091298366565091,0.03312156029362849,0,0
2451,0.4000000000000341,0.0,0.0,0.06756756756756757,0.0,0.6000000000000001,0.0,0.0,0.0,0.0,0.0,0.0,0.0,0.0,0.0,0.0,0.009770786935533304,0.0,0.0008043294090493882,9.89901386388269e-06,0.0,0.0006048088033835388,0.0,0.6541071085939031,0.49400211667690985,0.3428301886792453,0.11997549019607844,0.3951912648216528,0.07024249639701736,0.24242424242424243,0.9499999999999957,0.0,0.0,1.0,0.5,0.0,0.0012596696095402678,0.0,0.0,0.0,0.0,0.0036354330375410375,0.0037467733886792933,0.0,0.00019595794527605767,0.0010851832946692501,0.03312156029362849,0,2
329,0.0,0.0,0.0,0.06756756756756757,0.0,0.0,0.4411764705882353,0.0,0.0,0.0,0.0,0.0,0.0,0.0,0.0,0.0,0.009770786935533304,0.0,0.0008043294090493882,9.89901386388269e-06,0.0,0.0002148990884239944,0.0,0.653957513410799,0.49382666968235245,0.5613207547169811,0.24411764705882358,0.40224716362617147,0.13359233034651294,0.020202020202020204,0.3999999999999986,0.0,1.0,0.0,0.75,0.0,0.0,4.0324918027002574e-07,0.0,0.0,2.89110403674015e-07,0.0036354330375410375,0.0,0.00212097022587269,0.00020611399022052177,0.0010846469674673808,0.03312156029362849,0,2
4516,0.4000000000000341,0.0,0.0,0.03474903474903475,0.0,0.0,0.4411764705882353,0.0,0.0,0.0,0.0,0.0,0.0,0.0,0.0,0.0,0.011598935190476882,0.0,0.0008090858018167083,9.89901386388269e-06,0.0,0.0008156359446564211,0.0,0.6540943723588502,0.4941554982459528,0.580754716981132,0.241421568627451,0.3974762061443596,0.13083526536750426,0.24242424242424243,0.29999999999999716,0.0,1.0,1.0,0.25000000000000006,3.6775373162603546e-05,0.0,0.0,0.0,0.0,0.0,0.0036354330375410375,0.0,0.0,0.0003260422992876443,0.0011373757631761789,0.03312156029362849,0,2
6499,0.20000000000004547,0.0,0.0,0.02316602316602317,0.0,0.6000000000000001,0.5294117647058824,0.0,0.0,0.0,0.0,1.0,0.0,0.0,0.0,0.0,0.010419659471344059,0.0,0.0008267390366121385,8.79170086111299e-05,0.0,0.001163828976557634,0.0,0.6537251968100839,0.49474003677001077,0.580754716981132,0.24436274509803926,0.396166173119341,0.13114856820602797,0.030303030303030304,0.29999999999999716,1.0,0.0,0.0,0.2,0.0006251541882367265,0.0,0.002222003795582909,0.0,0.001078719914860621,0.0,0.004201090682055089,0.0,0.0,0.002768276915693571,0.0013902826396704005,0.033121773591833034,0,1
197,0.8000000000000114,0.0,0.0,0.06756756756756757,0.0,0.6000000000000001,0.5588235294117647,0.0,0.0,0.0,0.0,0.0,0.0,0.0,0.0,0.0,0.009770786935533304,0.0,0.0008043294090493882,9.89901386388269e-06,0.0,0.0,0.0,0.6540880358822916,0.4939797709889715,0.20339622641509433,0.2450980392156863,0.39068840712170516,0.1342189360235604,0.25252525252525254,0.8999999999999986,0.0,0.0,0.0,0.05,0.0,0.0,0.0,0.0,0.0,0.0,0.0036354330375410375,8.495909644301751e-05,0.0,0.00023832169950283987,0.0010825576210823542,0.03312156029362849,0,2
3704,0.6000000000000227,1.0,0.0,0.03861003861003861,0.537037037037037,0.6000000000000001,0.5,0.0,0.0,0.0,0.0,1.0,0.0,0.0,0.0,0.0,0.009853558967886934,0.0,0.0008043294090493882,9.89901386388269e-06,0.0,2.8337428133249068e-05,0.0,0.6537736787245841,0.49364006420630463,0.40641509433962264,0.16911764705882357,0.3948805128017646,0.09536938404661949,0.020202020202020204,0.14999999999999858,0.0,0.0,0.0,0.10000000000000002,2.036664565032502e-06,0.0,0.0,0.0,0.0002891935384988566,0.0,0.0036354330375410375,0.0,0.003630492813141684,0.0,0.0010933819134785264,0.03312156029362849,0,0
1355,0.20000000000004547,0.0,0.0,0.03581081081081081,0.0,0.0,0.7941176470588235,0.3333333333333333,0.0,0.0,0.0,0.0,0.0,0.0,0.0,0.0,0.009770786935533304,0.0,0.0008067465922590099,9.89901386388269e-06,0.011828708758037997,0.0027191465863578967,0.0,0.6540327334341216,0.4943148720740497,0.580377358490566,0.24448529411764708,0.39070059347542624,0.021931198696660194,0.030303030303030304,0.29999999999999716,0.0,1.0,0.0,0.8,0.0007041699844781041,0.0,0.0,0.0,0.00014894007210884447,0.0,0.003910837646896051,0.0,0.0,0.0010894084986398064,0.0012258160691962778,0.033121962087920766,0,2
4774,0.6000000000000227,1.0,0.0,0.06756756756756757,0.2962962962962963,0.4,0.5,0.0,0.0,0.0,0.0,1.0,0.0,0.0,0.0,0.0,0.009770786935533304,0.0,0.0008043294090493882,9.89901386388269e-06,4.4103250771083885e-05,0.0007380196458984897,0.0,0.6541070907026751,0.4940019210366583,0.400188679245283,0.21004901960784317,0.3970435905872604,0.11542076571213737,0.24242424242424243,0.29999999999999716,0.0,0.0,1.0,0.55,0.0,0.0034324998123426596,0.0,0.0,0.0,0.0,0.003638663755954289,0.006922389942634846,0.0,0.00029370668011937577,0.0010863096809294419,0.03312156029362849,0,0
4572,0.4000000000000341,0.0,1.0,0.015444015444015444,0.0,0.6000000000000001,0.23529411764705882,0.0,0.0,0.0,0.0,0.0,0.0,0.0,0.0,0.0,0.009770786935533304,0.0,0.0008043294090493882,9.89901386388269e-06,3.0004670606557067e-05,0.001534874773082435,0.0,0.6539179751223496,0.49378020706348397,0.20339622641509433,0.05600490196078432,0.39068840712170516,0.03747101948743656,0.04040404040404041,0.6000000000000014,0.0,1.0,0.0,0.35000000000000003,0.0,0.0,0.0,0.0,0.0,0.0,0.0036354330375410375,0.0,0.0,0.001124174405641133,0.0010825576210823542,0.03312156029362849,0,4
8584,0.6000000000000227,1.0,0.0,0.13706563706563707,0.4444444444444444,0.6000000000000001,0.5,0.0,0.0,0.0,0.0,1.0,0.0,0.0,0.0043620954367766755,0.0,0.009770786935533304,0.0,0.0008043294090493882,9.89901386388269e-06,0.0,0.0014970638352506803,0.001004145047948573,0.6540155677948798,0.4941995716470666,0.580754716981132,0.2450980392156863,0.39588588698375565,0.13415627545585562,0.020202020202020204,0.5,0.0,1.0,0.0,0.25000000000000006,0.0013235739897595555,0.0,0.0,0.0,0.00014726535713242093,0.0,0.003703718676730218,0.0,0.0,0.002999205423788476,0.001171557848735754,0.0346592915356685,0,0
11851,0.20000000000004547,0.0,1.0,0.03861003861003861,0.0,0.6000000000000001,0.23529411764705882,0.0,0.0,0.0,0.0,0.0,0.0,0.0,0.0,0.0,0.0100631227043459,0.0,0.0008043294090493882,9.89901386388269e-06,0.014669753412217901,0.011237327622635206,0.0,0.6539447539834135,0.49381139111032635,0.580754716981132,0.2450980392156863,0.40287476084280827,0.1339682937527414,0.25252525252525254,0.6499999999999986,0.0,1.0,0.0,0.25000000000000006,0.0,0.0,0.0,0.0,0.0,0.0,0.0036354330375410375,0.0,0.0,0.0025162688583940354,0.001097154395396517,0.03312156029362849,1,4
4807,0.8000000000000114,0.0,0.0,0.10231660231660232,0.0,0.6000000000000001,0.5294117647058824,0.0,0.0,0.0,0.0,1.0,0.0,0.0,0.0,0.0,0.009891468558704897,0.0,0.0008043294090493882,9.89901386388269e-06,0.0005841873216891111,0.0011404776061604406,0.0,0.6541534445550088,0.49405614249947133,0.39358490566037735,0.18872549019607845,0.39683032939714113,0.10526975374396894,0.020202020202020204,0.14999999999999858,0.0,1.0,0.0,0.55,2.632728394398681e-05,0.0,0.0012508789571976198,0.0027622852471553077,0.0,0.00022228976162485826,0.0036809980251766446,0.0,0.0,0.00039462758013426445,0.0011097575393909775,0.03312156029362849,0,1
5303,0.6000000000000227,1.0,0.0,0.10231660231660232,0.4444444444444444,0.6000000000000001,0.5,0.0,0.0,0.0,0.0,1.0,0.0,0.0,0.0,0.0,0.01001806461982467,0.0,0.0010653851956885251,9.89901386388269e-06,0.0,0.0,0.0,0.6541435772114863,0.4940463515588663,0.3160377358490566,0.18933823529411767,0.39424072923140674,0.10219938592643651,0.24242424242424243,0.14999999999999858,0.0,1.0,0.0,0.35000000000000003,0.00021993940637785988,0.0,0.0,0.0,0.0,0.0,0.0036354330375410375,0.0,0.0,0.0003892042009699663,0.0011025543478338212,0.0331625482718639,0,0
9792,0.20000000000004547,0.0,0.0,0.015444015444015444,0.0,0.8,0.5588235294117647,0.0,0.0,0.0,0.0,0.0,0.0,0.0,0.0,0.0,0.009770786935533304,0.0,0.0008043294090493882,9.89901386388269e-06,0.0005191169516989873,0.0007802349347304267,0.0,0.6541084156474991,0.49400364802768837,0.5652830188679245,0.2450980392156863,0.40237512034024303,0.1342189360235604,0.020202020202020204,0.6999999999999957,0.0,1.0,0.0,0.35000000000000003,0.0,0.0,0.0,0.0,0.0,0.0,0.0036354330375410375,0.0,0.0,6.1013015598354775e-05,0.0011127946780520616,0.03312156029362849,1,2
9926,0.6000000000000227,0.0,0.0,0.03474903474903475,0.0,0.2,0.5588235294117647,0.0,0.0,0.0,0.0,0.0,0.0,0.0,0.0,0.0,0.009770786935533304,0.0,0.0008043294090493882,9.89901386388269e-06,0.03993513207116096,0.005986842624644172,0.0,0.653940920953489,0.4943541282221442,0.580754716981132,0.2450980392156863,0.39074933889031066,0.09681057710382857,0.020202020202020204,0.9499999999999957,0.0,1.0,0.0,0.35000000000000003,0.0,0.0,0.0,0.0,4.132007044633768e-06,0.0,0.0036947929729176225,0.0,0.0,0.0015270905463849853,0.0011634095415817363,0.03312156029362849,1,2
10742,0.6000000000000227,0.0,1.0,0.03474903474903475,0.0,0.8,0.32352941176470584,0.0,0.0,0.0,0.0,0.0,0.0,0.0,0.0,0.0,0.009770786935533304,0.0,0.0008043294090493882,9.89901386388269e-06,0.0,0.0,0.0,0.653937825108419,0.4938037832664966,0.580754716981132,0.2450980392156863,0.40287476084280827,0.1342189360235604,0.25252525252525254,0.5,0.0,0.0,1.0,0.75,0.0,0.0,0.0,0.0,0.0,0.0,0.0036354330375410375,0.0386177711104625,0.0,0.002557941899236685,0.0010825605951703498,0.03312156029362849,1,4
6779,0.0,0.0,0.0,0.03581081081081081,0.0,0.0,0.7941176470588235,0.3333333333333333,0.0,0.0,0.0,0.0,0.0,0.0,0.0,0.0,0.009837471094689474,0.0,0.0008043294090493882,0.0003594414931842557,0.0012515201161433804,0.0014686433061551637,1.44191844835482e-05,0.6541020473643131,0.49403004160559344,0.580754716981132,0.2450980392156863,0.4006690308192886,0.12588508051882952,0.24242424242424243,0.5,0.0,0.0,0.0,0.45,0.0,0.004125728105224359,0.0,0.0,0.0,0.0,0.0036354330375410375,0.055455582727877484,0.0,0.0004021742634053398,0.0011237244514358102,0.03312411987208298,0,2
7226,0.6000000000000227,0.0,0.0,0.05791505791505792,0.0,0.4,0.5294117647058824,0.0,0.0,0.0,0.0,1.0,0.0,0.0,0.0,0.0,0.027661781135245513,0.0,0.0008043294090493882,0.002960311229854292,0.304673570873924,0.10527429342368069,0.0,0.6537447532474876,0.4964115389455719,0.580566037735849,0.2410539215686275,0.3981464555990203,0.1319004950184849,0.030303030303030304,0.29999999999999716,0.0,1.0,0.0,0.25000000000000006,8.776666498913395e-05,0.0,6.552799179387918e-06,2.8567786963420048e-05,0.0,0.0002677885114030564,0.005883874840611675,0.0,0.0,0.023693899363571573,0.00213527567205561,0.033282015108100325,0,1
4579,0.6000000000000227,0.0,0.0,0.0637065637065637,0.0,0.6000000000000001,0.5294117647058824,0.0,0.0,0.0,0.0,1.0,0.0,0.0,0.0,0.0,0.009770786935533304,0.0,0.0008043294090493882,9.89901386388269e-06,0.0002841406156235404,0.0005810419281750073,0.0,0.6541027640073874,0.49399694346732165,0.20339622641509433,0.21973039215686277,0.39068840712170516,0.11122250767591955,0.24242424242424243,1.0,0.0,0.0,1.0,0.35000000000000003,0.0,0.0,0.0,0.0,0.0,0.0,0.0036354330375410375,0.00023850335437821643,0.0,0.00016853406572828563,0.0010825576210823542,0.03312156029362849,0,1
2201,0.4000000000000341,1.0,0.0,0.015444015444015444,0.35185185185185186,0.2,0.5,0.0,0.0,0.0,0.0,1.0,0.0,0.0,0.0,0.0,0.009770786935533304,0.0,0.0008043294090493882,9.89901386388269e-06,0.000938459336079785,0.00021573009804667033,1.309253251749022e-05,0.6540897133505695,0.4940921577736368,0.580754716981132,0.24154411764705885,0.3917851789566044,0.13227645842471336,0.020202020202020204,0.14999999999999858,0.0,1.0,0.0,0.10000000000000002,8.818757566590733e-06,0.0,0.00034800404257303224,0.0015171692399650156,2.4807693809638344e-05,0.0,0.0036916246857425466,0.0,0.0,0.00022266552946250732,0.0010983330264691645,0.03312156029362849,0,0
11661,0.8000000000000114,0.0,0.0,0.05791505791505792,0.0,0.6000000000000001,0.0,0.0,0.0,0.0,0.0,0.0,0.0,0.0,0.0,0.0,0.009770786935533304,0.0,0.0008043294090493882,9.89901386388269e-06,0.00011206563720521315,2.5761298302953698e-05,0.0,0.6540870422565034,0.4939782939827073,0.580754716981132,0.2450980392156863,0.40287476084280827,0.1342189360235604,0.020202020202020204,0.6000000000000014,0.0,1.0,0.0,0.45,4.487450924954946e-06,0.0,0.0,0.0,0.0,4.343883815202075e-05,0.0036354330375410375,0.0,0.0,0.00025367088581689136,0.0017094904137368396,0.03312156029362849,1,2
71,0.4000000000000341,1.0,0.0,0.06756756756756757,0.0,0.6000000000000001,0.5294117647058824,0.0,0.0,0.0,0.0,1.0,0.0,0.0,0.0,0.0,0.009770786935533304,0.0,0.0008043294090493882,9.89901386388269e-06,0.00025088242651747717,0.00019645067480058884,2.631555539229762e-06,0.6540964242176385,0.4939895223357161,0.580754716981132,0.24301470588235294,0.40287476084280827,0.13302838523717025,0.24242424242424243,0.9499999999999957,0.0,1.0,1.0,0.5,7.270213608977688e-05,0.0,0.0,0.0,0.0,0.0,0.0036354330375410375,0.0,0.0,0.00014865686945158893,0.001089538301289308,0.03312156029362849,0,0
724,0.20000000000004547,0.0,1.0,0.03861003861003861,0.0,0.6000000000000001,0.32352941176470584,0.0,0.0,0.0,0.0,0.0,0.0,0.0,0.0,0.0,0.009920017385136686,7.303431146059915e-05,0.0008043294090493882,9.89901386388269e-06,0.0,0.0,0.00014014664375864948,0.6540816367864353,0.49401804233683144,0.580754716981132,0.24411764705882358,0.3961905458267832,0.0727489191052071,0.020202020202020204,0.5,1.0,1.0,0.0,0.25000000000000006,0.0,0.0,0.0,0.0,0.0,0.00011094611740990326,0.0037123031683039807,0.0,0.0,0.00014354047401357175,0.0011663397122112459,0.03312156029362849,0,4
12489,0.8000000000000114,0.0,0.0,0.02316602316602317,0.0,0.6000000000000001,0.029411764705882346,0.0,0.0,0.0,0.0,0.0,0.0,0.0,0.0,0.0,0.009770786935533304,0.0,0.0008043294090493882,9.89901386388269e-06,0.0,0.021960260288834015,0.0,0.6536462355322097,0.4934621554052485,0.20339622641509433,0.2450980392156863,0.39068840712170516,0.1342189360235604,0.020202020202020204,1.0,0.0,1.0,0.0,0.25000000000000006,0.0,0.0,0.0,0.0,0.0,0.0,0.0036354330375410375,0.0,0.01324435318275154,0.0006207978404718135,0.0010825576210823542,0.03312156029362849,1,2
2278,0.8000000000000114,0.0,0.0,0.05791505791505792,0.0,0.6000000000000001,0.029411764705882346,0.0,0.0,0.0,0.0,0.0,0.0,0.0,0.0,0.0,0.009770786935533304,0.0,0.0008107076537767124,7.998160281431597e-05,0.04688862410871668,0.01156823565438476,0.0,0.6534126675394967,0.49483159330233706,0.580754716981132,0.24473039215686276,0.39157191776648514,0.03985212106021681,0.020202020202020204,0.6499999999999986,1.0,1.0,0.0,0.25000000000000006,0.0016092094061234804,0.0,0.004124835864982093,0.01798276263685069,0.000529209932549837,0.0,0.004012796104471671,0.0,0.0,0.008534198754567023,0.001834337076160273,0.03312156029362849,0,2
10027,0.6000000000000227,0.0,0.0,0.08687258687258688,0.0,0.6000000000000001,0.029411764705882346,0.0,0.0,0.0,0.0,0.0,0.0,0.0,0.0,0.0,0.022904902534803193,0.0,0.0008043294090493882,1.966644574388964e-05,0.0,0.00010927776538188423,0.0,0.6534684593458824,0.4933816490535591,0.580754716981132,0.2388480392156863,0.4026919655369917,0.130897925935209,0.020202020202020204,0.14999999999999858,0.0,1.0,0.0,0.25000000000000006,0.005517398984373765,0.0,5.544676228712854e-06,2.417274281520158e-05,0.0,2.3851608303106235e-06,0.004119822093870507,0.0,0.0,0.0015530562532329224,0.002663384477430369,0.053067328381851964,1,2
2805,0.4000000000000341,1.0,0.0,0.10231660231660232,0.0,0.6000000000000001,0.5588235294117647,0.0,0.0,0.0,0.0,0.0,0.0,0.0,0.0,0.0,0.009825386377965845,1.309445297366188e-07,0.0008043294090493882,9.89901386388269e-06,0.0011564450755466996,0.0004652822877362508,0.0,0.654101388370751,0.49399541405741865,0.3790566037735849,0.12218137254901963,0.3963611547788787,0.07137038661570275,0.25252525252525254,0.29999999999999716,0.0,0.0,0.0,0.5,0.0,0.02497577275400446,0.0,0.0,0.0,0.0,0.0036385597038906636,0.03827770301806377,0.0,0.00014231253910844762,0.0011027406744467442,0.03312156029362849,0,3
2476,0.4000000000000341,0.0,0.0,0.06756756756756757,0.0,0.6000000000000001,0.5588235294117647,0.0,0.0,0.0,0.0,0.0,0.0,0.0,0.0,0.0,0.009770786935533304,0.0,0.0008043294090493882,9.89901386388269e-06,0.0014489002384467558,0.0015777548696125126,0.0,0.6541029946054363,0.49399729670666476,0.3943396226415094,0.19522058823529415,0.39685470210458335,0.10871608496772982,0.24242424242424243,0.3999999999999986,0.0,1.0,1.0,0.55,0.0,0.0,0.0,0.0,0.0,0.0,0.0036354330375410375,0.0,0.0,0.00048365286075576327,0.0010860365109470482,0.03312156029362849,0,2
1382,0.4000000000000341,0.0,0.0,0.02316602316602317,0.0,0.8,0.1176470588235294,0.0,0.0,0.0,0.0,0.0,0.0,0.0,0.0,0.0,0.009770786935533304,0.0,0.0008043294090493882,9.89901386388269e-06,0.002060561716353919,0.0013053499152993443,1.7637946630705264e-05,0.6540976785915078,0.493996986554758,0.580754716981132,0.2450980392156863,0.3962697571259704,0.07487937840716838,0.020202020202020204,0.6999999999999957,0.0,1.0,0.0,0.45,2.6517372636723175e-05,0.0,0.0,0.0,4.5389471323628513e-07,0.0,0.0036354330375410375,0.0,0.0,0.0003659757656813683,0.00109549128538939,0.03312160989786211,0,2
12474,0.6000000000000227,0.0,0.0,0.02316602316602317,0.0,0.6000000000000001,0.029411764705882346,0.0,0.0,0.0,0.0,0.0,0.0,0.0,0.0,0.0,0.009770786935533304,0.0,0.0008043294090493882,9.89901386388269e-06,0.0002035256572468871,0.00018947019397011106,0.0,0.653838027176387,0.49368685949123575,0.20339622641509433,0.2450980392156863,0.39068840712170516,0.1342189360235604,0.020202020202020204,1.0,0.0,1.0,0.0,0.55,0.0,0.0,0.0,0.0,0.0,0.0,0.0036354330375410375,0.0,0.004081108829568789,7.492961118976148e-05,0.0010825576210823542,0.03312156029362849,1,2
9147,0.0,0.0,0.0,0.03474903474903475,0.0,1.0,0.5588235294117647,0.0,0.0,0.0,0.0,0.0,0.0,0.0,0.0,0.0,0.009770786935533304,0.0,0.0008043294090493882,9.89901386388269e-06,0.0,0.0,0.0,0.6536894948647495,0.49351283515842825,0.5426415094339623,0.23700980392156865,0.4016439391169769,0.13008333855504733,0.020202020202020204,0.3999999999999986,0.0,1.0,0.0,0.5,0.00013974913357064683,0.0,0.0,0.0,0.00013488498754035536,0.0,0.0036380893100332163,0.0,0.0059652464065708425,0.0005143512333838663,0.0011288589665195091,0.03312156029362849,1,2
10148,0.6000000000000227,0.0,0.0,0.10231660231660232,0.0,0.6000000000000001,0.5588235294117647,0.0,0.0,0.0,0.0,0.0,0.0,0.0,0.0,0.0,0.010201713185426734,0.0,0.0008043294090493882,9.89901386388269e-06,0.0,0.0,8.220892510982232e-06,0.6535983168600703,0.4934009130193604,0.3920754716981132,0.13137254901960788,0.3967815839822567,0.07594460805814901,0.020202020202020204,0.14999999999999858,0.0,1.0,0.0,0.0,0.00019997330475865792,0.0,0.0,0.0,0.0002461674499924239,0.0,0.003641449602714379,0.0,0.0,0.005181706225783461,0.001380205339042451,0.03312156029362849,1,2
11432,0.0,0.0,0.0,0.06756756756756757,0.0,0.6000000000000001,0.029411764705882346,0.0,0.0,0.0,0.0,0.0,0.0,0.0,0.0,0.0,0.009770786935533304,0.0,0.0008043294090493882,9.89901386388269e-06,0.0,7.254714005960832e-05,0.0,0.653723918581244,0.49355316422250545,0.580754716981132,0.2450980392156863,0.40287476084280827,0.1342189360235604,0.020202020202020204,0.6000000000000014,0.0,1.0,0.0,0.8,0.0,0.0,0.0,0.0,0.0,7.227760091850375e-08,0.0036354330375410375,0.0,0.0,0.0058835221880162766,0.0010834177768988087,0.03312156029362849,1,2
9368,0.20000000000004547,0.0,0.0,0.03474903474903475,0.0,0.8,0.5588235294117647,0.0,0.0,0.0,0.0,0.0,0.0,0.0,0.0,0.0,0.009770786935533304,0.0,0.0008043294090493882,9.89901386388269e-06,0.0,0.0,0.0,0.653675688137892,0.4934966622309665,0.20339622641509433,0.2450980392156863,0.39068840712170516,0.1342189360235604,0.020202020202020204,0.29999999999999716,0.0,1.0,0.0,0.10000000000000002,0.0,0.0,0.0,0.0,0.0,0.0,0.0036354330375410375,0.0,0.0,0.0034117148059786104,0.0010825576210823542,0.03312156029362849,1,2
12274,0.6000000000000227,0.0,1.0,0.21235521235521235,0.0,0.6000000000000001,0.2647058823529412,0.0,0.0,0.0,0.0,0.0,1.0,0.0,0.0,0.0,0.009770786935533304,0.0,0.0008043294090493882,9.89901386388269e-06,0.03535851604852225,0.008092371705618166,3.3666512187831995e-05,0.6537170248260673,0.49354203873589875,0.4241509433962264,0.23480392156862748,0.3978113308716899,0.12851682436242873,0.020202020202020204,0.8999999999999986,0.0,1.0,0.0,0.85,0.0011641981986638787,0.0,0.0008367420490603034,0.00048213634305956603,0.0,6.8663720872578556e-06,0.0037512963846607116,0.0,0.0013133213552361397,0.0031465320304261807,0.0011453941026847898,0.03312156029362849,1,4
999,0.6000000000000227,1.0,0.0,0.08687258687258688,0.8888888888888888,0.4,0.5,0.0,0.0,0.0,0.0,1.0,0.0,0.0,0.0,0.0,0.012200477173241788,0.002792435744809975,0.00096890059879866,0.2023060248758777,0.0033981193217064633,0.0007855533963155527,2.1661399314651594e-05,0.6513259864578499,0.49306158004931705,0.580754716981132,0.2450980392156863,0.391383029283808,0.053136161413622415,0.020202020202020204,0.14999999999999858,0.0,1.0,0.0,0.45,0.00045771320546352103,0.0,0.0,0.0,0.0,0.00021838677117525906,0.003714997920427236,0.0,0.0,0.0020714238570356323,0.0023585743624867893,0.03312156029362849,0,0
3051,0.4000000000000341,0.0,0.0,0.06756756756756757,0.0,0.6000000000000001,0.5588235294117647,0.0,0.0,0.0,0.0,0.0,0.0,0.0,0.0,0.0,0.009816868383363634,0.0,0.0008043294090493882,9.89901386388269e-06,0.000980032072462364,0.0009386253688124581,0.0,0.6541194373065421,0.49401480379195306,0.40094339622641506,0.18627450980392157,0.3970679632947026,0.10100883514004638,0.25252525252525254,0.0,0.0,1.0,0.0,0.55,0.00014533638336071934,0.0,0.0,0.0,0.0,0.0,0.0036354330375410375,0.0,0.0,0.0002538243776800319,0.0010925891207551719,0.03312156029362849,0,2
1827,0.4000000000000341,1.0,0.0,0.06756756756756757,0.0,0.6000000000000001,0.5588235294117647,0.0,0.0,0.0,0.0,0.0,0.0,0.0,0.0,0.0,0.009770786935533304,0.0,0.0008043294090493882,9.89901386388269e-06,0.0009702715169638454,0.00022304298272621847,0.0,0.6540776808371485,0.49396763896432455,0.35660377358490564,0.10980392156862748,0.39563606673247304,0.06504166927752367,0.25252525252525254,0.14999999999999858,0.0,0.0,0.0,0.05,0.0,0.000352816826040489,0.0,0.0,0.0,0.0,0.003635923849161913,0.009505841594382567,0.0,0.00019020200040828836,0.0010854967139758507,0.03312156029362849,0,3
10414,0.0,0.0,1.0,0.10231660231660232,0.0,1.0,0.2647058823529412,0.0,0.0,0.0,0.0,0.0,0.0,0.0,0.0,0.0,0.009770786935533304,0.0,0.0008043294090493882,9.89901386388269e-06,0.0228190942493699,0.002744159976000442,0.0,0.6537344260331436,0.49356547985397575,0.5713207547169811,0.2433823529411765,0.4025701019997807,0.13334168807569396,0.020202020202020204,0.14999999999999858,0.0,1.0,0.0,0.75,0.0,0.0,3.064693770052196e-05,0.0,0.0,1.098619533961257e-05,0.0037026926841179394,0.0,0.0,0.005266408152259835,0.0011297296307802146,0.03312156029362849,1,4
2779,0.8000000000000114,1.0,0.0,0.03861003861003861,0.0,0.6000000000000001,0.1764705882352941,0.0,0.0,0.0,0.0,0.0,0.0,0.0,0.0,0.0,0.009894327956186205,0.0,0.0008043294090493882,9.89901386388269e-06,0.0,0.0006324814238186471,2.1530908957334414e-05,0.6540686305263681,0.4939370480490385,0.580754716981132,0.24485294117647063,0.40287476084280827,0.12387994235227774,0.020202020202020204,0.14999999999999858,0.0,1.0,0.0,0.5,3.568236317936943e-05,0.0,0.0,0.0,0.00016938098574631303,0.0,0.003661347105824676,0.0,0.0,0.0009276536568668934,0.0011108140841514067,0.03312156029362849,0,3
9465,0.4000000000000341,0.0,1.0,0.10231660231660232,0.0,0.6000000000000001,0.23529411764705882,0.0,0.0,0.0,0.0,0.0,0.0,0.0,0.0,0.0,0.01015391609910762,0.0,0.0008043294090493882,9.89901386388269e-06,0.002123463074011039,0.0004881350523598388,0.00033288090151612176,0.6538583830866239,0.49374472747095965,0.580754716981132,0.24093137254901964,0.39756760379726785,0.12018296885769787,0.020202020202020204,0.5,0.0,1.0,0.0,0.25000000000000006,3.53021857938967e-06,0.0,2.0162459013501287e-07,8.790088296436938e-07,0.0,0.0,0.003686137804470454,0.0,0.0,0.0009735733059230975,0.0011197199410860313,0.03438642360698018,1,4
6693,0.8000000000000114,1.0,1.0,0.03474903474903475,0.0,0.6000000000000001,0.23529411764705882,0.0,0.0,0.0,0.0,0.0,0.0,0.0,0.0,0.0,0.010392961728544906,0.0,0.0008043294090493882,9.89901386388269e-06,0.010612254341278184,0.00243942874736518,0.0,0.653854740896464,0.49360548595636783,0.4220754716981132,0.2416666666666667,0.397756492279945,0.12143618021179274,0.020202020202020204,0.14999999999999858,0.0,1.0,0.0,0.85,0.0,0.0,0.0,0.0,0.0,0.0,0.0038723395613024588,0.0,0.0036872946611909655,0.0006646453493756207,0.0011875169536244244,0.03312156029362849,0,4
11232,0.20000000000004547,0.0,0.0,0.03861003861003861,0.0,0.6000000000000001,0.5588235294117647,0.0,0.0,0.0,0.0,0.0,0.0,0.0,0.0,0.0,0.009770786935533304,0.0045450955392021845,0.0008043294090493882,9.89901386388269e-06,0.005313718713804607,0.0020441174698582424,0.0,0.6533409565160815,0.4931002127881972,0.31528301886792454,0.2412990196078432,0.39430166100001224,0.13177517388307539,0.24242424242424243,0.3999999999999986,0.0,1.0,0.0,0.05,0.0008838920545784555,0.0,0.0,0.0,0.0,0.0,0.0036354330375410375,0.0,0.0006846252566735113,0.00025484765676763533,0.0010918287455909692,0.03312156029362849,1,2
9094,0.6000000000000227,0.0,1.0,0.02316602316602317,0.0,0.6000000000000001,0.23529411764705882,0.0,0.0,0.0,0.0,0.0,0.0,0.0,0.0,0.0,0.009770786935533304,0.0,0.0008043294090493882,9.89901386388269e-06,0.0,0.001143884745613412,0.0,0.6537169529298366,0.49354500827543124,0.20339622641509433,0.2450980392156863,0.39068840712170516,0.1342189360235604,0.020202020202020204,1.0,0.0,1.0,0.0,0.25000000000000006,0.0,0.0,0.0,0.0,0.0,0.0,0.0036354330375410375,0.0,0.0,0.006320897252035175,0.0010825576210823542,0.03312156029362849,1,4
1963,0.4000000000000341,0.0,0.0,0.03474903474903475,0.0,0.6000000000000001,0.029411764705882346,0.0,0.0,0.0,0.0,0.0,0.0,0.0,0.0,0.0,0.010192999547838961,0.0,0.0008043294090493882,9.89901386388269e-06,0.0,0.0013040202999030628,0.0,0.6539820240617441,0.4938495863758663,0.580754716981132,0.24350490196078436,0.40287476084280827,0.13058462309668528,0.020202020202020204,0.14999999999999858,0.0,1.0,0.0,0.85,0.0,0.0,0.0,0.0,0.0,1.8069400229625938e-07,0.0036354330375410375,0.0,0.0017616273100616018,0.0004997183424311372,0.0010998536776613036,0.03312156029362849,0,2
10935,0.4000000000000341,0.0,1.0,0.03861003861003861,0.0,0.8,0.23529411764705882,0.0,0.0,0.0,0.0,0.0,0.0,0.0,0.0,0.0,0.009770786935533304,0.0,0.0008043294090493882,9.89901386388269e-06,0.0,0.0,0.0,0.6541207963772268,0.49401551609326577,0.5322641509433962,0.22034313725490198,0.4013088143896465,0.12112287737326902,0.25252525252525254,0.29999999999999716,0.0,1.0,1.0,0.35000000000000003,0.0,0.0,0.0,0.0,0.0,0.0,0.0036354330375410375,0.0,0.0,5.704780913389147e-06,0.001185445997016837,0.03312156029362849,1,4
7916,0.4000000000000341,1.0,0.0,0.10231660231660232,0.4444444444444444,0.6000000000000001,0.5,0.0,0.0,0.0,0.0,1.0,0.0,0.0,0.0,0.0,0.009770786935533304,0.0,0.0008043294090493882,9.89901386388269e-06,0.0,0.0,6.504944312261337e-05,0.6540747519768725,0.49396420749642034,0.32018867924528305,0.12818627450980394,0.3944600835983866,0.07444075443323518,0.25252525252525254,0.29999999999999716,0.0,0.0,1.0,0.35000000000000003,0.0,0.0,0.0,0.0,0.0,0.0,0.003635595201700575,0.04108112149405669,0.0,0.0007847015683286936,0.0011056129494966067,0.03312156029362849,0,0
6708,0.4000000000000341,1.0,0.0,0.1274131274131274,0.3333333333333333,0.4,0.5,0.0,0.0,0.0,0.0,1.0,0.0,0.0,0.0,0.0,0.010148061859001153,0.0,0.0023763406107442236,9.89901386388269e-06,0.0,0.001674567490654258,0.011660748820220368,0.6535532279838151,0.4933626723373335,0.5766037735849057,0.2450980392156863,0.40177189583104844,0.12500783257096312,0.020202020202020204,0.25,0.0,1.0,0.0,0.4,0.0025822870020047093,0.0,0.00838375208240397,0.008768552580110668,0.0,0.0027240343622170283,0.004055585846878199,0.0,0.0,0.023765989375293235,0.0022963751783736724,0.03312156029362849,0,0
8132,0.4000000000000341,0.0,0.0,0.015444015444015444,0.0,0.6000000000000001,0.5588235294117647,0.0,0.0,0.0,0.0,0.0,0.0,0.0,0.0,0.0,0.009785926692723804,0.0,0.0026224878351356297,9.89901386388269e-06,0.0,0.008781777288590113,0.0,0.6541131651058765,0.49369266348536517,0.5758490566037735,0.2450980392156863,0.402960065318856,0.12713829187292439,0.020202020202020204,0.7999999999999972,0.0,0.0,0.0,0.4,0.0,0.0,0.00019960834423366275,0.0,0.0001825908870556725,0.0,0.00378394595897995,0.0,0.0,0.003243845871657267,0.0017147516745372835,0.036541717636670176,0,2
6792,0.0,1.0,1.0,0.03861003861003861,0.0,0.6000000000000001,0.2647058823529412,0.0,0.0,0.0,0.0,0.0,0.0,0.0,0.0,0.0,0.009770786935533304,0.0,0.0008043294090493882,9.89901386388269e-06,0.0,0.0,0.0,0.6541120531991925,0.4940060632531748,0.3969811320754717,0.13198529411764706,0.3969460997574916,0.07600726862585377,0.25252525252525254,0.9499999999999957,1.0,1.0,0.0,0.5,0.00017538397457683217,0.0,0.0,0.0,0.0,0.0,0.0036354330375410375,0.0,0.0,2.1616770725622552e-05,0.0011211403655127191,0.03312583121814267,0,4
933,0.6000000000000227,0.0,0.0,0.03474903474903475,0.0,0.6000000000000001,0.029411764705882346,0.0,0.0,0.0,0.0,0.0,0.0,0.0,0.0,0.0,0.009770786935533304,0.0,0.0010731669661504682,9.89901386388269e-06,0.006667182409599181,0.005060183794398247,0.0,0.6540976375079474,0.494027975737699,0.580754716981132,0.2450980392156863,0.39969412252160036,0.10495645090544523,0.020202020202020204,0.0,0.0,1.0,0.0,0.4,0.00015112051072541165,0.0,0.0017183455694256473,0.001771642296146865,0.00012253592103196126,0.0,0.0036461763149480595,0.0,0.0,0.0011756709257247759,0.0012435561075448335,0.03312156029362849,0,2
12053,0.6000000000000227,0.0,0.0,0.06756756756756757,0.0,0.6000000000000001,0.0,0.0,0.0,0.0,0.0,0.0,0.0,0.0,0.0,0.0,0.009770786935533304,0.0,0.0008043294090493882,9.89901386388269e-06,0.0,0.0,0.0,0.6538365832880292,0.49368516782414,0.20339622641509433,0.2450980392156863,0.39068840712170516,0.1342189360235604,0.020202020202020204,0.6499999999999986,0.0,1.0,0.0,0.55,0.0,0.0,0.0,0.0,0.0,0.0,0.0036354330375410375,0.0,0.0,2.780760920562333e-05,0.0010825576210823542,0.03312156029362849,1,2
1785,0.8000000000000114,0.0,1.0,0.09266409266409267,0.0,0.6000000000000001,0.2647058823529412,0.0,0.0,0.0,0.0,0.0,0.0,0.0,0.0,0.0,0.0167874774643736,0.0,0.0008043294090493882,0.004395769457027956,0.0,0.0,0.0,0.653706250662344,0.49464054904399457,0.5781132075471698,0.24301470588235294,0.39867656198588824,0.12738893414374336,0.020202020202020204,0.3500000000000014,0.0,1.0,0.0,0.25000000000000006,0.00012165676335127478,0.0,0.00564710152050144,0.024619279300660577,0.0,0.0,0.004263479514106421,0.0,0.0,0.0,0.0016131009653221604,0.03312156029362849,0,4
6919,0.20000000000004547,1.0,0.0,0.10424710424710425,0.2962962962962963,0.6000000000000001,0.5,0.0,0.0,0.0,0.0,1.0,0.0,0.0,0.0,0.0,0.009770786935533304,0.0,0.0008043294090493882,9.89901386388269e-06,0.0006015394203531441,0.0,3.975606219596698e-05,0.6541154147621292,0.4940118482267242,0.4779245283018868,0.2450980392156863,0.39955397945380766,0.1342189360235604,0.24242424242424243,0.7999999999999972,0.0,0.0,0.0,0.2,0.0,0.003977074055158432,0.0,0.0,0.0,0.0,0.0036354330375410375,0.011817192430885968,0.0,4.389867285818734e-05,0.001091654414466295,0.03312156029362849,0,0
10608,0.6000000000000227,1.0,0.0,0.04247104247104247,0.14814814814814814,0.4,0.5,0.0,0.0,0.0,0.0,1.0,0.0,0.0,0.0,0.0,0.009770786935533304,0.0,0.0008043294090493882,9.89901386388269e-06,0.0008115721145990436,0.0011151318126688247,0.0,0.6540923165242334,0.49398478621129305,0.20339622641509433,0.236764705882353,0.39068840712170516,0.12995801741963783,0.04040404040404041,0.10000000000000142,0.0,1.0,0.0,0.35000000000000003,0.0,0.0,0.00010827240490250192,0.0,0.0,3.902990449599202e-05,0.0036354330375410375,0.0,0.00011930184804928133,0.00033330758080962866,0.0010825576210823542,0.03312156029362849,1,0
6926,1.0,0.0,0.0,0.02316602316602317,0.0,0.4,0.5294117647058824,0.0,0.0,0.0,0.0,1.0,0.0,0.0,0.0,0.0,0.009787386490385314,0.0,0.0008043294090493882,9.89901386388269e-06,0.0020312800498583634,0.0019645067480058885,0.0,0.6540406632239231,0.4939966003205312,0.580754716981132,0.24497549019607845,0.3983414372585579,0.12306535497211606,0.24242424242424243,0.14999999999999858,1.0,1.0,0.0,0.2,6.414135603475693e-05,0.0,0.0,0.0,0.0,0.0,0.0036354330375410375,0.0,0.0007700205338809035,0.0005419286047947788,0.0011192712007756318,0.03312156029362849,0,1
10420,0.6000000000000227,0.0,1.0,0.03861003861003861,0.0,0.6000000000000001,0.23529411764705882,0.0,0.0,0.0,0.0,0.0,0.0,0.0,0.0,0.0,0.009770786935533304,0.0,0.0008043294090493882,9.89901386388269e-06,0.0,0.0,0.0,0.6540754043440539,0.49396242616087593,0.580754716981132,0.2442401960784314,0.40287476084280827,0.13296572466946552,0.020202020202020204,0.14999999999999858,0.0,1.0,0.0,0.25000000000000006,0.000122505373586705,0.0,0.0,0.0,0.0003245347199639439,0.0,0.0038112594293570287,0.0,0.0,0.0004148629240916224,0.0011367523447641725,0.03312156029362849,1,4
4790,0.20000000000004547,0.0,0.0,0.10424710424710425,0.0,0.6000000000000001,0.029411764705882346,0.0,0.0,0.0,0.0,0.0,0.0,0.0,0.0,0.0,0.009770786935533304,0.0,0.0008043294090493882,9.89901386388269e-06,0.00011965718037072759,0.005784657983447119,0.0,0.6541027964766529,0.49399706457795356,0.20339622641509433,0.21225490196078434,0.39068840712170516,0.11742590387868916,0.22222222222222224,1.0,0.0,1.0,0.0,0.75,0.0,0.0,8.851319506927066e-05,0.00013624636859477254,0.0,2.0562977461314316e-05,0.0036354330375410375,0.0,0.0,0.0009199534817326776,0.0010825576210823542,0.03312156029362849,0,2
3933,0.6000000000000227,1.0,0.0,0.05791505791505792,0.7037037037037037,0.6000000000000001,0.5,0.0,0.0,0.0,0.0,1.0,0.0,0.0,0.0,0.0,0.009770786935533304,0.0,0.0008727902754380268,0.18212745192905264,0.029002586908709164,0.006667024000804417,0.0005633486209311448,0.6529518938735139,0.4945298655716781,0.580754716981132,0.24460784313725495,0.39182783119462833,0.04499028761200577,0.24242424242424243,0.3500000000000014,0.0,1.0,1.0,0.45,0.0012916526671436126,0.0,0.0,0.0,0.0,0.0,0.003923731071851805,0.0,0.0,0.0006224095050347889,0.0020873057641166695,0.03327325004002069,0,0
3087,0.6000000000000227,1.0,0.0,0.15830115830115832,0.4444444444444444,0.6000000000000001,0.5,0.0,0.0,0.0,0.0,1.0,0.0,0.0,0.0,0.0,0.009770786935533304,0.0,0.0008043294090493882,9.89901386388269e-06,0.0,0.0005977452215907934,0.0,0.654103298424992,0.49399461635758346,0.3443396226415094,0.1295343137254902,0.39524001023653715,0.0746287361363494,0.24242424242424243,0.5,0.0,1.0,1.0,0.5,0.0001073729558685135,0.0,0.0,0.0,0.0,0.0,0.0036606426929863952,0.0,0.0,0.001079508273467243,0.0011426321662995633,0.03312156029362849,0,0
3007,0.8000000000000114,1.0,0.0,0.06756756756756757,0.0,0.0,0.4411764705882353,0.0,0.0,0.0,0.0,0.0,0.0,0.0,0.0,0.0,0.009770786935533304,0.0,0.0008043294090493882,9.89901386388269e-06,7.880744809914989e-05,1.811600977433518e-05,0.0,0.6541069273623905,0.49400172772545736,0.41867924528301886,0.2450980392156863,0.3976407219195945,0.13271508239864654,0.24242424242424243,0.5,0.0,0.0,0.0,0.35000000000000003,0.0,0.0005014708761064161,0.0,0.0,0.0,0.0,0.0036354330375410375,0.0033225185552597522,0.0,5.19314136958743e-05,0.0010852045593984184,0.03312156029362849,0,3
3369,0.0,1.0,0.0,0.06756756756756757,0.2962962962962963,0.6000000000000001,0.5,0.0,0.0,0.0,0.0,1.0,0.0,0.0,0.0,0.0,0.009770786935533304,0.0,0.0008043294090493882,9.89901386388269e-06,0.0,0.0006366364719320268,0.0,0.654099886832881,0.4939936556242053,0.580754716981132,0.2450980392156863,0.40287476084280827,0.1342189360235604,0.23232323232323235,0.7999999999999972,0.0,0.0,0.0,0.5,0.0,0.047779766606833585,0.0,0.0,0.0,0.0,0.0036354330375410375,0.029623614983293568,0.0,0.00025129176193821337,0.0010911645821734233,0.03312156029362849,0,0
7074,0.4000000000000341,0.0,0.0,0.02316602316602317,0.0,0.4,0.029411764705882346,0.0,0.0,0.0,0.0,0.0,0.0,0.0,0.0,0.0,0.010315426908420196,0.00040406208263477154,0.0008043294090493882,0.0005552962153377629,0.1865350606383548,0.0429361896796084,0.0,0.6517123942409841,0.4944140387792563,0.5784905660377359,0.24325980392156868,0.3917851789566044,0.04931386678363307,0.030303030303030304,0.6999999999999957,1.0,1.0,0.0,0.25000000000000006,0.019682360300883515,0.0,0.00041454015731758645,0.0,0.0,0.00019240297364505699,0.005585584274349177,0.0,0.0,0.02192037763091449,0.0027135228920631524,0.03370049626456311,0,2
6441,1.0,0.0,0.0,0.03474903474903475,0.0,0.6000000000000001,0.0,0.0,0.0,0.0,0.0,0.0,0.0,0.0,0.0,0.0,0.009770786935533304,0.0,0.0008043294090493882,9.89901386388269e-06,0.005686065830970315,0.003111050724411863,0.0,0.6539849744577574,0.4935158124614628,0.580754716981132,0.24497549019607845,0.40287476084280827,0.09010589635942104,0.020202020202020204,0.3999999999999986,1.0,1.0,0.0,0.45,6.038710435321368e-05,0.0,0.0,0.0,3.2962147106055744e-05,0.0,0.003644835417599827,0.0,0.0,0.0023793796984498856,0.0011582493006368755,0.03312156029362849,0,2
10479,0.8000000000000114,0.0,0.0,0.10231660231660232,0.0,0.6000000000000001,0.029411764705882346,0.0,0.0,0.0,0.0,0.0,0.0,0.0,0.0,0.0,0.014542669848022272,0.0,0.0008043294090493882,9.89901386388269e-06,0.0,0.0,0.0,0.6538102629725108,0.493805674455595,0.580754716981132,0.24485294117647063,0.3970374974103999,0.13346700921110347,0.020202020202020204,0.0,0.0,1.0,0.0,0.2,0.0,0.0,0.0,0.0,0.0,0.0005362275212143793,0.0037242271421461808,0.0,0.0,0.0043958278865040236,0.0011278128310670647,0.03312156029362849,1,2
8761,0.8000000000000114,0.0,0.0,0.10231660231660232,0.0,0.4,0.029411764705882346,0.0,0.0,0.0,0.0,0.0,0.0,0.0,0.0,0.0,0.009770786935533304,0.0,0.0008043294090493882,9.89901386388269e-06,0.006323393954818027,0.0014535189310224618,0.0009275689565962755,0.6540575850123546,0.49394406237313687,0.3922641509433962,0.12316176470588237,0.3967876771591173,0.07187167115734071,0.020202020202020204,0.7999999999999972,0.0,1.0,0.0,0.45,0.0,0.0,0.0,0.0,0.0,0.0,0.0036410467445359643,0.0,0.0,0.0014584285196067948,0.0011867674338814054,0.03312156029362849,0,2
6366,0.8000000000000114,1.0,1.0,0.03861003861003861,0.0,0.6000000000000001,0.23529411764705882,0.0,0.0,0.0,0.0,0.0,0.0,0.0,0.0,0.0,0.009770786935533304,0.0,0.0008043294090493882,9.89901386388269e-06,0.0015566278509859606,0.002053674080519015,1.5463107342085627e-05,0.6541190725242838,0.49401607118366203,0.2788679245283019,0.13615196078431374,0.3931256778659258,0.07845103076633875,0.020202020202020204,0.3999999999999986,0.0,1.0,0.0,0.35000000000000003,0.0,0.0,0.0002723948212724024,0.0003779737967467883,0.0,5.4135923087959304e-05,0.0036355076409074105,0.0,0.0003013347022587269,0.000555973110272136,0.0010953164585833831,0.03312156029362849,0,4
10727,0.0,0.0,0.0,0.06756756756756757,0.0,0.6000000000000001,0.5588235294117647,0.0,0.0,0.0,0.0,0.0,0.0,0.0,0.0,0.0,0.009770786935533304,0.0,0.0008043294090493882,9.89901386388269e-06,0.0,0.0,0.0,0.6540969659242619,0.4939902334725035,0.20339622641509433,0.2450980392156863,0.39068840712170516,0.1342189360235604,0.020202020202020204,0.5,0.0,1.0,0.0,0.55,2.321797604137052e-06,0.0,0.0,0.0,0.0,0.0,0.0036354330375410375,0.0,0.0,0.000100409260471087,0.0010825576210823542,0.03312156029362849,1,2
1123,0.20000000000004547,0.0,0.0,0.03581081081081081,0.0,0.0,0.7941176470588235,0.3333333333333333,0.0,0.0,0.0,0.0,0.0,0.0,0.0,0.0,0.009770786935533304,0.0,0.0008325246815848458,9.89901386388269e-06,0.008551692624924265,0.00196583636340217,0.00031478623863480636,0.6539880355143286,0.4938608799422923,0.30339622641509434,0.06813725490196079,0.3939177908577975,0.04367441569020615,0.04040404040404041,0.6999999999999957,0.0,1.0,0.0,0.35000000000000003,0.0007518143575360978,0.0,0.0007721213679220318,0.0033661643131205257,0.0,4.34026993515615e-05,0.003640755006108516,0.0,0.0,0.0005476845496625482,0.0012351998620717917,0.03312156029362849,0,2
1228,0.20000000000004547,0.0,0.0,0.10424710424710425,0.0,0.0,0.4411764705882353,0.0,0.0,0.0,0.0,0.0,0.0,0.0,0.0,0.0,0.010054740154887542,0.0,0.0008043294090493882,9.89901386388269e-06,0.013046247680964313,0.0029990306272751487,0.0,0.6540143521853377,0.4940437732998369,0.580754716981132,0.24473039215686276,0.3947708356182747,0.13340434864339873,0.020202020202020204,0.0,0.0,1.0,0.0,0.25000000000000006,0.0,0.0,0.0,0.0,0.0,5.1859178659026435e-05,0.0037121445379881134,0.0,0.0007112679671457906,0.0,0.0011135312605122997,0.03312156029362849,0,2
5814,0.8000000000000114,0.0,0.0,0.03861003861003861,0.0,0.8,0.029411764705882346,0.0,0.0,0.0,0.0,0.0,0.0,0.0,0.0,0.0,0.011970822407111533,0.0,0.0008043294090493882,9.89901386388269e-06,0.0006843233910628015,0.0016046795813872126,0.0,0.6541055871768909,0.4939958158186495,0.3920754716981132,0.1993872549019608,0.3967815839822567,0.10890406667084405,0.25252525252525254,0.6999999999999957,0.0,1.0,0.0,0.55,0.0,0.0,0.0,0.0,0.0,0.0,0.0036914409258716908,0.0,0.0,0.001377435979822983,0.0011151236863613987,0.03312156029362849,0,2
1689,0.20000000000004547,1.0,0.0,0.06756756756756757,0.2962962962962963,0.4,0.5,0.0,0.0,0.0,0.0,1.0,0.0,0.0,0.0,0.0,0.009770786935533304,0.0,0.0008062787503474701,9.89901386388269e-06,0.0,0.00014933242919486385,0.0,0.6540947192498806,0.49400430132638556,0.5633962264150942,0.2431372549019608,0.3918948561400944,0.11648599536311802,0.12121212121212122,0.5,0.0,1.0,0.0,0.85,0.0,0.0,1.5121844260125966e-06,0.0,0.0,6.866372087257856e-07,0.0036354330375410375,0.0,0.0,9.347654465257373e-05,0.0010852631985000646,0.03312156029362849,0,0
3581,0.20000000000004547,0.0,0.0,0.015444015444015444,0.0,0.6000000000000001,0.5294117647058824,0.0,0.0,0.0,0.0,1.0,0.0,0.0,0.0,0.0,0.01146091658889231,0.0,0.0008043294090493882,9.89901386388269e-06,0.0013856373787341355,0.013341859492061988,0.0,0.6538246968863028,0.49367473445374066,0.580754716981132,0.2450980392156863,0.39970630887532144,0.13196315558618962,0.020202020202020204,0.6000000000000014,0.0,1.0,0.0,0.75,0.0,0.0,0.00034689510732728964,0.0004487340075331057,0.0,0.00017657417904390466,0.0036354330375410375,0.0,0.0021282597535934294,0.002172677322753992,0.0010882073473431537,0.03312156029362849,0,1
4253,0.4000000000000341,1.0,1.0,0.06756756756756757,0.0,0.6000000000000001,0.23529411764705882,0.0,0.0,0.0,0.0,1.0,0.0,0.0,0.0,0.0,0.009797198738584326,0.0,0.0008043294090493882,9.89901386388269e-06,0.0007953045221015127,0.00018282211698870366,0.0,0.6541115605277864,0.4940073325857593,0.3939622641509434,0.19693627450980394,0.3968425157508622,0.10959333291559624,0.24242424242424243,0.3999999999999986,0.0,0.0,1.0,0.55,0.0,0.00019196767710069512,0.0,0.0,0.0,0.0,0.003642671527325711,0.007678603136519923,0.0,3.289842266645041e-05,0.0010873222587556696,0.03312156029362849,0,0
5092,0.0,0.0,0.0,0.06756756756756757,0.0,0.6000000000000001,0.5588235294117647,0.0,0.0,0.0,0.0,0.0,0.0,0.0,0.0,0.0,0.009770786935533304,0.0,0.0008043294090493882,9.89901386388269e-06,0.002045740132078391,0.0004702683454723064,0.0,0.6541053883854695,0.4940001012717788,0.39301886792452834,0.23578431372549022,0.3968120498665595,0.12945673287799989,0.25252525252525254,0.25,0.0,0.0,0.0,0.55,0.0,0.0003179136120221808,0.0,0.0,0.0,0.0,0.003638913088257694,0.005563585048342112,0.0,0.00012796104990480948,0.0010861870493677577,0.03312156029362849,0,2
8510,0.6000000000000227,0.0,0.0,0.06756756756756757,0.0,0.6000000000000001,0.5294117647058824,0.0,0.0,0.0,0.0,1.0,0.0,0.0,0.0,0.0,0.009770786935533304,0.0,0.0008043294090493882,9.89901386388269e-06,0.0,0.0007915366655988192,0.0,0.6541041466017236,0.49399816427801835,0.5532075471698112,0.2450980392156863,0.4019851570211677,0.13334168807569396,0.020202020202020204,0.6000000000000014,0.0,1.0,0.0,0.45,1.4460318411730764e-06,0.0,0.0,0.0,7.3718762046307e-06,0.0,0.0036459650696264345,0.0,0.0,0.0003019440767745834,0.0010934153719684766,0.03312156029362849,0,1
7980,0.8000000000000114,1.0,0.0,0.03861003861003861,0.0,0.6000000000000001,0.38235294117647056,0.0,0.0,0.0,0.0,0.0,0.0,0.0,0.0,0.0,0.011982064354051199,0.0,0.0008043294090493882,9.89901386388269e-06,0.030272182127627577,0.007066157922575664,0.0,0.6532523840042994,0.49389808419679604,0.580754716981132,0.2450980392156863,0.3957335575622418,0.12626104392505796,0.020202020202020204,0.10000000000000142,1.0,1.0,0.0,0.6,0.0,0.0,0.0,0.0,0.0,0.0,0.003963612460917672,0.0,0.0,0.0031524158851799003,0.0013215742178657624,0.03312156029362849,0,3
5095,0.6000000000000227,0.0,1.0,0.03861003861003861,0.0,0.6000000000000001,0.23529411764705882,0.0,0.0,0.0,0.0,0.0,0.0,0.0,0.0,0.0,0.009820119066816067,0.0,0.0009310209986943313,9.89901386388269e-06,0.0,0.0005830363512694296,0.0,0.6540354787436518,0.4940446455292917,0.580754716981132,0.24485294117647063,0.39873749375449374,0.13371765148192244,0.020202020202020204,0.14999999999999858,1.0,1.0,0.0,0.45,1.6632760614432098e-05,0.0,0.0004262343835454172,0.0018582246658667687,0.000176737210409108,0.0,0.003668239278929659,0.0,0.0007700205338809035,0.00045709876843245414,0.0011368611963848106,0.03312156029362849,0,4
3934,0.4000000000000341,0.0,1.0,0.0694980694980695,0.0,0.6000000000000001,0.9411764705882353,0.0,0.0,0.0,0.0,0.0,0.0,0.0,0.0,0.0,0.009770786935533304,0.0,0.002525395043760763,2.8462195281429573e-05,0.1866995440736076,0.046916808873188345,0.00482949162109454,0.6526537289397212,0.4967622955207005,0.579811320754717,0.2439950980392157,0.39237621711207793,0.08622094116172693,0.030303030303030304,0.3999999999999986,0.0,1.0,0.0,0.6,0.002248233280048078,0.0,0.010637612563228212,0.0,0.0007685689618437166,0.0,0.00468805826631599,0.0,0.0,0.013880397093682736,0.002098036620581647,0.04151929414207335,0,4
5198,0.6000000000000227,1.0,1.0,0.07722007722007722,0.0,0.6000000000000001,0.2941176470588235,0.0,0.0,0.0,0.0,0.0,0.0,0.0,0.0,0.0,0.012600672424941381,0.0,0.0008043294090493882,9.89901386388269e-06,0.02750235337838131,0.007126489221181936,0.0,0.6537676135983158,0.4942987787224839,0.580754716981132,0.24289215686274512,0.3907676184208923,0.03584184472711323,0.030303030303030304,0.44999999999999574,1.0,1.0,0.0,0.10000000000000002,1.8811991699016875e-05,0.0,0.0017464721997494815,0.0060497782700227225,0.00016934968266264157,0.0,0.0038964945607368787,0.0,0.0,0.0012428491978259413,0.0013611586847011713,0.03312156029362849,0,4
3545,0.8000000000000114,1.0,0.0,0.05791505791505792,0.0,0.6000000000000001,0.1764705882352941,0.0,0.0,0.0,0.0,0.0,0.0,0.0,0.0,0.0,0.01020327832931124,3.2627011992707523e-06,0.001523932647918942,9.89901386388269e-06,0.013116740581786948,0.003122352455280256,0.0,0.6536763395111163,0.4949275218508404,0.580754716981132,0.24375000000000005,0.3916633154193934,0.045052948179710506,0.030303030303030304,0.5,1.0,1.0,0.0,0.10000000000000002,0.0005278287775557066,0.0,0.013973693031602135,0.06091882792962656,0.001637292139894295,0.0,0.00416870418276464,0.0,0.0,0.0018498071886379184,0.0015675975181260859,0.03312156029362849,0,3
5471,0.4000000000000341,1.0,0.0,0.15830115830115832,0.4444444444444444,0.6000000000000001,0.5,0.0,0.0,0.0,0.0,1.0,0.0,0.0,0.0,0.0,0.009770786935533304,0.0,0.0008043294090493882,9.89901386388269e-06,0.0,0.0025649943013515124,0.0,0.6539552283034095,0.4939787365023239,0.580754716981132,0.24485294117647063,0.3940640271024507,0.13371765148192244,0.020202020202020204,0.5,0.0,1.0,0.0,0.10000000000000002,0.00032642980760152595,0.0,0.002266159580822477,0.009879180236365475,0.00020195184430647542,0.0,0.003666290167820838,0.0,0.0,0.002957123071310785,0.0011115032299081151,0.03312156029362849,0,0
12057,0.8000000000000114,0.0,1.0,0.015444015444015444,0.0,0.6000000000000001,0.23529411764705882,0.0,0.0,0.0,0.0,0.0,0.0,0.0,0.0,0.0,0.009770786935533304,0.0,0.0008043294090493882,9.89901386388269e-06,0.00901224624363214,0.005152093458666205,0.0,0.6539314886318605,0.4937963594176653,0.4022641509433962,0.23958333333333337,0.3971106155327265,0.13139921047684694,0.25252525252525254,0.6499999999999986,0.0,1.0,0.0,0.55,0.00014856110225535413,0.0,0.0,0.0,0.0,0.0,0.0036354330375410375,0.0,0.0023100616016427105,0.0015765149263162312,0.001090524954981841,0.03312156029362849,1,4
4291,0.4000000000000341,0.0,0.0,0.10231660231660232,0.0,0.6000000000000001,0.5294117647058824,0.0,0.0,0.0,0.0,1.0,0.0,0.0,0.0,0.0,0.009952163032610751,0.0,0.0008043294090493882,9.89901386388269e-06,0.0,0.00031478644506964065,0.0,0.65409767097117,0.4940029427135275,0.580754716981132,0.2450980392156863,0.396342875248297,0.08089479290682375,0.020202020202020204,0.29999999999999716,0.0,1.0,0.0,0.65,1.7019726881788275e-05,0.0,0.0008020626195570812,0.003496257619907792,0.0,0.0,0.003637406885555551,0.0,0.0,0.00018628795789820524,0.0010948422402524884,0.03312156029362849,0,1
5166,0.0,1.0,0.0,0.06756756756756757,0.2962962962962963,0.6000000000000001,0.5,0.0,0.0,0.0,0.0,1.0,0.0,0.0,0.0,0.0,0.009770786935533304,0.0,0.0008043294090493882,9.89901386388269e-06,0.0008462763119271097,0.00019453935266843423,0.0,0.6541332463526328,0.4940323477538761,0.33377358490566034,0.2308823529411765,0.39489879233234626,0.1251331537063726,0.24242424242424243,0.29999999999999716,0.0,0.0,0.0,0.35000000000000003,0.0,0.0004978964505744207,0.0,0.0,0.0,0.0,0.0036548361951867885,0.009125147606775626,0.0,3.601942388364089e-05,0.0010907014175362453,0.03312156029362849,0,0
12243,0.20000000000004547,0.0,1.0,0.015444015444015444,0.0,0.6000000000000001,0.23529411764705882,0.0,0.0,0.0,0.0,0.0,0.0,0.0,0.0,0.0,0.009770786935533304,0.0,0.0008043294090493882,9.89901386388269e-06,0.0,1.9694928057419442e-05,0.0,0.6540059101763069,0.4938831899181212,0.20339622641509433,0.07916666666666668,0.39068840712170516,0.04925120621592832,0.25252525252525254,0.7999999999999972,0.0,1.0,0.0,0.55,0.0,0.0,0.0,0.0,0.0,0.0,0.0036354330375410375,0.0,0.00025526180698151954,0.00025441276315540386,0.0010825576210823542,0.03312156029362849,1,4
12146,0.0,0.0,1.0,0.02316602316602317,0.0,0.4,0.2647058823529412,0.0,0.0,0.0,0.0,0.0,0.0,0.0,0.0,0.0,0.009770786935533304,0.0,0.0008043294090493882,9.89901386388269e-06,0.0007016754897268346,0.00882332776972391,0.0,0.6539443610390371,0.4937667641715166,0.580754716981132,0.24497549019607845,0.40287476084280827,0.11542076571213737,0.020202020202020204,0.7999999999999972,0.0,1.0,0.0,0.35000000000000003,0.0,0.0,7.560922130062982e-06,0.0,0.0,5.030521023927861e-05,0.0036354330375410375,0.0,0.0022800564681724846,0.0028486299060476307,0.0010929240030634738,0.03312156029362849,1,4
1938,0.6000000000000227,0.0,0.0,0.02316602316602317,0.0,0.6000000000000001,0.0,0.0,0.0,0.0,0.0,0.0,0.0,0.0,0.0,0.0,0.012797639763022166,0.0,0.0014245630259079156,9.89901386388269e-06,0.1868567974677504,0.15827193210983787,0.0,0.6497606597339144,0.4888884391750937,0.40830188679245283,0.2115196078431373,0.397293410838543,0.11679929820164171,0.030303030303030304,0.6000000000000014,0.0,1.0,0.0,0.35000000000000003,0.0006708501521941724,0.0,0.0016264047563240814,0.0,0.005496664977291413,0.0,0.00436503354290644,0.0,0.0,0.1383894917423936,0.002593864526148005,0.03312156029362849,0,2
10909,0.20000000000004547,1.0,0.0,0.06756756756756757,0.0,0.6000000000000001,0.029411764705882346,0.0,0.0,0.0,0.0,0.0,0.0,0.0,0.0,0.0,0.009770786935533304,0.0,0.0008043294090493882,9.89901386388269e-06,0.0,0.0,0.0,0.6540804403933972,0.49397087207475154,0.20339622641509433,0.20919117647058827,0.39068840712170516,0.11585938968607057,0.020202020202020204,0.5,0.0,1.0,0.0,0.55,0.0,0.0,0.0,0.0,0.0,0.0,0.0036354330375410375,0.0,0.0,0.0003034534134287985,0.0010825576210823542,0.03312156029362849,1,3
1981,0.8000000000000114,0.0,0.0,0.10231660231660232,0.0,0.6000000000000001,0.029411764705882346,0.0,0.0,0.0,0.0,0.0,0.0,0.0,0.0,0.0,0.009770786935533304,0.0,0.001550194173886702,9.89901386388269e-06,0.0,0.0,4.3453288986620365e-05,0.654073764646146,0.49374537921695644,0.580754716981132,0.2450980392156863,0.3926321305402211,0.028385237170248764,0.24242424242424243,0.6000000000000014,0.0,1.0,0.0,0.4,0.0007023301974876914,0.0,0.0,0.0,0.0,0.0,0.0036354330375410375,0.0,0.0,0.000509797641444031,0.0012346818750792285,0.03312156029362849,0,2
9898,0.8000000000000114,1.0,0.0,0.015444015444015444,0.35185185185185186,0.2,0.5,0.0,0.0,0.0,0.0,1.0,0.0,0.0,0.0,0.0,0.009770786935533304,0.0,0.0008043294090493882,9.89901386388269e-06,0.015372513408111238,0.01101212401489003,0.0,0.6531854227705808,0.49291664711137545,0.20339622641509433,0.16875,0.39068840712170516,0.09474277836957204,0.030303030303030304,0.7999999999999972,0.0,1.0,0.0,0.0,0.00025184715123003574,0.0,5.453945163152098e-05,0.0,0.00038022290581548533,0.0,0.0036466635927252648,0.0,0.0,0.012065304648091765,0.0010825576210823542,0.03312156029362849,1,0
12400,0.20000000000004547,0.0,0.0,0.06756756756756757,0.0,0.6000000000000001,0.029411764705882346,0.0,0.0,0.0,0.0,0.0,0.0,0.0,0.0,0.0,0.010673393374159007,0.0,0.0008043294090493882,9.89901386388269e-06,0.00021653973124491187,4.977747639828795e-05,0.0,0.6538225959922972,0.49366878023584665,0.20339622641509433,0.2450980392156863,0.39068840712170516,0.1342189360235604,0.020202020202020204,0.9499999999999957,0.0,1.0,0.0,0.75,0.0,0.0,0.0,0.0,0.0,0.0,0.0036354330375410375,0.0,0.0020538501026694045,0.0001930415998763879,0.0010825576210823542,0.03312156029362849,1,2
10961,0.6000000000000227,0.0,0.0,0.03861003861003861,0.0,0.8,0.5588235294117647,0.0,0.0,0.0,0.0,0.0,0.0,0.0,0.0,0.0,0.009770786935533304,0.0,0.0008043294090493882,9.89901386388269e-06,0.0,0.0,0.0,0.6540490962873398,0.4939338374527675,0.580754716981132,0.2450980392156863,0.40287476084280827,0.13415627545585562,0.020202020202020204,0.3999999999999986,0.0,1.0,0.0,0.45,8.988479613676774e-06,0.0,0.0,0.0,0.0,0.00014426609143333347,0.003635531985163806,0.0,0.0,0.0008140696781429122,0.001205946336002222,0.03312156029362849,1,2
4424,0.6000000000000227,1.0,1.0,0.03474903474903475,0.0,0.6000000000000001,0.23529411764705882,0.0,0.0,0.0,0.0,0.0,0.0,0.0,0.0,0.0,0.010308504156623346,0.0,0.0010883406388147382,9.89901386388269e-06,0.0,0.0035773302236953254,0.0,0.6540737947961782,0.49399361874757053,0.580754716981132,0.2450980392156863,0.3996636566372976,0.1075255341813397,0.020202020202020204,0.29999999999999716,0.0,1.0,0.0,0.4,5.145972467648788e-06,0.0,0.00012944298686667826,0.0005643236686312514,7.525261314620893e-05,0.0,0.0036357177082811452,0.0,0.0,0.001557712173081518,0.0011739808877938844,0.03312156029362849,0,4
671,0.0,0.0,1.0,0.05791505791505792,0.0,0.2,0.2941176470588235,0.0,0.0,0.0,0.0,0.0,0.0,0.0,0.0,0.0,0.027559008369983158,0.0,0.0008719793494580247,9.89901386388269e-06,0.030238562436466013,0.006951146190797316,0.0,0.6536065680293364,0.4945412577345801,0.3920754716981132,0.1345588235294118,0.3958188620382896,0.07769910395388184,0.020202020202020204,0.6499999999999986,0.0,1.0,0.0,0.05,3.61168516199097e-06,0.0,0.0,0.0,0.0,0.0014115092683374597,0.0037165186511533567,0.0,0.0,2.3714492855209593e-05,0.002071666522391923,0.03312156029362849,0,4
11520,0.0,0.0,1.0,0.015444015444015444,0.0,1.0,0.23529411764705882,0.0,0.0,0.0,0.0,0.0,0.0,0.0,0.0,0.0,0.009770786935533304,0.0,0.0008043294090493882,9.89901386388269e-06,0.0,0.0,0.0,0.6540208894412319,0.4939011018700412,0.20339622641509433,0.2450980392156863,0.39068840712170516,0.1342189360235604,0.020202020202020204,0.6000000000000014,0.0,1.0,0.0,0.35000000000000003,0.0,0.0,0.0,0.0,0.0,0.0,0.0036354330375410375,0.0,0.0,0.0012752103989714,0.0010825576210823542,0.03312156029362849,1,4
320,0.8000000000000114,1.0,0.0,0.08687258687258688,0.8888888888888888,0.6000000000000001,0.5,0.0,0.0,0.0,0.0,1.0,0.0,0.0,0.0,0.0,0.03535043007219302,0.0,0.0008651956417406995,0.0014065203124120679,0.00570450243580085,0.01635676240313025,0.0,0.6532214530530797,0.49312125808954294,0.580754716981132,0.24460784313725495,0.4027163382444339,0.1336549909142177,0.020202020202020204,0.6499999999999986,0.0,1.0,0.0,0.2,0.016955320759360064,0.0,0.06828188125823825,0.04530719161073973,0.0,0.00873373618458832,0.0037574189651441623,0.0,0.0,0.017505926065016084,0.0034166576682040668,0.03312156029362849,0,0
1964,0.8000000000000114,1.0,0.0,0.15830115830115832,0.4444444444444444,0.6000000000000001,0.5,0.0,0.0,0.0,0.0,1.0,0.0,0.0,0.0,0.0,0.009770786935533304,0.0,0.0008043294090493882,9.89901386388269e-06,0.005154296307328803,0.0012270688088432719,0.0,0.6540994388895447,0.49399109211582976,0.29509433962264153,0.195343137254902,0.39364969107593323,0.10834012156150136,0.020202020202020204,0.29999999999999716,0.0,1.0,0.0,0.35000000000000003,0.00047519457631338337,0.0,0.0,0.0,0.0006253260509630793,0.0,0.0036935769380457414,0.0,0.0,0.003690046717806745,0.0011491013529394108,0.03312156029362849,0,0
12163,0.20000000000004547,0.0,0.0,0.04247104247104247,0.0,0.6000000000000001,0.5294117647058824,0.0,0.0,0.0,0.0,1.0,0.0,0.0,0.0,0.0,0.009770786935533304,0.0,0.0008043294090493882,9.89901386388269e-06,0.00013845528725676333,0.0002416575982741592,0.0,0.6539688849427437,0.4938401731296358,0.20339622641509433,0.2450980392156863,0.39068840712170516,0.1342189360235604,0.020202020202020204,0.7999999999999972,0.0,1.0,0.0,0.05,1.6123594473173973e-05,0.0,0.0,0.0,0.0,0.0,0.0036354330375410375,0.0,0.0010474589322381931,6.779223955372753e-05,0.0010825576210823542,0.03312156029362849,1,1
4394,0.6000000000000227,0.0,0.0,0.03474903474903475,0.0,0.4,0.5294117647058824,0.0,0.0,0.0,0.0,1.0,0.0,0.0,0.0,0.0,0.00999105083835653,0.0,0.0008043294090493882,9.89901386388269e-06,0.0033587155976568884,0.0007720910404282026,0.00018705792721417506,0.6540916939757652,0.4941890435619424,0.580754716981132,0.24411764705882358,0.39413714522477733,0.06140735635064855,0.020202020202020204,0.3999999999999986,1.0,1.0,0.0,0.25000000000000006,8.438580181118e-06,0.0,0.0,0.0,0.0,0.0,0.003763753968897128,0.0,0.0,0.0003909437754188921,0.0011749658066017533,0.03312156029362849,0,1
9458,0.8000000000000114,0.0,0.0,0.02316602316602317,0.0,0.6000000000000001,0.5294117647058824,0.0,0.0,0.0,0.0,1.0,0.0,0.0,0.0,0.0,0.009770786935533304,0.0,0.0008043294090493882,9.89901386388269e-06,0.0008321777317625827,0.020883604221695086,0.0,0.6540927899791354,0.49398534091351426,0.20339622641509433,0.22132352941176472,0.39068840712170516,0.12206278588884016,0.04040404040404041,0.5,0.0,1.0,0.0,0.35000000000000003,0.0,0.0,1.7138090161476094e-06,7.471575051971398e-06,0.0,0.0,0.0036375105449698796,0.0,0.00628267453798768,0.0002570732887831728,0.0010825576210823542,0.03312156029362849,1,1
2363,0.6000000000000227,1.0,0.0,0.05791505791505792,0.0,0.6000000000000001,0.38235294117647056,0.0,0.0,0.0,0.0,1.0,0.0,0.0,0.0,0.0,0.009770786935533304,0.0,0.0008355188698186996,9.89901386388269e-06,0.0294418119061425,0.006767991669959542,0.0006497984826537754,0.6540697825226555,0.4946086856907232,0.2822641509433962,0.09411764705882354,0.39210811733021367,0.04060404787267373,0.030303030303030304,0.14999999999999858,0.0,1.0,0.0,0.05,0.0,0.0,0.0,0.0,0.0,0.0,0.004214684986005453,0.0,0.0,0.001451316729947951,0.0016501946334612728,0.03312156029362849,0,0
6706,0.4000000000000341,0.0,0.0,0.10231660231660232,0.0,0.6000000000000001,0.5294117647058824,0.0,0.0,0.0,0.0,1.0,0.0,0.0,0.0,0.0,0.009770786935533304,0.0,0.0008043294090493882,9.89901386388269e-06,0.0,0.0,0.0,0.6541000886061737,0.4940091438107866,0.580754716981132,0.22696078431372552,0.39494144457037017,0.12456920859702991,0.020202020202020204,0.6499999999999986,0.0,1.0,0.0,0.10000000000000002,9.720999968900132e-05,0.0,0.0,0.0,0.00014086387652160573,0.0,0.0036426778097144582,0.0,0.0,4.029161407438523e-05,0.0010857658689394506,0.03312156029362849,0,1
8917,0.6000000000000227,1.0,0.0,0.03474903474903475,0.0,0.6000000000000001,0.029411764705882346,0.0,0.0,0.0,0.0,0.0,0.0,0.0,0.0,0.0,0.011600003702167265,0.0,0.0008043294090493882,9.89901386388269e-06,0.013649956113650462,0.0031378092342620283,0.0004119580580503318,0.6542121009457775,0.4941214622766339,0.4515094339622642,0.21580882352941178,0.39871312104705153,0.1186164546650793,0.24242424242424243,0.75,0.0,1.0,1.0,0.35000000000000003,0.00023082877291890033,0.0,0.0,0.0,0.0,0.0,0.0036354330375410375,0.0,0.0,0.0013673822627872792,0.0011993141197720832,0.03312156029362849,0,3
11591,0.6000000000000227,0.0,0.0,0.03474903474903475,0.0,1.0,0.029411764705882346,0.0,0.0,0.0,0.0,0.0,0.0,0.0,0.0,0.0,0.009770786935533304,0.0,0.0008043294090493882,9.89901386388269e-06,0.0,0.0,0.0,0.6508610010642849,0.4901989602433319,0.20339622641509433,0.2450980392156863,0.39068840712170516,0.1342189360235604,0.020202020202020204,0.6000000000000014,0.0,1.0,0.0,0.45,0.0,0.0,0.0,0.0,0.0,0.0,0.0036354330375410375,0.0,0.0,0.050071808609972575,0.0010825576210823542,0.03312156029362849,1,2
233,0.0,1.0,0.0,0.06756756756756757,0.2962962962962963,0.6000000000000001,0.5,0.0,0.0,0.0,0.0,1.0,0.0,0.0,0.0,0.0,0.009872912573997257,0.0,0.0008043294090493882,9.89901386388269e-06,0.0,0.0006259995487617749,0.0,0.6540919341820661,0.49407532766572687,0.580754716981132,0.2450980392156863,0.39578230297712624,0.13346700921110347,0.24242424242424243,0.3999999999999986,0.0,1.0,0.0,0.25000000000000006,0.0006493022410961285,0.0,0.0,0.0,0.0,0.0,0.0036354330375410375,0.0,0.0,0.0003706316855299639,0.00110430598652695,0.03312211090062161,0,0
9172,0.0,0.0,0.0,0.02316602316602317,0.0,0.2,0.029411764705882346,0.0,0.0,0.0,0.0,0.0,0.0,0.0,0.0,0.0,0.009770786935533304,0.0,0.0008043294090493882,9.89901386388269e-06,0.0,0.0,0.0,0.6540603220389088,0.49394730130619036,0.20339622641509433,0.2450980392156863,0.39068840712170516,0.1342189360235604,0.020202020202020204,0.8999999999999986,0.0,1.0,0.0,0.25000000000000006,0.0,0.0,0.0,0.0,0.0,0.0,0.0036354330375410375,0.0,0.0006628080082135524,5.6791989361990605e-06,0.0010825576210823542,0.03312156029362849,1,2
5556,0.6000000000000227,0.0,0.0,0.0637065637065637,0.0,0.6000000000000001,0.029411764705882346,0.0,0.0,0.0,0.0,0.0,0.0,0.0,0.0,0.0,0.01032239480859833,0.0,0.0008043294090493882,1.2186516045107115e-05,0.0,0.00022354158849982402,0.0003100233405927294,0.6541024949763304,0.49401069379397006,0.580754716981132,0.2442401960784314,0.4012783485053438,0.13171251331537065,0.020202020202020204,0.10000000000000142,0.0,1.0,0.0,0.2,0.0,0.0,0.0,0.0,0.0,0.0,0.0037050615373249336,0.0,0.0,0.00044333566470418796,0.0011005419807597467,0.03312156029362849,0,2
9328,0.8000000000000114,0.0,0.0,0.04247104247104247,0.0,0.6000000000000001,0.029411764705882346,0.0,0.0,0.0,0.0,0.0,0.0,0.0,0.0,0.0,0.1978890422846947,0.0,0.0008043294090493882,9.89901386388269e-06,0.00011206563720521315,4.321250037914814e-05,0.0,0.6499619801135595,0.4891456626302752,0.20339622641509433,0.2450980392156863,0.39068840712170516,0.1342189360235604,0.020202020202020204,0.29999999999999716,0.0,1.0,0.0,0.25000000000000006,0.0,0.0,0.0,0.0,0.0,0.0,0.0036354330375410375,0.0,0.0,0.06396031519042457,0.0010825576210823542,0.03312156029362849,1,2
7877,0.4000000000000341,1.0,0.0,0.06756756756756757,0.2962962962962963,0.6000000000000001,0.5,0.0,0.0,0.0,0.0,1.0,0.0,0.0,0.0,0.0,0.009770786935533304,0.0,0.0008043294090493882,9.89901386388269e-06,5.494831243610451e-05,8.335026515439535e-05,0.0,0.6541027331947171,0.493996990436509,0.580754716981132,0.2450980392156863,0.40287476084280827,0.13428159659126512,0.25252525252525254,0.6999999999999957,0.0,0.0,1.0,0.5,0.0,0.008110581792423016,0.0,0.0,0.0,0.0,0.0036354330375410375,0.0047323761429605175,3.323921971252567e-05,0.0,0.0010833715298304773,0.03312156029362849,0,0
9656,0.20000000000004547,1.0,1.0,0.04247104247104247,0.0,0.8,0.23529411764705882,0.0,0.0,0.0,0.0,0.0,0.0,0.0,0.0,0.0,0.009770786935533304,0.0,0.0008043294090493882,9.89901386388269e-06,0.0,0.0,0.0,0.6541034230009495,0.493997798617072,0.20339622641509433,0.24325980392156868,0.39068840712170516,0.13327902750798926,0.020202020202020204,0.3999999999999986,0.0,1.0,0.0,0.2,0.0,0.0,0.0,0.0,0.0,0.0,0.0036354330375410375,0.0,0.0,6.907133841323183e-07,0.0010825576210823542,0.03312156029362849,1,4
922,1.0,0.0,0.0,0.015444015444015444,0.0,0.6000000000000001,0.029411764705882346,0.0,0.0,0.0,0.0,0.0,0.0,0.0,0.0,0.0,0.009770786935533304,0.0,0.0008043294090493882,9.89901386388269e-06,0.007967505303235154,0.0020878285760109958,0.0,0.6540912977181984,0.4939835925728535,0.3660377358490566,0.2442401960784314,0.3959407255755006,0.13378031204962718,0.020202020202020204,0.6000000000000014,0.0,1.0,0.0,0.35000000000000003,0.0,0.0,0.0,0.0,0.0,0.0,0.0036354330375410375,0.0,0.0,0.00030381156110945965,0.0010832575231239801,0.03312156029362849,0,2
1092,0.20000000000004547,0.0,0.0,0.10424710424710425,0.0,0.6000000000000001,0.5294117647058824,0.0,0.0,0.0,0.0,1.0,0.0,0.0,0.0,0.0,0.022866360866647256,0.00041777852212468235,0.0008429263667514112,9.89901386388269e-06,0.0,0.04080415139167104,0.0,0.6521592419052565,0.4972297402488029,0.580566037735849,0.24375000000000005,0.3971593609476109,0.10702424963970175,0.030303030303030304,0.5,1.0,1.0,0.0,0.10000000000000002,0.02110829026279972,0.0,0.0,0.0,0.025606204171013818,0.0,0.005385394386322218,0.0,0.0,0.0371565683517174,0.003741405275979869,0.03329950556087269,0,1
5988,0.4000000000000341,0.0,0.0,0.23938223938223938,0.0,0.6000000000000001,0.5588235294117647,0.0,0.0,0.0,0.0,0.0,0.0,0.0,0.18159557503819798,0.0,0.009770786935533304,0.0,0.0008043294090493882,9.89901386388269e-06,0.0,0.0,0.0,0.6560119382650829,0.4962338250084171,0.290377358490566,0.2450980392156863,0.39349736165441945,0.1342189360235604,0.020202020202020204,0.14999999999999858,0.0,1.0,0.0,0.35000000000000003,0.0012382173778390433,0.0,0.0,0.0,0.001942168523312557,0.0,0.005486597386650987,0.0,0.0,1.0949086237356748e-05,0.0014709334126850149,0.03312156029362849,0,2
10874,0.4000000000000341,0.0,0.0,0.03474903474903475,0.0,0.8,0.5588235294117647,0.0,0.0,0.0,0.0,0.0,0.0,0.0,0.0,0.0,0.011171094079971177,0.0,0.0008043294090493882,1.7024684375307447e-05,0.0,0.0,0.006965901499484269,0.6529723193607484,0.4939148277416582,0.580754716981132,0.24497549019607845,0.3993102523793856,0.13384297261733194,0.020202020202020204,0.5,0.0,1.0,0.0,0.25000000000000006,0.0008119842176690413,0.0,0.0,0.0,0.00039344845866668055,0.0,0.0037946656774291696,0.0,0.0,0.021983744188414332,0.0017069979792921457,0.03312156029362849,1,2
9815,0.8000000000000114,0.0,1.0,0.015444015444015444,0.0,0.6000000000000001,0.23529411764705882,0.0,0.0,0.0,0.0,0.0,0.0,0.0,0.0,0.0,0.009770786935533304,0.0,0.0008043294090493882,9.89901386388269e-06,0.0009981071752373984,0.0006460268806682647,0.0,0.6540973121526543,0.4939905964162241,0.20339622641509433,0.21593137254901965,0.39068840712170516,0.1186164546650793,0.04040404040404041,0.6000000000000014,0.0,1.0,0.0,0.35000000000000003,0.0,0.0,0.0,0.0,0.0,0.0,0.0036354330375410375,0.0,0.0,0.00021511884619143198,0.0010825576210823542,0.03312156029362849,1,4
2009,0.0,0.0,0.0,0.015444015444015444,0.0,1.0,0.5294117647058824,0.0,0.0,0.0,0.0,1.0,0.0,0.0,0.0,0.0,0.009770786935533304,0.0008180977736178156,0.0008043294090493882,9.89901386388269e-06,0.0046463859193503374,0.010163746291100178,0.0,0.6538189856087647,0.4943894234314949,0.580754716981132,0.24301470588235294,0.3961539867656199,0.1295820540134094,0.25252525252525254,0.7999999999999972,0.0,1.0,0.0,0.25000000000000006,0.0,0.0,0.0,0.0,0.0,0.0,0.0036354330375410375,0.0,0.004792453798767967,0.00028754142361656505,0.0012725438988519986,0.03312156029362849,0,1
10620,0.20000000000004547,0.0,0.0,0.04247104247104247,0.0,0.4,0.0,0.0,0.0,0.0,0.0,0.0,0.0,0.0,0.0,0.0,0.17299113970542035,0.0,0.0008043294090493882,9.89901386388269e-06,0.0,0.0,0.0,0.6458262355822654,0.48429153996330493,0.580754716981132,0.2450980392156863,0.40287476084280827,0.13409361488815089,0.020202020202020204,0.10000000000000142,0.0,1.0,0.0,0.85,0.0,0.0,8.064983605400515e-07,0.0,0.0,1.83223718328407e-05,0.0036354330375410375,0.0,0.12375269507186859,0.004294420928922523,0.001089299829000196,0.03312156029362849,1,2
1497,0.4000000000000341,1.0,0.0,0.03861003861003861,0.0,0.4,0.5588235294117647,0.0,0.0,0.0,0.0,0.0,0.0,0.0,0.0,0.0,0.009770786935533304,0.0,0.0008043294090493882,9.89901386388269e-06,0.0,0.0006228417121956064,0.0,0.6541004434488611,0.4939943077583771,0.580754716981132,0.2450980392156863,0.40287476084280827,0.1342189360235604,0.25252525252525254,0.9499999999999957,0.0,1.0,0.0,0.5,0.0,0.0,0.0,0.0,0.0,0.0,0.0036354330375410375,0.0,0.0,0.00023842402741160022,0.0010949115860709186,0.03312156029362849,0,3
4763,0.6000000000000227,0.0,0.0,0.10231660231660232,0.0,0.6000000000000001,0.5588235294117647,0.0,0.0,0.0,0.0,0.0,0.0,0.0,0.0,0.0,0.009940289008333112,0.0,0.0008043294090493882,2.2713074755166417e-05,0.0159295880756378,0.003674225945699338,0.0,0.6540756720498347,0.4942464061376831,0.580754716981132,0.24460784313725495,0.3921507695682375,0.06341249451720032,0.020202020202020204,0.14999999999999858,1.0,1.0,0.0,0.2,6.680259773306606e-06,0.0,0.0,0.0,0.0003499841269888473,0.0,0.0038416292818596242,0.0,0.0,0.0004309539877441864,0.0011409293026495618,0.03312156029362849,0,2
3342,0.4000000000000341,0.0,1.0,0.03474903474903475,0.0,1.0,0.23529411764705882,0.0,0.0,0.0,0.0,0.0,0.0,0.0,0.0,0.0,0.01070752555040956,0.0,0.0018544941478824892,9.89901386388269e-06,0.0,0.0016996639812590709,0.0,0.6540861606165492,0.49399726371178104,0.580754716981132,0.2450980392156863,0.39367406378337544,0.04135597468513065,0.020202020202020204,0.6000000000000014,0.0,1.0,0.0,0.4,2.837752627278619e-06,0.0,0.0,0.0,0.0002051604103828009,0.0,0.0036460946438943457,0.0,0.0,0.0007899970376070415,0.001275497118663474,0.03312156029362849,0,4
11421,0.6000000000000227,0.0,1.0,0.02316602316602317,0.0,0.4,0.23529411764705882,0.0,0.0,0.0,0.0,0.0,0.0,0.0,0.0,0.0,0.009770786935533304,0.0,0.0008043294090493882,9.89901386388269e-06,0.0005491216223055444,0.0013379254925082406,0.0,0.6540762177322866,0.4939656441324739,0.20339622641509433,0.2450980392156863,0.39068840712170516,0.13315370637257973,0.020202020202020204,0.6000000000000014,0.0,1.0,0.0,0.55,0.0,0.0,0.0,0.0,1.2677748886944515e-06,0.0,0.0036354330375410375,0.0,0.0,0.0007938343341855543,0.0010825576210823542,0.03312156029362849,1,4
8224,0.4000000000000341,0.0,0.0,0.10231660231660232,0.0,0.0,0.4411764705882353,0.0,0.0,0.0,0.0,0.0,0.0,0.0,0.0,0.0,0.009770786935533304,0.0,0.0008043294090493882,9.89901386388269e-06,0.0027474156218052254,0.0019517923007789468,0.0,0.6540415226655018,0.4940147684680188,0.37981132075471696,0.11887254901960785,0.3917242471879989,0.04887524280969986,0.24242424242424243,0.7999999999999972,1.0,0.0,0.0,0.45,0.0,0.0236961284135501,0.0,0.0,0.0,0.0,0.003647010302054251,0.043271830413611004,0.0,0.0008789455722969699,0.0011054431290720593,0.033125032589981486,0,2
3528,0.20000000000004547,0.0,0.0,0.10231660231660232,0.0,0.8,0.5588235294117647,0.0,0.0,0.0,0.0,0.0,0.0,0.0,0.0007573247099658757,0.0,0.009770786935533304,0.0,0.0008043294090493882,9.89901386388269e-06,0.0009630414758538317,0.0002529593291425518,0.0,0.654103575739025,0.4939943213445057,0.42679245283018863,0.18737745098039216,0.3991091775429874,0.10439250579610253,0.25252525252525254,0.0,0.0,0.0,0.0,0.55,0.0,0.0,0.0,0.0,0.0,0.0,0.0036354330375410375,0.0,0.0,3.369146395934308e-05,0.0010861252874737161,0.033167419407604815,0,2
6406,0.6000000000000227,0.0,0.0,0.02316602316602317,0.0,0.6000000000000001,0.5294117647058824,0.0,0.0,0.0,0.0,1.0,0.0,0.0,0.0,0.0,0.009856749453497656,0.0005743554435572443,0.0011291052640402283,0.0010845594412502637,0.07285278624094256,0.017418875801872347,0.0,0.653581304290223,0.49637835696147803,0.580754716981132,0.24264705882352944,0.39662925456074294,0.10583369885331163,0.030303030303030304,0.0,1.0,1.0,0.0,0.10000000000000002,0.0016987615470479595,0.0,0.02448014879894752,0.10672441754677427,0.0,0.0010877056162225628,0.005369929108473077,0.0,0.0,0.0029441530088754114,0.002261666431398214,0.03322597720538637,0,1
9149,0.20000000000004547,1.0,1.0,0.03474903474903475,0.0,1.0,0.23529411764705882,0.0,0.0,0.0,0.0,0.0,0.0,0.0,0.0,0.0,0.009770786935533304,0.0,0.0008043294090493882,9.89901386388269e-06,0.017519835617785324,0.03198256874215475,0.0,0.6540917999978566,0.49407014048183495,0.580377358490566,0.24497549019607845,0.40196078431372556,0.1335296697788082,0.020202020202020204,0.3999999999999986,0.0,1.0,0.0,0.5,0.0010795951526324286,0.0,0.0,0.0,0.0009362908841554419,0.0,0.0036354330375410375,0.0,0.0,0.004542898673369827,0.0012710025777482904,0.03312156029362849,1,4
5382,0.8000000000000114,1.0,0.0,0.03861003861003861,0.537037037037037,0.6000000000000001,0.5,0.0,0.0,0.0,0.0,1.0,0.0,0.0,0.0,0.0,0.009770786935533304,0.0,0.0008043294090493882,9.89901386388269e-06,0.002261918361267802,0.0024317834588365615,0.0,0.6539812908527181,0.4938547079581659,0.580754716981132,0.2450980392156863,0.40287476084280827,0.1342189360235604,0.020202020202020204,0.6499999999999986,0.0,1.0,0.0,0.5,0.0001831572443333729,0.0,0.0,0.0,7.378136821364994e-05,0.0,0.003653101863243262,0.0,0.0,0.0024620094847738632,0.0011296996420595924,0.03312156029362849,0,0
10214,0.4000000000000341,1.0,1.0,0.03474903474903475,0.0,0.6000000000000001,0.23529411764705882,0.0,0.0,0.0,0.0,0.0,0.0,0.0,0.0,0.0,0.009770786935533304,0.0,0.0008043294090493882,9.89901386388269e-06,0.0,0.0010103414992493906,0.0,0.6540629394592912,0.4939503678894984,0.20339622641509433,0.2450980392156863,0.39068840712170516,0.1342189360235604,0.030303030303030304,0.14999999999999858,0.0,1.0,0.0,0.8,0.0,0.0,3.6292426224302315e-06,1.5822158933586488e-05,0.0,2.009317305534404e-05,0.0036354330375410375,0.0,0.0002494609856262834,0.0011145300002404707,0.0010825576210823542,0.03312156029362849,1,4
6609,0.20000000000004547,0.0,0.0,0.07162162162162163,0.0,0.0,0.7941176470588235,0.3333333333333333,0.0,0.0,0.0,0.0,0.0,0.0,0.0,0.0,0.009770786935533304,0.0,0.0008043294090493882,9.89901386388269e-06,0.019812481653770683,0.004554514438999947,0.0,0.6538367820794506,0.4942894543683518,0.580754716981132,0.2450980392156863,0.39871312104705153,0.11184911335296699,0.24242424242424243,0.29999999999999716,1.0,1.0,0.0,0.10000000000000002,0.0014415036569568208,0.0,0.0,0.0,0.0,0.0,0.0036354330375410375,0.0,0.0,0.004116370367679526,0.0015716955635433258,0.033184374134654145,0,2
9120,0.0,0.0,1.0,0.02316602316602317,0.0,0.6000000000000001,0.23529411764705882,0.0,0.0,0.0,0.0,0.0,0.0,0.0,0.0,0.0,0.009770786935533304,0.0,0.0008043294090493882,9.89901386388269e-06,0.00242387128213211,0.0012881480161099526,0.0,0.6539677465305369,0.4938388393599843,0.20339622641509433,0.2450980392156863,0.39068840712170516,0.1342189360235604,0.020202020202020204,0.8999999999999986,0.0,1.0,0.0,0.05,0.0,0.0,0.0,0.0,0.0,0.0,0.0036354330375410375,0.0,0.0022535420944558523,0.0002408031512902782,0.0010825576210823542,0.03312156029362849,1,4
7120,0.4000000000000341,0.0,0.0,0.015444015444015444,0.0,0.4,0.5294117647058824,0.0,0.0,0.0,0.0,1.0,0.0,0.0,0.0,0.0,0.009770786935533304,0.0,0.0008043294090493882,9.89901386388269e-06,0.0,0.0,0.0,0.6541025761494942,0.49399680644151056,0.580754716981132,0.2450980392156863,0.40287476084280827,0.1342189360235604,0.24242424242424243,0.10000000000000142,0.0,0.0,0.0,0.5,0.0,0.0019213588536102432,0.0,0.0,0.0,0.0,0.0036354330375410375,0.0031453402214049503,0.0,1.3763103728266192e-05,0.0010838462438427048,0.03312156029362849,0,1
11859,0.6000000000000227,1.0,1.0,0.03861003861003861,0.0,0.6000000000000001,0.23529411764705882,0.0,0.0,0.0,0.0,0.0,0.0,0.0,0.0,0.0,0.009770786935533304,0.0,0.0008043294090493882,9.89901386388269e-06,0.0,0.0,0.0,0.6536316263506476,0.49344503921228816,0.580754716981132,0.2450980392156863,0.40287476084280827,0.1342189360235604,0.020202020202020204,0.6499999999999986,0.0,1.0,0.0,0.25000000000000006,0.0,0.0,0.0,0.0,7.544043164823774e-06,0.0,0.00370010198405831,0.0,0.0,0.007286412235143395,0.0010885057970735099,0.03312156029362849,1,4
10228,0.6000000000000227,0.0,0.0,0.06756756756756757,0.0,0.6000000000000001,0.029411764705882346,0.0,0.0,0.0,0.0,0.0,0.0,0.0,0.0,0.0,0.009770786935533304,0.0,0.0008043294090493882,9.89901386388269e-06,0.0,0.10079847559594816,0.0,0.6540436225655503,0.4938451250794157,0.20339622641509433,0.2450980392156863,0.39068840712170516,0.06642020176702801,0.020202020202020204,0.14999999999999858,0.0,1.0,0.0,0.75,0.0,0.0,0.0002548534819306563,0.001111067160669629,0.0,3.2705614415622945e-05,0.0036354330375410375,0.0,0.0,0.03195419188836435,0.0010825576210823542,0.03312156029362849,1,2
11349,0.0,0.0,0.0,0.05405405405405406,0.0,1.0,0.5588235294117647,0.0,0.0,0.0,0.0,0.0,0.0,0.0,0.0,0.0,0.009784918378875133,0.0,0.0008043294090493882,9.89901386388269e-06,0.0025146082980627826,0.01740267111423017,4.654156077646025e-06,0.653548564005749,0.4934908803628179,0.48754716981132074,0.20122549019607847,0.398055057946112,0.10583369885331163,0.020202020202020204,0.44999999999999574,1.0,1.0,0.0,0.75,6.383585635000205e-05,0.0,0.0,0.0,0.0001455906421559974,0.0,0.0036354330375410375,0.0,0.0059652464065708425,0.007160267505619082,0.0012592965178295627,0.03312156029362849,1,2
7206,0.6000000000000227,1.0,0.0,0.05791505791505792,0.7037037037037037,0.2,0.5,0.0,0.0,0.0,0.0,1.0,0.0,0.0,0.0,0.0,0.017191344784417608,0.0,0.0008043294090493882,9.89901386388269e-06,0.002705119881311645,0.0006593230346310795,0.0,0.6545554213509516,0.49460884833609103,0.30886792452830186,0.16862745098039217,0.393978722626403,0.09455479666645782,0.020202020202020204,0.0,0.0,1.0,0.0,0.05,0.0,0.0,0.0,0.0,0.0,1.445552018370075e-07,0.00398248397141569,0.0,0.0,0.010049163443763907,0.0014689381961850482,0.03312156029362849,0,0
2622,0.8000000000000114,0.0,0.0,0.05791505791505792,0.0,0.2,0.0,0.0,0.0,0.0,0.0,0.0,0.0,0.0,0.0,0.0,0.009770786935533304,0.0,0.003780365376735547,9.89901386388269e-06,0.018400816127040497,0.00738526561768322,0.0,0.6540759321352778,0.4938100883946831,0.57,0.2450980392156863,0.4023324681022192,0.12795287925308604,0.020202020202020204,0.6000000000000014,0.0,1.0,0.0,0.4,0.00012272940668885856,0.0,0.0025651688479927013,0.0005089461123636987,0.0009049564974003024,0.0,0.0038514753556236855,0.0,0.0,0.0030111777891134364,0.0017523670472789537,0.03312156029362849,0,2
8623,0.0,1.0,0.0,0.03861003861003861,0.537037037037037,0.6000000000000001,0.5,0.0,0.0,0.0,0.0,1.0,0.0,0.0,0.0,0.0,0.009770786935533304,0.0,0.0008043294090493882,9.89901386388269e-06,0.0,3.448689934105092e-05,0.0,0.654099617801824,0.49402573713188414,0.5777358490566038,0.2450980392156863,0.4003339060919583,0.13409361488815089,0.24242424242424243,0.29999999999999716,0.0,1.0,0.0,0.10000000000000002,2.2735965427646164e-05,0.0,0.0,0.0,0.0,0.0,0.0036354330375410375,0.0,0.0,8.380655727472127e-05,0.0011063988026813049,0.03312156029362849,0,0
2769,0.8000000000000114,1.0,0.0,0.06756756756756757,0.0,0.4,0.029411764705882346,0.0,0.0,0.0,0.0,0.0,0.0,0.0,0.0,0.0,0.009770786935533304,0.0,0.0009602767128959454,9.89901386388269e-06,0.0,0.0009495115948695128,0.0,0.6541016974914113,0.4939446807360748,0.58,0.2450980392156863,0.40042530374486657,0.03935083651857886,0.24242424242424243,0.14999999999999858,0.0,0.0,0.0,0.5,0.0,0.02764923279161162,0.0,0.0,0.0,0.0,0.0036354330375410375,0.014498810456796485,0.0,7.232024951637273e-05,0.0010854412472347333,0.03312156029362849,0,3
2989,0.8000000000000114,1.0,0.0,0.06756756756756757,0.2962962962962963,0.6000000000000001,0.5,0.0,0.0,0.0,0.0,1.0,0.0,0.0,0.0,0.0,0.009770786935533304,1.2112369000637242e-06,0.0008043294090493882,9.89901386388269e-06,6.145534943511688e-05,0.0020291592966500756,0.0,0.6539571933566104,0.49382626753294645,0.2788679245283019,0.06335784313725491,0.3931256778659258,0.041293314117425914,0.25252525252525254,0.14999999999999858,0.0,1.0,0.0,0.35000000000000003,0.00012776675704637228,0.0,0.0,0.0,0.0,0.0,0.0036354330375410375,0.0,0.0,0.001455154026526464,0.0011263770900871994,0.03312156029362849,0,0
7366,0.0,1.0,1.0,0.0694980694980695,0.0,0.6000000000000001,0.23529411764705882,0.0,0.0,0.0,0.0,0.0,0.0,0.0,0.0,0.0,0.04474657573983336,0.0,0.00137838702923895,9.89901386388269e-06,0.0,0.00992582823612806,0.004216578412775754,0.6535782886243596,0.4942502556701725,0.58,0.2450980392156863,0.40118085767557493,0.1339682937527414,0.020202020202020204,0.5,0.0,1.0,0.0,0.4,2.8798436949559577e-05,0.0,0.0,0.0,0.0,0.004829589293374421,0.00399041430926115,0.0,0.0,0.016262693137532293,0.002039528527511709,0.03313001285503635,0,4
9981,0.20000000000004547,1.0,0.0,0.05791505791505792,0.0,0.6000000000000001,0.5588235294117647,0.0,0.0,0.0,0.0,0.0,0.0,0.0,0.0,0.0,0.009770786935533304,0.0,0.0008043294090493882,9.89901386388269e-06,0.0004110278371042818,2.7672620435108328e-05,0.0,0.6526995496997263,0.49386390964896565,0.580754716981132,0.2450980392156863,0.3955507622564253,0.1342189360235604,0.25252525252525254,0.0,0.0,0.0,0.0,0.45,0.0,0.0,0.0,0.0,0.0,0.0,0.0036354330375410375,0.5264525939441002,0.0,1.8137621827770874e-05,0.0014290659367679338,0.03312156029362849,1,3
5707,0.0,0.0,0.0,0.03474903474903475,0.0,0.6000000000000001,0.5294117647058824,0.0,0.0,0.0,0.0,1.0,0.0,0.0,0.0,0.0,0.009803068028151219,1.29853325322147e-06,0.001078749879628175,9.89901386388269e-06,0.0,0.0109645071635107,0.0,0.6537171924734995,0.4939806870822129,0.580754716981132,0.2450980392156863,0.3975736969741284,0.1326524218309418,0.020202020202020204,0.3999999999999986,1.0,1.0,0.0,0.10000000000000002,0.0,0.0,8.064983605400515e-07,0.0,0.0,3.2524920413326687e-07,0.0036354330375410375,0.0,0.0,0.008954945533412365,0.0012291345565817436,0.03312156029362849,0,1
4885,0.0,1.0,0.0,0.06756756756756757,0.0,0.6000000000000001,0.1764705882352941,0.0,0.0,0.0,0.0,0.0,0.0,0.0,0.0,0.0,0.009840736827602337,0.0,0.0008043294090493882,9.89901386388269e-06,0.0,0.0,0.0,0.6540984750824698,0.4939919977283434,0.3920754716981132,0.19840686274509808,0.3967815839822567,0.11034525972805316,0.25252525252525254,0.3500000000000014,0.0,0.0,0.0,0.55,0.0,0.0,0.0,0.0,0.0,0.0,0.003635341942904203,0.003275945523300534,0.0,0.0001044000489127404,0.001084003573097671,0.03312156029362849,0,3
254,0.6000000000000227,0.0,0.0,0.10231660231660232,0.0,0.6000000000000001,0.029411764705882346,0.0,0.0,0.0,0.0,0.0,0.0,0.0,0.0,0.0,0.009770786935533304,0.0,0.0008043294090493882,9.89901386388269e-06,0.0,0.0,0.0,0.6541010563890772,0.49399502588231636,0.5711320754716981,0.2450980392156863,0.40256400882292015,0.1342189360235604,0.24242424242424243,0.9499999999999957,0.0,0.0,1.0,0.35000000000000003,0.0,0.0,0.0,0.0,0.0,0.0,0.0036359905995423524,0.013826475061763332,0.0,4.701967407537781e-05,0.0010869799412273787,0.03312156029362849,0,2
5000,0.20000000000004547,0.0,0.0,0.03474903474903475,0.0,0.6000000000000001,0.5588235294117647,0.0,0.0,0.0,0.0,0.0,0.0,0.0,0.0,0.0,0.009770786935533304,0.0,0.0008043294090493882,9.89901386388269e-06,0.0013592477286825853,0.00040013113331845824,6.502769472972717e-05,0.6541028190063474,0.4939964108910813,0.580754716981132,0.24485294117647063,0.4028930403733899,0.1336549909142177,0.020202020202020204,0.3999999999999986,0.0,1.0,0.0,0.35000000000000003,2.0162979193821768e-05,0.0,0.0,0.0,0.0,0.0,0.0036440253821007343,0.0,0.0,5.7354792860172495e-05,0.0011040860527196771,0.03312411987208298,0,2
10894,0.20000000000004547,0.0,1.0,0.04247104247104247,0.0,0.6000000000000001,0.2647058823529412,0.0,0.0,0.0,0.0,0.0,0.0,0.0,0.0,0.0,0.009770786935533304,0.0,0.0008043294090493882,9.89901386388269e-06,0.0,0.0,0.0,0.6539370113888672,0.4938028299084454,0.20339622641509433,0.16973039215686275,0.39068840712170516,0.0956826868851432,0.020202020202020204,0.5,0.0,1.0,0.0,0.75,0.0,0.0,1.0081229506750644e-07,4.395044148218469e-07,0.0,1.7708012225033417e-06,0.0036354330375410375,0.0,0.0004639630390143737,0.0002686875064274718,0.0010825576210823542,0.03312156029362849,1,4
10522,0.0,0.0,0.0,0.03474903474903475,0.0,0.6000000000000001,0.5294117647058824,0.0,0.0,0.0,0.0,1.0,0.0,0.0,0.0,0.0,0.009770786935533304,0.0,0.0008043294090493882,9.89901386388269e-06,0.003980860635173572,0.0010421691677978786,9.656286441471193e-06,0.6541278885925058,0.49400799752970953,0.380188679245283,0.18210784313725492,0.39652567055411353,0.10194874365561753,0.05050505050505051,0.0,0.0,1.0,0.0,0.0,0.0001454585832346213,0.0,0.0,0.0,0.00010909124659506578,0.0,0.0036385542068005094,0.0,0.002584933264887064,0.0003124838513768988,0.0012030766384952887,0.03335597005999572,1,1
3078,1.0,0.0,0.0,0.06756756756756757,0.0,0.4,0.0,0.0,0.0,0.0,0.0,0.0,0.0,0.0,0.0,0.0,0.009770786935533304,0.0,0.0008043294090493882,9.89901386388269e-06,0.0028757488515079696,0.008582584282034693,0.0,0.6540574233286651,0.4939439051622204,0.35283018867924526,0.13223039215686275,0.395514203195262,0.07650855316749171,0.020202020202020204,0.6999999999999957,0.0,1.0,0.0,0.35000000000000003,0.00010833018821407878,0.0,7.762546720197996e-06,3.3841839941282214e-05,0.0,6.541122883124589e-06,0.0036354330375410375,0.0,0.0,0.003014656938011288,0.0010966240659387723,0.03312156029362849,0,2
11516,0.0,0.0,0.0,0.017374517374517374,0.0,0.8,0.5294117647058824,0.3333333333333333,0.0,0.0,0.0,1.0,0.0,0.0,0.0,0.0,0.009770786935533304,0.0,0.0011425947058229555,9.89901386388269e-06,0.0,0.0008583498392619637,0.0,0.6538014859999349,0.49364404765920433,0.20339622641509433,0.2450980392156863,0.39068840712170516,0.1342189360235604,0.030303030303030304,0.6000000000000014,0.0,1.0,0.0,0.7,2.158864438934452e-06,0.0,0.0,0.0,3.3650814946828036e-06,0.0,0.0036354330375410375,0.0,0.004639630390143737,0.0003034022494744183,0.001083632803460889,0.03322915683676104,1,1
3532,0.8000000000000114,1.0,0.0,0.06756756756756757,0.0,0.6000000000000001,0.1764705882352941,0.0,0.0,0.0,0.0,0.0,0.0,0.0,0.0,0.0,0.009988417182781642,0.0,0.0008043294090493882,9.89901386388269e-06,0.002120571057567033,0.000537663225871324,0.0,0.6540985582435477,0.49399023153162797,0.39264150943396225,0.2084558823529412,0.39679986351283836,0.10595901998872112,0.25252525252525254,0.14999999999999858,0.0,0.0,0.0,0.55,0.0,0.00041715648561640653,0.0,0.0,0.0,0.0,0.0036406725497562086,0.003916537110480886,0.0,0.0001409566943173731,0.0010844234647545132,0.03312156029362849,0,3
1484,0.4000000000000341,0.0,0.0,0.06756756756756757,0.0,0.6000000000000001,0.1176470588235294,0.0,0.0,0.0,0.0,0.0,0.0,0.0,0.0,0.0,0.009770786935533304,0.0,0.0008043294090493882,9.89901386388269e-06,0.00018183553391684586,0.00013063471268465554,0.0,0.6541050752889808,0.4939997344463071,0.28264150943396227,0.08884803921568629,0.39324754140313684,0.054326712200012534,0.25252525252525254,0.14999999999999858,0.0,1.0,0.0,0.35000000000000003,2.9524847311087836e-05,0.0,0.0,0.0,0.0,0.0,0.0036354330375410375,0.0,0.0,0.0003227422242301232,0.0011027325452728897,0.03312156029362849,0,2
1533,0.0,0.0,0.0,0.08108108108108109,0.0,0.0,0.7941176470588235,0.3333333333333333,0.0,0.0,0.0,0.0,0.0,0.0,0.0,0.0,0.009770786935533304,0.0,0.0008043294090493882,9.89901386388269e-06,0.0,2.1689351151841663e-05,0.0,0.654099589971025,0.4940059200165621,0.580754716981132,0.2450980392156863,0.39099306596473277,0.08390250015665143,0.020202020202020204,0.5,0.0,1.0,0.0,0.6,9.65379003825406e-06,0.0,0.0,0.0,1.856272861718049e-05,0.0,0.0036384693945524225,0.0,0.0,6.65643046486034e-05,0.0010846548983687026,0.03312156029362849,0,2
10565,0.20000000000004547,1.0,1.0,0.06756756756756757,0.0,0.6000000000000001,0.23529411764705882,0.0,0.0,0.0,0.0,0.0,0.0,0.0,0.0,0.0,0.009770786935533304,0.0,0.0008043294090493882,9.89901386388269e-06,0.0,0.0,0.0,0.653674891315611,0.4934957286698455,0.20339622641509433,0.2450980392156863,0.39068840712170516,0.1342189360235604,0.020202020202020204,0.10000000000000142,0.0,1.0,0.0,0.55,0.0,0.0,0.0,0.0,0.0,0.0,0.0036354330375410375,0.0,0.003423100616016427,6.344330343141294e-06,0.0010825576210823542,0.03312156029362849,1,4
12404,0.4000000000000341,0.0,0.0,0.02316602316602317,0.0,0.6000000000000001,0.029411764705882346,0.0,0.0,0.0,0.0,0.0,0.0,0.0,0.0,0.0,0.009770786935533304,0.0,0.0008043294090493882,9.89901386388269e-06,0.0,0.0,0.0,0.6541030519236295,0.49399736386095744,0.20339622641509433,0.24485294117647063,0.39068840712170516,0.13409361488815089,0.020202020202020204,0.9499999999999957,0.0,1.0,0.0,0.4,0.0,0.0,0.0,0.0,0.0,0.0,0.0036354330375410375,0.0,0.0,6.42107627471155e-06,0.0010825576210823542,0.03312156029362849,1,2
475,0.6000000000000227,1.0,0.0,0.10231660231660232,0.4444444444444444,0.6000000000000001,0.5,0.0,0.0,0.0,0.0,1.0,0.0,0.0,0.0,0.0,0.009770786935533304,0.0,0.0008823030609726669,9.89901386388269e-06,0.0005494831243610451,0.0001263134626467407,0.0,0.6540860877263613,0.49406253613158113,0.580566037735849,0.24031862745098043,0.3907615252440318,0.016291747603233285,0.24242424242424243,0.29999999999999716,1.0,1.0,1.0,0.45,0.00032670815175874705,0.0,0.0,0.0,0.0,0.0,0.003644072892665635,0.0,0.0,0.00019936034824233912,0.0011400508066238015,0.03314636241043559,0,0
7446,0.8000000000000114,1.0,0.0,0.15830115830115832,0.0,0.6000000000000001,0.029411764705882346,0.0,0.0,0.0,0.0,0.0,0.0,0.0,0.0,0.0,0.009770786935533304,0.0,0.0008043294090493882,9.89901386388269e-06,0.02746548016872024,0.010418866245261687,0.0,0.6539610293684063,0.4938294257255787,0.5286792452830188,0.20073529411764707,0.40119304402929606,0.11147314994673854,0.030303030303030304,0.14999999999999858,0.0,1.0,0.0,0.75,7.487457829247821e-05,0.0,0.0,0.0,0.00022813687379765835,0.0,0.003655369412931708,0.0,0.0,0.0026408530873097535,0.0011972089115844136,0.03312156029362849,0,3
4215,0.6000000000000227,1.0,0.0,0.10424710424710425,0.0,0.6000000000000001,0.5588235294117647,0.0,0.0,0.0,0.0,0.0,0.0,0.0,0.0,0.0,0.009770786935533304,0.0,0.0008043294090493882,9.89901386388269e-06,0.0006568492348447493,0.00031719637297540084,0.0,0.6541102226615201,0.49400355991194017,0.3920754716981132,0.18982843137254904,0.3967815839822567,0.09593332915596217,0.25252525252525254,0.6499999999999986,0.0,0.0,1.0,0.55,0.0,0.0004945322853678368,0.0,0.0,0.0,0.0,0.003637997037448492,0.004989107085302872,0.0,6.843178898347967e-05,0.001086365048534293,0.03312156029362849,0,3
12254,0.8000000000000114,0.0,1.0,0.015444015444015444,0.0,0.6000000000000001,0.32352941176470584,0.0,0.3143948,0.0,0.0,0.0,0.0,0.0,0.0,0.0,0.009895787753847715,0.0,0.0008043294090493882,9.89901386388269e-06,0.010550437489787567,0.005435550840960963,0.0,0.6525196573787178,0.49212741026975193,0.580754716981132,0.2450980392156863,0.40287476084280827,0.1332163669402845,0.030303030303030304,0.8500000000000014,0.0,1.0,0.0,0.25000000000000006,0.0,0.0,2.9538002454779385e-05,0.00012877479354280114,0.0,2.4212996307698756e-06,0.003639981486994016,0.0,0.023100616016427107,0.0023609095109186438,0.001088262764516138,0.03312156029362849,1,4
8425,0.4000000000000341,0.0,1.0,0.03474903474903475,0.0,0.6000000000000001,0.32352941176470584,0.0,0.0,0.0,0.0,0.0,0.0,0.0,0.0,0.0,0.009770786935533304,0.0,0.0008043294090493882,9.89901386388269e-06,0.00989431125905382,0.0022744733372640088,0.0,0.6542372016759254,0.49408947315462937,0.40792452830188675,0.22561274509803925,0.3970435905872604,0.09862773356726613,0.020202020202020204,0.3500000000000014,0.0,1.0,0.0,0.25000000000000006,7.396486812009703e-05,0.0,3.024368852025193e-07,1.3185132444655407e-06,0.0,1.8756037438351723e-05,0.003689030844488543,0.0,0.0,0.0003227166422529331,0.0011478884207185478,0.03312156029362849,0,4
5055,0.6000000000000227,0.0,0.0,0.05791505791505792,0.0,0.4,0.5294117647058824,0.0,0.0,0.0,0.0,1.0,0.0,0.0,0.0,0.0,0.009770786935533304,5.3458104264974633e-05,0.0008043294090493882,9.89901386388269e-06,0.0636153242167335,0.01462834548892659,0.0,0.6530829646780106,0.4942488815303104,0.4332075471698113,0.1629901960784314,0.3933206595254634,0.09217369509367755,0.020202020202020204,0.14999999999999858,0.0,1.0,0.0,0.45,0.002606998532060437,0.0,0.0,0.0,0.0010955766254177066,0.0,0.0037064169626971435,0.0,0.0,0.005575975658237064,0.0013812287227217292,0.03312156029362849,0,1
7317,0.6000000000000227,0.0,1.0,0.13706563706563707,0.0,0.8,0.23529411764705882,0.0,0.0,0.0,0.0,0.0,0.0,0.0,0.0,0.0,0.009770786935533304,0.0,0.0008043294090493882,9.89901386388269e-06,0.0,0.0006981311840100452,0.0,0.654096530571049,0.49398389651395863,0.580754716981132,0.24485294117647063,0.40287476084280827,0.13277774296635128,0.020202020202020204,0.6000000000000014,0.0,1.0,0.0,0.45,5.7515407316517856e-05,0.0,0.0,0.0,0.0,0.0,0.003688234159065538,0.0,0.0,0.00031527228689061815,0.0011650597638742158,0.03312156029362849,0,4
11684,0.8000000000000114,0.0,0.0,0.03474903474903475,0.0,0.6000000000000001,0.5294117647058824,0.0,0.0,0.0,0.0,1.0,0.0,0.0,0.0,0.0,0.009770786935533304,0.0,0.0008043294090493882,9.89901386388269e-06,0.008635922603855926,0.06249034470694653,0.0,0.6534016627777245,0.4931606543688493,0.20339622641509433,0.24497549019607845,0.39068840712170516,0.1319004950184849,0.07070707070707072,0.6000000000000014,0.0,1.0,0.0,0.8,0.0,0.0,0.0,0.0,1.8218394696794343e-05,0.0,0.0036354330375410375,0.0,0.0,0.029457774644269817,0.0010825576210823542,0.03312156029362849,1,1
1420,0.20000000000004547,1.0,0.0,0.15830115830115832,0.4444444444444444,0.2,0.5,0.0,0.0,0.0,0.0,1.0,0.0,0.0,0.0,0.0,0.00991547244808745,0.0,0.0008043294090493882,9.89901386388269e-06,0.0004305489481013189,9.897324606070275e-05,0.0,0.6541177247184463,0.49401097250369347,0.39773584905660375,0.2450980392156863,0.3971471745938898,0.13183783445078015,0.24242424242424243,0.3999999999999986,0.0,0.0,0.0,0.35000000000000003,0.0,0.005451209196618425,0.0,0.0,0.0,0.0,0.0036354330375410375,0.015394511039932552,0.00013655030800821356,2.187259049752341e-05,0.0010941478898417875,0.0331512980316802,0,0
9363,0.6000000000000227,0.0,0.0,0.03861003861003861,0.0,1.0,0.5588235294117647,0.0,0.0,0.0,0.0,0.0,0.0,0.0,0.0,0.0,0.00986677239414266,2.607978550587658e-06,0.0008043294090493882,9.89901386388269e-06,0.014460082220027502,0.006756357535242079,0.0,0.6536478010146536,0.4940851939123017,0.580754716981132,0.2450980392156863,0.39566653261677576,0.10288865217118869,0.020202020202020204,0.29999999999999716,1.0,1.0,0.0,0.10000000000000002,0.0010226296447484696,0.0,0.0,0.0,0.0010117469673455153,0.0,0.0036424520363688554,0.0,0.0053901437371663245,0.0018481443601205628,0.0013251164062366289,0.03312741359319497,1,2
7799,0.8000000000000114,0.0,0.0,0.0694980694980695,0.0,0.6000000000000001,0.5294117647058824,0.0,0.0,0.0,0.0,1.0,0.0,0.0,0.0,0.0,0.010375248513621229,0.0,0.0009652670266190352,9.89901386388269e-06,0.0,0.0,0.00042535506806822877,0.6538022225221514,0.49335114586584616,0.570188679245283,0.21740196078431373,0.4078163272767156,0.11686195876934648,0.020202020202020204,0.14999999999999858,0.0,1.0,0.0,0.75,3.69315174459227e-06,0.0,0.0,0.0,0.0005012406272893804,0.0,0.003642344057812263,0.0,0.0,0.003545278308888049,0.0012108654279787744,0.0364748312880648,0,1
12299,0.20000000000004547,0.0,0.0,0.06756756756756757,0.0,0.6000000000000001,0.029411764705882346,0.0,0.0,0.0,0.0,0.0,0.0,0.0,0.0,0.0,0.009770786935533304,0.0,0.0008043294090493882,9.89901386388269e-06,0.0003929527343292474,0.0034800189968799745,0.0,0.6538794987114098,0.4937502609070428,0.20339622641509433,0.2450980392156863,0.39068840712170516,0.1417382041481296,0.020202020202020204,0.9499999999999957,0.0,1.0,0.0,0.25000000000000006,0.0,0.0,0.0,0.0,0.0,0.0,0.0036371591238493328,0.0,0.0,0.0018134040350964262,0.0010825576210823542,0.03312156029362849,1,2
8145,0.6000000000000227,1.0,0.0,0.10231660231660232,0.4444444444444444,0.6000000000000001,0.5,0.0,0.0,0.0,0.0,1.0,0.0,0.0,0.0,0.0,0.009770786935533304,0.0,0.0008043294090493882,9.89901386388269e-06,0.004890399806813301,0.00114014520231137,0.0,0.6541652865599843,0.4940687166555598,0.41603773584905657,0.2450980392156863,0.3975554174435468,0.13215113728930386,0.24242424242424243,0.3999999999999986,0.0,1.0,0.0,0.35000000000000003,0.0008402734884773428,0.0,0.0,0.0,0.0,0.0,0.0036354330375410375,0.0,0.0,3.931949894116197e-05,0.0011062617963609753,0.03312156029362849,0,0
10541,0.20000000000004547,0.0,1.0,0.015444015444015444,0.0,0.6000000000000001,0.2647058823529412,0.0,0.0,0.0,0.0,0.0,0.0,0.0,0.0,0.0,0.009770786935533304,0.0,0.0008043294090493882,9.89901386388269e-06,0.00027474156218052257,0.007739026414056362,0.0,0.6538578970415985,0.4937101391284702,0.3918867924528302,0.2450980392156863,0.39677549080539615,0.1342189360235604,0.020202020202020204,0.10000000000000142,0.0,1.0,0.0,0.35000000000000003,0.0,0.0,0.0,0.0,0.0,0.0,0.003640280685758102,0.0,0.0,0.002223585457362263,0.0010431646359457274,0.03312156029362849,1,4
4406,0.20000000000004547,0.0,0.0,0.10231660231660232,0.0,0.2,0.5588235294117647,0.0,0.0,0.0,0.0,0.0,0.0,0.0,0.0,0.0,0.009770786935533304,0.0,0.0008043294090493882,9.89901386388269e-06,0.0,0.0,0.0,0.6540860486307152,0.49397723465285315,0.3920754716981132,0.21862745098039219,0.3967815839822567,0.12024562942540261,0.24242424242424243,0.6499999999999986,0.0,1.0,0.0,0.55,9.085560624609991e-05,0.0,0.0,0.0,0.0,0.0,0.0036354330375410375,0.0,0.0,0.00020828845828167907,0.001086995257780556,0.03312156029362849,0,2
445,0.6000000000000227,0.0,0.0,0.06756756756756757,0.0,0.6000000000000001,0.029411764705882346,0.0,0.0,0.0,0.0,0.0,0.0,0.0,0.0,0.0,0.009770786935533304,0.0,0.0008043294090493882,9.89901386388269e-06,0.005783671385955501,0.0076493604757696294,0.0,0.6541031761682679,0.4939975094266208,0.20339622641509433,0.24485294117647063,0.39068840712170516,0.13409361488815089,0.020202020202020204,0.6000000000000014,0.0,1.0,0.0,0.8,0.0,0.0,0.0,0.0,0.0,0.00030663772189675213,0.0036354330375410375,0.0,0.0,0.0023592978463556685,0.0010825576210823542,0.03312156029362849,0,2
6407,0.20000000000004547,1.0,0.0,0.06756756756756757,0.2962962962962963,0.6000000000000001,0.5,0.0,0.0,0.0,0.0,1.0,0.0,0.0,0.0,0.0,0.010081678689053542,0.0,0.0008043294090493882,9.89901386388269e-06,0.0,0.0001432660589493296,0.0,0.6541140672876108,0.49401026951858323,0.3920754716981132,0.21115196078431375,0.3967815839822567,0.11686195876934648,0.25252525252525254,0.29999999999999716,0.0,1.0,0.0,0.55,0.0,0.0,0.0,0.0,0.0,0.0,0.0036354330375410375,0.0,0.0,7.515984898447226e-05,0.0010897074277599898,0.03312156029362849,0,0
10186,0.0,0.0,0.0,0.06756756756756757,0.0,0.6000000000000001,0.5588235294117647,0.0,0.0,0.0,0.0,0.0,0.0,0.0,0.0,0.0,0.009770786935533304,0.0,0.0008043294090493882,9.89901386388269e-06,0.0,1.030451932118148e-05,0.0,0.6540991904002679,0.49399283968014024,0.20339622641509433,0.2450980392156863,0.39068840712170516,0.1342189360235604,0.24242424242424243,0.14999999999999858,0.0,1.0,0.0,0.55,0.00026296055087322975,0.0,0.0,0.0,0.0,0.0,0.0036354330375410375,0.0,3.791067761806982e-05,3.1465831943805605e-05,0.0010825576210823542,0.03312156029362849,1,2
8270,0.0,1.0,1.0,0.33976833976833976,0.0,0.6000000000000001,0.2647058823529412,0.0,0.0,0.0,0.0,0.0,0.0,0.0,0.0,0.0,0.012831711741431006,0.0,0.0008043294090493882,9.89901386388269e-06,0.025539397217012576,0.00587091678228088,0.0,0.6533866772177378,0.49655902258211065,0.2941509433962264,0.16066176470588237,0.3910966499713621,0.030453035904505297,0.030303030303030304,0.0,1.0,1.0,0.0,0.05,0.00195947497801777,0.0,0.0,0.0,0.0020225078875553792,0.0,0.00299008054322358,0.0,0.0,0.0034171126031657187,0.0026524118771794843,0.03312411987208298,0,4
10787,0.8000000000000114,0.0,1.0,0.06756756756756757,0.0,0.6000000000000001,0.23529411764705882,0.0,0.0,0.0,0.0,0.0,0.0,0.0,0.0,0.0,0.009770786935533304,0.0,0.0008043294090493882,9.89901386388269e-06,0.001822331861778966,0.021542844155363897,0.0,0.6539413450418547,0.4938079072387833,0.20339622641509433,0.12487745098039217,0.39068840712170516,0.0727489191052071,0.020202020202020204,0.5,0.0,1.0,0.0,0.75,0.0,0.0,0.0003747193007659214,0.0,0.0,0.00014148340379797108,0.0036354330375410375,0.0,0.0,0.007778481566394696,0.0010825576210823542,0.03312156029362849,1,4
139,0.4000000000000341,1.0,0.0,0.06756756756756757,0.0,0.6000000000000001,0.029411764705882346,0.0,0.0,0.0,0.0,0.0,0.0,0.0,0.0,0.0,0.010151794125187281,0.0,0.0008743341537461078,9.89901386388269e-06,5.494831243610451e-05,0.0006825082031037378,0.0,0.654097885003267,0.4939927981454043,0.4035849056603773,0.20772058823529413,0.3967267453905117,0.11423021492574724,0.24242424242424243,0.29999999999999716,0.0,0.0,0.0,0.55,0.0,0.00041883856821969844,0.0,0.0,0.0,0.0,0.0036354330375410375,0.006520919594170478,0.0,0.0003572778934367391,0.0010862374601592827,0.03312156029362849,0,3
2196,0.6000000000000227,0.0,0.0,0.31660231660231664,0.0,0.4,0.5294117647058824,0.0,0.0,0.0,0.0,1.0,0.0,0.0,0.0,0.0,0.010798574785998554,0.0,0.0008370783428571652,9.89901386388269e-06,0.06261324051888559,0.014395745895539597,0.0006558010390903656,0.6538936854612013,0.4947247255912761,0.580377358490566,0.23235294117647062,0.39492925821664904,0.08835140046368821,0.020202020202020204,0.0,0.0,1.0,0.0,0.05,0.00045245861088573716,0.0,0.0009591281752722562,0.004181445002615051,8.185756380088866e-06,0.0,0.003872987825291311,0.0,0.0,0.0010895108265485667,0.0013963809079690663,0.033330394117144245,0,1
4535,0.20000000000004547,1.0,0.0,0.31660231660231664,0.6666666666666666,0.4,0.5,0.0,0.0,0.0,0.0,1.0,0.0,0.0,0.0,0.0,0.010992351638468617,8.954423425155784e-05,0.002092968764924644,5.1246121874067537e-05,0.015811738405544572,0.0036348360895844993,0.0,0.6538960338505266,0.4945460726585489,0.5728301886792452,0.24289215686274512,0.3951364262299078,0.09023121749483053,0.020202020202020204,0.3999999999999986,1.0,1.0,0.0,0.15000000000000002,0.0,0.0,0.0,0.0,0.0,0.0018675809301332183,0.004161292141990825,0.0,0.0,0.0012524168572950335,0.0013793803270324776,0.03356988335703358,0,0
7985,0.8000000000000114,1.0,0.0,0.05791505791505792,0.0,0.4,0.5294117647058824,0.0,0.0,0.0,0.0,1.0,0.0,0.0,0.0,0.0,0.009911634835678328,0.0,0.0009573137141228609,9.89901386388269e-06,0.1867002670777186,0.05337242402598401,0.0,0.6528948049531033,0.49516696805086235,0.580754716981132,0.24436274509803926,0.3936557842527938,0.13340434864339873,0.020202020202020204,0.3999999999999986,0.0,1.0,0.0,0.8,0.005336760415219149,0.0,0.003112982859389531,0.0,0.0017972665489973318,0.0,0.004397113775745463,0.0,0.0,0.021755297132106867,0.0015442451774573414,0.03339694315696105,0,0
4237,0.0,0.0,0.0,0.06756756756756757,0.0,0.6000000000000001,0.029411764705882346,0.0,0.0,0.0,0.0,0.0,0.0,0.0,0.0,0.0,0.009770786935533304,0.0,0.0008043294090493882,9.89901386388269e-06,0.00016050691264230527,0.0005894351253640342,0.0,0.6540997880998084,0.4939924674202172,0.580754716981132,0.2450980392156863,0.4015281687566264,0.11717526160787019,0.020202020202020204,0.14999999999999858,0.0,1.0,0.0,0.4,0.0,0.0,0.00035768202289951286,0.0007453994875378523,0.0,6.692905845053447e-05,0.0036354330375410375,0.0,0.0,0.00022693771965325165,0.0010846017117617148,0.03312156029362849,0,2
106,0.6000000000000227,1.0,0.0,0.08687258687258688,0.8888888888888888,0.4,0.5,0.0,0.0,0.0,0.0,1.0,0.0,0.0,0.0,0.0,0.18532180976082419,0.0009491623358400263,0.008942470649742745,0.030075947096754867,0.1807510277503438,0.08640613683986154,0.0,0.6486414524350106,0.5018991028241616,0.580566037735849,0.24031862745098043,0.39424072923140674,0.07168368945422647,0.030303030303030304,0.0,1.0,1.0,0.0,0.25000000000000006,0.0,0.0,0.00642335619252124,0.028003463294788797,0.0,0.002966164325294016,0.012137625318715203,0.0,0.017967145790554417,0.02392769305311177,0.007536884527668937,0.03590329626878542,0,0
6011,0.0,0.0,0.0,0.06756756756756757,0.0,0.6000000000000001,0.0,0.0,0.0,0.0,0.0,0.0,0.0,0.0,0.0,0.0,0.009770786935533304,0.0,0.0008043294090493882,9.89901386388269e-06,0.0,0.0004454211577542962,0.0,0.6541036029071859,0.4939980815967216,0.3920754716981132,0.19779411764705884,0.3967815839822567,0.11047058086346265,0.25252525252525254,0.44999999999999574,0.0,1.0,0.0,0.55,0.0,0.0,0.0,0.0,0.0,0.0,0.0036354330375410375,0.0,0.00013257186858316224,7.142488031471972e-05,0.0010849239046279025,0.03312156029362849,0,2
1508,0.6000000000000227,1.0,0.0,0.03861003861003861,0.537037037037037,0.2,0.5,0.0,0.0,0.0,0.0,1.0,0.0,0.0,0.0,0.0,0.010144961670153,0.0,0.0008043294090493882,9.89901386388269e-06,0.026583776655354063,0.006110995462271955,0.0,0.6543704986130233,0.4943008442022032,0.3966037735849056,0.18958333333333335,0.39692782022691,0.10445516636380728,0.020202020202020204,0.5499999999999972,0.0,1.0,0.0,0.55,1.5960661307971372e-05,0.0,0.0022682766390188947,0.009887970324661911,0.0,3.6138800459251876e-07,0.0038179784441221675,0.0,0.0,0.0002746481071127618,0.0012239897313263267,0.03312156029362849,0,0
6323,0.0,0.0,0.0,0.10231660231660232,0.0,0.6000000000000001,0.5588235294117647,0.0,0.0,0.0,0.0,0.0,0.0,0.0,0.0,0.0,0.009770786935533304,0.0,0.0008043294090493882,9.89901386388269e-06,0.008602302912694362,0.007591937710842722,0.0,0.6540888144820256,0.4940143787402161,0.580754716981132,0.2450980392156863,0.4016744050012796,0.12488251143555364,0.020202020202020204,0.29999999999999716,0.0,1.0,0.0,0.10000000000000002,0.0001707743237779753,0.0,0.0,0.0,0.00010650874219216967,0.0,0.0036457997642725237,0.0,0.0,0.0025597582196171813,0.0013143148160454897,0.03597801512587848,0,2
6834,0.6000000000000227,1.0,0.0,0.31660231660231664,0.0,0.6000000000000001,0.6470588235294117,0.0,0.0,0.0,0.0,1.0,0.0,0.0,0.0,0.0,0.011632676080756308,0.0,0.0008285792147975278,9.89901386388269e-06,0.03802423220578432,0.011374776614225804,0.0011396375356295765,0.6538883956214766,0.49461602375285685,0.580754716981132,0.2433823529411765,0.393802020497447,0.07124506548029326,0.020202020202020204,0.29999999999999716,1.0,1.0,0.0,0.10000000000000002,0.0,0.0,0.0,0.0,0.0,8.564895708842694e-06,0.003934356161820519,0.0,0.0,0.0044040397011820415,0.0013898586834266307,0.03312216546527858,0,0
1978,0.8000000000000114,1.0,0.0,0.06756756756756757,0.2962962962962963,0.6000000000000001,0.5,0.0,0.0,0.0,0.0,1.0,0.0,0.0,0.0,0.0,0.009770786935533304,0.0,0.0008043294090493882,9.89901386388269e-06,0.0002038871593023878,6.04143995685398e-05,0.0,0.6541075081646602,0.4940025848160832,0.2932075471698113,0.13590686274509806,0.39358875930732773,0.07838837019863401,0.24242424242424243,0.10000000000000142,0.0,0.0,0.0,0.05,0.0,6.307809762344856e-05,0.0,0.0,0.0,0.0,0.0036354330375410375,0.0018881773006749537,0.0,2.3919148672730278e-05,0.0010843006844884291,0.03312156029362849,0,0
1743,0.6000000000000227,0.0,0.0,0.03474903474903475,0.0,0.0,0.4411764705882353,0.0,0.0,0.0,0.0,0.0,0.0,0.0,0.0,0.0,0.009770786935533304,0.0,0.0008043294090493882,9.89901386388269e-06,0.0,0.0,0.0,0.6541226093549903,0.49401849456082564,0.3956603773584906,0.18357843137254906,0.3968973543426072,0.10038222946299895,0.24242424242424243,0.29999999999999716,0.0,0.0,0.0,0.55,0.0,0.002265134485658038,0.0,0.0,0.0,0.0,0.00364866217764547,0.018509806635413562,0.0,0.0,0.0010953590376098531,0.03312156029362849,0,2
263,0.6000000000000227,0.0,0.0,0.20463320463320464,0.0,0.6000000000000001,0.5294117647058824,0.0,0.0,0.0,0.0,1.0,0.0,0.0,0.0,0.0,0.009770786935533304,0.0,0.0017385473274725738,9.89901386388269e-06,0.0,0.0,0.001053753132121987,0.6540781065821094,0.494152478243657,0.580754716981132,0.2450980392156863,0.40183282759965394,0.1335296697788082,0.020202020202020204,0.6000000000000014,0.0,1.0,0.0,0.45,0.0009642656271965215,0.0,0.0019221880300521453,0.0,0.0,0.00045524046938519584,0.0037257203874215324,0.0,0.0,0.00162982776678037,0.0014279010856363325,0.03312156029362849,0,1
1789,0.0,0.0,0.0,0.03474903474903475,0.0,0.6000000000000001,0.5588235294117647,0.0,0.0,0.0,0.0,0.0,0.0,0.0,0.0,0.0,0.009770786935533304,0.0,0.0008043294090493882,9.89901386388269e-06,0.0,0.0,0.0,0.6540771934668469,0.49399144457882266,0.580754716981132,0.24497549019607845,0.4009371306011529,0.1298953568519331,0.020202020202020204,0.6000000000000014,0.0,1.0,0.0,0.45,0.0,0.0,0.0,0.0,0.0,0.0,0.0036354330375410375,0.0,0.0,0.0004046557151927781,0.001111848769365068,0.03312156029362849,0,2
5637,0.8000000000000114,0.0,0.0,0.06756756756756757,0.0,0.6000000000000001,0.5294117647058824,0.0,0.0,0.0,0.0,1.0,0.0,0.0,0.0,0.0,0.009789794404053783,0.0,0.0008043294090493882,9.89901386388269e-06,0.0020544161814104074,0.0007942789973536498,0.0,0.6541105162101857,0.49400610905783693,0.3969811320754717,0.23639705882352943,0.39694000658063106,0.1297700357165236,0.24242424242424243,0.5499999999999972,0.0,1.0,0.0,0.55,0.0,0.0,0.0,0.0,0.0,0.0,0.0036354330375410375,0.0,0.0,0.00013747754541952142,0.0010859488744874451,0.03312156029362849,0,1
8744,0.20000000000004547,0.0,0.0,0.06756756756756757,0.0,0.0,0.4411764705882353,0.0,0.0,0.0,0.0,0.0,0.0,0.0,0.0,0.0,0.009770786935533304,0.0,0.0008043294090493882,9.89901386388269e-06,0.0010848676685575635,0.00043395322496136843,0.0,0.6541649525903962,0.4940698870034932,0.2788679245283019,0.08995098039215688,0.3931256778659258,0.05489065730935523,0.24242424242424243,0.0,0.0,1.0,0.0,0.35000000000000003,0.0,0.0,0.0,0.0,0.0,0.0,0.0036354330375410375,0.0,0.0,0.00014302883446977004,0.001108782038528428,0.03312156029362849,0,2
4747,0.6000000000000227,0.0,0.0,0.10424710424710425,0.0,0.0,0.4411764705882353,0.0,0.0,0.0,0.0,0.0,0.0,0.0,0.0,0.0,0.0328905506168661,0.0,0.0010091350031910717,9.89901386388269e-06,0.01807510277503438,0.006655472967049222,0.0,0.653634818940876,0.49674109999559024,0.2856603773584906,0.09044117647058825,0.39171206083427784,0.03295945861269503,0.020202020202020204,0.14999999999999858,1.0,0.0,0.0,0.0,1.8893458281618177e-05,0.0,0.0,0.0,0.002881104518038238,0.0,0.005971942151368625,0.0,0.0,0.01355110588329195,0.002984865247815562,0.03318670553363401,0,2
9166,0.6000000000000227,0.0,0.0,0.02316602316602317,0.0,0.6000000000000001,0.5294117647058824,0.0,0.0,0.0,0.0,1.0,0.0,0.0,0.0,0.0,0.009822045397750842,0.0,0.0009821093354344635,9.89901386388269e-06,0.0,0.00019561966517791293,0.0,0.6540926428734836,0.4939800089403092,0.20339622641509433,0.2450980392156863,0.39068840712170516,0.09800112789021871,0.020202020202020204,0.0,0.0,1.0,0.0,0.25000000000000006,0.0,0.0,0.0008318022466019956,0.0036263509266950588,0.0,0.0,0.0036354330375410375,0.0,0.00022815708418891172,0.0,0.001083122697801514,0.03317810911994867,1,1
3635,0.6000000000000227,1.0,0.0,0.03861003861003861,0.537037037037037,0.6000000000000001,0.5,0.0,0.0,0.0,0.0,1.0,0.0,0.0,0.0,0.0,0.010142854745693089,0.0,0.0008043294090493882,9.89901386388269e-06,0.0006253985560161895,0.0020532585757076774,0.0,0.6541151092859782,0.49401119065810095,0.3920754716981132,0.17708333333333334,0.3967815839822567,0.0990036969734946,0.25252525252525254,0.10000000000000142,0.0,0.0,0.0,0.55,0.0,0.00030634929412454853,0.0,0.0,0.0,0.0,0.0036443057336985785,0.016264183245340166,0.00038501026694045176,0.00030296735586218685,0.0010935171353460586,0.03312156029362849,0,0
11778,0.8000000000000114,0.0,1.0,0.03861003861003861,0.0,0.8,0.23529411764705882,0.0,0.0,0.0,0.0,0.0,0.0,0.0,0.0,0.0,0.009845763347385265,0.0,0.0008084464178709373,9.89901386388269e-06,0.0023595239162529876,0.008598705868714607,0.0,0.6540756780135774,0.4939278413119624,0.580754716981132,0.24497549019607845,0.39669018632934844,0.06967855128767467,0.25252525252525254,0.6000000000000014,1.0,1.0,0.0,0.45,0.0,0.0,0.0,0.0,0.0,0.0,0.0036354330375410375,0.0,0.0,0.0029156291043084654,0.001109612750873726,0.03312156029362849,1,4
4819,1.0,0.0,0.0,0.0250965250965251,0.0,0.6000000000000001,0.029411764705882346,0.0,0.0,0.0,0.0,0.0,0.0,0.0,0.0,0.0,0.009770786935533304,0.0,0.0008043294090493882,9.89901386388269e-06,0.0,0.021814002595243052,0.0,0.6541109154496237,0.49400491619574755,0.40471698113207544,0.23982843137254906,0.3968425157508622,0.12406792405539195,0.020202020202020204,0.6999999999999957,0.0,1.0,0.0,0.6,0.0,0.0,0.0,0.0,0.0,0.0,0.0036354330375410375,0.0,0.0,0.008198332976038386,0.0011229825651853133,0.03312156029362849,0,2
956,0.8000000000000114,0.0,0.0,0.06756756756756757,0.0,0.6000000000000001,0.5294117647058824,0.0,0.0,0.0,0.0,1.0,0.0,0.0,0.0,0.0,0.009770786935533304,0.0,0.0008043294090493882,9.89901386388269e-06,0.0009670179984643392,0.0018399384055667672,0.0,0.6541030317131683,0.4939973401822762,0.20339622641509433,0.24473039215686276,0.39068840712170516,0.13403095432044615,0.11111111111111112,0.6000000000000014,0.0,1.0,0.0,0.6,0.0,0.0,0.0,0.0,0.0,0.0,0.0036354330375410375,0.0,0.0,0.000504706827983204,0.0010825576210823542,0.03312156029362849,0,1
9870,0.0,0.0,0.0,0.015444015444015444,0.0,0.6000000000000001,0.029411764705882346,0.0,0.0,0.0,0.0,0.0,0.0,0.0,0.0,0.0,0.009770786935533304,0.0,0.0008043294090493882,9.89901386388269e-06,0.0,0.0009711178450590868,0.0,0.6540471275896295,0.4939318426209168,0.20339622641509433,0.17953431372549022,0.39068840712170516,0.10069553230152267,0.24242424242424243,0.7999999999999972,0.0,0.0,0.0,0.45,0.0,0.0,0.0,0.0,0.0,0.0,0.0036354330375410375,0.0,0.0,0.0009361980372483821,0.0010825576210823542,0.03312156029362849,1,2
6049,0.4000000000000341,1.0,0.0,0.06756756756756757,0.2962962962962963,0.6000000000000001,0.5,0.0,0.0,0.0,0.0,1.0,0.0,0.0,0.0,0.0,0.009770786935533304,0.0,0.0008043294090493882,9.89901386388269e-06,0.0005050183715344605,0.0006692951501031906,0.0,0.654109870138066,0.49400507922929054,0.3920754716981132,0.22107843137254904,0.3967815839822567,0.12068425339933582,0.24242424242424243,0.3999999999999986,0.0,1.0,1.0,0.55,7.291259142816357e-06,0.0,0.0,0.0,0.0,0.0,0.0036354330375410375,0.0,0.0,0.00025226387707143666,0.001087096277636139,0.03312156029362849,0,0
5625,0.20000000000004547,0.0,0.0,0.02364864864864865,0.0,0.0,0.7941176470588235,0.2222222222222222,0.0,0.0,0.0,0.0,0.0,0.0,0.0,0.0,0.010383600964158732,0.0,0.0008043294090493882,9.89901386388269e-06,0.00013194825025775097,0.0006141992121197768,0.0,0.6541026573226579,0.4939967478270701,0.580754716981132,0.2450980392156863,0.40287476084280827,0.1335296697788082,0.23232323232323235,0.25,0.0,0.0,0.0,0.85,0.0,0.0009392328736131491,0.0,0.0,0.0,0.0,0.0036382636463209513,0.006373399708528511,0.0,9.928365347472322e-05,0.0010868196874525503,0.03312156029362849,0,2
2378,0.20000000000004547,1.0,0.0,0.06756756756756757,0.2962962962962963,0.6000000000000001,0.5,0.0,0.0,0.0,0.0,1.0,0.0,0.0,0.0,0.0,0.009770786935533304,0.0,0.0008043294090493882,9.89901386388269e-06,2.9281666495555692e-05,8.094033724863517e-05,7.894666617689286e-06,0.6541056335615559,0.4939988901654596,0.4011320754716981,0.13639705882352943,0.3970740564715632,0.07644589259978696,0.24242424242424243,0.3999999999999986,0.0,1.0,0.0,0.5,4.139181284334388e-05,0.0,0.0,0.0,0.0,0.0,0.0036354330375410375,0.0,0.0,1.7574818329588986e-05,0.0010893171282787037,0.033121585095745296,0,0
399,0.4000000000000341,1.0,1.0,0.19305019305019305,0.0,0.6000000000000001,0.23529411764705882,0.0,0.0,0.0,0.0,0.0,0.0,0.0,0.0,0.0,0.009770786935533304,0.0,0.0008043294090493882,9.275517694133023e-05,0.0,0.0012012244095780506,0.0,0.6540832711832385,0.4942040112057115,0.580754716981132,0.2450980392156863,0.3951851716447922,0.1335296697788082,0.020202020202020204,0.44999999999999574,0.0,1.0,0.0,0.25000000000000006,1.545828404859669e-05,0.0,0.0,0.0,0.00023474182445233809,0.0,0.0037958318458403703,0.0,0.0,0.0006812480525719864,0.0011408228798674535,0.03393625030566129,0,4
12328,0.0,0.0,0.0,0.02316602316602317,0.0,0.6000000000000001,0.5588235294117647,0.0,0.0,0.0,0.0,0.0,0.0,0.0,0.0,0.0,0.009770786935533304,0.0,0.0008043294090493882,9.89901386388269e-06,0.0009735250354633516,0.002787621779266393,0.0,0.6540991496480265,0.49399255398326497,0.20339622641509433,0.2439950980392157,0.39068840712170516,0.12807820038849552,0.04040404040404041,0.9499999999999957,0.0,1.0,0.0,0.85,0.0,0.0,0.0,0.0,0.0,0.0,0.0036354330375410375,0.0,0.0,0.0008556659730539918,0.0010825576210823542,0.03312156029362849,1,2
6339,0.6000000000000227,0.0,1.0,0.33976833976833976,0.0,0.6000000000000001,0.23529411764705882,0.0,0.0,0.0,0.0,0.0,0.0,0.0,0.0,0.0,0.015254629721946921,0.0,0.006377854859064574,9.89901386388269e-06,0.0,0.0013857085458121063,0.0,0.6536090764457559,0.4933821432004643,0.5788679245283018,0.24411764705882358,0.4027224314212945,0.1326524218309418,0.030303030303030304,0.14999999999999858,0.0,1.0,0.0,0.45,0.0014230650537613932,0.0,0.024623806319418715,0.1073507113378954,0.0,0.002417071391116143,0.00593038140126077,0.0,0.0,0.006798717421991598,0.004406523227067844,0.050753290883749816,0,4
3461,0.6000000000000227,0.0,0.0,0.10231660231660232,0.0,0.2,0.5294117647058824,0.0,0.0,0.0,0.0,1.0,0.0,0.0,0.0,0.0,0.009770786935533304,0.0,0.0008043294090493882,9.89901386388269e-06,0.0,0.0,0.0,0.654085741497969,0.49397709801521716,0.58,0.2450980392156863,0.4028442949585055,0.13415627545585562,0.020202020202020204,0.8999999999999986,0.0,0.0,0.0,0.45,0.0001220980406736985,0.0,1.612996721080103e-06,0.0,0.0001015941580557492,0.0,0.00366770723913263,0.0,0.0,0.0,0.001139907901695614,0.03312156029362849,0,1
11587,0.8000000000000114,0.0,0.0,0.15830115830115832,0.0,0.6000000000000001,0.0,0.0,0.0,0.0,0.0,0.0,0.0,0.0,0.0,0.0,0.03209654108468836,0.0,0.0008043294090493882,9.89901386388269e-06,0.07626464264075805,0.018416669055819332,0.0,0.6540914759678397,0.4939832855263476,0.580754716981132,0.2450980392156863,0.40287476084280827,0.13415627545585562,0.020202020202020204,0.6000000000000014,0.0,1.0,0.0,0.75,4.871701639557744e-05,0.0,0.0,0.0,7.428221755239342e-05,0.0,0.0036354330375410375,0.0,0.0,0.0004577127358850162,0.0012229505849806718,0.03312156029362849,1,2
4351,0.4000000000000341,1.0,0.0,0.10424710424710425,0.2962962962962963,0.6000000000000001,0.5,0.0,0.0,0.0,0.0,1.0,0.0,0.0,0.0,0.0,0.009770786935533304,0.0,0.0008043294090493882,9.89901386388269e-06,0.004439245241548443,0.001255821741787859,0.0,0.6541133354038609,0.4940093817621243,0.3920754716981132,0.16875,0.3967815839822567,0.0951187417758005,0.24242424242424243,0.44999999999999574,0.0,1.0,1.0,0.55,1.526140647397688e-05,0.0,0.0,0.0,0.0,0.0,0.0036354330375410375,0.0,0.0,0.00012054227651968458,0.0010912149929649484,0.03312156029362849,0,0
6240,0.6000000000000227,1.0,1.0,0.21235521235521235,0.0,0.6000000000000001,0.32352941176470584,0.0,0.0,0.0,0.0,0.0,1.0,0.0,0.0,0.0,0.01044434058644587,0.0,0.0008526574785114364,9.89901386388269e-06,0.0,0.0017269210968828413,0.0,0.6540675981362528,0.49470370590948715,0.580754716981132,0.24460784313725495,0.3910783704407805,0.1295820540134094,0.020202020202020204,0.44999999999999574,0.0,1.0,0.0,0.4,0.00010558747993316834,0.0,0.0,0.0,2.8751882352243305e-05,0.0,0.003641091506555788,0.0,0.0,0.001083985119475508,0.0011821594315091905,0.03312156029362849,0,4
11469,0.6000000000000227,0.0,0.0,0.015444015444015444,0.0,0.6000000000000001,0.5588235294117647,0.0,0.0,0.0,0.0,0.0,0.0,0.0,0.0,0.0,0.009770786935533304,0.0,0.0008043294090493882,9.89901386388269e-06,0.11415150406545212,0.00038957731111047397,0.0,0.6534583812834531,0.4932420643921768,0.5049056603773585,0.2450980392156863,0.40042530374486657,0.1342189360235604,0.07070707070707072,0.6000000000000014,0.0,1.0,0.0,0.35000000000000003,9.151412778879375e-06,0.0,0.0,0.0,7.825770917866986e-06,0.0,0.003982460412457888,0.0,0.0,0.011728338844543953,0.0011813718434398282,0.03312156029362849,1,2
945,0.20000000000004547,1.0,0.0,0.10424710424710425,0.2962962962962963,0.6000000000000001,0.5,0.0,0.0,0.0,0.0,1.0,0.0,0.0,0.0,0.0,0.009770786935533304,0.0,0.0008043294090493882,9.89901386388269e-06,0.0,0.0002886927429176166,0.0,0.6541065711944272,0.49400062026189057,0.29754716981132073,0.07598039215686275,0.39378374096686536,0.04755937088790024,0.25252525252525254,0.44999999999999574,0.0,1.0,0.0,0.45,4.391048802210074e-05,0.0,0.0,0.0,0.0,0.0,0.0036354330375410375,0.0,0.0,5.351749628165962e-05,0.0010875385245210814,0.033130097182233496,0,0
4180,0.4000000000000341,1.0,1.0,0.03474903474903475,0.0,0.6000000000000001,0.32352941176470584,0.0,0.0,0.0,0.0,0.0,0.0,0.0,0.0,0.0,0.009770786935533304,0.0,0.0008043294090493882,9.89901386388269e-06,0.0011101728124426114,0.00041475690267755457,0.0,0.6539988616951405,0.49403408289658335,0.580377358490566,0.24497549019607845,0.3907066866522868,0.0466194623723291,0.25252525252525254,0.44999999999999574,0.0,1.0,0.0,0.45,0.0002554113142188426,0.0,0.0,0.0,0.0,0.0,0.0036354330375410375,0.0,0.001540041067761807,0.0001223074329458005,0.0011397682682642216,0.03312156029362849,0,4
422,0.6000000000000227,1.0,0.0,0.06756756756756757,0.2962962962962963,0.4,0.5,0.0,0.0,0.0,0.0,1.0,0.0,0.0,0.0,0.0,0.009770786935533304,0.0,0.0008043294090493882,9.89901386388269e-06,0.00040488230216077006,0.0003093848825222472,0.0,0.6541072639825308,0.49400229873103285,0.39471698113207543,0.1840686274509804,0.3968668884583044,0.10301397330659817,0.24242424242424243,0.10000000000000142,0.0,0.0,1.0,0.55,0.0,0.0008044560050243807,0.0,0.0,0.0,0.0,0.00363631335726424,0.002876715005560573,0.0,7.554357864232354e-05,0.0010848744356309094,0.03312156029362849,0,0
12072,0.4000000000000341,0.0,0.0,0.03861003861003861,0.0,0.6000000000000001,0.029411764705882346,0.0,0.0,0.0,0.0,0.0,0.0,0.0,0.0,0.0,0.009770786935533304,0.0,0.0008043294090493882,9.89901386388269e-06,0.044886625725353874,0.010318397181880167,0.0,0.6532387151061608,0.4933625702472816,0.580754716981132,0.24497549019607845,0.39575793026968403,0.12494517200325836,0.020202020202020204,0.7999999999999972,1.0,1.0,0.0,0.10000000000000002,0.0,0.0,0.0,0.0,0.0,0.0,0.0037245279115074533,0.0,0.0,0.013342536023261182,0.001197472663621488,0.03312411987208298,1,2
4376,0.20000000000004547,0.0,0.0,0.20463320463320464,0.0,0.0,0.4411764705882353,0.0,0.0,0.0,0.0,0.0,0.0,0.0,0.0,0.0,0.012522430280176557,0.00011156473933559924,0.0009549900992955471,9.89901386388269e-06,0.07404104349737332,0.017020323586836972,0.0,0.6536390780470805,0.4947924054730606,0.580754716981132,0.24436274509803926,0.39736652896086966,0.1261357227896485,0.020202020202020204,0.0,1.0,1.0,0.0,0.25000000000000006,0.0,0.0,0.0028043964241878942,0.0,8.857207524841854e-05,0.0,0.004280767469990847,0.0,0.0,0.0009887945823511986,0.0015517079077602453,0.03316767238919625,0,2
6567,0.6000000000000227,1.0,0.0,0.06756756756756757,0.2962962962962963,0.6000000000000001,0.5,0.0,0.0,0.0,0.0,1.0,0.0,0.0,0.0,0.0,0.009770786935533304,0.0,0.0008043294090493882,9.89901386388269e-06,0.0,0.0003039002190125861,0.0,0.6541006107649742,0.49399450378680376,0.580754716981132,0.2450980392156863,0.40287476084280827,0.1342189360235604,0.25252525252525254,0.0,0.0,0.0,0.0,0.8,0.0,0.0,0.0,0.0,0.0,0.0,0.0036354330375410375,0.0014519509582111693,0.0,0.00013768220123704209,0.0010841636285999663,0.03312156029362849,0,0
12458,0.4000000000000341,0.0,0.0,0.04247104247104247,0.0,1.0,0.029411764705882346,0.0,0.0,0.0,0.0,0.0,0.0,0.0,0.0,0.0,0.009770786935533304,0.0,0.0008043294090493882,9.89901386388269e-06,0.0003025772204540755,7.470776507856573e-05,0.0,0.6533881684847177,0.49315978019851897,0.20339622641509433,0.2450980392156863,0.39068840712170516,0.1342189360235604,0.020202020202020204,1.0,0.0,1.0,0.0,0.2,0.00031170472279634095,0.0,0.0,0.0,0.0,0.0,0.003642966406947533,0.0,0.011047381930184806,3.696595703967407e-05,0.0010825576210823542,0.03312156029362849,1,2
5466,0.4000000000000341,0.0,0.0,0.10424710424710425,0.0,0.4,0.5588235294117647,0.0,0.0,0.0,0.0,0.0,0.0,0.0,0.0,0.0,0.009770786935533304,0.0,0.0008043294090493882,9.89901386388269e-06,0.0007352951808883985,0.0002350095212927518,0.0,0.6541070489564766,0.4940016450441606,0.3920754716981132,0.17083333333333334,0.3967815839822567,0.09474277836957204,0.25252525252525254,0.5,0.0,0.0,0.0,0.55,0.0,0.00012384333166737068,0.0,0.0,0.0,0.0,0.003639191083959758,0.00685928850464035,0.0,5.2059323581824723e-05,0.0010863596456077676,0.03312156029362849,0,2
6019,0.6000000000000227,1.0,0.0,0.10231660231660232,0.4444444444444444,0.6000000000000001,0.5,0.0,0.0,0.0,0.0,1.0,0.0,0.0,0.0,0.0,0.009770786935533304,0.0,0.0008043294090493882,9.89901386388269e-06,0.0015428907728769346,0.002505327810443381,0.0,0.6542121254633863,0.4941231523910292,0.3920754716981132,0.14215686274509806,0.3967815839822567,0.08145873801616645,0.24242424242424243,0.7999999999999972,0.0,1.0,1.0,0.45,0.0005420311184558666,0.0,0.0,0.0,0.0,0.0,0.0036354330375410375,0.0,0.0,0.0009525960846272271,0.0012508216558136304,0.03312168430421253,0,0
10151,0.20000000000004547,0.0,0.0,0.03861003861003861,0.0,1.0,0.5588235294117647,0.0,0.0,0.0,0.0,0.0,0.0,0.0,0.0,0.0,0.009770786935533304,0.0,0.0008043294090493882,9.89901386388269e-06,0.0,0.0,0.0,0.6539698371536524,0.4938384205190489,0.580754716981132,0.2450980392156863,0.40287476084280827,0.13390563318503665,0.020202020202020204,0.14999999999999858,0.0,1.0,0.0,0.25000000000000006,6.723708617360633e-05,0.0,0.0,0.0,9.843254660493094e-05,0.0,0.0036377233608886916,0.0,0.0,0.0010659754075336876,0.0012258316831582545,0.03312156029362849,1,2
10708,0.0,0.0,1.0,0.08687258687258688,0.0,0.8,0.2647058823529412,0.0,0.0,0.0,0.0,0.0,0.0,0.0,0.0,0.0,0.01020771792013748,2.5206821974299124e-06,0.000896790565500012,9.89901386388269e-06,0.03220838713688926,0.03550438752305532,0.0,0.6389904943687337,0.49361899677897814,0.580754716981132,0.2450980392156863,0.3928575780840615,0.10971865405100571,0.030303030303030304,0.5,1.0,1.0,0.0,0.10000000000000002,0.0,0.0,0.0,0.0,0.0,0.005336002304209917,0.003956926036044159,0.0,0.00795364476386037,0.01731393332620449,0.004757005320860582,0.03315216114534509,1,4
7151,0.0,0.0,1.0,0.10231660231660232,0.0,0.6000000000000001,0.2647058823529412,0.0,0.0,0.0,0.0,0.0,0.0,0.0,0.0,0.0,0.009770786935533304,0.0,0.0008043294090493882,9.89901386388269e-06,0.002464721014403688,0.0006594892365556147,0.0,0.6540994591000059,0.4939922663455142,0.580754716981132,0.24497549019607845,0.40287476084280827,0.13127388934143747,0.24242424242424243,0.7999999999999972,0.0,1.0,0.0,0.85,0.0,0.0,0.0,0.0,0.0,0.0,0.0036354330375410375,0.0,0.0,0.0002647222999630085,0.0010876317126116096,0.03312156029362849,0,4
10124,0.0,0.0,0.0,0.06756756756756757,0.0,0.6000000000000001,0.8235294117647058,1.0,0.0,0.0,0.0,0.0,0.0,0.0,0.0,0.0,0.009770786935533304,0.0,0.0008043294090493882,9.89901386388269e-06,0.0,0.0,0.0,0.653908959600068,0.4938384341051775,0.580754716981132,0.2450980392156863,0.401723150416164,0.1342189360235604,0.020202020202020204,0.14999999999999858,0.0,1.0,0.0,0.4,0.0,0.0,0.0,0.0,0.0,0.0,0.0036354330375410375,0.0,0.0,0.0030037078517739313,0.0011921555395348607,0.03312156029362849,1,2
2739,0.6000000000000227,0.0,0.0,0.03861003861003861,0.0,0.6000000000000001,0.029411764705882346,0.0,0.0,0.0,0.0,0.0,0.0,0.0,0.0,0.0,0.009770786935533304,0.0,0.0012228451883823939,9.89901386388269e-06,0.0,0.0,0.0,0.6540804712060675,0.49397292396834225,0.580754716981132,0.2450980392156863,0.40238730669396416,0.13052196252898052,0.020202020202020204,0.7999999999999972,0.0,1.0,0.0,0.45,9.16363276626957e-05,0.0,7.056860654725451e-06,3.0765309037529285e-05,4.2666103044210806e-05,0.0,0.003644783195243366,0.0,0.0,0.0003551290073527719,0.0011224037085251074,0.03312156029362849,0,2
9769,0.6000000000000227,0.0,0.0,0.10231660231660232,0.0,0.6000000000000001,0.0,0.0,0.0,0.0,0.0,0.0,0.0,0.0,0.0,0.0,0.009770786935533304,0.0,0.0008043294090493882,9.89901386388269e-06,0.01676754984028839,0.0038544719328577463,0.0,0.6538151088447275,0.49365550309464795,0.20339622641509433,0.2433823529411765,0.39068840712170516,0.13171251331537065,0.020202020202020204,0.5499999999999972,0.0,1.0,0.0,0.0,9.57232345565276e-07,0.0,7.35929753992797e-06,0.0,9.735259021826529e-06,0.0,0.003690058407698008,0.0,0.0,0.0038514945758533767,0.0010825576210823542,0.03312156029362849,1,2
3709,0.6000000000000227,1.0,0.0,0.05791505791505792,0.7037037037037037,0.6000000000000001,0.5,0.0,0.0,0.0,0.0,1.0,0.0,0.0,0.0,0.0,0.009770786935533304,0.0,0.0008043294090493882,1.3583309412403444e-05,0.05166406626188076,0.012413787945457513,0.0,0.6535162325689651,0.49502693504723694,0.5530188679245283,0.24178921568627454,0.39074933889031066,0.02493890594648788,0.030303030303030304,0.29999999999999716,1.0,1.0,0.0,0.10000000000000002,0.0,0.0,0.0,0.0,0.0,0.011983879203891136,0.004416875422199101,0.0,0.0,0.007385874962458449,0.0019287951022624909,0.03323763420028571,0,0
8558,0.8000000000000114,1.0,0.0,0.15830115830115832,0.0,0.6000000000000001,0.1764705882352941,0.0,0.0,0.0,0.0,0.0,0.0,0.0,0.0,0.0,0.010004565253820813,0.0,0.0008043294090493882,9.89901386388269e-06,0.0,0.0,0.0,0.6541424411185127,0.4940339745957298,0.4118867924528302,0.24497549019607845,0.3974396470831963,0.12106021680556427,0.24242424242424243,0.0,0.0,1.0,0.0,0.35000000000000003,0.0001428041304181956,0.0,0.0,0.0,0.0,0.0,0.0036812041660574126,0.0,0.0,0.00012852385340299136,0.0011001242205326345,0.03312652071698991,0,3
8147,0.8000000000000114,0.0,0.0,0.06756756756756757,0.0,0.6000000000000001,0.5588235294117647,0.0,0.0,0.0,0.0,0.0,0.0,0.0,0.0,0.0,0.009770786935533304,0.0,0.0008043294090493882,9.89901386388269e-06,0.0,0.0,0.0,0.6540993017234639,0.4939929701069746,0.20339622641509433,0.2450980392156863,0.39068840712170516,0.1342189360235604,0.25252525252525254,0.9499999999999957,0.0,0.0,0.0,0.85,0.0,0.0,0.0,0.0,0.0,0.0,0.0036354330375410375,0.00022892614714282173,0.0,6.433867263306594e-05,0.0010825576210823542,0.03312156029362849,0,2
10504,0.8000000000000114,0.0,1.0,0.015444015444015444,0.0,0.6000000000000001,0.2647058823529412,0.0,0.0,0.0,0.0,0.0,0.0,0.0,0.0,0.0,0.009770786935533304,0.0,0.0008043294090493882,9.89901386388269e-06,0.04385815237745442,0.1702730406766745,0.0,0.6534059483894518,0.4931799160056,0.580754716981132,0.2450980392156863,0.40287476084280827,0.13409361488815089,0.020202020202020204,0.19999999999999574,0.0,1.0,0.0,0.75,0.0,0.0,0.0,0.0,0.0,0.00046590141552067517,0.0036354330375410375,0.0,0.0248258726899384,0.03534173172589833,0.0010687552256718102,0.03312156029362849,1,4
2835,0.8000000000000114,1.0,0.0,0.05791505791505792,0.0,0.6000000000000001,0.029411764705882346,0.0,0.0,0.0,0.0,0.0,0.0,0.0,0.0,0.0,0.01160767892698551,0.0,0.0009025762104727193,9.89901386388269e-06,0.0,8.226995264491664e-06,0.0,0.6530752449444779,0.49389535338495144,0.580754716981132,0.24240196078431378,0.3986095370404222,0.1322137978570086,0.020202020202020204,0.6999999999999957,0.0,1.0,0.0,0.25000000000000006,0.0,0.0,0.0,0.0,0.0,0.0005420820068887781,0.0038086946441509813,0.0,0.006673511293634497,3.343564418744222e-05,0.0015439079654467763,0.03315281096080543,0,3
10436,0.6000000000000227,1.0,1.0,0.03861003861003861,0.0,0.8,0.2647058823529412,0.0,0.0,0.0,0.0,0.0,0.0,0.0,0.0,0.0,0.009770786935533304,0.0,0.0008043294090493882,9.89901386388269e-06,0.001584102007204013,0.00036414841665659064,0.0,0.6535643029852228,0.4936111793205931,0.580754716981132,0.2126225490196079,0.39151098599787965,0.1176138855818034,0.020202020202020204,0.14999999999999858,0.0,1.0,0.0,0.45,0.0,0.0,0.0,0.0,0.0,0.00011445158105445068,0.0036354330375410375,0.0,0.0051334702258726906,0.0020751076617510048,0.001116567457378852,0.03312156029362849,1,4
6736,0.20000000000004547,0.0,0.0,0.03474903474903475,0.0,0.6000000000000001,0.47058823529411764,0.0,0.0,0.0,0.0,0.0,0.0,0.0,0.0,0.0,0.009770786935533304,0.0,0.0008043294090493882,9.89901386388269e-06,0.0,4.37111061527537e-05,0.0,0.6535635936311673,0.4941167016971794,0.28962264150943395,0.05183823529411766,0.3909869727878722,0.02938780625352466,0.24242424242424243,0.7999999999999972,1.0,1.0,0.0,0.45,0.0,0.0,0.0,0.0,0.0,0.0,0.0036354330375410375,0.0,0.0008899897330595483,1.7191088671737696e-05,0.0012227582606236245,0.033172796506528594,0,2
12464,0.6000000000000227,0.0,0.0,0.02316602316602317,0.0,0.6000000000000001,0.0,0.0,0.0,0.0,0.0,0.0,0.0,0.0,0.0,0.0,0.009770786935533304,0.0,0.0009512941481943837,9.89901386388269e-06,0.0001420703078117702,8.708980845643702e-05,0.0,0.6538982550133422,0.49376021876294185,0.20339622641509433,0.2442401960784314,0.39068840712170516,0.13334168807569396,0.24242424242424243,1.0,0.0,1.0,0.0,0.55,4.5465141973408886e-05,0.0,0.0,0.0,0.0,0.0,0.0036354330375410375,0.0,0.001741581108829569,5.958042487570997e-05,0.001083024751170193,0.03312156029362849,1,2
2323,0.6000000000000227,1.0,1.0,0.05791505791505792,0.0,0.6000000000000001,0.23529411764705882,0.0,0.0,0.0,0.0,0.0,0.0,0.0,0.0,0.0,0.013594824731350201,0.00010126376966298522,0.0011030620642978532,9.89901386388269e-06,0.08645140906271193,0.019873179621483425,0.0,0.6532352793277602,0.49427614190321884,0.580754716981132,0.2450980392156863,0.3996819361678793,0.12563443824801054,0.020202020202020204,0.5,1.0,1.0,0.0,0.2,0.0,0.0,0.0,0.0,0.0,0.0002394556918430029,0.005019295642415328,0.0,0.0,0.013207437601720337,0.0021612799574218778,0.04446839480144457,0,4
742,0.8000000000000114,0.0,0.0,0.15830115830115832,0.0,0.6000000000000001,0.0,0.0,0.0,0.0,0.0,0.0,0.0,0.0,0.0,0.0,0.009770786935533304,0.0,0.0008043294090493882,9.89901386388269e-06,0.005498807766220959,0.001423685685568396,0.0,0.6540762266779006,0.49396591003241896,0.4767924528301887,0.24497549019607845,0.3995174203926444,0.13409361488815089,0.020202020202020204,0.5,0.0,1.0,0.0,0.35000000000000003,4.5112120115469916e-05,0.0,0.0,0.0,0.0,0.0,0.0036617707744158157,0.0,0.0,0.0006669988912771086,0.0010905197007597155,0.03312156029362849,0,2
8088,0.0,0.0,0.0,0.0,0.0,0.0,0.4411764705882353,0.1111111111111111,0.0,0.0,0.0,0.0,0.0,0.0,0.0,0.0,0.009770786935533304,0.0,0.0008043294090493882,9.89901386388269e-06,0.01130995330839451,0.003200467359811793,0.0006639566864226892,0.6543244972841438,0.4942510576399338,0.35698113207547166,0.191421568627451,0.3956482530861941,0.10495645090544523,0.030303030303030304,0.6999999999999957,0.0,1.0,0.0,0.0,0.0014375389499368908,0.0,0.0,0.0,0.0007628248459900023,0.0,0.0038262990753685474,0.0,0.0,0.0010835246438860866,0.0011605148617356402,0.03312156029362849,0,2
549,0.4000000000000341,0.0,0.0,0.0694980694980695,0.0,0.2,0.5588235294117647,0.0,0.0,0.0,0.0,0.0,0.0,0.0,0.0,0.0,0.009770786935533304,0.0,0.0048386081859079005,9.89901386388269e-06,0.0,0.0,0.0,0.6540127247462341,0.4945964779719313,0.5779245283018868,0.2450980392156863,0.40143067792685755,0.13309104580487502,0.020202020202020204,0.10000000000000142,0.0,1.0,0.0,0.4,0.0,0.0,0.001161156014587539,0.005062211849918032,0.0,0.00039796047065728164,0.004045722103895786,0.0,0.0,0.001987003332308349,0.002102206688496513,0.03312156029362849,0,2
7257,0.6000000000000227,1.0,0.0,0.05791505791505792,0.7037037037037037,0.6000000000000001,0.5,0.0,0.0,0.0,0.0,1.0,0.0,0.0,0.0,0.0,0.011644369511508811,0.0,0.0038393602417807005,9.89901386388269e-06,0.0,0.0,0.0,0.6537895151118545,0.49395413318799064,0.5766037735849057,0.24497549019607845,0.40196078431372556,0.13258976126323704,0.020202020202020204,0.14999999999999858,0.0,1.0,0.0,0.4,9.856098718380621e-05,0.0,0.0028398823520516562,0.012380839365531427,0.0004334694511406523,0.0,0.003970000472325692,0.0,0.0,0.0,0.002029747892161318,0.03312280039946885,0,0
11832,0.4000000000000341,0.0,1.0,0.015444015444015444,0.0,0.6000000000000001,0.2647058823529412,0.0,0.0,0.0,0.0,0.0,0.0,0.0,0.0,0.0,0.009770786935533304,0.0,0.0008043294090493882,9.89901386388269e-06,0.00011206563720521315,2.7007812736967587e-05,0.0,0.6538513843033129,0.4937024552023204,0.580754716981132,0.2450980392156863,0.40287476084280827,0.1342189360235604,0.020202020202020204,0.6499999999999986,0.0,1.0,0.0,0.25000000000000006,0.0,0.0,0.0,0.0,0.0,0.0,0.0036354330375410375,0.0,0.0032084188911704315,0.0007033764628414107,0.0010931805181530925,0.03312156029362849,1,4
8701,0.20000000000004547,0.0,0.0,0.06756756756756757,0.0,0.8,0.5588235294117647,0.0,0.0,0.0,0.0,0.0,0.0,0.0,0.0,0.0,0.009770786935533304,0.0,0.0008043294090493882,9.89901386388269e-06,0.0,0.001013914840626897,0.0,0.6541005120319014,0.4939943062056767,0.3920754716981132,0.13713235294117648,0.3967815839822567,0.07888965474027196,0.25252525252525254,0.7999999999999972,0.0,1.0,0.0,0.0,0.0,0.0,0.0,0.0,0.0,0.0,0.0036354330375410375,0.0,0.0,0.00018475303926680008,0.001090170988942234,0.03312156029362849,0,2
11072,0.20000000000004547,0.0,1.0,0.04247104247104247,0.0,0.6000000000000001,0.2647058823529412,0.0,0.0,0.0,0.0,0.0,0.0,0.0,0.0,0.0,0.009770786935533304,0.0,0.0008043294090493882,9.89901386388269e-06,0.0,0.0,0.0,0.6540437855745159,0.49392792709866,0.20339622641509433,0.2450980392156863,0.39068840712170516,0.1342189360235604,0.020202020202020204,0.3999999999999986,0.0,1.0,0.0,0.10000000000000002,0.0,0.0,0.0,0.0,0.0,0.0,0.0036354330375410375,0.0,0.0,0.0009216418922272233,0.0010825576210823542,0.03312156029362849,1,4
7009,0.6000000000000227,0.0,0.0,0.03474903474903475,0.0,0.6000000000000001,0.5294117647058824,0.0,0.0,0.0,0.0,1.0,0.0,0.0,0.0,0.0,0.011195669848849992,0.0,0.0008043294090493882,9.89901386388269e-06,0.00048115923587141517,0.00011069048174043331,0.0,0.653999217863104,0.49423447479956406,0.580754716981132,0.24485294117647063,0.39230919216661186,0.0822733253963281,0.020202020202020204,0.14999999999999858,1.0,0.0,0.0,0.10000000000000002,0.0,0.0,4.7684215566930543e-05,0.00020788558821073359,8.730430035972409e-05,0.0,0.003766041543699705,0.0,0.0,0.00010099764594645897,0.0011580482027202413,0.03312156029362849,0,1
5513,0.6000000000000227,1.0,0.0,0.10231660231660232,0.4444444444444444,0.4,0.5,0.0,0.0,0.0,0.0,1.0,0.0,0.0,0.0,0.0,0.009770786935533304,0.0,0.0008043294090493882,9.89901386388269e-06,0.0009561729367993186,0.00022021755000912032,0.0,0.654100044209423,0.4940366161273009,0.580754716981132,0.2450980392156863,0.3907676184208923,0.010714957077511123,0.020202020202020204,0.0,0.0,0.0,0.0,0.45,0.0001642298416423375,0.0,0.0001595858630918627,0.0,6.708250830795579e-05,0.0,0.003659879382753609,0.0,0.0,5.303143871504799e-05,0.0011572410848063746,0.03312156029362849,0,0
8165,0.0,0.0,0.0,0.06756756756756757,0.0,0.6000000000000001,0.5588235294117647,0.0,0.0,0.0,0.0,0.0,0.0,0.0,0.0,0.0,0.009770786935533304,0.0,0.0008043294090493882,9.89901386388269e-06,0.0004178963761587948,0.00011542723658968609,0.0,0.6540962287394074,0.4939893340707915,0.580754716981132,0.24031862745098043,0.40287476084280827,0.13139921047684694,0.25252525252525254,0.5,0.0,0.0,0.0,0.5,0.0,0.003039943784799398,0.0,0.0,0.0,0.0,0.0036354330375410375,0.010301985563595862,0.0,0.00011499098746943594,0.001082907720807567,0.03312156029362849,0,2
2904,0.6000000000000227,0.0,1.0,0.15830115830115832,0.0,0.6000000000000001,0.2647058823529412,0.0,0.0,0.0,0.0,0.0,0.0,0.0,0.0,0.0,0.009770786935533304,0.0,0.0008043294090493882,9.89901386388269e-06,0.0007967505303235154,0.0007531440210311915,0.0,0.6541201748227157,0.4940175202413189,0.3924528301886792,0.21850490196078431,0.39679377033597785,0.12074691396704057,0.25252525252525254,0.14999999999999858,0.0,0.0,1.0,0.55,0.0,0.0011644216821288605,0.0,0.0,0.0,0.0,0.0036354330375410375,0.016134659241035677,0.0003080082135523614,0.00011020715773488988,0.0010952897909276896,0.03312156029362849,0,4
4789,0.8000000000000114,1.0,0.0,0.05791505791505792,0.0,0.4,0.1764705882352941,0.0,0.0,0.0,0.0,0.0,0.0,0.0,0.0,0.0,0.009770786935533304,0.0,0.0008926579619480782,9.89901386388269e-06,0.0,0.005499455480944742,0.0,0.654252734574959,0.494154056951798,0.37566037735849056,0.12941176470588237,0.39626366394910983,0.07481671783946363,0.04040404040404041,0.6000000000000014,0.0,1.0,0.0,0.5,9.821475420775069e-05,0.0,0.0,0.0,0.0,8.1926660641124e-05,0.003963617958007826,0.0,0.0,0.0038371175046725482,0.0015811753203248304,0.03323819968854891,0,3
5823,0.8000000000000114,1.0,0.0,0.06756756756756757,0.0,0.6000000000000001,0.0,0.0,0.0,0.0,0.0,0.0,0.0,0.0,0.0,0.0,0.009770786935533304,0.0,0.0008043294090493882,9.89901386388269e-06,0.0,0.0,0.0,0.6541071884417907,0.4940019509261412,0.3920754716981132,0.15208333333333335,0.3967876771591173,0.08609562002631746,0.24242424242424243,0.5,0.0,0.0,0.0,0.55,0.0,0.0014718222778804665,0.0,0.0,0.0,0.0,0.003637249040538277,0.008517767302750274,0.0,2.5198247532234573e-05,0.0010878479783770214,0.03312180831479656,0,3
5970,0.6000000000000227,1.0,0.0,0.10424710424710425,0.5,0.2,0.5,0.0,0.0,0.0,0.0,1.0,0.0,0.0,0.0,0.0,0.0962111403179334,0.03866174341423763,0.01932318090394075,9.628764712384051e-05,0.1867002670777186,0.13444730173253042,0.0,0.6444764269212946,0.49761637429593564,0.580754716981132,0.2442401960784314,0.3952217307059555,0.08622094116172693,0.020202020202020204,0.6000000000000014,1.0,1.0,0.0,0.45,0.0,0.0,0.9520061898749171,0.018620483542757187,0.0,0.3398686137770503,0.00909209955360314,0.0,0.0,0.050034919398864466,0.008919343134913103,0.0655560374661967,0,0
10253,0.8000000000000114,1.0,0.0,0.06756756756756757,0.0,1.0,0.0,0.0,0.0,0.0,0.0,0.0,0.0,0.0,0.0,0.0,0.011199552609640399,0.0,0.000836501337832933,9.89901386388269e-06,0.1487873775050285,0.03420261094913348,0.0,0.653753053120652,0.4935334655005896,0.5809433962264151,0.24473039215686276,0.3999926881877674,0.11943104204524095,0.020202020202020204,0.29999999999999716,0.0,1.0,0.0,0.30000000000000004,0.0,0.0,0.0,0.0,0.0,0.0,0.004173476834966034,0.0,0.0,0.005367584872046625,0.0010830544424820154,0.033121575174898575,1,3
9914,0.4000000000000341,0.0,0.0,0.015444015444015444,0.0,0.6000000000000001,0.5588235294117647,0.0,0.0,0.0,0.0,0.0,0.0,0.0,0.0,0.0,0.009770786935533304,0.0,0.0008043294090493882,9.89901386388269e-06,0.0,0.0,0.0,0.6535733576031507,0.4933767712452237,0.20339622641509433,0.2450980392156863,0.39068840712170516,0.1342189360235604,0.25252525252525254,0.8500000000000014,0.0,1.0,0.0,0.45,0.0,0.0,0.0,0.0,0.0,0.0,0.0036354330375410375,0.0,0.007392197125256674,0.0008186232700827475,0.0010825576210823542,0.03312156029362849,1,2
672,0.0,1.0,0.0,0.06756756756756757,0.0,1.0,0.5588235294117647,0.0,0.0,0.0,0.0,0.0,0.0,0.0,0.0,0.0,0.009899038437300148,0.0,0.0008043294090493882,9.89901386388269e-06,0.0006810698725632953,0.0001565622129121444,0.0,0.6541085289586094,0.49400368995059946,0.3920754716981132,0.20968137254901964,0.3967815839822567,0.11579672911836582,0.24242424242424243,0.0,0.0,0.0,0.0,0.55,0.0,0.0005826313617152532,0.0,0.0,0.0,0.0,0.0036458767235346768,0.009500744048595985,0.0,0.00012092600617753586,0.001088188511452515,0.03312156029362849,0,3
2678,0.8000000000000114,0.0,0.0,0.20463320463320464,0.0,0.6000000000000001,0.47058823529411764,0.0,0.0,0.0,0.0,0.0,0.0,0.0,0.0,0.0,0.01193661498355884,0.0,0.0009303192358270217,9.89901386388269e-06,0.04220861849820478,0.009702702152439574,0.0,0.6544066620857746,0.49435344192856334,0.2811320754716981,0.12426470588235296,0.3931987959882524,0.07237295569897866,0.020202020202020204,0.8999999999999986,0.0,1.0,0.0,0.05,0.00011885295513341337,0.0,0.0,0.0,0.00010290888756995086,0.0,0.004141632191705032,0.0,0.0,0.0030544369125418713,0.001506213531532557,0.03312900092867062,0,2
4706,0.8000000000000114,1.0,0.0,0.06756756756756757,0.0,0.6000000000000001,0.0,0.0,0.0,0.0,0.0,0.0,0.0,0.0,0.0,0.0,0.009770786935533304,0.0,0.0008043294090493882,9.89901386388269e-06,0.0,0.0014084782094734266,0.0,0.6541027206045937,0.4939958111605483,0.3920754716981132,0.21409313725490198,0.3967815839822567,0.11053324143116737,0.24242424242424243,0.14999999999999858,0.0,0.0,0.0,0.55,0.0,0.012198252778747896,0.0,0.0,0.0,0.0,0.0036354330375410375,0.007166454256052969,0.0,0.0005141209955891556,0.001084568699384964,0.03312156029362849,0,3
8842,1.0,0.0,0.0,0.15830115830115832,0.0,0.6000000000000001,0.0,0.0,0.0,0.0,0.0,0.0,0.0,0.0,0.0,0.0,0.009770786935533304,0.0,0.0008043294090493882,9.89901386388269e-06,0.019430012479050955,0.009110192291471638,0.0,0.6540618126432506,0.4939064416067483,0.5618867924528301,0.2394607843137255,0.40319160603955695,0.13014599912275207,0.24242424242424243,0.5499999999999972,0.0,1.0,0.0,0.35000000000000003,0.00018807239481698467,0.0,0.0,0.0,0.0,0.0,0.0036354330375410375,0.0,0.0,0.002237041577364248,0.0011787694668755643,0.035551701460928016,0,2
1053,0.8000000000000114,1.0,1.0,0.10231660231660232,0.0,0.6000000000000001,0.23529411764705882,0.0,0.0,0.0,0.0,0.0,0.0,0.0,0.0,0.0,0.009770786935533304,0.0,0.0008043294090493882,9.89901386388269e-06,0.00011206563720521315,0.00019013500166825182,0.0,0.6541139907529135,0.4940101798501346,0.2792452830188679,0.056127450980392166,0.39313786421964686,0.037596340622846044,0.020202020202020204,0.9499999999999957,0.0,1.0,0.0,0.45,5.9579227409084124e-05,0.0,0.00023932838849026028,0.0004562055825850771,3.995838630662883e-05,0.0,0.0036355029291158503,0.0,0.0,6.610382905918186e-05,0.0011015224880037554,0.03312156029362849,0,4
6694,0.6000000000000227,1.0,0.0,0.10231660231660232,0.4444444444444444,0.6000000000000001,0.5,0.0,0.0,0.0,0.0,1.0,0.0,0.0,0.0,0.0,0.010491204606218453,0.0,0.0008043294090493882,9.89901386388269e-06,0.002169373835059626,0.0007923676752214952,0.0,0.654109091207013,0.49400379631057745,0.47245283018867923,0.21764705882352947,0.39938337050171224,0.11905507863901248,0.020202020202020204,0.29999999999999716,0.0,1.0,0.0,0.55,0.0,0.0,6.189874917144895e-05,0.000269855710700614,0.0,0.0,0.0036354330375410375,0.0,0.0,0.00017536445363803857,0.0010928519805658476,0.03312156029362849,0,0
1079,0.6000000000000227,1.0,0.0,0.015444015444015444,0.35185185185185186,0.6000000000000001,0.5,0.0,0.0,0.0,0.0,1.0,0.0,0.0,0.0,0.0,0.009770786935533304,0.0,0.000860283301669533,9.89901386388269e-06,0.1169777271353565,0.031327234553712516,0.0,0.6540968191499291,0.49397228192672304,0.3458490566037736,0.14595588235294119,0.395282662474561,0.08296259164108029,0.020202020202020204,0.44999999999999574,0.0,1.0,0.0,0.35000000000000003,0.0,0.0,0.0,0.0,0.00020924546280192744,0.0,0.003873338461113265,0.0,0.0,0.005640851552391122,0.0014176266029742764,0.03312156029362849,0,0
9332,0.0,0.0,0.0,0.10231660231660232,0.0,0.8,0.5588235294117647,0.0,0.0,0.0,0.0,0.0,0.0,0.0,0.0,0.0,0.009770786935533304,0.0,0.0008043294090493882,9.89901386388269e-06,0.0003672860883886986,0.0001096932701932222,0.0,0.6536230355793698,0.4940047710182593,0.580754716981132,0.2450980392156863,0.3907676184208923,0.13409361488815089,0.020202020202020204,0.14999999999999858,0.0,1.0,0.0,0.45,2.056352322494483e-05,0.0,7.540759671049481e-05,0.0,3.019182420113083e-05,0.0,0.003636875631057115,0.0,0.006097792607802875,0.0013493213868910788,0.0011559552378614865,0.03312156029362849,1,2
699,0.20000000000004547,0.0,0.0,0.02364864864864865,0.0,0.0,0.7941176470588235,0.2222222222222222,0.0,0.0,0.0,0.0,0.0,0.0,0.0,0.0,0.009770786935533304,0.0,0.0008043294090493882,9.89901386388269e-06,2.385913566304538e-05,5.48466350966111e-06,0.0,0.6540882542215362,0.4939797869041507,0.580566037735849,0.2450980392156863,0.4028686676659477,0.13277774296635128,0.020202020202020204,0.6999999999999957,0.0,1.0,0.0,0.45,0.0,0.0,0.0,0.0,0.0,0.0,0.0036354330375410375,0.0,0.0,0.00012133531781257723,0.0010830184064491357,0.03312156029362849,0,2
4474,1.0,0.0,0.0,0.05791505791505792,0.0,0.6000000000000001,0.029411764705882346,0.0,0.0,0.0,0.0,0.0,0.0,0.0,0.0,0.0,0.01141111792433628,6.393366664390414e-05,0.0008043294090493882,0.0021090972544710544,0.1866999055756631,0.08249274632475606,0.0,0.6535538333036934,0.4950401504685944,0.5781132075471698,0.2450980392156863,0.3916755017731145,0.047183407481671796,0.020202020202020204,0.6999999999999957,1.0,1.0,0.0,0.25000000000000006,0.0,0.0,0.02439919652600831,0.0,0.0,0.008746529319950893,0.004640037649978819,0.0,0.0,0.018613446603506473,0.0016399046359735063,0.03312156029362849,0,2
3578,0.8000000000000114,0.0,0.0,0.02316602316602317,0.0,0.6000000000000001,0.5588235294117647,0.0,0.0,0.0,0.0,0.0,0.0,0.0,0.0,0.0,0.009770786935533304,0.0,0.0008043294090493882,9.89901386388269e-06,0.0,0.000604975005308074,0.00035086682243300616,0.6540670226350876,0.49421675382979435,0.580754716981132,0.24497549019607845,0.39710452235586596,0.11755122501409865,0.020202020202020204,0.7999999999999972,1.0,1.0,0.0,0.2,0.00012843885635283303,0.0,6.552799179387918e-06,0.0,0.0004861368894178971,0.0,0.003744645298223902,0.0,0.0,0.0010709638930857545,0.0011791873758070762,0.03315735966902785,0,2
1891,0.0,0.0,1.0,0.03861003861003861,0.0,0.6000000000000001,0.23529411764705882,0.0,0.0,0.0,0.0,0.0,0.0,0.0,0.0,0.0,0.009770786935533304,0.0,0.0008043294090493882,9.89901386388269e-06,0.0,8.418127477707128e-05,0.0,0.654101851554763,0.49404326750767863,0.580754716981132,0.2450980392156863,0.40037655832998215,0.13315370637257973,0.020202020202020204,0.3999999999999986,0.0,1.0,0.0,0.45,0.0,0.0,0.00016059398604253774,0.0007001305328112021,0.0,6.252012479450573e-05,0.003660940321153294,0.0,0.0,5.085697065389069e-05,0.0011179110511989874,0.03312156029362849,0,4
804,0.20000000000004547,0.0,0.0,0.03474903474903475,0.0,0.6000000000000001,0.029411764705882346,0.0,0.0,0.0,0.0,0.0,0.0,0.0,0.0,0.0,0.009770786935533304,0.0,0.0008043294090493882,9.89901386388269e-06,0.0,6.207641881389165e-05,1.5658842878061392e-05,0.6541103628094722,0.4940053307667568,0.420377358490566,0.19325980392156863,0.3976894673344789,0.10633498339494958,0.24242424242424243,0.6000000000000014,0.0,1.0,0.0,0.35000000000000003,8.896150820061968e-05,0.0,0.0,0.0,0.0,0.0,0.0036354330375410375,0.0,0.0,5.1573266015213095e-05,0.0010899614644429454,0.03312156029362849,0,2
7906,0.6000000000000227,1.0,0.0,0.015444015444015444,0.35185185185185186,0.6000000000000001,0.5,0.0,0.0,0.0,0.0,1.0,0.0,0.0,0.0,0.0,0.009770786935533304,0.0,0.0008043294090493882,9.89901386388269e-06,0.0037299782086560943,0.001025133470533022,0.0,0.6541453653403222,0.49404693847962095,0.3020754716981132,0.1383578431372549,0.39387513861977363,0.07964158155272888,0.020202020202020204,0.44999999999999574,0.0,1.0,0.0,0.35000000000000003,4.3767921502548465e-05,0.0,2.6412821307686686e-05,0.0,1.8046227736601268e-05,0.0,0.0036354330375410375,0.0,0.0,0.0009616009405981374,0.001125470141952948,0.03312156029362849,0,0
9497,0.0,1.0,0.0,0.015444015444015444,0.0,1.0,0.029411764705882346,0.0,0.0,0.0,0.0,0.0,0.0,0.0,0.0,0.0,0.009770786935533304,0.0,0.0008077290602732432,9.89901386388269e-06,0.0,0.0,0.0,0.6539703248552731,0.49384179841878906,0.580754716981132,0.2450980392156863,0.40287476084280827,0.1342189360235604,0.030303030303030304,0.3999999999999986,0.0,1.0,0.0,0.2,0.0001286153672818025,0.0,0.0,0.0,0.00018101008133026338,0.0,0.0036354330375410375,0.0,0.0,0.002056074670721581,0.40841258204567543,0.03312156029362849,1,3
11814,0.20000000000004547,0.0,1.0,0.02316602316602317,0.0,0.8,0.23529411764705882,0.0,0.0,0.0,0.0,0.0,0.0,0.0,0.0,0.0,0.009870354165724508,0.0,0.0010372367073442214,9.89901386388269e-06,0.0,0.0,0.0,0.6538238781969655,0.4936647047854477,0.580566037735849,0.2450980392156863,0.39184611072521,0.13002067798734257,0.020202020202020204,0.75,0.0,1.0,0.0,0.4,0.0,0.0,0.0,0.0,0.0,0.0,0.0036354330375410375,0.0,0.0020223562628336757,0.0002141978950125889,0.0010833913570837811,0.03312156029362849,1,4
11287,0.4000000000000341,1.0,0.0,0.04247104247104247,0.14814814814814814,0.6000000000000001,0.5,0.0,0.0,0.0,0.0,1.0,0.0,0.0,0.0,0.0,0.009770786935533304,0.0,0.0008043294090493882,9.89901386388269e-06,0.00013484026670175647,0.000650431231668447,0.0,0.6540127350171242,0.4938915481044237,0.20339622641509433,0.24485294117647063,0.39068840712170516,0.13409361488815089,0.020202020202020204,0.5499999999999972,0.0,1.0,0.0,0.25000000000000006,0.0,0.0,0.0,0.0,0.0,0.0,0.0036354330375410375,0.0,0.0012833675564681726,0.00031146057228929533,0.0010825576210823542,0.03312156029362849,1,0
3063,0.6000000000000227,1.0,0.0,0.06756756756756757,0.2962962962962963,0.6000000000000001,0.5,0.0,0.0,0.0,0.0,1.0,0.0,0.0,0.0,0.0,0.009770786935533304,0.0,0.0008043294090493882,9.89901386388269e-06,0.0,0.0,0.0,0.6540979340384844,0.4939883477178566,0.45490566037735847,0.1927696078431373,0.40270415189071285,0.10746287361363496,0.24242424242424243,0.10000000000000142,0.0,0.0,1.0,0.5,0.0,0.0,0.0,0.0,0.0,0.0,0.0036358995049055177,0.0018248441560537953,0.0,8.196465491703509e-05,0.0010839084022818124,0.033160152387380334,0,0
11509,0.20000000000004547,0.0,0.0,0.03861003861003861,0.0,0.6000000000000001,0.5588235294117647,0.0,0.0,0.0,0.0,0.0,0.0,0.0,0.0,0.0,0.009770786935533304,0.0,0.0008043294090493882,9.89901386388269e-06,0.0051962305457668835,0.003820483639290301,0.0,0.6538081219889018,0.49365182241832806,0.580754716981132,0.2450980392156863,0.40287476084280827,0.1342189360235604,0.020202020202020204,0.6000000000000014,0.0,1.0,0.0,0.45,0.0,0.0,0.0,0.0,0.0,2.218922348198065e-05,0.0036503411460381613,0.0,0.0,0.0027729072535649765,0.0010946481810107768,0.03312156029362849,1,2
2665,0.4000000000000341,0.0,1.0,0.02316602316602317,0.0,0.6000000000000001,0.6176470588235294,0.0,0.0,0.0,0.0,0.0,0.0,0.0,0.0,0.0,0.010177904939029744,0.0,0.0008043294090493882,1.707529283064427e-05,0.0015924165544805287,0.0016722406637107654,8.438376439844196e-06,0.654098208701965,0.4940105839404161,0.580754716981132,0.24497549019607845,0.39796975347006425,0.1312112287737327,0.24242424242424243,0.0,0.0,0.0,1.0,0.25000000000000006,0.0,0.0,0.0,0.0,0.0,0.0,0.0036354330375410375,0.008242036417021571,0.00038501026694045176,0.00010923504260166663,0.0010895762704793849,0.03312156029362849,0,4
7634,0.4000000000000341,1.0,0.0,0.06756756756756757,0.2962962962962963,0.6000000000000001,0.5,0.0,0.0,0.0,0.0,1.0,0.0,0.0,0.0,0.0,0.009770786935533304,0.0,0.0008043294090493882,9.89901386388269e-06,0.0007230041110013752,0.0008677402479982017,0.0,0.6541062199962493,0.49400107559128553,0.32150943396226417,0.09840686274509805,0.39450273583641043,0.05921423648098252,0.25252525252525254,0.5,0.0,0.0,1.0,0.55,0.0,0.0010208138798728093,0.0,0.0,0.0,0.0,0.0036354330375410375,0.005164895179397697,0.0,0.00022402137425358188,0.0010854728717037529,0.03312156029362849,0,0
7240,0.0,0.0,1.0,0.5405405405405406,0.0,0.6000000000000001,0.6176470588235294,0.4444444444444444,0.0,0.0,0.0,0.0,0.0,0.0,0.0,0.0,0.01140813813117155,8.304065594130578e-06,0.0008686264824253238,2.6447978759023996e-05,0.09334995278783155,0.053086806018670295,0.0,0.6533534883272895,0.49580204619688817,0.580754716981132,0.24497549019607845,0.3949048855092068,0.07218497399586442,0.030303030303030304,0.3999999999999986,1.0,1.0,0.0,0.45,0.003320720473348543,0.0,0.0015424281145328485,0.006724417546774258,0.001131606474723566,0.0,0.004265367371924958,0.0,0.0,0.017586944186777087,0.002617083776378947,0.033134710375959615,0,4
4863,0.6000000000000227,1.0,0.0,0.06756756756756757,0.2962962962962963,0.8,0.5,0.0,0.0,0.0,0.0,1.0,0.0,0.0,0.0,0.0,0.009770786935533304,0.0,0.0008043294090493882,9.89901386388269e-06,0.0006080464573521565,0.00013985891949635831,0.0,0.6541054235052873,0.49399997822027136,0.4071698113207547,0.2450980392156863,0.3972690381311008,0.1325271006955323,0.04040404040404041,0.9499999999999957,0.0,1.0,0.0,0.35000000000000003,1.3292630727778797e-05,0.0,2.0162459013501287e-07,8.790088296436938e-07,0.0,0.0,0.0036400937846928724,0.0,0.0,5.561521841124666e-05,0.0010845602728023099,0.03312156029362849,0,0
598,0.6000000000000227,0.0,0.0,0.0694980694980695,0.0,0.6000000000000001,0.5294117647058824,0.0,0.0,0.0,0.0,1.0,0.0,0.0,0.0,0.0,0.012662570855681468,0.0,0.0008783419994549643,9.89901386388269e-06,0.03226008193082586,0.02482267293414124,0.0,0.6537288515903672,0.4945976483198647,0.580754716981132,0.2439950980392157,0.3976894673344789,0.13240177956012283,0.020202020202020204,0.29999999999999716,0.0,1.0,0.0,0.10000000000000002,0.0029168566789844817,0.0,0.0008847287015124365,0.0,0.0,0.0009185760300732641,0.0038688532281970552,0.0,0.0,0.010973747263367991,0.0014367397281822571,0.03312215554443186,0,1
1204,0.6000000000000227,1.0,0.0,0.03861003861003861,0.537037037037037,0.6000000000000001,0.5,0.0,0.0,0.0,0.0,1.0,0.0,0.0,0.0,0.0,0.009770786935533304,0.0,0.0008043294090493882,9.89901386388269e-06,0.0,0.0004893815667938527,0.0,0.6541222969211397,0.4940197246877248,0.2807547169811321,0.06066176470588236,0.3931866096345313,0.03991478162792156,0.020202020202020204,0.6499999999999986,0.0,1.0,0.0,0.45,0.00021118853763010356,0.0,0.0,0.0,0.0,0.00010856095657959263,0.0036587438409875516,0.0,0.0,0.0005513427724007304,0.0011937706675889926,0.03312156029362849,0,0
11623,0.20000000000004547,0.0,1.0,0.10231660231660232,0.0,0.4,0.23529411764705882,0.0,0.0,0.0,0.0,0.0,0.0,0.0,0.0,0.0,0.009770786935533304,0.0,0.0008043294090493882,9.89901386388269e-06,0.0,0.0,3.214412468579825e-05,0.6541018068266932,0.49399590509892305,0.580754716981132,0.2450980392156863,0.40287476084280827,0.1342189360235604,0.020202020202020204,0.6000000000000014,0.0,1.0,0.0,0.8,0.0,0.0,0.0,0.0,0.0,0.0,0.0036354330375410375,0.0,0.0,3.277051278049999e-05,0.0012346514898135404,0.03312156029362849,1,4
8330,1.0,0.0,0.0,0.02316602316602317,0.0,0.4,0.029411764705882346,0.0,0.0,0.0,0.0,0.0,0.0,0.0,0.0,0.0,0.009770786935533304,0.0,0.0008043294090493882,9.89901386388269e-06,0.0009399053443017877,0.0002160625018957407,0.0,0.6540951287602087,0.4939880476585025,0.580754716981132,0.24301470588235294,0.40287476084280827,0.13296572466946552,0.020202020202020204,0.6000000000000014,0.0,1.0,0.0,0.5,0.0,0.0,0.0,0.0,0.0,0.0,0.0036448719339844202,0.0,0.0,4.134047513917875e-05,0.0010847982494100893,0.03312156029362849,0,2
3359,0.4000000000000341,1.0,0.0,0.10231660231660232,0.4444444444444444,0.6000000000000001,0.5,0.0,0.0,0.0,0.0,1.0,0.0,0.0,0.0,0.0,0.009770786935533304,0.0,0.0008043294090493882,9.89901386388269e-06,0.0,0.0,0.0,0.6541019917027151,0.4939955305099493,0.45849056603773586,0.16691176470588237,0.39892638223717086,0.09374020928629614,0.24242424242424243,0.8999999999999986,0.0,1.0,1.0,0.5,8.172456011287086e-05,0.0,0.0,0.0,0.0,0.0,0.0036354330375410375,0.0,0.0,2.27935416763665e-05,0.0010983946892269396,0.03312156029362849,0,0
2266,0.6000000000000227,0.0,0.0,0.03474903474903475,0.0,0.6000000000000001,0.5294117647058824,0.0,0.0,0.0,0.0,1.0,0.0,0.0,0.0,0.0,0.010262994588289278,0.0,0.0008043294090493882,9.89901386388269e-06,0.007758918617211257,0.001783512852187072,0.0,0.6538751296072854,0.49394945917158395,0.2807547169811321,0.10612745098039217,0.3927783667848743,0.06253524656933393,0.24242424242424243,0.29999999999999716,0.0,1.0,1.0,0.05,0.000175288930230464,0.0,0.0,0.0,0.0,0.0,0.0037187135607219127,0.0,0.0012833675564681726,0.0005559219463177558,0.0012748127810156915,0.03312156029362849,0,1
1740,0.6000000000000227,0.0,0.0,0.03861003861003861,0.0,0.6000000000000001,0.5588235294117647,0.0,0.0,0.0,0.0,0.0,0.0,0.0,0.0,0.0,0.009770786935533304,0.0,0.0008043294090493882,9.89901386388269e-06,0.004939564086361395,0.0011382338801792155,0.0,0.654120410059231,0.49401770074274143,0.3920754716981132,0.18639705882352944,0.3967815839822567,0.1042045240929883,0.020202020202020204,0.29999999999999716,0.0,1.0,0.0,0.55,0.0,0.0,0.0,0.0,0.0,0.0,0.003639966958970038,0.0,0.0,0.0001753388716608485,0.0010978360563651036,0.03312156029362849,0,2
12273,0.6000000000000227,0.0,1.0,0.03861003861003861,0.0,0.6000000000000001,0.2647058823529412,0.0,0.0,0.0,0.0,0.0,0.0,0.0,0.0,0.0,0.009770786935533304,0.0,0.0008043294090493882,9.89901386388269e-06,0.0023967586279695584,0.0005113202208324971,0.0,0.6539150008713658,0.49377372453927576,0.580754716981132,0.2442401960784314,0.4029722516725771,0.13284040353405605,0.020202020202020204,0.8999999999999986,0.0,1.0,0.0,0.85,0.00018622581894468853,0.0,0.0,0.0,0.00010131243030270599,0.0,0.003650959176031168,0.0,0.0005690451745379877,0.00046252214759675235,0.0010980950994295183,0.03313189285549033,1,4
4429,0.8000000000000114,0.0,0.0,0.10231660231660232,0.0,0.6000000000000001,0.5294117647058824,0.0,0.0,0.0,0.0,1.0,0.0,0.0,0.0,0.0,0.009770786935533304,0.0,0.0008043294090493882,9.89901386388269e-06,0.0,0.0,0.0,0.6541010159681548,0.49399471340135903,0.580754716981132,0.2450980392156863,0.40287476084280827,0.13390563318503665,0.24242424242424243,0.5,0.0,0.0,0.0,0.45,0.0,0.02563662095677279,0.0,0.0,0.0,0.0,0.0036355260954243555,0.031850701843233936,0.0,5.858272776529662e-06,0.00109862537931913,0.03312156029362849,0,1
1016,0.8000000000000114,1.0,0.0,0.05791505791505792,0.0,0.6000000000000001,0.1764705882352941,0.0,0.0,0.0,0.0,0.0,0.0,0.0,0.0,0.0,0.009770786935533304,0.0,0.0008043294090493882,2.542568796122016e-05,0.0,0.0005128160381533138,0.0031901412621188297,0.6544546287991742,0.4957874131600572,0.550566037735849,0.24497549019607845,0.39970630887532144,0.13002067798734257,0.020202020202020204,0.6000000000000014,0.0,1.0,0.0,0.25000000000000006,0.0011820733246629806,0.0,0.0,0.0,0.0,0.00457842463018262,0.004659607683575667,0.0,0.0,0.005270168702906778,0.002279864181889289,0.034446722513361595,0,3
10981,0.6000000000000227,1.0,0.0,0.10231660231660232,0.0,1.0,0.029411764705882346,0.0,0.0,0.0,0.0,0.0,0.0,0.0,0.0,0.0,0.009770786935533304,0.0,0.0008043294090493882,9.89901386388269e-06,0.0011853652399867545,0.0002724049543131685,0.0,0.6539030674223364,0.4937630609810408,0.580754716981132,0.2450980392156863,0.40287476084280827,0.1342189360235604,0.020202020202020204,0.3999999999999986,0.0,1.0,0.0,0.75,0.0,0.0,0.0,0.0,0.0,0.0,0.0036354330375410375,0.0,0.0,0.0030946773626618763,0.001185461065729348,0.03312156029362849,1,3
10790,0.20000000000004547,0.0,0.0,0.03474903474903475,0.0,0.8,0.029411764705882346,0.0,0.0,0.0,0.0,0.0,0.0,0.0,0.0,0.0,0.009770786935533304,0.0,0.0008043294090493882,9.89901386388269e-06,0.0,0.0,3.233986022177402e-05,0.6539438110494378,0.4938107964260697,0.580754716981132,0.2450980392156863,0.40287476084280827,0.1342189360235604,0.020202020202020204,0.5,0.0,1.0,0.0,0.8,0.0,0.0,0.0,0.0,0.0,0.0,0.0036354330375410375,0.0,0.0,0.0014238672684229888,0.0013621136643565514,0.03312156029362849,1,2
4779,0.8000000000000114,1.0,0.0,0.03474903474903475,0.2222222222222222,0.4,0.5,0.0,0.0,0.0,0.0,1.0,0.0,0.0,0.0,0.0,0.009770786935533304,0.0,0.0008043294090493882,9.89901386388269e-06,0.0010765531212810475,0.0030764807241085448,0.0,0.6541436385055079,0.49403629471831617,0.400377358490566,0.2121323529411765,0.39734215625342745,0.11266370073312865,0.020202020202020204,0.6999999999999957,0.0,0.0,0.0,0.55,3.3795054015772646e-05,0.0,0.0005302726720550838,0.0,0.0,0.00019009009041566485,0.003654284522924924,0.0,0.0,0.0008793804659092014,0.0010995463552350938,0.033189438726906155,0,0
10296,0.4000000000000341,0.0,0.0,0.06756756756756757,0.0,0.6000000000000001,0.5588235294117647,0.0,0.0,0.0,0.0,0.0,0.0,0.0,0.0,0.0,0.009770786935533304,0.0,0.0008043294090493882,9.89901386388269e-06,0.0,0.0,0.0,0.6541020109192192,0.49399614421478605,0.580754716981132,0.2450980392156863,0.40287476084280827,0.1342189360235604,0.04040404040404041,0.14999999999999858,0.0,1.0,0.0,0.85,0.0,0.0,0.0,0.0,0.0,0.0,0.0036465391228982106,0.0,0.0,2.2512139927275557e-05,0.001104002579983268,0.03312156029362849,1,2
10773,0.8000000000000114,0.0,0.0,0.03861003861003861,0.0,0.8,0.5588235294117647,0.0,0.0,0.0,0.0,0.0,0.0,0.0,0.0,0.0,0.01059671637327869,0.0,0.0008043294090493882,9.89901386388269e-06,0.0329650109390522,0.007439862949893028,0.0,0.6539858753142156,0.49385117944648604,0.580754716981132,0.24497549019607845,0.40287476084280827,0.13233911899241807,0.020202020202020204,0.5,0.0,1.0,0.0,0.25000000000000006,0.0,0.0,0.0,0.0,0.0,4.0114068509769576e-05,0.0037061817657684203,0.0,0.0,0.001864593571453788,0.001153057583927395,0.03312156029362849,1,2
1737,0.4000000000000341,1.0,0.0,0.06756756756756757,0.0,0.6000000000000001,0.1764705882352941,0.0,0.0,0.0,0.0,0.0,0.0,0.0,0.0,0.0,0.009770786935533304,0.0,0.0008043294090493882,9.89901386388269e-06,0.0002942626731775597,0.0003682203638077027,0.0,0.6540999477955836,0.49399144807239853,0.580566037735849,0.24460784313725495,0.4028686676659477,0.10382856068675984,0.25252525252525254,0.6499999999999986,0.0,0.0,0.0,0.5,0.0,0.023096045444825693,0.0,0.0,0.0,0.0,0.0036354330375410375,0.01053647266977859,0.0,0.00014668705720795232,0.0010830258416691246,0.03312156029362849,0,3
9141,0.4000000000000341,0.0,1.0,0.03861003861003861,0.0,0.8,0.32352941176470584,0.0,0.0,0.0,0.0,0.0,0.0,0.0,0.0,0.0,0.009770786935533304,0.0,0.0008043294090493882,9.89901386388269e-06,0.00011206563720521315,0.0004465014702637749,0.0,0.6538075166690235,0.49365108255658313,0.20339622641509433,0.2450980392156863,0.39068840712170516,0.1342189360235604,0.020202020202020204,0.8999999999999986,0.0,1.0,0.0,0.25000000000000006,0.0,0.0,0.0,0.0,0.0,0.0,0.0036354330375410375,0.0,0.004363449691991787,0.0003508056532076474,0.0010825576210823542,0.03312156029362849,1,4
4446,0.4000000000000341,0.0,0.0,0.02316602316602317,0.0,0.6000000000000001,0.5294117647058824,0.0,0.0,0.0,0.0,1.0,0.0,0.0,0.0,0.0,0.012293768778434544,0.0,0.000935699417809728,9.89901386388269e-06,0.14151431765041017,0.03253086889119632,0.0,0.6553069122301225,0.4960369724860191,0.3952830188679245,0.178921568627451,0.39639771384004197,0.09912901810890408,0.030303030303030304,0.29999999999999716,0.0,0.0,0.0,0.05,0.0,0.0,0.0,0.0,0.0,2.7429349548572173e-05,0.005750445149256215,0.0,0.0,0.009573773561640542,0.0023750507108460236,0.03312156029362849,0,1
790,0.0,0.0,0.0,0.06756756756756757,0.0,0.4,0.5294117647058824,0.4444444444444444,0.0,0.0,0.0,1.0,0.0,0.0,0.0,0.0,0.009913606314994387,0.0,0.0008043294090493882,9.89901386388269e-06,0.010160376771902326,0.002335635645492957,0.0,0.65398515568927,0.4941600286375716,0.580754716981132,0.24411764705882358,0.39952960674636545,0.13346700921110347,0.020202020202020204,0.44999999999999574,0.0,1.0,0.0,0.25000000000000006,2.1602222153111405e-05,0.0,0.0,0.0,2.613807486567573e-05,0.0,0.003708409265228602,0.0,0.0,0.0004190072043964163,0.00124397773408634,0.03313308831752043,0,1
2629,0.8000000000000114,1.0,0.0,0.06756756756756757,0.2962962962962963,0.4,0.5,0.0,0.0,0.0,0.0,1.0,0.0,0.0,0.0,0.0,0.009770786935533304,0.0,0.0008043294090493882,9.89901386388269e-06,0.0,1.4708870321363885e-05,0.0,0.6539757707462636,0.49384824057278665,0.43622641509433957,0.24203431372549022,0.3982073873676258,0.1326524218309418,0.020202020202020204,0.6499999999999986,0.0,0.0,0.0,0.55,0.0,0.0,0.0,0.0,0.0,0.0,0.003637494446348715,0.0,0.0,0.0019683540709367763,0.0010830535998237502,0.03312156029362849,0,0
2138,0.4000000000000341,1.0,0.0,0.10231660231660232,0.4444444444444444,0.6000000000000001,0.5,0.0,0.0,0.0,0.0,1.0,0.0,0.0,0.0,0.0,0.009770786935533304,0.0,0.0008043294090493882,9.89901386388269e-06,0.0,9.39040873623796e-06,6.585413365940263e-05,0.6541094208694536,0.49400458391786,0.5250943396226415,0.2450980392156863,0.4010772736689456,0.1335296697788082,0.07070707070707072,0.14999999999999858,0.0,1.0,0.0,0.35000000000000003,0.0,0.0,0.00012903973768640822,0.00042104522939932933,0.0,1.174511014925686e-05,0.0036523522957358613,0.0,0.0,8.736245210414321e-05,0.0010902167403292326,0.03312156029362849,0,0
7523,0.0,1.0,0.0,0.05791505791505792,0.7037037037037037,0.8,0.5,0.0,0.0,0.0,0.0,1.0,0.0,0.0,0.0,0.0,0.009770786935533304,0.00026732325745730735,0.0008043294090493882,0.0001118952947497169,0.03493845066003045,0.008031541801238287,0.0,0.6529909136476724,0.49491838032718144,0.58,0.2345588235294118,0.3935461070693038,0.09204837395826808,0.030303030303030304,0.6000000000000014,1.0,1.0,0.0,0.2,0.0,0.0,5.2422393435103345e-06,0.0,0.0,1.004658652767202e-05,0.0048520867247140225,0.0,0.0,0.005621997635202029,0.0016495624414896795,0.03313436810674768,0,0
11255,0.4000000000000341,1.0,1.0,0.05791505791505792,0.0,0.6000000000000001,0.23529411764705882,0.0,0.0,0.0,0.0,0.0,0.0,0.0,0.0,0.0,0.010694884003650096,8.456834212156632e-06,0.001445475559353739,9.89901386388269e-06,0.012896585829987029,0.0029646268288963653,0.0,0.6523302979475819,0.4943865847069719,0.5339622641509434,0.2450980392156863,0.39095041372670886,0.08766213421893604,0.030303030303030304,0.29999999999999716,1.0,1.0,0.0,0.45,0.001327348608086749,0.0,0.004985571240268463,0.008860848507223256,3.372907265600671e-05,0.0,0.003780833820654302,0.0,0.025410677618069817,0.0022099758454971375,0.0015774944898852368,0.03332734345677697,1,4
4271,0.8000000000000114,1.0,0.0,0.15830115830115832,0.4444444444444444,0.6000000000000001,0.5,0.0,0.0,0.0,0.0,1.0,0.0,0.0,0.0,0.0,0.009770786935533304,0.0,0.0008043294090493882,9.89901386388269e-06,0.0,0.002072537998953759,0.0,0.6542319658412036,0.49414835077779434,0.3232075471698113,0.16887254901960785,0.3945575744281554,0.09518140234350525,0.020202020202020204,0.14999999999999858,0.0,1.0,0.0,0.35000000000000003,3.0224102145082327e-05,0.0,0.003429231029016299,0.013552558135446471,0.0,0.000618407153458718,0.0036354330375410375,0.0,0.0,0.0006863388660328135,0.0011218021496598686,0.03312156029362849,0,0
3524,0.8000000000000114,1.0,0.0,0.06756756756756757,0.0,0.6000000000000001,0.1764705882352941,0.0,0.0,0.0,0.0,0.0,0.0,0.0,0.0,0.0,0.009770786935533304,0.0,0.0008043294090493882,9.89901386388269e-06,0.0,0.0,0.0,0.6540912211835012,0.493983294454375,0.580754716981132,0.24411764705882358,0.40287476084280827,0.13284040353405605,0.24242424242424243,0.0,0.0,1.0,0.0,0.2,0.00013706073634480394,0.0,0.0,0.0,0.0,0.0,0.003661565811482938,0.0,0.0,0.00018766938466646986,0.0010846834991815933,0.03312156029362849,0,3
11419,0.20000000000004547,0.0,1.0,0.02316602316602317,0.0,0.4,0.23529411764705882,0.0,0.0,0.0,0.0,0.0,0.0,0.0,0.0,0.0,0.009770786935533304,0.0,0.0008043294090493882,9.89901386388269e-06,0.0,0.00016196377545953794,0.0,0.6540857255946553,0.49397693148809824,0.20339622641509433,0.2450980392156863,0.39068840712170516,0.13340434864339873,0.020202020202020204,0.6000000000000014,0.0,1.0,0.0,0.55,0.0,0.0,0.0,0.0,1.414899381950351e-05,0.0,0.0036354330375410375,0.0,0.0,0.00016725496686878136,0.0010825576210823542,0.03312156029362849,1,4
11607,0.4000000000000341,0.0,1.0,0.07335907335907337,0.0,0.8,0.23529411764705882,0.0,0.0,0.0,0.0,0.0,0.0,0.0,0.0,0.0,0.009770786935533304,0.0,0.0008043294090493882,9.89901386388269e-06,0.0005559901613600575,0.00017559233327142312,0.0,0.6541528952280475,0.49405341207580183,0.40377358490566034,0.1504901960784314,0.3971837336550531,0.08584497775549847,0.020202020202020204,0.6000000000000014,0.0,1.0,0.0,0.0,4.930086023755343e-05,0.0,0.0004577886319015467,0.0013861969243481051,0.0,4.033090131252509e-05,0.0036354330375410375,0.0,0.0,2.0977221295870405e-05,0.0011698708964565287,0.03314846066951747,1,4
2055,0.6000000000000227,0.0,0.0,0.10231660231660232,0.0,0.6000000000000001,0.029411764705882346,0.0,0.0,0.0,0.0,0.0,0.0,0.0,0.0,0.0,0.009770786935533304,0.0,0.0008043294090493882,9.89901386388269e-06,0.0,0.0050807097320783425,0.0,0.654165951517289,0.49407069130230513,0.2849056603773585,0.15870098039215688,0.3933206595254634,0.08941663011466885,0.24242424242424243,0.9499999999999957,0.0,1.0,1.0,0.2,0.001028984038191371,0.0,0.0,0.0,0.0,0.0,0.0036354330375410375,0.0,0.0012833675564681726,0.000341442649556076,0.0010985044826421096,0.03312156029362849,0,2
5164,0.0,0.0,0.0,0.03581081081081081,0.0,0.0,0.7941176470588235,0.3333333333333333,0.0,0.0,0.0,0.0,0.0,0.0,0.0,0.0,0.010068600707941668,0.0,0.0008043294090493882,9.89901386388269e-06,0.0,0.0,2.1530908957334414e-05,0.6541016484561941,0.49399500453268574,0.34037735849056605,0.1263480392156863,0.3951120535224656,0.07281157967291184,0.24242424242424243,0.29999999999999716,0.0,0.0,0.0,0.5,0.0,0.0011835553717413066,0.0,0.0,0.0,0.0,0.003640750686966252,0.016677856809475443,0.0,0.0001655409743970456,0.0010911472828949156,0.03312156029362849,0,2
3860,0.4000000000000341,0.0,1.0,0.10231660231660232,0.0,0.6000000000000001,0.23529411764705882,0.0,0.0,0.0,0.0,0.0,0.0,0.0,0.0,0.0,0.009876614741262528,0.0,0.0008043294090493882,9.89901386388269e-06,0.0,0.0,0.00015530527360032835,0.6541008271163045,0.49399607628414316,0.580754716981132,0.2450980392156863,0.40282601542792384,0.1342189360235604,0.25252525252525254,0.9499999999999957,0.0,1.0,0.0,0.45,0.0,0.0,0.0,0.0,0.0,0.0,0.0036354330375410375,0.0,0.0,0.00020214878375605846,0.0011310725306464845,0.03312156029362849,0,4
3797,0.4000000000000341,0.0,1.0,0.05791505791505792,0.0,0.6000000000000001,0.23529411764705882,0.0,0.0,0.0,0.0,0.0,0.0,0.0,0.0,0.0,0.009770786935533304,9.722631332943948e-06,0.0008043294090493882,1.1204712011572738e-05,0.01898572645284061,0.007385431819607755,0.0,0.6539310049060683,0.49435844667015716,0.5467924528301886,0.2450980392156863,0.39864000292472496,0.1176138855818034,0.020202020202020204,0.6000000000000014,0.0,1.0,0.0,0.2,0.0,0.0,0.004183105371531112,0.018236356684202894,0.0,0.00015442109436238324,0.004288326754250924,0.0,0.0,0.0061269858649343235,0.0015760627639241657,0.03312156029362849,0,4
9925,0.8000000000000114,1.0,1.0,0.02316602316602317,0.0,0.2,0.23529411764705882,0.0,0.0,0.0,0.0,0.0,0.0,0.0,0.0,0.0,0.009770786935533304,0.0,0.0008043294090493882,9.89901386388269e-06,0.009674879511364901,0.025000758296280692,0.0,0.6534943340372977,0.4932841868252266,0.580754716981132,0.2450980392156863,0.40287476084280827,0.1342189360235604,0.020202020202020204,0.9499999999999957,0.0,1.0,0.0,0.2,5.417527742986455e-06,0.0,0.0,0.0,0.0,0.0,0.0036354330375410375,0.0,0.0,0.016418205976870822,0.0010844298590437038,0.03312156029362849,1,4
8195,0.6000000000000227,1.0,1.0,0.06756756756756757,0.0,0.6000000000000001,0.23529411764705882,0.0,0.0,0.0,0.0,0.0,0.0,0.0,0.0,0.0,0.009770786935533304,0.0,0.0008043294090493882,9.89901386388269e-06,0.014361392158875816,0.042508136622968026,0.0,0.6540944836820461,0.4939791790219405,0.580754716981132,0.2450980392156863,0.40287476084280827,0.11197443448837648,0.25252525252525254,0.9499999999999957,0.0,1.0,1.0,0.25000000000000006,0.0007036608183368459,0.0,0.0,0.0,0.0,0.0,0.0036354330375410375,0.0,0.0,0.012208231154652773,0.0010867254088630905,0.03312156029362849,0,4
426,0.20000000000004547,0.0,0.0,0.10231660231660232,0.0,0.6000000000000001,0.5588235294117647,0.0,0.0,0.0,0.0,0.0,0.0,0.0,0.0,0.0,0.009770786935533304,0.0,0.0008043294090493882,9.89901386388269e-06,0.00013809378520126265,0.0003086369738618388,0.0,0.6540960597666992,0.4940060519960969,0.580754716981132,0.2450980392156863,0.3983475304354185,0.0984397518641519,0.020202020202020204,0.14999999999999858,0.0,1.0,0.0,0.45,4.728456231817125e-05,0.0,0.0,0.0,4.02714171433435e-05,0.0,0.0036354330375410375,0.0,0.0,0.00010406748320926927,0.0011068883871335102,0.03312156029362849,0,2
7736,0.4000000000000341,1.0,0.0,0.10231660231660232,0.4444444444444444,0.6000000000000001,0.5,0.0,0.0,0.0,0.0,1.0,0.0,0.0,0.0,0.0,0.009770786935533304,0.0,0.0008043294090493882,9.89901386388269e-06,0.0,0.0,9.917267156105549e-06,0.6541080389377555,0.494003202402671,0.3920754716981132,0.17487745098039217,0.3967815839822567,0.09831443072874242,0.24242424242424243,0.8999999999999986,0.0,0.0,1.0,0.55,0.0,0.0014333446383301628,0.0,0.0,0.0,0.0,0.0036487611252682384,0.010711797350620089,0.0,0.00011051414146117091,0.0010900067201486115,0.03312156029362849,0,0
2705,0.6000000000000227,1.0,0.0,0.05791505791505792,0.7037037037037037,0.2,0.5,0.0,0.0,0.0,0.0,1.0,0.0,0.0,0.0,0.0,0.009770786935533304,0.0,0.0008043294090493882,9.89901386388269e-06,0.00010338958787319665,2.3766875208531478e-05,0.0,0.6539187046868663,0.4937706261256093,0.5732075471698114,0.24473039215686276,0.4027163382444339,0.13440691772667462,0.020202020202020204,0.6999999999999957,0.0,1.0,0.0,0.35000000000000003,0.0004937621682645963,0.0,0.002075019469374485,0.009046319370278074,0.0,6.504984082665337e-07,0.0039955171795210695,0.0,0.0,0.00363801297620211,0.0015925286038391494,0.03324238628586594,0,0
5399,0.6000000000000227,1.0,0.0,0.10231660231660232,0.4444444444444444,0.4,0.5,0.0,0.0,0.0,0.0,1.0,0.0,0.0,0.0,0.0,0.009770786935533304,0.0,0.0008043294090493882,9.89901386388269e-06,0.0013480411649620639,0.0003962253880918814,0.0,0.6541523919544322,0.4940546445317516,0.28981132075471694,0.11348039215686276,0.3934912684775589,0.06679616517325648,0.25252525252525254,0.0,0.0,0.0,0.0,0.05,0.0,0.0021568504180711177,0.0,0.0,0.0,0.0,0.003681977292522616,0.030030182877544515,0.0,0.00011655148807803117,0.0011027768096158906,0.03312652071698991,0,0
2127,0.0,1.0,0.0,0.04054054054054054,0.5555555555555556,0.4,0.5,0.0,0.0,0.0,0.0,1.0,0.0,0.0,0.0,0.0,0.011112250689697959,1.7241029748654813e-05,0.0008106140853944045,1.6761520407555964e-05,0.0,0.0,0.0,0.6571350620863081,0.49727935135592605,0.3013207547169811,0.14154411764705885,0.39384467273547086,0.07989222382354785,0.030303030303030304,0.14999999999999858,0.0,1.0,0.0,0.05,0.0,0.0,0.0,0.0,0.0,0.005468306452691238,0.005749579750206287,0.0,0.0,0.013123196150833384,0.003564455268553108,0.03322744549070135,0,0
5040,0.20000000000004547,0.0,0.0,0.06756756756756757,0.0,0.8,0.5588235294117647,0.0,0.0,0.0,0.0,0.0,0.0,0.0,0.0,0.0,0.009770786935533304,0.0,0.0008043294090493882,9.89901386388269e-06,0.0,8.559399113562035e-06,0.0,0.654081375375716,0.49397194421438406,0.4928301886792452,0.22193627450980394,0.40003534042579125,0.1222507675919544,0.24242424242424243,0.6000000000000014,0.0,1.0,0.0,0.55,0.0,0.0,0.0,0.0,0.0,0.0,0.0036354330375410375,0.0,6.586242299794662e-05,9.836270229588013e-05,0.0010830417530399011,0.03312156029362849,0,2
6193,0.4000000000000341,0.0,0.0,0.06756756756756757,0.0,0.0,0.4411764705882353,0.0,0.0,0.0,0.0,0.0,0.0,0.0,0.0,0.0,0.009770786935533304,0.0,0.0008043294090493882,9.89901386388269e-06,0.0,0.0,0.00027646557036932836,0.654102213686469,0.49399638177794863,0.580754716981132,0.2450980392156863,0.40287476084280827,0.1342189360235604,0.020202020202020204,0.0,0.0,0.0,0.0,0.75,8.6015133463206e-05,0.0,0.0,0.0,0.00012632359415620887,0.0,0.0036354330375410375,0.0,0.0,0.0003445636507732664,0.001086570458878521,0.03312156029362849,0,2
1754,0.0,0.0,0.0,0.06756756756756757,0.0,0.6000000000000001,0.029411764705882346,0.0,0.0,0.0,0.0,0.0,0.0,0.0,0.0,0.0,0.009770786935533304,0.0,0.0008043294090493882,9.89901386388269e-06,0.0,0.0,2.6098071463435653e-06,0.6541038759140714,0.4939969306575433,0.40377358490566034,0.2450980392156863,0.3971593609476109,0.10921736950936778,0.24242424242424243,0.9499999999999957,0.0,1.0,0.0,0.35000000000000003,4.5668808429912136e-05,0.0,0.0,0.0,0.0,0.0,0.0036354330375410375,0.0,0.0,3.440775932066548e-05,0.0010834171325130762,0.03312156029362849,0,2
1659,0.8000000000000114,1.0,0.0,0.06756756756756757,0.2962962962962963,0.4,0.5,0.0,0.0,0.0,0.0,1.0,0.0,0.0,0.0,0.0,0.009770786935533304,1.8441354604573818e-06,0.0008901004261649947,9.89901386388269e-06,0.0019918763258087884,0.0008420620506575156,0.0,0.6541267906012214,0.4940243575575706,0.3920754716981132,0.20465686274509806,0.3967815839822567,0.11285168243624288,0.24242424242424243,0.04999999999999716,0.0,1.0,0.0,0.55,0.0,0.0,0.0,0.0,0.0,0.0,0.0036354330375410375,0.0,0.0,0.0004810179171051844,0.00110394513051682,0.0331488426221163,0,0
1325,0.6000000000000227,1.0,0.0,0.10231660231660232,0.0,0.6000000000000001,0.38235294117647056,0.0,0.0,0.0,0.0,1.0,0.0,0.0,0.0,0.0,0.009802751989482232,0.0,0.0008043294090493882,9.89901386388269e-06,0.01315939782433603,0.004725286916459849,0.0,0.653972882638229,0.4942340971051895,0.49207547169811316,0.21678921568627454,0.39538015330432985,0.1179271884203271,0.24242424242424243,0.44999999999999574,0.0,1.0,1.0,0.05,0.00029125661056341465,0.0,0.0,0.0,0.0,0.0,0.0036619113428640344,0.0,0.0,0.0030580439713256734,0.0011929527933902085,0.03312156029362849,0,0
10898,0.4000000000000341,0.0,0.0,0.015444015444015444,0.0,0.6000000000000001,0.5294117647058824,0.0,0.0,0.0,0.0,1.0,0.0,0.0,0.0,0.0,0.009770786935533304,0.0,0.0008043294090493882,9.89901386388269e-06,0.00022593878468792972,0.002301148746151906,0.0,0.6540300626713745,0.4939118492740983,0.20339622641509433,0.1696078431372549,0.39068840712170516,0.09562002631743845,0.020202020202020204,0.5,0.0,1.0,0.0,0.35000000000000003,0.0,0.0,0.0,0.0,0.0,0.0,0.0036354330375410375,0.0,0.0,0.0014766684693433261,0.0010825576210823542,0.03312156029362849,1,1
4465,0.6000000000000227,0.0,0.0,0.05791505791505792,0.0,0.6000000000000001,0.5588235294117647,0.0,0.0,0.0,0.0,0.0,0.0,0.0,0.0,0.0,0.009770786935533304,0.0,0.0008043294090493882,9.89901386388269e-06,0.03378706661326076,0.017353973950341356,0.0,0.654226537841441,0.49413711582580877,0.28679245283018867,0.12990196078431374,0.39338159129406897,0.07525534181339684,0.020202020202020204,0.6000000000000014,0.0,1.0,0.0,0.05,3.6829684217671076e-05,0.0,0.0,0.0,0.00010505314880144641,0.0,0.003652244709828565,0.0,0.006416837782340863,0.008011047321029767,0.002140173251462328,0.03312156029362849,0,2
11142,0.20000000000004547,0.0,1.0,0.04247104247104247,0.0,0.6000000000000001,0.2647058823529412,0.0,0.0,0.0,0.0,0.0,0.0,0.0,0.0,0.0,0.009770786935533304,0.0,0.0008043294090493882,9.89901386388269e-06,0.0,0.0,0.0,0.6540633029162733,0.49395079371758566,0.20339622641509433,0.2450980392156863,0.39068840712170516,0.1342189360235604,0.020202020202020204,0.3999999999999986,0.0,1.0,0.0,0.25000000000000006,0.0,0.0,0.0,0.0,0.0,0.0,0.0036354330375410375,0.0,0.0,0.0006202606189508218,0.0010825576210823542,0.03312156029362849,1,4
4000,0.8000000000000114,0.0,1.0,0.09266409266409267,0.0,0.6000000000000001,0.23529411764705882,0.0,0.0,0.0,0.0,0.0,0.0,0.0,0.0,0.0,0.017785015899378705,6.318073559791858e-05,0.004545941880779066,9.89901386388269e-06,0.1867002670777186,0.06372032204946917,0.0,0.6532681895788995,0.4933457459619982,0.580754716981132,0.22671568627450983,0.40066293764242805,0.11523278400902313,0.10101010101010102,0.14999999999999858,0.0,1.0,0.0,0.8,0.00945497763229747,0.0,0.0,0.0,0.003269215800938933,0.0,0.006581038194927355,0.0,0.0,0.010973210041846999,0.0016550891396437287,0.03332245743976597,0,4
1069,0.6000000000000227,1.0,1.0,0.03861003861003861,0.0,0.6000000000000001,0.32352941176470584,0.0,0.0,0.0,0.0,0.0,0.0,0.0,0.0,0.0,0.009770786935533304,0.0,0.0009453837453785993,9.89901386388269e-06,0.0,0.0005915957503829915,0.0006270931604805864,0.6540916525608858,0.49414113654351827,0.580754716981132,0.24497549019607845,0.39853641891809555,0.11134782881132906,0.020202020202020204,0.25,0.0,1.0,0.0,0.4,0.0,0.0,0.00017309471063090855,0.0007546290802491111,0.0,4.531805577590185e-05,0.0036464091559810026,0.0,0.0,0.0011001529290596424,0.0011913257194159613,0.03312180831479656,0,4
5225,0.0,0.0,1.0,0.05405405405405406,0.0,0.6000000000000001,0.5882352941176471,0.0,0.0,0.0,0.0,0.0,0.0,0.0,0.0,0.0,0.009770786935533304,0.0,0.0008043294090493882,9.89901386388269e-06,0.00834925147384388,0.001919299824532318,3.040425325490254e-05,0.6540896772367947,0.4941573591573931,0.580754716981132,0.232843137254902,0.39126725892345754,0.025565511623535313,0.020202020202020204,0.6999999999999957,1.0,1.0,0.0,0.10000000000000002,3.558731883300125e-05,0.0,0.0,0.0,0.00015624934214613221,0.0,0.003795142746324661,0.0,0.0,0.0,0.001136117228272717,0.033121877760723624,0,4
5396,0.6000000000000227,1.0,0.0,0.03861003861003861,0.537037037037037,0.4,0.5,0.0,0.0,0.0,0.0,1.0,0.0,0.0,0.0,0.0,0.011559385208472274,0.0,0.0008043294090493882,1.8441721124738504e-05,0.01886426176219238,0.004336457514009784,0.0,0.6539999938122857,0.49448345652097375,0.580754716981132,0.24411764705882358,0.3963063161871337,0.13233911899241807,0.020202020202020204,0.14999999999999858,0.0,1.0,0.0,0.2,7.026492749362131e-06,0.0,0.008155613858666203,0.035555467654672594,0.0,0.0005081115344570813,0.0040648712174465714,0.0,0.0,0.0013240463934272738,0.0012415841880674989,0.03312156029362849,0,0
7562,0.20000000000004547,0.0,1.0,0.03474903474903475,0.0,0.6000000000000001,0.32352941176470584,0.0,0.0,0.0,0.0,0.0,0.0,0.0,0.0,0.0,0.009770786935533304,0.0,0.0008043294090493882,9.89901386388269e-06,0.0005784032888011001,0.00013296153962814812,6.839869562708761e-05,0.6541024459411131,0.4940056506230411,0.580754716981132,0.2450980392156863,0.39484395374060133,0.05645717150197381,0.020202020202020204,0.75,0.0,1.0,0.0,0.4,2.369998665509488e-05,0.0,4.324847458396026e-05,0.00018854739395857232,1.4258554612353647e-05,0.0,0.0036354330375410375,0.0,0.0,4.929647004529545e-05,0.0010973730900004585,0.03312156029362849,0,4
6133,0.6000000000000227,0.0,1.0,0.03861003861003861,0.0,0.6000000000000001,0.23529411764705882,0.0,0.0,0.0,0.0,0.0,0.0,0.0,0.0,0.0,0.009770786935533304,0.0,0.0008043294090493882,9.89901386388269e-06,0.0,0.001026795489778374,0.0,0.654100961300514,0.4939942056683252,0.580754716981132,0.24485294117647063,0.40287476084280827,0.13371765148192244,0.020202020202020204,0.9499999999999957,0.0,1.0,0.0,0.5,0.00014602884931283038,0.0,0.0,0.0,2.8251033013499816e-05,0.0,0.0036607416406091637,0.0,0.0,0.0003518033503180607,0.001119720089790431,0.03312156029362849,0,4
853,0.6000000000000227,0.0,0.0,0.06756756756756757,0.0,0.6000000000000001,0.029411764705882346,0.0,0.0,0.0,0.0,0.0,0.0,0.0,0.0,0.0,0.009770786935533304,0.0,0.0008043294090493882,9.89901386388269e-06,0.014266317118279134,0.002087579273124193,8.068653760778856e-06,0.654091154919694,0.49398342526938444,0.3990566037735849,0.21041666666666672,0.3970070315260971,0.11648599536311802,0.24242424242424243,0.3999999999999986,0.0,1.0,1.0,0.35000000000000003,0.0002796612003064963,0.0,0.0,0.0,0.0,0.0,0.0036354330375410375,0.0,0.0,0.0004732154140622082,0.0010920052577135066,0.03312156029362849,0,2
2721,0.4000000000000341,0.0,0.0,0.05791505791505792,0.0,0.4,0.5588235294117647,0.0,0.0,0.0,0.0,0.0,0.0,0.0,0.0,0.0,0.010073266040674328,0.0,0.0008043294090493882,9.89901386388269e-06,0.0,0.005975457792813512,0.0,0.6540504662915526,0.4944604478299607,0.580754716981132,0.2450980392156863,0.393978722626403,0.056206529231154836,0.020202020202020204,0.29999999999999716,1.0,0.0,0.0,0.10000000000000002,0.000429783745395042,0.0,0.0,0.0,0.0,1.5178296192885787e-06,0.003914571741707672,0.0,0.0,0.00252066895847073,0.0013786143011010833,0.03312156029362849,0,2
8235,0.6000000000000227,1.0,1.0,0.05791505791505792,0.0,0.6000000000000001,0.23529411764705882,0.0,0.0,0.0,0.0,0.0,0.0,0.0,0.0,0.0,0.011730557771379584,0.0,0.0008823030609726669,0.11381238352464004,0.0372766459550089,0.008705989211002069,0.0,0.6535398831156934,0.49638761493766764,0.580754716981132,0.2450980392156863,0.39124288621601533,0.06128203521523905,0.030303030303030304,0.9499999999999957,0.0,1.0,0.0,0.25000000000000006,4.881206074194563e-06,0.0,0.0,0.0,0.0,0.0002741489402838847,0.0037174272416259217,0.0,0.0,0.003373725569851333,0.0016711122865605706,0.03458488518524721,0,4
10252,0.6000000000000227,1.0,0.0,0.10231660231660232,0.0,1.0,0.0,0.0,0.0,0.0,0.0,0.0,0.0,0.0,0.0,0.0,0.012025873333356911,0.0,0.0008043294090493882,9.89901386388269e-06,0.18634924858182744,0.04624302627112271,0.0,0.6534255290131451,0.49310934421930347,0.5788679245283018,0.24325980392156868,0.40281382907420277,0.12187480418572595,0.020202020202020204,0.14999999999999858,0.0,1.0,0.0,0.30000000000000004,0.0,0.0,9.788873851054874e-05,0.00042675878679201333,0.0,1.2106498153849377e-05,0.004461515328091682,0.0,0.0,0.010529004589918348,0.0011040682081917036,0.03312156029362849,1,3
5977,0.0,0.0,0.0,0.03474903474903475,0.0,0.6000000000000001,0.5294117647058824,0.0,0.0,0.0,0.0,1.0,0.0,0.0,0.0,0.0,0.010742380100760653,0.0015216954680251026,0.0008562442664999071,9.89901386388269e-06,0.026841889122981553,0.007351609727964845,0.0,0.6539687000667218,0.4947555583396509,0.580754716981132,0.2450980392156863,0.3995722589843893,0.13340434864339873,0.020202020202020204,0.5,0.0,1.0,0.0,0.45,0.0029908011804589286,0.0,0.008010141716883792,0.03492126278408467,0.0016144252372722876,0.0,0.003886321802757963,0.0,0.0,0.00228521244041318,0.0015866925013972937,0.03314974045874471,0,1
6595,0.0,0.0,0.0,0.03861003861003861,0.0,0.6000000000000001,0.38235294117647056,0.0,0.0,0.0,0.0,0.0,0.0,0.0,0.0,0.0,0.009770786935533304,0.0013127298226537484,0.0008043294090493882,9.89901386388269e-06,9.399053443017877e-05,0.001341914338697085,0.0,0.6540543394110804,0.4939769582721803,0.580754716981132,0.2450980392156863,0.40116867132185385,0.13233911899241807,0.25252525252525254,0.7999999999999972,0.0,1.0,0.0,0.45,0.0,0.0,0.0,0.0,0.0,0.0,0.0036354330375410375,0.0,0.000994199178644764,0.0001742132646644847,0.0011270006572036055,0.03312156029362849,0,2
9258,0.6000000000000227,0.0,1.0,0.05791505791505792,0.0,0.8,0.23529411764705882,0.0,0.0,0.0,0.0,0.0,0.0,0.0,0.0,0.0,0.009770786935533304,0.0,0.0008043294090493882,9.89901386388269e-06,0.01260268465886497,0.003884305178311812,0.0,0.6539572841380262,0.4940929271366895,0.5728301886792452,0.23921568627450984,0.40141849157313647,0.13114856820602797,0.25252525252525254,0.29999999999999716,0.0,1.0,0.0,0.45,0.00013951831158660983,0.0,0.0,0.0,0.0,0.0,0.0036354330375410375,0.0,0.0,0.0024266296103199743,0.0014827083227408402,0.03312156029362849,1,4
1686,0.6000000000000227,1.0,0.0,0.5405405405405406,1.0,0.4,0.5,0.0,0.0,0.0,0.0,1.0,0.0,0.0,0.0,0.0,0.009770786935533304,0.0,0.0008043294090493882,9.89901386388269e-06,0.0,0.000687577361802061,0.0,0.6537042538025156,0.4953909532365602,0.580754716981132,0.2450980392156863,0.3909991591415933,0.01986339996240366,0.030303030303030304,0.0,1.0,1.0,0.0,0.45,0.0015967178634579478,0.0,0.008419238010267732,0.036704771699431725,0.00026117727861289276,0.0,0.003961915823306629,0.0,0.0,0.005593217910863182,0.0023075784191486145,0.03312156029362849,0,0
7079,0.20000000000004547,0.0,0.0,0.10424710424710425,0.0,0.6000000000000001,0.5294117647058824,0.0,0.0,0.0,0.0,1.0,0.0,0.0,0.0,0.0,0.009770786935533304,2.750926328883467e-05,0.0008043294090493882,9.89901386388269e-06,0.0,0.0,0.0,0.6541022766370859,0.49399645553121807,0.580754716981132,0.2450980392156863,0.40287476084280827,0.1342189360235604,0.24242424242424243,0.0,0.0,1.0,0.0,0.5,3.0054380097996288e-05,0.0,0.0,0.0,0.0,0.0,0.0036354330375410375,0.0,0.0,9.439749583141682e-06,0.0010876481692318517,0.03312156029362849,0,1
37,0.8000000000000114,0.0,0.0,0.10424710424710425,0.0,0.6000000000000001,0.5294117647058824,0.0,0.0,0.0,0.0,1.0,0.0,0.0,0.0,0.0,0.009770786935533304,0.0,0.0008043294090493882,9.89901386388269e-06,0.0,0.00018315452083777405,0.0,0.6541096252932986,0.49400503031922766,0.3920754716981132,0.22794117647058829,0.3967815839822567,0.1251331537063726,0.24242424242424243,1.0,0.0,1.0,0.0,0.55,8.418213535467674e-05,0.0,0.0,0.0,0.0,0.0,0.0036373216806581668,0.0,0.0,3.100535635438406e-05,0.0010855178795687527,0.03312156029362849,0,1
10488,0.0,0.0,1.0,0.10231660231660232,0.0,0.8,0.2647058823529412,0.0,0.0,0.0,0.0,0.0,0.0,0.0,0.0,0.0,0.009770786935533304,0.0,0.0008043294090493882,9.89901386388269e-06,0.0,0.0,1.0591467335577637e-05,0.6540954448385689,0.49398845136060887,0.580754716981132,0.2450980392156863,0.40287476084280827,0.1342189360235604,0.020202020202020204,0.0,0.0,1.0,0.0,0.45,0.00011338790521724283,0.0,0.0,0.0,0.00016911490953510556,0.0,0.0036354330375410375,0.0,0.0,0.00013614728260563695,0.001184860052113575,0.03312156029362849,1,4
4729,0.8000000000000114,1.0,0.0,0.03861003861003861,0.0,0.6000000000000001,0.0,0.0,0.0,0.0,0.0,0.0,0.0,0.0,0.0,0.0,0.009770786935533304,0.0,0.0008043294090493882,9.89901386388269e-06,0.005023071061182054,0.0012265702030696665,0.0,0.6541407563612159,0.4940411333209662,0.3120754716981132,0.14546568627450981,0.39419807699338283,0.08289993107337554,0.24242424242424243,0.8500000000000014,0.0,1.0,0.0,0.05,0.0,0.0,0.0,0.0,0.0,0.0,0.0036354330375410375,0.0,0.0,0.00017720635599572474,0.0010992234684150406,0.03312156029362849,0,3
4316,0.6000000000000227,0.0,1.0,0.06756756756756757,0.0,0.2,0.32352941176470584,0.0,0.0,0.0,0.0,0.0,0.0,0.0,0.0,0.0,0.009770786935533304,0.0,0.0008043294090493882,9.89901386388269e-06,0.01967836439117993,0.004570054318943986,0.0,0.6541802383254293,0.49408288698766883,0.4373584905660377,0.22046568627450983,0.3982439464287891,0.12043361112851685,0.25252525252525254,0.7999999999999972,0.0,1.0,0.0,0.35000000000000003,0.00023127683912320748,0.0,0.0,0.0,0.0,0.0,0.003726549662736164,0.0,0.0,0.001164082290057667,0.0011626575930001877,0.03312156029362849,0,4
10799,0.6000000000000227,0.0,1.0,0.08687258687258688,0.0,1.0,0.23529411764705882,0.0,0.13613,0.0,0.0,0.0,0.0,0.0,0.0,0.0,0.010775473864241677,0.0,0.0008043294090493882,9.89901386388269e-06,0.07958973854725337,0.018756635092456054,0.0,0.6456131672922508,0.4953158634802481,0.580566037735849,0.2450980392156863,0.3919557879086999,0.06053010840278214,0.020202020202020204,0.5,1.0,1.0,0.0,0.45,0.005631655866472089,0.0,0.0,0.0,0.003984960809087047,0.0,0.0037070817179564574,0.0,0.021817248459958933,0.0005837807194777593,0.005522321535722907,0.03312156029362849,1,4
7813,0.6000000000000227,1.0,0.0,0.05791505791505792,0.7037037037037037,0.4,0.5,0.0,0.0,0.0,0.0,1.0,0.0,0.0,0.0,0.0,0.01298130337808466,0.0,0.0008043294090493882,9.89901386388269e-06,0.005056690752343618,0.001162416260199085,0.00019915003365890025,0.6537958496004989,0.4947509285752059,0.5728301886792452,0.13786764705882354,0.3911880476242704,0.022369822670593398,0.020202020202020204,0.10000000000000142,1.0,1.0,0.0,0.45,9.894795345116238e-05,0.0,0.0,0.0,0.00011460058932124413,0.0,0.004021242383492995,0.0,0.0,0.00013796360298613304,0.0015181551887886678,0.03316164051438876,0,0
8644,0.6000000000000227,1.0,0.0,0.10231660231660232,0.0,0.6000000000000001,0.1764705882352941,0.0,0.0,0.0,0.0,0.0,0.0,0.0,0.0,0.0,0.009770786935533304,0.0,0.0008043294090493882,9.89901386388269e-06,0.001319121000522009,0.0003032354113144453,1.5876326806923356e-05,0.6541115823948427,0.4940067681791606,0.3920754716981132,0.18933823529411767,0.3967815839822567,0.10470580863462624,0.24242424242424243,0.5,0.0,0.0,1.0,0.55,0.0,0.0025014670914205585,0.0,0.0,0.0,0.0,0.0036383131201323357,0.011480445466802736,0.0,0.0001546942160684492,0.001091671614608536,0.03312156029362849,0,3
10339,0.6000000000000227,0.0,1.0,0.06756756756756757,0.0,0.6000000000000001,0.23529411764705882,0.0,0.0,0.0,0.0,0.0,0.0,0.0,0.0,0.0,0.009770786935533304,0.0,0.0008043294090493882,9.89901386388269e-06,0.0,0.0015958708793868477,0.0,0.6539931219241654,0.4938685693028935,0.580754716981132,0.2450980392156863,0.40287476084280827,0.1342189360235604,0.25252525252525254,0.9499999999999957,0.0,1.0,0.0,0.35000000000000003,0.0,0.0,0.0,0.0,0.0,0.0,0.0036354330375410375,0.0,0.0,0.002195291790590028,0.0010836282927607621,0.03312156029362849,1,4
7346,0.0,1.0,0.0,0.06756756756756757,0.2962962962962963,0.6000000000000001,0.5,0.0,0.0,0.0,0.0,1.0,0.0,0.0,0.0,0.0,0.009796476364483785,0.0,0.0008043294090493882,9.89901386388269e-06,0.0,6.174401496482129e-05,0.0,0.654105458625105,0.4940001385365886,0.3920754716981132,0.16090686274509808,0.3967815839822567,0.09085782317187795,0.24242424242424243,0.10000000000000142,0.0,0.0,0.0,0.55,0.0,0.0006354067033935385,0.0,0.0,0.0,0.0,0.0036354330375410375,0.002908767755582257,0.0,2.4993591714713885e-05,0.0010843361257037098,0.03312156029362849,0,0
6847,0.0,0.0,1.0,0.07722007722007722,0.0,0.6000000000000001,0.23529411764705882,0.0,0.0,0.0,0.0,0.0,0.0,0.0,0.0,0.0,0.009770786935533304,0.0,0.0008043294090493882,9.89901386388269e-06,0.03104579652639905,0.00713671063954085,0.0,0.6544727158366543,0.4944259142201607,0.2820754716981132,0.09509803921568628,0.39322926187255514,0.057459740585249705,0.030303030303030304,0.9499999999999957,0.0,1.0,0.0,0.05,0.0002510460631677896,0.0,0.0,0.0,0.0,0.00041191004763455286,0.0037721405652253533,0.0,0.0,0.002769786252347786,0.0014793876047893778,0.03312156029362849,0,4
11798,0.4000000000000341,0.0,1.0,0.03474903474903475,0.0,0.6000000000000001,0.23529411764705882,0.0,0.0,0.0,0.0,0.0,0.0,0.0,0.0,0.0,0.009945601467864173,0.0,0.0012526155286867015,9.89901386388269e-06,0.01867013515838851,0.04698328964300242,0.0,0.6522470424436854,0.4935228240683354,0.5752830188679245,0.2450980392156863,0.39944430227031774,0.13340434864339873,0.020202020202020204,0.75,0.0,1.0,0.0,0.4,0.0021566987856136343,0.0,0.0,0.0,0.0,0.0032328686726832948,0.0037957855132233595,0.0,0.006628028747433266,0.025472946803301713,0.0020453541710774466,0.03534772885230645,1,4
10928,0.8000000000000114,1.0,0.0,0.03861003861003861,0.0,0.8,0.029411764705882346,0.0,0.32702519999999996,0.0,0.0,0.0,0.0,0.0,0.0,0.0,0.009770786935533304,0.0,0.0008043294090493882,9.89901386388269e-06,0.0,0.0,0.0,0.6527379641540064,0.49404875281004906,0.580754716981132,0.2450980392156863,0.390785897951474,0.1342189360235604,0.020202020202020204,0.29999999999999716,0.0,1.0,0.0,0.8,6.6924797606968e-05,0.0,0.0,0.0,8.359488494465514e-05,0.0,0.0036354330375410375,0.0,0.020984676591375772,0.0,0.0012953529727802173,0.03312156029362849,1,3
9885,0.0,0.0,0.0,0.03474903474903475,0.0,0.4,0.029411764705882346,0.0,0.0,0.0,0.0,0.0,0.0,0.0,0.0,0.0,0.009770786935533304,0.0,0.0008043294090493882,9.89901386388269e-06,0.0,0.0038375193365551576,0.0,0.654061908394452,0.4939491598885801,0.20339622641509433,0.2450980392156863,0.39068840712170516,0.1342189360235604,0.05050505050505051,0.7999999999999972,0.0,1.0,0.0,0.85,0.0,0.0,0.0,0.0,0.0,8.926283713435212e-06,0.0036354330375410375,0.0,0.0,0.0018231251864286588,0.0010825576210823542,0.03312156029362849,1,2
11282,0.20000000000004547,0.0,1.0,0.04247104247104247,0.0,0.6000000000000001,0.32352941176470584,0.0,0.0,0.0,0.0,0.0,0.0,0.0,0.0,0.0,0.009770786935533304,0.0,0.0008043294090493882,9.89901386388269e-06,0.0,0.0005874407022696119,0.0,0.6540186898141536,0.49389852477553714,0.20339622641509433,0.23075980392156864,0.39068840712170516,0.12688764960210538,0.24242424242424243,0.5499999999999972,0.0,1.0,0.0,0.75,0.0,0.0,0.0,0.0,0.0,0.0,0.0036354330375410375,0.0,0.0005476899383983574,0.00018421581774580827,0.0010825576210823542,0.03312156029362849,1,4
10092,0.4000000000000341,1.0,0.0,0.02316602316602317,0.0,0.6000000000000001,0.5294117647058824,0.0,0.0,0.0,0.0,1.0,0.0,0.0,0.0,0.0,0.009770786935533304,0.0,0.0008043294090493882,9.89901386388269e-06,0.00032462884583961746,0.00022204577117900735,0.0,0.6540458887877548,0.49393039123420934,0.20339622641509433,0.2450980392156863,0.39068840712170516,0.1342189360235604,0.020202020202020204,0.14999999999999858,0.0,1.0,0.0,0.25000000000000006,0.0,0.0,0.0,0.0,0.0,0.0,0.0036354330375410375,0.0,0.0,0.0009345607907082166,0.0010825576210823542,0.03312156029362849,1,0
6985,0.8000000000000114,0.0,0.0,0.03861003861003861,0.0,0.6000000000000001,0.029411764705882346,0.0,0.0,0.0,0.0,0.0,0.0,0.0,0.0,0.0,0.009921582529021191,0.0,0.0008043294090493882,9.89901386388269e-06,0.002285054492819846,0.0005252811824934527,0.0,0.6540778849296744,0.4939671343366916,0.580754716981132,0.2450980392156863,0.4028869471965294,0.13390563318503665,0.05050505050505051,0.6000000000000014,0.0,1.0,0.0,0.6,0.0,0.0,0.0,0.0,0.0,0.0,0.003644582551452752,0.0,0.0,0.0003950624737464959,0.0011115874461665232,0.0331240405053092,0,2
12142,0.0,0.0,1.0,0.02316602316602317,0.0,0.4,0.6176470588235294,0.0,0.0,0.0,0.0,0.0,0.0,0.0,0.0,0.0,0.009770786935533304,0.0,0.0008043294090493882,9.89901386388269e-06,0.002623058914712989,0.0006103765678554674,0.0,0.6539746363098852,0.49384646001359245,0.580754716981132,0.2450980392156863,0.40287476084280827,0.1339682937527414,0.020202020202020204,0.7999999999999972,0.0,1.0,0.0,0.2,0.0,0.0,0.0,0.0,2.707716737581977e-06,0.0,0.003662279255255043,0.0,0.0015244609856262835,0.0004723712088149354,0.0010905478058912737,0.03312156029362849,1,4
8422,0.0,0.0,0.0,0.31660231660231664,0.0,0.2,0.5294117647058824,0.0,0.0,0.0,0.0,1.0,0.0,0.0,0.0,0.0,0.01182777728574403,0.0038866627955098858,0.0008929230723646173,1.3917325217626479e-05,0.025165242589569363,0.005784907286333922,0.0,0.6527170489772371,0.4947692057998972,0.580754716981132,0.23541666666666672,0.392443242057544,0.12751425527915283,0.020202020202020204,0.0,0.0,1.0,0.0,0.25000000000000006,0.0007466208628952649,0.0,0.000869102795776973,0.003788967560179142,0.0,0.003291160557824068,0.004138373595191714,0.0,0.0,0.01728960486589672,0.0014552040560940026,0.03314974045874471,0,1
5644,0.8000000000000114,1.0,0.0,0.03861003861003861,0.537037037037037,0.6000000000000001,0.5,0.0,0.0,0.0,0.0,1.0,0.0,0.0,0.0,0.0,0.009770786935533304,0.0,0.0010360982920261416,9.89901386388269e-06,0.0031945936644595762,0.0024189028096850847,0.0,0.6540822321667424,0.4939586713431115,0.580754716981132,0.2450980392156863,0.4028321086047844,0.12782755811767657,0.24242424242424243,0.6499999999999986,0.0,1.0,0.0,0.5,0.00010378163735217286,0.0,0.0,0.0,0.0,0.0,0.0036354330375410375,0.0,0.0,0.0006623173894513229,0.001123563652411516,0.03317984526812517,0,0
5634,0.0,0.0,0.0,0.03861003861003861,0.0,0.6000000000000001,0.5588235294117647,0.0,0.0,0.0,0.0,0.0,0.0,0.0,0.0,0.0,0.009776385334812494,0.0,0.0008049220088040052,9.89901386388269e-06,0.0,0.0007714262327300619,0.0,0.6540922684829732,0.4939848638463135,0.4190566037735849,0.1431372549019608,0.39764681509645505,0.08208534369321387,0.020202020202020204,0.9499999999999957,0.0,1.0,0.0,0.5,4.913792707235083e-05,0.0,0.0,0.0,2.535549777388903e-06,0.0,0.003648068491908859,0.0,0.0,0.0004079557902502992,0.001141931272895272,0.03312156029362849,0,2
1786,0.4000000000000341,1.0,0.0,0.10424710424710425,0.2962962962962963,0.2,0.5,0.0,0.0,0.0,0.0,1.0,0.0,0.0,0.0,0.0,0.009770786935533304,0.0,0.0008043294090493882,9.89901386388269e-06,0.0,0.00013503906368483794,0.0,0.6541218850915782,0.49401942889829686,0.43981132075471696,0.2450980392156863,0.3983231577279763,0.1342189360235604,0.24242424242424243,0.5,0.0,1.0,1.0,0.35000000000000003,0.00027444733902001305,0.0,0.0,0.0,0.0,0.0,0.0036354330375410375,0.0,0.0,8.736245210414321e-05,0.0010921975325024207,0.03312156029362849,0,0
692,1.0,0.0,0.0,0.0694980694980695,0.0,0.6000000000000001,0.029411764705882346,0.0,0.0,0.0,0.0,0.0,0.0,0.0,0.0,0.0,0.010101423581134989,7.399457134533435e-05,0.0009175471516419888,3.232868126916289e-05,0.0,0.005080959034965146,0.0,0.6535472374043299,0.49532683757856494,0.580566037735849,0.2433823529411765,0.3997916133513692,0.13271508239864654,0.030303030303030304,0.29999999999999716,0.0,1.0,0.0,0.10000000000000002,0.00032071356905566807,0.0,0.0,0.0,0.0,0.0031496048764251784,0.004699909992687597,0.0,0.0,0.004045124561205137,0.0022535735414171802,0.03316436874723754,0,2
726,0.8000000000000114,1.0,0.0,0.03861003861003861,0.0,0.6000000000000001,0.1764705882352941,0.0,0.0,0.0,0.0,0.0,0.0,0.0,0.0,0.0,0.009770786935533304,0.0,0.0008043294090493882,9.89901386388269e-06,0.03384418393802987,0.009580793040793015,0.00020502209973817328,0.6543694059228434,0.49432999576421,0.3062264150943396,0.16372549019607843,0.3939177908577975,0.09117112601040167,0.020202020202020204,0.7999999999999972,0.0,1.0,0.0,0.35000000000000003,0.00018640911875554146,0.0,0.0,0.0,1.1206503954385524e-05,0.0,0.0037798227487152985,0.0,0.006416837782340863,0.0017795590792739427,0.0013498903113991262,0.03313396135203204,0,3
4441,0.6000000000000227,0.0,0.0,0.10231660231660232,0.0,0.4,0.5588235294117647,0.0,0.0,0.0,0.0,0.0,0.0,0.0,0.0,0.0,0.009770786935533304,0.0,0.0008043294090493882,9.89901386388269e-06,0.00011206563720521315,0.0006125371928744249,2.7533465393924616e-05,0.6541128397505833,0.49400866169730956,0.5179245283018868,0.23578431372549022,0.4008457329482446,0.12933141174259039,0.020202020202020204,0.44999999999999574,0.0,1.0,0.0,0.85,0.0,0.0,0.0,0.0,0.0,0.0,0.0036616714341437505,0.0,0.0,0.0003166025497045026,0.0011067675895927566,0.03312156029362849,0,2
7925,0.4000000000000341,0.0,0.0,0.15830115830115832,0.0,0.6000000000000001,0.5294117647058824,0.0,0.0,0.0,0.0,1.0,0.0,0.0,0.0,0.0,0.009770786935533304,0.0,0.0008043294090493882,9.89901386388269e-06,0.0,0.0,0.0,0.65408914281919,0.49409085078806736,0.20339622641509433,0.23664215686274512,0.39068840712170516,0.12106021680556427,0.24242424242424243,0.5,0.0,1.0,1.0,0.10000000000000002,0.00012308242854679752,0.0,0.0,0.0,0.0,0.0,0.0036354330375410375,0.0,0.0,0.00021358392756002685,0.0010967455078652584,0.03312156029362849,0,1
9096,0.0,0.0,1.0,0.02316602316602317,0.0,0.4,0.23529411764705882,0.0,0.0,0.0,0.0,0.0,0.0,0.0,0.0,0.0,0.009770786935533304,0.0,0.0008043294090493882,9.89901386388269e-06,0.06633454267820967,0.03988937599902938,0.0,0.6492027569107325,0.4882185607429726,0.580754716981132,0.15343137254901962,0.40287476084280827,0.08678488627106963,0.030303030303030304,1.0,0.0,1.0,0.0,0.55,0.0,0.0,1.612996721080103e-06,0.0,0.0,2.0960504266366085e-06,0.0036858727661951813,0.0,0.0,0.054603144229652484,0.0010930745414841833,0.03312156029362849,1,4
2398,0.20000000000004547,0.0,1.0,0.10424710424710425,0.0,0.6000000000000001,0.23529411764705882,0.0,0.0,0.0,0.0,0.0,0.0,0.0,0.0,0.0,0.009770786935533304,0.0002555164256927222,0.00636829528933878,0.029766122133182832,0.0,0.10049415987212423,0.0,0.635518944114435,0.551051900143871,0.5783018867924529,0.2416666666666667,0.3923030989897513,0.04555423272134845,0.030303030303030304,0.44999999999999574,1.0,1.0,0.0,0.10000000000000002,0.02002707256739715,0.0,0.602583516685695,0.22698469206123176,0.0,0.11548984879164499,0.04585047312300565,0.0,0.0,0.04729954090583735,0.03220894348423346,0.037516430906342366,0,4
7477,1.0,0.0,0.0,0.03474903474903475,0.0,0.6000000000000001,0.0,0.0,0.0,0.0,0.0,0.0,0.0,0.0,0.0,0.0,0.009770786935533304,0.0,0.0008043294090493882,9.89901386388269e-06,0.00016412193319731216,0.00032301344033413236,0.0,0.6540558329972935,0.4939420419217294,0.580754716981132,0.24497549019607845,0.40287476084280827,0.13415627545585562,0.25252525252525254,0.7999999999999972,0.0,1.0,0.0,0.10000000000000002,6.707415300840373e-06,0.0,0.0,0.0,0.0,0.0,0.0036354330375410375,0.0,0.0006416837782340863,0.00018342277645291561,0.001083973832217715,0.03312156029362849,0,2
5313,0.6000000000000227,1.0,1.0,0.06756756756756757,0.0,0.2,0.23529411764705882,0.0,0.0,0.0,0.0,0.0,0.0,0.0,0.0,0.0,0.009770786935533304,0.0,0.0008043294090493882,9.89901386388269e-06,0.0,8.351646707893054e-05,4.045201076832527e-06,0.6540983279768179,0.493991829260349,0.3920754716981132,0.1496323529411765,0.3967815839822567,0.08540635378156528,0.12121212121212122,0.6000000000000014,0.0,1.0,0.0,0.55,0.0,0.0,0.0,0.0,0.0,0.0,0.0036354330375410375,0.0,0.0,8.761827187604407e-05,0.0010838590324210857,0.03312156029362849,0,4
3118,0.4000000000000341,0.0,0.0,0.03474903474903475,0.0,1.0,0.0,0.0,0.0,0.0,0.0,0.0,0.0,0.0,0.0,0.0,0.009770786935533304,0.0,0.0008043294090493882,9.89901386388269e-06,0.0,0.0,0.0,0.6540934194853033,0.4940237939273221,0.580754716981132,0.24497549019607845,0.39821957372134686,0.13415627545585562,0.020202020202020204,0.0,0.0,1.0,0.0,0.45,0.0002216026824393031,0.0,0.0,0.0,0.0001839212681117099,0.0,0.0036354330375410375,0.0,0.0,0.00015471979804563928,0.0010967312322428795,0.03312156029362849,0,2
10095,0.6000000000000227,0.0,1.0,0.20463320463320464,0.0,0.6000000000000001,0.23529411764705882,0.0,0.0,0.0,0.0,0.0,0.0,0.0,0.0,0.0,0.010980718405557826,0.0,0.0008043294090493882,0.016258897472532768,0.0,0.0,0.0,0.6537822870557708,0.4937688630342947,0.580754716981132,0.24497549019607845,0.4004435832754482,0.11642333479541327,0.030303030303030304,0.14999999999999858,0.0,1.0,0.0,0.45,7.983725094927407e-06,0.0,0.0,0.0,0.00029161952748339536,0.0,0.0036531411281729323,0.0,0.0,0.0013741870687198421,0.0015458423122791001,0.03312156029362849,1,4
2137,0.8000000000000114,1.0,0.0,0.05791505791505792,0.7037037037037037,0.6000000000000001,0.5,0.0,0.0,0.0,0.0,1.0,0.0,0.0,0.0,0.0,0.01042045709274674,0.0,0.0008043294090493882,9.89901386388269e-06,0.05416782949827852,0.013298065284946967,0.0,0.6531499212732629,0.49465703095883773,0.5726415094339623,0.20183823529411765,0.39491707186292796,0.1098439751864152,0.020202020202020204,0.7999999999999972,0.0,1.0,0.0,0.05,9.397849191248308e-05,0.0,0.0022236167923039897,0.009694148877725477,0.00130399255650234,0.0,0.003838819090843139,0.0,0.0,0.009128109937012057,0.001468586906824637,0.03315094584162154,0,0
10049,0.8000000000000114,0.0,1.0,0.10231660231660232,0.0,0.6000000000000001,0.23529411764705882,0.0,0.0,0.0,0.0,0.0,0.0,0.0,0.0,0.0,0.009770786935533304,0.0,0.0008043294090493882,9.89901386388269e-06,0.0002472674059624703,5.9417188021328694e-05,2.76204589654694e-05,0.6539769273810173,0.4938495956920687,0.4528301886792453,0.2450980392156863,0.3987435869313543,0.1342189360235604,0.020202020202020204,0.14999999999999858,0.0,1.0,0.0,0.75,8.144621595564976e-05,0.0,0.0,0.0,0.0,0.0,0.0036354330375410375,0.0,0.0,0.0007675616436113361,0.001085535872801126,0.03312156029362849,1,4
446,0.4000000000000341,0.0,0.0,0.03474903474903475,0.0,0.6000000000000001,0.029411764705882346,0.0,0.0,0.0,0.0,0.0,0.0,0.0,0.0,0.0,0.009803083077611647,0.0,0.0008063567239993935,9.89901386388269e-06,0.005021986555015552,0.0019455597286088774,0.0,0.6541240741164474,0.4940190605201248,0.5,0.24497549019607845,0.4002668811464922,0.13271508239864654,0.020202020202020204,0.6000000000000014,0.0,1.0,0.0,0.5,9.287190416548209e-06,0.0,0.0,0.0,5.734724928612927e-05,0.0,0.003647260812305546,0.0,0.0,0.0007010996668714931,0.001123134838490687,0.03312156029362849,0,2
1528,0.0,0.0,0.0,0.0,0.0,0.0,0.7941176470588235,0.3333333333333333,0.0,0.0,0.0,0.0,0.0,0.0,0.0,0.0,0.009770786935533304,0.0,0.0008043294090493882,9.89901386388269e-06,0.02547902637374396,0.007796698481870071,0.0,0.6540216541255663,0.4940575515750926,0.580754716981132,0.24497549019607845,0.3995783521612499,0.13384297261733194,0.020202020202020204,0.14999999999999858,0.0,1.0,0.0,0.45,3.1704078395672613e-06,0.0,3.6594863109504836e-05,0.0,0.0,1.543126779610055e-05,0.0036778686102819417,0.0,0.0,0.001856816650388002,0.0011783620168201701,0.034223151272039065,0,2
6587,0.6000000000000227,1.0,0.0,0.06756756756756757,0.2962962962962963,0.6000000000000001,0.5,0.0,0.0,0.0,0.0,1.0,0.0,0.0,0.0,0.0,0.009781848288947834,0.0,0.0008043294090493882,9.89901386388269e-06,0.0,0.0,0.0,0.6541016802628214,0.4939940356476304,0.580754716981132,0.2450980392156863,0.40287476084280827,0.10758819474904445,0.24242424242424243,0.14999999999999858,0.0,1.0,1.0,0.8,0.0,0.0,0.0,0.0,0.0,0.0,0.0036355429793441135,0.0,0.0,2.7602953388102644e-05,0.0010832145971205775,0.03312156029362849,0,0
8328,0.8000000000000114,0.0,0.0,0.02316602316602317,0.0,0.8,0.5588235294117647,0.0,0.0,0.0,0.0,0.0,0.0,0.0,0.0,0.0,0.009770786935533304,0.0,0.0008043294090493882,9.89901386388269e-06,0.0001688214599188211,0.0,1.7398714308957103e-07,0.6541017352617814,0.49399566520670984,0.580754716981132,0.2450980392156863,0.40287476084280827,0.13127388934143747,0.0,0.6999999999999957,0.0,0.0,0.0,0.45,0.0,0.0025386831690183934,0.0,0.0,0.0,0.0,0.0036354330375410375,0.003374189133005551,0.0,1.48375467702498e-05,0.0010832530124238536,0.03312156029362849,0,2
3573,0.6000000000000227,0.0,0.0,0.03474903474903475,0.0,0.6000000000000001,0.5294117647058824,0.0,0.0,0.0,0.0,1.0,0.0,0.0,0.0,0.0,0.010335457740249774,0.0,0.0008043294090493882,9.89901386388269e-06,0.009783330128015107,0.002248961341847858,0.0,0.6540604320368287,0.49415040034233443,0.580754716981132,0.24448529411764708,0.39282711219975874,0.04016542389874053,0.020202020202020204,0.29999999999999716,1.0,1.0,0.0,0.10000000000000002,3.879845996386916e-05,0.0,0.0005997323433565958,0.0026146117637751674,0.00019869632360464275,0.0,0.00370904378649207,0.0,0.0,0.0004256841004430287,0.0012396206456046853,0.03312156029362849,0,1
10643,0.8000000000000114,0.0,1.0,0.05791505791505792,0.0,0.8,0.23529411764705882,0.0,0.0,0.0,0.0,0.0,0.0,0.0,0.0,0.0,0.010093643010093748,0.0,0.0008043294090493882,9.89901386388269e-06,0.07501493003489218,0.02107523504068415,0.0,0.6541350712578817,0.4940337017086329,0.44490566037735846,0.19313725490196082,0.3984876735032111,0.1075255341813397,0.04040404040404041,0.10000000000000142,0.0,1.0,0.0,0.35000000000000003,3.655134006044997e-05,0.0,8.064983605400515e-07,0.0,0.0,2.89110403674015e-07,0.0037633244105665375,0.0,0.0,0.00275305563926547,0.0012052881703288006,0.03312156029362849,1,4
480,0.6000000000000227,0.0,0.0,0.015444015444015444,0.0,0.6000000000000001,0.029411764705882346,0.0,0.0,0.0,0.0,0.0,0.0,0.0,0.0,0.0,0.009770786935533304,0.0,0.0008043294090493882,9.89901386388269e-06,0.0,8.974903924899998e-05,0.0,0.6541034577894482,0.4939978393754577,0.20339622641509433,0.23713235294117652,0.39068840712170516,0.13014599912275207,0.25252525252525254,0.6499999999999986,0.0,0.0,0.0,0.4,0.0,0.017310312070477576,0.0,0.0,0.0,0.0,0.0036354330375410375,0.006361042021773163,0.0,2.7782027228433242e-05,0.0010825576210823542,0.03312156029362849,0,2
4321,0.6000000000000227,1.0,0.0,0.23938223938223938,0.0,0.6000000000000001,0.1764705882352941,0.0,0.0,0.0,0.0,0.0,1.0,0.0,0.0,0.0,0.009770786935533304,0.0,0.0008043294090493882,9.89901386388269e-06,0.0,0.0,0.0,0.6541059559349778,0.49399810643992814,0.44264150943396224,0.2177696078431373,0.39841455538088455,0.1075255341813397,0.25252525252525254,0.6999999999999957,0.0,1.0,0.0,0.85,0.0,0.0,0.0,0.0,0.0,0.0,0.0036354330375410375,0.0,0.0,4.476846008265026e-05,0.0010859389112926599,0.03312156029362849,0,3
89,0.8000000000000114,0.0,0.0,0.015444015444015444,0.0,0.6000000000000001,0.029411764705882346,0.0,0.0,0.0,0.0,0.0,0.0,0.0,0.0,0.0,0.009770786935533304,0.0,0.0008043294090493882,9.89901386388269e-06,0.00013267125436875233,0.0007162471937843804,0.0,0.6541003549866785,0.4939942041156248,0.20339622641509433,0.2450980392156863,0.39068840712170516,0.1342189360235604,0.25252525252525254,0.3999999999999986,0.0,0.0,0.0,0.85,0.0,0.11457211287867622,0.0,0.0,0.0,0.0,0.0036354330375410375,0.05169467523497176,0.0,0.00025917101091275983,0.0010825576210823542,0.03312156029362849,0,2
6750,0.0,1.0,0.0,0.03861003861003861,0.537037037037037,0.2,0.5,0.0,0.0,0.0,0.0,1.0,0.0,0.0,0.0,0.0,0.009770786935533304,0.0,0.0008043294090493882,9.89901386388269e-06,0.0,0.0,0.0,0.6538087074296379,0.4936513154616445,0.580754716981132,0.2450980392156863,0.4028321086047844,0.13378031204962718,0.24242424242424243,0.44999999999999574,0.0,1.0,0.0,0.10000000000000002,0.0,0.0,0.0,0.0,0.0,0.0,0.0036354330375410375,0.0,0.0,0.004550777922344373,0.0011472753124782593,0.03312156029362849,0,0
241,0.8000000000000114,0.0,0.0,0.10424710424710425,0.0,0.4,0.5294117647058824,0.0,0.0,0.0,0.0,1.0,0.0,0.0,0.0,0.0,0.009770786935533304,0.0,0.0008043294090493882,9.89901386388269e-06,0.0015754259578719964,0.0003620708925999009,0.0,0.6540079149877922,0.49388309170982037,0.520566037735849,0.2263480392156863,0.40146723698802084,0.12463186916473465,0.04040404040404041,0.0,0.0,1.0,0.0,0.0,7.1690592689144065e-06,0.0,0.0,0.0,0.0,9.034700114812968e-07,0.003639511878435162,0.0,0.0,7.830643217885281e-05,0.0010909356765340303,0.033157458877495084,0,1
1884,0.6000000000000227,1.0,0.0,0.06756756756756757,0.2962962962962963,0.6000000000000001,0.5,0.0,0.0,0.0,0.0,1.0,0.0,0.0,0.0,0.0,0.009770786935533304,0.0,0.0008043294090493882,9.89901386388269e-06,0.1671972311834565,0.04478169584964709,0.0,0.653701448192921,0.49412950953467943,0.580754716981132,0.24497549019607845,0.39808552383041473,0.1342189360235604,0.020202020202020204,0.14999999999999858,0.0,1.0,0.0,0.5,0.0013517885828671391,0.0,0.0,0.0,0.0,0.00133420837415512,0.0036354330375410375,0.0,0.0,0.005503783318606642,0.0013052590155077548,0.03312156029362849,0,0
9864,0.6000000000000227,0.0,0.0,0.03474903474903475,0.0,1.0,0.029411764705882346,0.0,0.0,0.0,0.0,0.0,0.0,0.0,0.0,0.0,0.013382657438237203,0.0,0.0008043294090493882,9.89901386388269e-06,0.0,0.008492585939898892,0.0,0.6539230568937199,0.49377272149481144,0.580754716981132,0.2450980392156863,0.40287476084280827,0.1277648975499718,0.020202020202020204,0.7999999999999972,0.0,1.0,0.0,0.55,4.6042196933501425e-05,0.0,0.0,0.0,5.398216779144647e-05,0.0,0.0036354330375410375,0.0,0.004620123203285421,0.0007956250725888603,0.00108912440737659,0.03312156029362849,1,2
5543,0.20000000000004547,0.0,0.0,0.03474903474903475,0.0,0.4,0.5588235294117647,0.0,0.0,0.0,0.0,0.0,0.0,0.0,0.0,0.0,0.009770786935533304,0.0,0.0008043294090493882,9.89901386388269e-06,0.0,3.515170703919166e-05,3.892962326629152e-06,0.6541019002586612,0.49399601456430187,0.580754716981132,0.2450980392156863,0.40287476084280827,0.1342189360235604,0.24242424242424243,0.8999999999999986,0.0,0.0,0.0,0.75,0.0,0.0,0.0,0.0,0.0,0.0,0.0036354330375410375,0.0020620345062142558,0.0,2.0439999774878603e-05,0.0010838448063668403,0.03312156029362849,0,2
8220,0.0,0.0,0.0,0.15405405405405406,0.0,0.0,0.7941176470588235,0.3333333333333333,0.0,0.0,0.0,0.0,0.0,0.0,0.0,0.0,0.009770786935533304,0.0,0.0008043294090493882,9.89901386388269e-06,0.0,0.00019121531417773052,0.0,0.6541357733229184,0.4941288259583243,0.4881132075471698,0.24325980392156868,0.39823785325192856,0.13039664139357104,0.020202020202020204,0.10000000000000142,0.0,1.0,0.0,0.25000000000000006,0.0,0.0,0.0,0.0,0.0,0.0,0.003723364098992033,0.0,0.0,0.0010506773851740162,0.0011654890734763776,0.03312156029362849,0,2
2875,0.20000000000004547,0.0,0.0,0.05791505791505792,0.0,0.0,0.7941176470588235,0.4444444444444444,0.0,0.0,0.0,0.0,0.0,0.0,0.0,0.0,0.0118028704287358,3.044460316376388e-06,0.0011828602996761365,3.5628352557123786e-05,0.047277600320435424,0.010868026946318025,0.0,0.6534770043951332,0.494655293875255,0.580754716981132,0.23958333333333337,0.39344861623953503,0.11253837959771917,0.020202020202020204,0.3999999999999986,1.0,1.0,0.0,0.2,0.00025723752344548846,0.0,0.004914498572245871,0.021425400718150214,0.0005362844294595888,0.0,0.004175420448984702,0.0,0.0,0.002606726729738179,0.0013620725228059459,0.03328579991112509,0,2
1724,0.6000000000000227,0.0,0.0,0.31660231660231664,0.0,0.4,0.5294117647058824,0.0,0.0,0.0,0.0,1.0,0.0,0.0,0.0,0.0,0.011224233724742209,0.0,0.0008043294090493882,0.02691574259001119,9.760555498518564e-05,2.2437259812249994e-05,0.0,0.6539569246568724,0.4935318274016579,0.580754716981132,0.24497549019607845,0.3992736933182223,0.09217369509367755,0.020202020202020204,0.14999999999999858,0.0,1.0,0.0,0.45,0.00010181965048785821,0.0,0.0,0.0,5.618903519028495e-05,0.0,0.0036354330375410375,0.0,0.0,0.0022537466084693743,0.0015908450717611192,0.03312156029362849,0,1
5894,0.0,1.0,0.0,0.06756756756756757,0.2962962962962963,0.6000000000000001,0.5,0.0,0.0,0.0,0.0,1.0,0.0,0.0,0.0,0.0,0.009770786935533304,0.0,0.000808961043973631,9.89901386388269e-06,0.00045260057348686086,0.0002742331754830555,0.0,0.6541101053745814,0.49400189774615216,0.3992452830188679,0.1849264705882353,0.3969826588186549,0.0861582805940222,0.24242424242424243,0.3999999999999986,0.0,0.0,0.0,0.55,0.0,0.0008713187885052362,0.0,0.0,0.0,0.0,0.0036354330375410375,0.00707801956021001,0.0,5.24686352168661e-05,0.0010860883592144377,0.03312156029362849,0,0
1342,0.6000000000000227,1.0,0.0,0.06756756756756757,0.2962962962962963,0.6000000000000001,0.5,0.0,0.0,0.0,0.0,1.0,0.0,0.0,0.0,0.0,0.009770786935533304,0.0,0.0008043294090493882,9.89901386388269e-06,0.0006702248108982747,0.0018019612658104775,0.0,0.6541114694150515,0.4940071245239045,0.39867924528301885,0.20723039215686279,0.39699484517237604,0.11441819662886148,0.25252525252525254,0.29999999999999716,0.0,1.0,0.0,0.55,3.22064556550473e-05,0.0,0.0,0.0,0.0,0.0,0.0036354330375410375,0.0,0.0,0.0005462775409170934,0.0010872328874114027,0.03312156029362849,0,0
3861,0.6000000000000227,1.0,0.0,0.10424710424710425,0.2962962962962963,0.4,0.5,0.0,0.0,0.0,0.0,1.0,0.0,0.0,0.0,0.0,0.009770786935533304,0.0,0.0008043294090493882,9.89901386388269e-06,0.0,0.0,0.0,0.6541030953264232,0.4939927449654153,0.3933962264150943,0.20049019607843138,0.39682423622028057,0.08841406103139296,0.24242424242424243,0.6499999999999986,0.0,0.0,1.0,0.55,0.0,0.0,0.0,0.0,0.0,0.0,0.0036354330375410375,0.00352441226262525,0.0,6.978763377455423e-05,0.0010847655840102713,0.03312156029362849,0,0
2571,0.4000000000000341,1.0,0.0,0.03861003861003861,0.537037037037037,0.6000000000000001,0.5,0.0,0.0,0.0,0.0,1.0,0.0,0.0,0.0,0.0,0.009770786935533304,0.0,0.0008043294090493882,9.89901386388269e-06,0.00019448810585936992,0.001315986838469596,0.0,0.6541183741037564,0.49401527193112643,0.40094339622641506,0.1897058823529412,0.3970679632947026,0.10583369885331163,0.24242424242424243,0.5499999999999972,0.0,1.0,1.0,0.55,8.45487349763826e-05,0.0,0.0,0.0,0.0,0.0,0.0036354330375410375,0.0,0.0,0.000469275789574935,0.001093484172537441,0.03312156029362849,0,0
10482,0.0,0.0,0.0,0.10231660231660232,0.0,0.6000000000000001,0.5294117647058824,0.0,0.0,0.0,0.0,1.0,0.0,0.0,0.0,0.0,0.009770786935533304,0.0,0.0008043294090493882,9.89901386388269e-06,0.0,0.0,0.0,0.6537394773231625,0.4935713979715852,0.3920754716981132,0.20674019607843142,0.3967815839822567,0.11460617833197571,0.020202020202020204,0.0,0.0,1.0,0.0,0.0,0.0,0.0,0.0,0.0,0.0,0.0,0.0036354330375410375,0.0,0.005169866529774128,0.0004866715340641934,0.0011103068038756274,0.03312156029362849,1,1
11846,0.0,0.0,0.0,0.02316602316602317,0.0,0.6000000000000001,0.5588235294117647,0.0,0.0,0.0,0.0,0.0,0.0,0.0,0.0,0.0,0.009770786935533304,0.0,0.0008043294090493882,9.89901386388269e-06,0.00015038485508828603,0.000293097093917799,0.0,0.6540138194243281,0.493894144995858,0.580754716981132,0.24411764705882358,0.3945332017207132,0.12500783257096312,0.020202020202020204,0.6499999999999986,0.0,1.0,0.0,0.25000000000000006,2.35234757261254e-05,0.0,0.0,0.0,0.0,0.0,0.003649396039181003,0.0,0.0,0.001458505265538365,0.0010844514211816717,0.03312156029362849,1,2
9282,0.6000000000000227,0.0,0.0,0.10231660231660232,0.0,0.6000000000000001,0.5588235294117647,0.0,0.0,0.0,0.0,0.0,0.0,0.0,0.0,0.0,0.009770786935533304,0.0,0.0008043294090493882,9.89901386388269e-06,0.0,0.0,0.0,0.6536989712518098,0.4939847046945216,0.20339622641509433,0.2450980392156863,0.39068840712170516,0.1342189360235604,0.020202020202020204,0.29999999999999716,0.0,1.0,0.0,0.45,0.0,0.0,0.0,0.0,0.0,0.0,0.0036354330375410375,0.0,0.0,0.006246453698412024,0.0011413949952615362,0.03312156029362849,1,2
2977,0.4000000000000341,0.0,1.0,0.03861003861003861,0.0,0.6000000000000001,0.32352941176470584,0.0,0.0,0.0,0.0,0.0,0.0,0.0,0.0,0.0,0.009770786935533304,0.0,0.0008043294090493882,1.6589451659410765e-05,0.0,0.0,0.0,0.6540956098354487,0.4939873458379176,0.580754716981132,0.2450980392156863,0.4028564813122266,0.13327902750798926,0.020202020202020204,0.8999999999999986,0.0,1.0,0.0,0.35000000000000003,0.0,0.0,0.0,0.0,0.0,0.00011846298790542763,0.0036683963386483394,0.0,0.0,0.00012133531781257723,0.001112332504777549,0.03312156029362849,0,4
11446,0.4000000000000341,0.0,0.0,0.015444015444015444,0.0,0.6000000000000001,0.5588235294117647,0.0,0.0,0.0,0.0,0.0,0.0,0.0,0.0,0.0,0.009770786935533304,0.0,0.0008043294090493882,9.89901386388269e-06,0.01140322083871369,0.0004219035854325675,0.0,0.654054882774299,0.49394092863553607,0.5150943396226415,0.2450980392156863,0.40075433529533633,0.1342189360235604,0.04040404040404041,0.6000000000000014,0.0,1.0,0.0,0.35000000000000003,1.2247142917728778e-05,0.0,0.0,0.0,0.0,0.0,0.0036706509309099937,0.0,0.0,0.00016183158770448315,0.001084726821730062,0.03312156029362849,1,2
1308,0.6000000000000227,0.0,0.0,0.03474903474903475,0.0,0.6000000000000001,0.5294117647058824,0.0,0.0,0.0,0.0,1.0,0.0,0.0,0.0,0.0,0.009770786935533304,0.0,0.0008043294090493882,9.89901386388269e-06,0.025454082731914414,0.005851304955185728,0.0,0.6539734591333511,0.49484679850926877,0.580754716981132,0.24411764705882358,0.3909321341961272,0.03107964158155273,0.020202020202020204,0.3999999999999986,1.0,1.0,0.0,0.2,0.0026178132209007596,0.0,0.0,0.0,0.0,0.007765071777078532,0.003769128552470364,0.0,0.0,0.0012222812881651122,0.0013287380523251107,0.03312156029362849,0,1
9508,0.20000000000004547,0.0,1.0,0.04247104247104247,0.0,0.8,0.23529411764705882,0.0,0.0,0.0,0.0,0.0,0.0,0.0,0.0,0.0,0.009770786935533304,0.0,0.0008043294090493882,9.89901386388269e-06,0.0,0.0,0.0,0.6540569733974145,0.49394337802043153,0.20339622641509433,0.2450980392156863,0.39068840712170516,0.1342189360235604,0.020202020202020204,0.3999999999999986,0.0,1.0,0.0,0.2,0.0,0.0,0.0,0.0,0.0,0.0,0.0036354330375410375,0.0,0.0,0.0007179837718169497,0.0010825576210823542,0.03312156029362849,1,4
7823,0.20000000000004547,1.0,0.0,0.06756756756756757,0.2962962962962963,0.6000000000000001,0.5,0.0,0.0,0.0,0.0,1.0,0.0,0.0,0.0,0.0,0.009893018653128974,0.0,0.0008043294090493882,9.89901386388269e-06,0.0,0.00017658954481863422,0.0,0.6540981934612894,0.49399167166125746,0.4290566037735849,0.19901960784313727,0.3979758466469248,0.11065856256657686,0.24242424242424243,0.5,0.0,0.0,0.0,0.5,0.0,0.0010607633417009934,0.0,0.0,0.0,0.0,0.0036354330375410375,0.0035608674385535265,0.0,7.469937339505072e-05,0.0010837820035420004,0.03312156029362849,0,0
7798,0.0,0.0,0.0,0.06756756756756757,0.0,0.6000000000000001,0.5588235294117647,0.0,0.0,0.0,0.0,0.0,0.0,0.0,0.0,0.0,0.009770786935533304,0.0,0.0008043294090493882,9.89901386388269e-06,0.0007461402425534191,0.0002017691363857148,0.0,0.6541022839261046,0.49399646407107034,0.4039622641509434,0.14289215686274512,0.39716545412447146,0.0819600225578044,0.24242424242424243,0.6000000000000014,0.0,0.0,0.0,0.55,0.0,0.0030405745657756324,0.0,0.0,0.0,0.0,0.0036354330375410375,0.005866811787101463,0.0,3.0928610422813804e-05,0.001084822042114054,0.03312156029362849,0,2
11423,0.20000000000004547,1.0,0.0,0.06756756756756757,0.0,0.6000000000000001,0.029411764705882346,0.0,0.0,0.0,0.0,0.0,0.0,0.0,0.0,0.0,0.009770786935533304,0.0,0.0008043294090493882,9.89901386388269e-06,0.0,3.69799282090787e-05,0.0,0.6540992550074799,0.4939929153742852,0.20339622641509433,0.2450980392156863,0.39068840712170516,0.1342189360235604,0.020202020202020204,0.6000000000000014,0.0,1.0,0.0,0.35000000000000003,2.7562860446773193e-06,0.0,0.0,0.0,0.0,0.0,0.0036354330375410375,0.0,0.0,3.947299080430248e-05,0.0010825576210823542,0.03312156029362849,1,3
10109,0.4000000000000341,0.0,0.0,0.10231660231660232,0.0,0.6000000000000001,0.5588235294117647,0.0,0.0,0.0,0.0,0.0,0.0,0.0,0.0,0.0,0.009812293347393542,0.0,0.0008043294090493882,9.89901386388269e-06,0.0,0.0,0.0,0.6540798595911275,0.4939898868321371,0.580754716981132,0.2450980392156863,0.40274071095187614,0.1342189360235604,0.020202020202020204,0.14999999999999858,0.0,1.0,0.0,0.35000000000000003,4.6076141342918635e-05,0.0,0.0,0.0,6.780247923239956e-05,0.0,0.0036409026422440753,0.0,0.0,0.0003645687569359136,0.0013526275132858562,0.03312156029362849,1,2
11444,0.6000000000000227,0.0,0.0,0.06756756756756757,0.0,0.6000000000000001,0.029411764705882346,0.0,0.0,0.0,0.0,0.0,0.0,0.0,0.0,0.0,0.009770786935533304,0.0,0.0008043294090493882,9.89901386388269e-06,6.543187204562445e-05,0.0026692029080350736,0.0,0.6540889837860528,0.49398044486094905,0.20339622641509433,0.2450980392156863,0.39068840712170516,0.13108590763832323,0.24242424242424243,0.6000000000000014,0.0,1.0,1.0,0.55,0.0,0.0,0.0,0.0,0.0,0.0,0.0036354330375410375,0.0,0.0,0.0010407259960470729,0.0010825576210823542,0.03312156029362849,1,2
5975,0.6000000000000227,0.0,1.0,0.015444015444015444,0.0,0.6000000000000001,0.23529411764705882,0.0,0.0,0.0,0.0,0.0,0.0,0.0,0.0,0.0,0.009770786935533304,0.0,0.0008043294090493882,9.89901386388269e-06,0.0003615020555006876,8.310096226759258e-05,0.0,0.6541014798148049,0.49399384233642946,0.580754716981132,0.22671568627450983,0.40287476084280827,0.11216241619149071,0.25252525252525254,0.3999999999999986,0.0,1.0,0.0,0.75,0.0006425540925039875,0.0,0.0,0.0,0.0,0.0,0.0036354330375410375,0.0,0.0,1.7165506694547613e-05,0.0010842984043542992,0.03312156029362849,0,4
2450,0.0,0.0,0.0,0.06756756756756757,0.0,0.6000000000000001,0.5588235294117647,0.0,0.0,0.0,0.0,0.0,0.0,0.0,0.0,0.0,0.00977715285729432,0.0,0.0008043294090493882,9.89901386388269e-06,0.0,9.39871883246472e-05,0.0,0.6541028511442938,0.49399712862684547,0.580754716981132,0.24522058823529416,0.40287476084280827,0.13428159659126512,0.24242424242424243,0.7999999999999972,0.0,0.0,0.0,0.5,0.0,0.009393169777433137,0.0,0.0,0.0,0.0,0.0036354330375410375,0.004268190534212758,0.0,3.844971171669905e-05,0.0010830174150864705,0.03312156029362849,0,2
8668,0.8000000000000114,1.0,0.0,0.15830115830115832,0.0,0.6000000000000001,0.1764705882352941,0.0,0.0,0.0,0.0,0.0,0.0,0.0,0.0,0.0,0.009770786935533304,0.0,0.0008043294090493882,9.89901386388269e-06,0.01688286899599311,0.008623636157394884,0.0,0.6541078408089721,0.4939990186514185,0.3560377358490566,0.13174019607843138,0.3956177872018914,0.0751926812456921,0.25252525252525254,0.6999999999999957,0.0,1.0,0.0,0.35000000000000003,0.0003837076040521234,0.0,0.0,0.0,0.0,0.0,0.0036354330375410375,0.0,0.0,0.0015754149012970574,0.001115854965031378,0.03312156029362849,0,3
12069,0.0,0.0,0.0,0.03861003861003861,0.0,0.6000000000000001,0.5588235294117647,0.0,0.0,0.0,0.0,0.0,0.0,0.0,0.0,0.0,0.009770786935533304,0.0,0.0008043294090493882,9.89901386388269e-06,0.027207006199037247,0.006262820920334847,0.0,0.6545028426765744,0.4944145201163832,0.4132075471698113,0.21813725490196081,0.39742746072947516,0.1141675543580425,0.020202020202020204,0.7999999999999972,0.0,1.0,0.0,0.35000000000000003,0.0007578157291210602,0.0,0.0008335160556181432,0.0036338225017470303,0.0,4.2210118936406186e-05,0.003999371032368184,0.0,0.0,0.00043860299892402207,0.0012719513118188796,0.03312156029362849,1,2
4134,0.6000000000000227,1.0,0.0,0.03861003861003861,0.537037037037037,0.6000000000000001,0.5,0.0,0.0,0.0,0.0,1.0,0.0,0.0,0.0,0.0,0.009770786935533304,0.0,0.0008043294090493882,9.89901386388269e-06,0.0,0.0006973832753496369,0.0,0.654107524399293,0.49400292757469855,0.5522641509433962,0.2450980392156863,0.4019059457219806,0.1342189360235604,0.24242424242424243,0.0,0.0,1.0,1.0,0.35000000000000003,0.0,0.0,0.0,0.0,0.0,0.0,0.003641107605176953,0.0,0.0,0.00022949591737226024,0.0010943412551296333,0.03312156029362849,0,0
6946,0.8000000000000114,0.0,1.0,0.015444015444015444,0.0,0.6000000000000001,0.2941176470588235,0.0,0.0,0.0,0.0,0.0,0.0,0.0,0.0,0.0,0.009850549075801348,0.0,0.0008043294090493882,9.89901386388269e-06,0.0019246369434856607,0.01514365455594793,0.0,0.6539698109794486,0.49383353688808707,0.3545283018867924,0.0763480392156863,0.39556904178700697,0.04730872861708127,0.020202020202020204,0.14999999999999858,0.0,1.0,0.0,0.75,0.0,0.0,0.0,0.0,0.0,0.0,0.0036354330375410375,0.0,0.001435164271047228,0.0033725999628549694,0.0011255495996705632,0.03312156029362849,0,4
3953,0.0,0.0,0.0,0.0,0.0,0.0,0.7941176470588235,0.3333333333333333,0.0,0.0,0.0,0.0,0.0,0.0,0.0,0.0,0.009770786935533304,0.0,0.0008043294090493882,9.89901386388269e-06,0.0001485773448107826,3.415449549198055e-05,0.0,0.6541033024008205,0.49399763519535395,0.580754716981132,0.2450980392156863,0.40287476084280827,0.13415627545585562,0.24242424242424243,0.6999999999999957,0.0,0.0,0.0,0.5,0.0,0.013209604943977186,0.0,0.0,0.0,0.0,0.0036354330375410375,0.021282948778855875,0.0,2.5581977190085857e-06,0.0010951206644570076,0.03312156029362849,0,2
8209,0.6000000000000227,1.0,0.0,0.08687258687258688,0.8888888888888888,0.6000000000000001,0.5,0.0,0.0,0.0,0.0,1.0,0.0,0.0,0.0,0.0,0.0239347672108075,0.0025829463213196745,0.006177977199724442,1.845184281580587e-05,0.1780751895355277,0.055478036207920266,0.0,0.665359038673895,0.5084601470920765,0.2871698113207547,0.125,0.39267478277824497,0.05244689516887023,0.030303030303030304,0.10000000000000142,1.0,0.0,0.0,0.05,0.008627942463492837,0.0,0.027702512998485296,0.0,0.0,0.010695928494323858,0.011227055108396328,0.0,0.019521945585215607,0.013211965611682983,0.00947762862327126,0.03429151086638278,0,0
10947,1.0,1.0,0.0,0.03474903474903475,0.0,0.6000000000000001,0.029411764705882346,0.0,0.0,0.0,0.0,0.0,0.0,0.0,0.0,0.0,0.009770786935533304,0.0,0.0008043294090493882,9.89901386388269e-06,0.0007117975472808538,0.0001636257947048898,0.0,0.6540160786888329,0.4938459786764656,0.580754716981132,0.2450980392156863,0.4003887446837032,0.10689892850429226,0.020202020202020204,0.3999999999999986,0.0,1.0,0.0,0.4,0.0,0.0,0.0,0.0,0.0,1.8213955431462943e-05,0.0036354330375410375,0.0,0.0,0.001346123639742318,0.0012615778911628372,0.03312156029362849,1,3
6759,0.0,0.0,1.0,0.015444015444015444,0.0,0.6000000000000001,0.23529411764705882,0.0,0.0,0.0,0.0,0.0,0.0,0.0,0.0,0.0,0.009770786935533304,0.0,0.0008043294090493882,9.89901386388269e-06,0.009587396013933736,0.0022039206202988226,0.0,0.6542768698414367,0.4942010098358206,0.4952830188679245,0.236764705882353,0.4001145517249784,0.13002067798734257,0.020202020202020204,0.8999999999999986,0.0,1.0,0.0,0.2,0.0010540282234593873,0.0,0.0023314859480262212,0.010164418601584853,0.0,0.0,0.0037467322292358655,0.0,0.0,3.095419240000389e-05,0.00123436696872863,0.03312156029362849,0,4
1594,0.6000000000000227,1.0,1.0,0.05791505791505792,0.0,0.6000000000000001,0.23529411764705882,0.0,0.0,0.0,0.0,0.0,0.0,0.0,0.0,0.0,0.009770786935533304,0.0,0.0008043294090493882,9.89901386388269e-06,0.0,0.004745148046441804,0.0,0.6526265422249243,0.49223992049409976,0.4239622641509434,0.18590686274509807,0.3978113308716899,0.10357791841594086,0.020202020202020204,0.8999999999999986,0.0,1.0,0.0,0.5,0.0,0.0,0.0,0.0,0.0,0.0,0.0037494493623690325,0.0,0.020533880903490762,0.007147169533297758,0.0016279984199326762,0.03312156029362849,0,4
1993,0.20000000000004547,1.0,0.0,0.12548262548262548,0.8888888888888888,0.6000000000000001,0.5,0.0,0.0,0.0,0.0,1.0,0.0,0.0,0.0,0.0,0.014089951979429194,0.00047216415014195807,0.006411087229514276,3.318902500988889e-05,0.08192468032373232,0.02775156634926254,0.0,0.6548197234913772,0.5037882877744598,0.2839622641509434,0.08970588235294119,0.39228481945916965,0.04486496647659628,0.030303030303030304,0.14999999999999858,1.0,1.0,0.0,0.45,0.0008122150396530784,0.0,0.019643376506198698,0.08417080899577636,0.0011067048716629133,0.0,0.004773236856197116,0.0,0.0,0.002307238522773844,0.0063299706217054864,0.03314196251491401,0,0
10670,0.8000000000000114,1.0,0.0,0.03474903474903475,0.0,0.6000000000000001,0.029411764705882346,0.0,0.0,0.0,0.0,0.0,0.0,0.0,0.0,0.0,0.009770786935533304,0.0,0.0008043294090493882,9.89901386388269e-06,0.004361883801671297,0.001002696210720772,0.0,0.6540798016102962,0.493632411334163,0.20339622641509433,0.2382352941176471,0.39068840712170516,0.018108904066670845,0.020202020202020204,0.5,0.0,1.0,0.0,0.9,7.298048024699798e-06,0.0,0.0003481048548680997,0.0015176087443798374,0.0,0.0005541523662421682,0.0036624268913906023,0.0,0.0,0.00035520575328434217,0.0010825576210823542,0.03312156029362849,1,3
11295,0.6000000000000227,0.0,1.0,0.08687258687258688,0.0,0.8,0.2941176470588235,0.0,0.0,0.0,0.0,0.0,0.0,0.0,0.0,0.0,0.009770786935533304,0.0,0.0016566593982227467,9.89901386388269e-06,0.0,0.0,0.0,0.6516805266508503,0.4945731746560156,0.580754716981132,0.2450980392156863,0.39825003960564964,0.1218121436180212,0.030303030303030304,0.44999999999999574,1.0,1.0,0.0,0.45,3.9714959018133786e-05,0.0,0.00021886349259155646,0.0,0.00032480079617515134,0.0,0.0037652578157034906,0.0,0.0,0.0,0.0028004113685352917,0.03312156029362849,1,4
5060,0.6000000000000227,1.0,0.0,0.03861003861003861,0.537037037037037,0.6000000000000001,0.5,0.0,0.0,0.0,0.0,1.0,0.0,0.0,0.0,0.0,0.009770786935533304,0.0,0.0008043294090493882,9.89901386388269e-06,0.0037733584553161768,0.0005522058942681526,0.0,0.6541461167718953,0.4940478052746244,0.31886792452830187,0.13615196078431374,0.3944174313603627,0.0785136913340435,0.24242424242424243,0.3500000000000014,0.0,1.0,1.0,0.05,3.492200840842396e-05,0.0,0.0,0.0,0.0,0.0,0.0036354330375410375,0.0,0.0,1.4556145021158853e-05,0.001098070414499155,0.03312156029362849,0,0
5043,0.0,0.0,0.0,0.015444015444015444,0.0,0.6000000000000001,0.5588235294117647,0.0,0.0,0.0,0.0,0.0,0.0,0.0,0.0,0.0,0.009770786935533304,0.0,0.0008043294090493882,9.89901386388269e-06,0.0,0.0,0.0,0.6541026178956927,0.49399685535157345,0.3920754716981132,0.2272058823529412,0.3967815839822567,0.1251331537063726,0.23232323232323235,0.6000000000000014,0.0,1.0,0.0,0.85,3.348276544913433e-05,0.0,0.0,0.0,0.0,0.0,0.0036354330375410375,0.0,0.0,0.00010785361583340199,0.0010837884473993242,0.03312156029362849,0,2
3335,0.6000000000000227,1.0,0.0,0.06756756756756757,0.2962962962962963,0.6000000000000001,0.5,0.0,0.0,0.0,0.0,1.0,0.0,0.0,0.0,0.0,0.009770786935533304,0.0,0.0008043294090493882,9.89901386388269e-06,3.542720143906738e-05,8.143894302224073e-06,0.0,0.6541008662119507,0.49399395568355936,0.3920754716981132,0.2450980392156863,0.3967815839822567,0.12607306222194373,0.24242424242424243,0.14999999999999858,0.0,0.0,0.0,0.6,0.0,0.0,0.0,0.0,0.0,0.0,0.0036354330375410375,0.0005463642256708235,0.0,0.00010053717035703743,0.001083844161981108,0.03312156029362849,0,0
3457,0.0,0.0,0.0,0.06756756756756757,0.0,0.6000000000000001,0.0,0.0,0.0,0.0,0.0,0.0,0.0,0.0,0.0,0.0,0.009770786935533304,0.0,0.0008674724723768592,9.89901386388269e-06,0.0,0.0,0.0,0.654100795309677,0.4939933000558116,0.580754716981132,0.2439950980392157,0.40111992590696943,0.10946801178018675,0.020202020202020204,0.29999999999999716,0.0,1.0,0.0,0.8,0.0,0.0,0.0,0.0,0.0,7.227760091850375e-08,0.0036354330375410375,0.0,0.0,4.0496269891905916e-05,0.0010841886605072624,0.03312156029362849,0,2
8399,0.4000000000000341,1.0,0.0,0.03474903474903475,0.1111111111111111,0.6000000000000001,0.5,0.0,0.0,0.0,0.0,1.0,0.0,0.0,0.0,0.0,0.009999312992131465,0.0,0.0008043294090493882,9.89901386388269e-06,0.0,0.00011218629906124998,0.0,0.6540805162654564,0.4939676956378895,0.46037735849056605,0.24460784313725495,0.39898731400577636,0.13309104580487502,0.25252525252525254,0.19999999999999574,0.0,1.0,1.0,0.45,0.0,0.0,0.0,0.0,0.0,0.0,0.0036354330375410375,0.0,0.0,0.0022163201758402785,0.0011466957618641877,0.03312156029362849,0,0
10822,0.20000000000004547,0.0,0.0,0.02316602316602317,0.0,0.4,0.5294117647058824,0.0,0.0,0.0,0.0,1.0,0.0,0.0,0.0,0.0,0.009770786935533304,0.0,0.0008043294090493882,9.89901386388269e-06,5.1694793936598326e-05,0.00041126666226231565,0.0,0.6540948289164814,0.49398772974309374,0.20339622641509433,0.20061274509803925,0.39068840712170516,0.11147314994673854,0.25252525252525254,0.29999999999999716,0.0,0.0,0.0,0.75,0.0,0.0,0.0,0.0,0.0,0.0,0.0036354330375410375,0.0009945620771788513,0.0,0.00011990272708993243,0.0010825576210823542,0.03312156029362849,1,1
5879,0.6000000000000227,1.0,0.0,0.03861003861003861,0.537037037037037,0.6000000000000001,0.5,0.0,0.0,0.0,0.0,1.0,0.0,0.0,0.0,0.0,0.009770786935533304,0.0,0.0008043294090493882,9.89901386388269e-06,0.0018075102775034378,0.0004678584175665462,0.0001068933510356552,0.6541632101835873,0.49406646135821547,0.3920754716981132,0.17205882352941176,0.3967815839822567,0.09637195312989538,0.020202020202020204,0.6000000000000014,0.0,1.0,0.0,0.55,0.0004200484887741866,0.0,0.0,0.0,7.140233385461837e-05,0.0,0.003702162607567394,0.0,0.0,0.000329240046436405,0.001126587952926086,0.03312156029362849,0,0
8103,0.8000000000000114,0.0,0.0,0.03861003861003861,0.0,0.6000000000000001,0.029411764705882346,0.0,0.0,0.0,0.0,0.0,0.0,0.0,0.0,0.0,0.009770786935533304,0.0,0.0008043294090493882,9.89901386388269e-06,0.00598864305142439,0.004875782759126459,0.0,0.6542520540456597,0.49417062232428816,0.30471698113207546,0.09509803921568628,0.39396044309582134,0.05739708001754497,0.25252525252525254,0.3999999999999986,0.0,1.0,0.0,0.35000000000000003,0.0005567290477335178,0.0,0.0,0.0,0.0,0.0,0.0036354330375410375,0.0,0.0,0.0013091321007254538,0.0011786961556064734,0.03312156029362849,0,2
6309,0.6000000000000227,1.0,0.0,0.10231660231660232,0.4444444444444444,0.6000000000000001,0.5,0.0,0.0,0.0,0.0,1.0,0.0,0.0,0.0,0.0,0.009770786935533304,0.0,0.001284085694602937,9.89901386388269e-06,0.0,0.005441617211206497,0.0,0.65414764415265,0.49408683977473544,0.5607547169811321,0.2450980392156863,0.40213748644268155,0.1364120558932264,0.020202020202020204,0.8999999999999986,0.0,1.0,0.0,0.4,0.0,0.0,0.00196321863414462,0.004152877215651631,0.0,0.00045621621699759563,0.0037155590162722208,0.0,0.0,0.0019916848341341347,0.001315623067786611,0.03312156029362849,0,0
2518,0.20000000000004547,1.0,0.0,0.10231660231660232,0.4444444444444444,0.6000000000000001,0.5,0.0,0.0,0.0,0.0,1.0,0.0,0.0,0.0,0.0,0.009770786935533304,0.0,0.0008043294090493882,9.89901386388269e-06,0.0,0.0,0.0,0.6540955319754752,0.4941018446833144,0.580754716981132,0.23958333333333337,0.3928941371452248,0.09198571339056333,0.020202020202020204,0.3500000000000014,1.0,1.0,0.0,0.25000000000000006,0.0,0.0,0.0,0.0,0.0,0.0004672385511376675,0.003712648699685077,0.0,0.0,5.7431538791742754e-05,0.0011037955338906425,0.03312156029362849,0,0
3649,0.4000000000000341,0.0,1.0,0.10424710424710425,0.0,0.6000000000000001,0.23529411764705882,0.0,0.0,0.0,0.0,0.0,0.0,0.0,0.0,0.0,0.009770786935533304,0.0,0.0008043294090493882,9.89901386388269e-06,0.0,0.00021838932883923328,0.0,0.6541200475962059,0.49401727607917956,0.28603773584905656,0.24375000000000005,0.39335721858662676,0.13346700921110347,0.05050505050505051,0.9499999999999957,0.0,1.0,0.0,0.05,0.00015195554319707497,0.0,0.0,0.0,5.484300259241183e-05,0.0,0.0036414841558524884,0.0,0.0,0.0002847529881028457,0.001088715817254131,0.03312156029362849,0,4
7697,0.6000000000000227,0.0,0.0,0.03861003861003861,0.0,0.8,0.5588235294117647,0.0,0.0,0.0,1.0,0.0,0.0,0.0,0.0,0.0,0.009770786935533304,0.0,0.0008043294090493882,9.89901386388269e-06,0.01841383020103852,0.004232913715024363,0.0,0.6540848267261113,0.49403576447112646,0.580754716981132,0.2450980392156863,0.4002242289084683,0.1342189360235604,0.020202020202020204,0.0,0.0,1.0,0.0,0.4,0.0,0.0,0.0,0.0,0.0,1.0769362536857058e-05,0.0036605264687945716,0.0,0.0,0.00028787398932003617,0.0011239599000687935,0.0332009270674112,0,2
1008,0.0,0.0,0.0,0.06756756756756757,0.0,0.6000000000000001,0.5294117647058824,0.0,0.0,0.0,0.0,1.0,0.0,0.0,0.0,0.0,0.009770786935533304,0.0,0.0009631617380171068,9.89901386388269e-06,0.0,0.0,3.4797428617914204e-05,0.6540980413858519,0.49399544705230236,0.580754716981132,0.2450980392156863,0.3985486052718167,0.1342189360235604,0.24242424242424243,0.9499999999999957,0.0,0.0,0.0,0.8,0.0,0.0,0.0,0.0,0.0,0.0,0.0036354330375410375,0.001069171610964265,0.0,8.772059978480442e-05,0.001084163777304366,0.03312156029362849,0,1
14,0.8000000000000114,1.0,0.0,0.15830115830115832,0.4444444444444444,0.6000000000000001,0.5,0.0,0.0,0.0,0.0,1.0,0.0,0.0,0.0,0.0,0.009847734826701324,0.0,0.0008043294090493882,9.89901386388269e-06,0.0,0.00038783219090285457,0.0,0.6541010129862835,0.49403784470149964,0.580754716981132,0.24301470588235294,0.3961296140581777,0.13008333855504733,0.25252525252525254,0.5499999999999972,0.0,1.0,0.0,0.25000000000000006,0.00019513962085764745,0.0,0.0,0.0,0.0,0.0,0.0036564605853272383,0.0,0.0,0.00014323349028729074,0.0010936336204592188,0.033127016759326056,0,0
1983,0.20000000000004547,0.0,0.0,0.05540540540540541,0.0,0.0,0.7941176470588235,0.3333333333333333,0.0,0.0,0.0,0.0,0.0,0.0,0.0,0.0,0.009770786935533304,0.0,0.0008043294090493882,9.89901386388269e-06,0.0,0.0,0.0,0.6541007684728352,0.49399219492129537,0.580566037735849,0.24448529411764708,0.39074324571345015,0.012657434676358168,0.020202020202020204,0.44999999999999574,0.0,1.0,0.0,0.4,0.0,0.0,0.0,0.0,0.0,4.589627658324988e-06,0.0036354330375410375,0.0,0.0,2.1463278862482037e-05,0.0010976805115629348,0.03312156029362849,0,2
6585,0.6000000000000227,1.0,0.0,0.06756756756756757,0.0,0.6000000000000001,0.0,0.0,0.0,0.0,0.0,0.0,0.0,0.0,0.0,0.0,0.009770786935533304,0.0,0.0008043294090493882,9.89901386388269e-06,0.0013408111238520503,0.0004153386094134277,1.8834108239446065e-05,0.6540580322930528,0.49394281943645935,0.580754716981132,0.24497549019607845,0.40287476084280827,0.13296572466946552,0.25252525252525254,0.6499999999999986,0.0,0.0,0.0,0.5,0.0,0.03298479880925372,0.0,0.0,0.0,0.0,0.0036519298050926114,0.050110419792936144,0.0,0.0007020462000275262,0.0011033750969843342,0.03312156029362849,0,3
2287,0.20000000000004547,0.0,1.0,0.06756756756756757,0.0,1.0,0.23529411764705882,0.0,0.0017844599999999999,0.0,0.0,0.0,0.0,0.0,0.0,0.0,0.009770786935533304,0.0,0.0008043294090493882,9.89901386388269e-06,0.0,0.0,0.0,0.6540573315532923,0.493923175835408,0.580754716981132,0.24497549019607845,0.40287476084280827,0.10257534933266496,0.020202020202020204,0.6499999999999986,0.0,1.0,0.0,0.9,0.0,0.0,0.0,0.0,0.0,0.0,0.003637211346205794,0.0,0.0,0.0003678176680390545,0.0010836407343622104,0.03312156029362849,0,4
4011,0.0,0.0,0.0,0.03474903474903475,0.0,0.6000000000000001,0.5588235294117647,0.0,0.0,0.0,0.0,0.0,0.0,0.0,0.0,0.0,0.009770786935533304,1.385829606379216e-06,0.0008063567239993935,9.89901386388269e-06,0.001599285093535042,0.00036763865707182956,0.0,0.6538903818790959,0.494185672261179,0.580754716981132,0.2450980392156863,0.3907919911283345,0.04680744407544332,0.020202020202020204,0.29999999999999716,1.0,1.0,0.0,0.10000000000000002,8.289224779682282e-06,0.0,0.0,0.0,1.8374910115151683e-05,0.0,0.0037833876116800417,0.0,0.0,0.0002813250031593742,0.0012199168665207826,0.03312156029362849,0,2
1563,0.0,0.0,0.0,0.03474903474903475,0.0,0.8,0.5588235294117647,0.0,0.0,0.0,0.0,0.0,0.0,0.0,0.0,0.0,0.009770786935533304,0.0,0.0008043294090493882,9.89901386388269e-06,0.01700216467430834,0.003908404457369414,0.0003188096913187527,0.6539756653868102,0.493962695942572,0.580754716981132,0.2450980392156863,0.3977808649873872,0.10990663575411995,0.020202020202020204,0.3999999999999986,0.0,1.0,0.0,0.2,0.0,0.0,0.0,0.0,0.0,0.00014972305030268052,0.0037065272971495166,0.0,0.0,0.0009187767107819337,0.0011599734290160453,0.03312156029362849,0,2
3531,0.0,0.0,0.0,0.12027027027027026,0.0,0.0,0.7941176470588235,0.3333333333333333,0.0,0.0,0.0,0.0,0.0,0.0,0.0,0.0,0.009770786935533304,0.0,0.0008043294090493882,9.89901386388269e-06,0.001817993837112958,0.006309440560166966,0.0,0.6539863179564473,0.49385665387995364,0.580754716981132,0.13566176470588237,0.40287476084280827,0.07650855316749171,0.020202020202020204,0.5,0.0,1.0,0.0,0.30000000000000004,1.9742068517048384e-05,0.0,0.0,0.0,1.4336812321532317e-05,0.0,0.0036354475655650154,0.0,0.0009279260780287475,0.001819287889850146,0.00108441231192453,0.03312156029362849,0,2
11594,1.0,0.0,0.0,0.33783783783783783,0.0,0.8,0.0,0.0,0.0,0.0,0.0,0.0,1.0,0.0,0.0,0.0,0.010104749511889563,0.0,0.0008043294090493882,0.0016757471731129018,0.0,0.10241620202841138,0.0,0.6532681862657091,0.4931324282162864,0.58,0.2450980392156863,0.40258838153036236,0.13378031204962718,0.020202020202020204,0.6000000000000014,0.0,1.0,0.0,0.2,0.0028146568511111508,0.0,0.0,0.0,0.0,0.00017697170584895643,0.003911591533545715,0.0,0.0,0.04454402939676163,0.002033860808018536,0.03312156029362849,1,2
1843,0.6000000000000227,1.0,0.0,0.06756756756756757,0.0,0.4,0.0,0.0,0.0,0.0,0.0,0.0,0.0,0.0,0.0,0.0,0.009770786935533304,0.0,0.0008497100744687363,9.89901386388269e-06,0.0005606896880815664,0.00012888959247703608,0.0,0.6541020264912139,0.49399607317874233,0.580754716981132,0.24436274509803926,0.40159519370209246,0.12174948305031646,0.25252525252525254,0.10000000000000142,0.0,0.0,0.0,0.75,0.0,0.0,0.0,0.0,0.0,0.0,0.0036354330375410375,0.003374189133005551,0.0,2.1821426543143237e-05,0.001084180580901541,0.03312156029362849,0,3
2576,0.6000000000000227,1.0,0.0,0.05791505791505792,0.7037037037037037,0.4,0.5,0.0,0.0,0.0,0.0,1.0,0.0,0.0,0.0,0.0,0.011216107016111124,0.0,0.0008043294090493882,1.2024568988029278e-05,0.10492850212346307,0.02412063600490462,0.0,0.6546050098710311,0.4945695347380814,0.28377358490566035,0.12365196078431374,0.3932901936411607,0.07180901058963594,0.030303030303030304,0.14999999999999858,0.0,1.0,0.0,0.05,0.001105963169867716,0.0,0.006956048359657944,0.030325804622707436,0.0,0.0032454811140435738,0.0040388691957204724,0.0,0.0,0.002858888278900855,0.001577876164511336,0.03314778605194031,0,0
7053,0.6000000000000227,1.0,1.0,0.10231660231660232,0.0,0.6000000000000001,0.23529411764705882,0.0,0.0,0.0,0.0,0.0,0.0,0.0,0.0,0.0,0.009770786935533304,0.0,0.0008043294090493882,9.89901386388269e-06,0.003270870598170221,0.002359485621663756,0.0,0.6540721266048333,0.4939608738486419,0.5613207547169811,0.24448529411764708,0.40224716362617147,0.13378031204962718,0.25252525252525254,0.8999999999999986,0.0,0.0,0.0,0.35000000000000003,0.0,0.0,0.0,0.0,0.0,0.0,0.0036471159247150635,0.0568910825155956,0.0,0.0011338188110417953,0.0011182578794274051,0.03312156029362849,0,4
4125,0.8000000000000114,0.0,0.0,0.23166023166023167,0.0,0.6000000000000001,0.029411764705882346,0.0,0.0,0.0,0.0,0.0,1.0,0.0,0.0,0.0,0.009770786935533304,0.0,0.0009606197969644079,9.89901386388269e-06,0.026349884825445116,0.010884813340696079,0.0010437271230014503,0.6541007903398915,0.49427421422566087,0.580754716981132,0.2450980392156863,0.40021204255474724,0.1322137978570086,0.25252525252525254,0.6999999999999957,0.0,1.0,0.0,0.4,0.00029568975043330205,0.0,0.0,0.0,0.0,0.0,0.0036412466030279846,0.0,0.0,0.0027503183677061306,0.0012833508424015298,0.03312156029362849,0,2
217,0.8000000000000114,1.0,0.0,0.15830115830115832,0.4444444444444444,0.6000000000000001,0.5,0.0,0.0,0.0,0.0,1.0,0.0,0.0,0.0,0.0,0.009770786935533304,0.0,0.0008043294090493882,9.89901386388269e-06,0.007230402612069252,0.0039046649140673725,0.0,0.6541620485790479,0.4940659210184731,0.32264150943396225,0.20000000000000004,0.3946794379653664,0.1108465442696911,0.25252525252525254,0.29999999999999716,0.0,1.0,0.0,0.35000000000000003,0.00030492262979478274,0.0,0.0,0.0,0.0,0.0,0.0036592578189169325,0.0,0.0007700205338809035,0.0007951645969994388,0.0011165226973545185,0.03312156029362849,0,0
1509,0.8000000000000114,1.0,0.0,0.03474903474903475,0.0,0.6000000000000001,0.5588235294117647,0.0,0.0,0.0,0.0,0.0,0.0,0.0,0.0,0.0,0.009770786935533304,0.0,0.0008043294090493882,9.89901386388269e-06,0.0,0.0002147328864994592,0.0,0.654189163066295,0.4940982521227427,0.2788679245283019,0.24093137254901964,0.3931256778659258,0.13208847672159912,0.020202020202020204,0.5,0.0,1.0,0.0,0.75,6.076728173868641e-05,0.0,0.0,0.0,3.6014197764023864e-05,0.0,0.0036354330375410375,0.0,0.0,0.000524097966693289,0.0011051884480033714,0.03312156029362849,0,3
3876,0.0,0.0,0.0,0.03861003861003861,0.0,1.0,0.5588235294117647,0.0,0.0,0.0,0.0,0.0,0.0,0.0,0.0,0.0,0.009770786935533304,0.0,0.0008043294090493882,9.89901386388269e-06,0.000582018309356107,0.00014077303008130183,0.0,0.6539770334031088,0.49401508599525246,0.580754716981132,0.2425245098039216,0.3959955641672456,0.13290306410176078,0.020202020202020204,0.7999999999999972,0.0,1.0,0.0,0.10000000000000002,6.94163172581911e-05,0.0,0.0,0.0,6.202706029501373e-05,0.0,0.0036354330375410375,0.0,0.001855852156057495,5.144535612926266e-05,0.0011232319424637426,0.03312156029362849,0,2
8119,0.6000000000000227,1.0,0.0,0.03474903474903475,0.1111111111111111,0.6000000000000001,0.5,0.0,0.0,0.0,0.0,1.0,0.0,0.0,0.0,0.0,0.009770786935533304,1.441481031517279e-05,0.001389131798473978,9.89901386388269e-06,0.08934631752316144,0.028184273059789895,0.0,0.6534624740675017,0.49410268857598677,0.580754716981132,0.24411764705882358,0.3970862428252843,0.12995801741963783,0.020202020202020204,0.7999999999999972,0.0,1.0,0.0,0.25000000000000006,0.0008943944548521397,0.0,0.0009512648162569908,0.004147163658258947,0.0,0.0008228082088562466,0.0038364243227825626,0.0,0.0051334702258726906,0.006592705759679837,0.001354975754030898,0.03330757616968172,0,0
9878,0.4000000000000341,0.0,1.0,0.33976833976833976,0.0,0.2,0.32352941176470584,0.0,0.0,0.0,0.0,0.0,0.0,0.0,0.0,0.0,0.009770786935533304,1.837588233970551e-05,0.000809007828164785,9.89901386388269e-06,0.1867006285797741,0.12402236911702319,0.0,0.6491794502731631,0.49410453745399896,0.48226415094339625,0.18137254901960786,0.39628803665655205,0.07575662635503479,0.030303030303030304,0.7999999999999972,1.0,1.0,0.0,0.45,0.006196674138985289,0.0,0.0,0.0,0.0,0.0001839103555371328,0.005034420493324231,0.0,0.0,0.07796885240785244,0.009274516902086999,0.03312602467465377,1,4
8673,0.4000000000000341,1.0,1.0,0.06756756756756757,0.0,0.6000000000000001,0.23529411764705882,0.0,0.0,0.0,0.0,0.0,0.0,0.0,0.0,0.0,0.009770786935533304,0.0,0.0008043294090493882,9.89901386388269e-06,0.00047826721942740967,0.00013744899159059813,0.0,0.6540547876857358,0.49398196883640066,0.580754716981132,0.2450980392156863,0.39520954435223443,0.13403095432044615,0.25252525252525254,0.6499999999999986,0.0,0.0,1.0,0.10000000000000002,0.0,0.00038898160201126614,0.0,0.0,0.0,0.0,0.003647683302948796,0.015687002038323194,0.0,0.000770222169239105,0.0010915582522877713,0.03312156029362849,0,4
559,0.20000000000004547,0.0,0.0,0.10231660231660232,0.0,0.4,0.47058823529411764,0.0,0.0,0.0,0.0,0.0,0.0,0.0,0.0,0.0,0.012430854313472586,0.0,0.0008043294090493882,3.440362793797266e-05,0.0,0.002977673679972377,0.0,0.6540480814571333,0.4946254606777686,0.580754716981132,0.24056372549019608,0.3960930549970144,0.130897925935209,0.24242424242424243,0.29999999999999716,0.0,1.0,0.0,0.25000000000000006,0.0006286640401704658,0.0,0.0,0.0,0.0,0.0,0.0036354330375410375,0.0,0.0,0.0008376050971577912,0.001256897717588596,0.03312181823564329,0,2
12314,0.20000000000004547,0.0,1.0,0.10231660231660232,0.0,0.8,0.32352941176470584,0.0,0.0,0.0,0.0,0.0,0.0,0.0,0.0,0.0,0.009770786935533304,0.0,0.0008043294090493882,9.89901386388269e-06,0.005408432252345787,0.0031528505084324624,0.0,0.6527035941111956,0.49235669792734704,0.20339622641509433,0.2450980392156863,0.39068840712170516,0.13409361488815089,0.020202020202020204,0.9499999999999957,0.0,1.0,0.0,0.10000000000000002,0.0,0.0,0.00015787205407571508,0.0006882639136110123,0.0,2.529716032147631e-07,0.0036415367708582465,0.0,0.0,0.0046434870076812445,0.0010825576210823542,0.03312156029362849,1,4
5840,0.8000000000000114,1.0,0.0,0.07335907335907337,0.537037037037037,0.6000000000000001,0.5,0.0,0.0,0.0,0.0,1.0,0.0,0.0,0.005812173389586868,0.0,0.009770786935533304,1.527686180260553e-07,0.0008043294090493882,9.89901386388269e-06,0.0029635938509946368,0.001178704048803533,0.0005609780461065494,0.6540943117274666,0.49399432444990654,0.3530188679245283,0.15061274509803924,0.39483786056374076,0.07700983770912966,0.24242424242424243,0.9499999999999957,1.0,1.0,0.0,0.05,0.0009828807413209185,0.0,0.0,0.0,0.0,0.0,0.003654163194292244,0.0,0.0,0.0016096180048002023,0.0011300149945233902,0.033859423268639624,0,0
4933,0.20000000000004547,0.0,0.0,0.02316602316602317,0.0,0.6000000000000001,0.5294117647058824,0.0,0.0,0.0,0.0,1.0,0.0,0.0,0.0,0.0,0.009770786935533304,0.0,0.0008043294090493882,9.89901386388269e-06,0.003695635513383529,0.00720543513533615,0.0,0.6538523259120125,0.49370361196412527,0.2788679245283019,0.10870098039215687,0.3931256778659258,0.06447772416818097,0.04040404040404041,0.0,0.0,1.0,0.0,0.35000000000000003,0.0,0.0,1.6230779505868537e-05,0.0,0.0,1.9442674647077506e-05,0.0036354330375410375,0.0,0.0017115503080082136,0.00019652074877423957,0.0010828680663009594,0.03312156029362849,0,1
2711,0.8000000000000114,0.0,0.0,0.015444015444015444,0.0,0.6000000000000001,0.0,0.0,0.0,0.0,0.0,0.0,0.0,0.0,0.0,0.0,0.00982549172418884,0.0,0.0008043294090493882,9.89901386388269e-06,0.0,0.000356336926203437,3.492791897523139e-05,0.6540983760180781,0.49399160178973905,0.580754716981132,0.2450980392156863,0.40287476084280827,0.13334168807569396,0.24242424242424243,0.6499999999999986,0.0,0.0,0.0,0.5,0.0,0.007509447522071552,0.0,0.0,0.0,0.0,0.0036354330375410375,0.011454880502327609,0.0,0.00022900985980564862,0.0010876965477299133,0.03312156029362849,0,2
8347,0.20000000000004547,0.0,0.0,0.03861003861003861,0.0,0.6000000000000001,0.5588235294117647,0.0,0.0,0.0,0.0,0.0,0.0,0.0,0.0,0.0,0.009770786935533304,0.0,0.0008043294090493882,9.89901386388269e-06,0.004415386105885398,0.002212812423261455,0.0,0.654031763663304,0.49390588729270224,0.580754716981132,0.2450980392156863,0.40287476084280827,0.1298953568519331,0.020202020202020204,0.5,0.0,1.0,0.0,0.8,0.0,0.0,0.0,0.0,0.0,0.00018499451955091033,0.003638232627026512,0.0,0.0,0.0007623173382873685,0.0011038713731345295,0.03312156029362849,0,2
6929,0.6000000000000227,0.0,0.0,0.03861003861003861,0.0,0.2,1.0,0.0,0.0,0.0,0.0,1.0,0.0,0.0,0.0,0.0,0.009770786935533304,0.0,0.0008043294090493882,9.89901386388269e-06,0.0,0.0,0.0,0.6541603820442982,0.4940890547018691,0.4733962264150944,0.21421568627450985,0.3988349845842626,0.11498214173820416,0.020202020202020204,0.6000000000000014,0.0,1.0,0.0,0.35000000000000003,0.0001736120764052539,0.0,0.0,0.0,0.0002605355653976277,0.0,0.0037917977669660696,0.0,0.0,0.000512176765322709,0.001173621717100285,0.03312156029362849,0,1
3163,0.6000000000000227,1.0,0.0,0.10424710424710425,0.2962962962962963,0.6000000000000001,0.5,0.0,0.0,0.0,0.0,1.0,0.0,0.0,0.0,0.0,0.009770786935533304,0.0,0.0008043294090493882,9.89901386388269e-06,0.0004009057795502625,0.0008066610407315211,0.0,0.654110536751966,0.49400613312469327,0.3971698113207547,0.18578431372549023,0.3969460997574916,0.10389122125446458,0.24242424242424243,0.5499999999999972,0.0,1.0,1.0,0.55,0.0,0.0,0.0,0.0,0.0,0.0,0.003640525306269946,0.0,0.0,0.0002733434262760674,0.001088498758398587,0.03312156029362849,0,0
4201,0.6000000000000227,0.0,0.0,0.06756756756756757,0.0,0.0,0.4411764705882353,0.0,0.0,0.0,0.0,0.0,0.0,0.0,0.0,0.0,0.009770786935533304,0.0,0.0008043294090493882,9.89901386388269e-06,0.00436875234072581,0.0,0.0,0.6541029415943905,0.49399723459864836,0.580754716981132,0.2450980392156863,0.40287476084280827,0.1342189360235604,0.04040404040404041,0.6000000000000014,0.0,1.0,0.0,0.05,0.00012617815868564694,0.0,0.0,0.0,0.00015596761439308902,0.0,0.0036548868469460627,0.0,0.0,0.00045745691611311535,0.0010838216084804748,0.03312156029362849,0,2
100,0.20000000000004547,0.0,1.0,0.04247104247104247,0.0,0.2,0.23529411764705882,0.0,0.0,0.0,0.0,0.0,0.0,0.0,0.0,0.0,0.009770786935533304,0.0,0.0008043294090493882,9.89901386388269e-06,0.0,0.0,0.0,0.6541025330780195,0.49399675597874726,0.20339622641509433,0.23272058823529412,0.39068840712170516,0.12789021868538128,0.020202020202020204,0.5,0.0,1.0,0.0,0.35000000000000003,0.0,0.0,0.0,0.0,0.0,0.0,0.0036354330375410375,0.0,0.0,7.0862076816537835e-06,0.0010825576210823542,0.03312156029362849,0,4
10688,0.4000000000000341,0.0,0.0,0.06756756756756757,0.0,0.6000000000000001,0.029411764705882346,0.0,0.001446,0.0,0.0,0.0,0.0,0.0,0.0,0.0,0.009770786935533304,0.0,0.0008262867894309834,9.89901386388269e-06,0.00017279798252932865,0.000257197478218199,6.524517865858913e-07,0.6538309690869685,0.49367913674757574,0.580754716981132,0.2450980392156863,0.40108946002266666,0.1342189360235604,0.020202020202020204,0.5,0.0,0.0,0.0,0.75,4.2695278164964685e-05,0.0,0.0,0.0,0.0,1.3732744174515712e-06,0.0036354330375410375,0.0,0.004290041067761807,0.0,0.0010831151634452586,0.03312156029362849,1,2
3670,0.6000000000000227,0.0,0.0,0.02316602316602317,0.0,0.2,0.5294117647058824,0.0,0.0,0.0,0.0,1.0,0.0,0.0,0.0,0.0,0.012219815729891682,1.5265949758460812e-05,0.0008550122827995193,0.0004888270700983788,0.1482162042573374,0.03559837471137997,0.0,0.6515917331492714,0.4951864827777797,0.58,0.24411764705882358,0.39086510925066115,0.0256908327589448,0.030303030303030304,0.7999999999999972,1.0,1.0,0.0,0.10000000000000002,0.01619978609455184,0.0,0.0,0.0,0.007468931415554087,0.0,0.006514202609590888,0.0,0.0,0.014857116982800215,0.004394565608872824,0.03308771036461017,0,1
11547,0.4000000000000341,0.0,1.0,0.06756756756756757,0.0,0.6000000000000001,0.23529411764705882,0.0,0.0,0.0,0.0,0.0,0.0,0.0,0.0,0.0,0.013611093198072795,0.0,0.0008043294090493882,9.89901386388269e-06,0.0017258108129602826,0.001214188159691795,0.0,0.6529565313460572,0.49264730055957434,0.580754716981132,0.2450980392156863,0.40287476084280827,0.1336549909142177,0.020202020202020204,0.6000000000000014,0.0,1.0,0.0,0.75,0.0,0.0,0.0,0.0,0.0,0.0,0.0036354330375410375,0.0,0.0,0.00517226647620032,0.0010975661578795047,0.03312156029362849,1,4
7468,0.20000000000004547,1.0,1.0,0.08687258687258688,0.0,0.4,0.2941176470588235,0.0,0.0,0.0,0.0,0.0,0.0,0.0,0.0,0.0,0.013703256093733457,1.999086487312381e-05,0.0008043294090493882,9.89901386388269e-06,0.0,0.09354650392174216,0.0,0.6281297377648861,0.46348925253499945,0.580754716981132,0.2450980392156863,0.40288085401966883,0.13415627545585562,0.030303030303030304,0.14999999999999858,0.0,1.0,0.0,0.65,0.0,0.0,0.0041065888395748745,0.0,0.0,0.0030323344689349063,0.004610691434192722,0.0,0.0,0.13970857523224597,0.013958152760868139,0.03312411987208298,0,4
1956,0.20000000000004547,1.0,0.0,0.10231660231660232,0.2962962962962963,0.6000000000000001,0.5,0.0,0.0,0.0,0.0,1.0,0.0,0.0,0.0,0.0,0.009770786935533304,0.0,0.0008043294090493882,9.89901386388269e-06,0.0,8.74222123055074e-05,0.0,0.6541044636740407,0.49399906329155524,0.3920754716981132,0.21053921568627454,0.3967815839822567,0.11717526160787019,0.24242424242424243,0.75,0.0,0.0,0.0,0.55,0.0,0.00033557547935674637,0.0,0.0,0.0,0.0,0.0036354330375410375,0.0019430145356518105,0.0,2.9726257494879768e-05,0.0010838583880353535,0.03312156029362849,0,0
3187,0.4000000000000341,0.0,0.0,0.10424710424710425,0.0,0.6000000000000001,0.5294117647058824,0.0,0.0,0.0,0.0,1.0,0.0,0.0,0.0,0.0,0.009770786935533304,0.0,0.0008043294090493882,9.89901386388269e-06,0.00031920631500710714,0.00031827668548487957,0.0,0.6541053145013246,0.4939964609656695,0.3920754716981132,0.18627450980392157,0.3967815839822567,0.08647158343254592,0.25252525252525254,0.0,0.0,0.0,1.0,0.55,0.0,0.0016288867409628535,0.0,0.0,0.0,0.0,0.003635550439680751,0.004531563733186112,0.0,0.00011458167583439457,0.0010850495102775824,0.03312156029362849,0,1
4817,0.6000000000000227,1.0,1.0,0.10231660231660232,0.0,0.6000000000000001,0.23529411764705882,0.0,0.0,0.0,0.0,0.0,0.0,0.0,0.0,0.0,0.009770786935533304,0.0,0.0008043294090493882,9.89901386388269e-06,0.001670862500524178,0.00044060130194277584,0.0,0.6540945221150543,0.4940788297814997,0.580754716981132,0.22916666666666669,0.39177299260288334,0.05940221818409676,0.24242424242424243,0.5,1.0,1.0,1.0,0.25000000000000006,0.0,0.0,0.0,0.0,0.0,0.0,0.0037014958890615964,0.0,0.0,0.00013647984830910805,0.001099794939423391,0.03312156029362849,0,4
6748,0.0,0.0,0.0,0.0,0.0,0.0,0.4411764705882353,0.3333333333333333,0.0,0.0,0.0,0.0,0.0,0.0,0.0,0.0,0.009770786935533304,0.0,0.0008043294090493882,9.89901386388269e-06,0.000612022979962664,0.003692425056435941,0.0,0.6540730301118438,0.4940220339414083,0.580754716981132,0.2450980392156863,0.3916998744805567,0.11429287549345199,0.020202020202020204,0.6000000000000014,1.0,1.0,0.0,0.2,3.26952551506551e-05,0.0,0.0,0.0,0.0,0.0,0.0036354330375410375,0.0,0.0,0.0015634169539949071,0.0010921480635054275,0.03312156029362849,0,2
6786,0.6000000000000227,0.0,0.0,0.02316602316602317,0.0,0.6000000000000001,0.5294117647058824,0.0,0.0,0.0,0.0,1.0,0.0,0.0,0.0,0.0,0.00993863356768604,1.527686180260553e-06,0.0008043294090493882,9.89901386388269e-06,0.0,0.0,1.0874196443098189e-05,0.6541015046637325,0.4940225024687568,0.48603773584905663,0.2382352941176471,0.3921812354525403,0.052384234601165494,0.24242424242424243,0.29999999999999716,1.0,0.0,1.0,0.10000000000000002,0.0,0.01730652738462017,0.0,0.0,0.0,0.0,0.0036424045258039548,0.015384856597154937,0.0,7.986693278744806e-05,0.0010902892089400581,0.03312156029362849,0,1
6041,0.0,0.0,0.0,0.02316602316602317,0.0,0.6000000000000001,0.47058823529411764,0.0,0.0,0.0,0.0,0.0,0.0,0.0,0.0,0.0,0.012518306728019304,0.0,0.0008043294090493882,9.89901386388269e-06,0.005314441717915608,0.012840262083814799,0.0,0.6540018475422906,0.49387510617161606,0.20339622641509433,0.2450980392156863,0.39068840712170516,0.13045930196127578,0.020202020202020204,0.0,0.0,1.0,0.0,0.85,0.0,0.0,8.76058844136631e-05,0.0,0.0,3.2524920413326687e-05,0.00364239313897435,0.0,0.0009527720739219714,0.004196186136512593,0.0010825576210823542,0.03312156029362849,0,2
6352,0.20000000000004547,1.0,0.0,0.10424710424710425,0.2962962962962963,0.6000000000000001,0.5,0.0,0.0,0.0,0.0,1.0,0.0,0.0,0.0,0.0,0.009770786935533304,0.0,0.0008043294090493882,9.89901386388269e-06,0.0,0.0,0.0,0.6541005126945395,0.4939943888869735,0.580754716981132,0.2450980392156863,0.40287476084280827,0.1342189360235604,0.24242424242424243,0.0,0.0,0.0,0.0,0.5,0.0,0.005429552383101041,0.0,0.0,0.0,0.0,0.0036354330375410375,0.005454528462726166,0.0,2.3561000992069078e-05,0.0010841406289861337,0.03312156029362849,0,0
3868,0.4000000000000341,1.0,0.0,0.03861003861003861,0.537037037037037,0.6000000000000001,0.5,0.0,0.0,0.0,0.0,1.0,0.0,0.0,0.0,0.0,0.01393838886345948,0.0,0.0008043294090493882,9.89901386388269e-06,0.007230402612069252,0.0021650293699575895,0.0,0.6540169861716718,0.49397706307945793,0.580754716981132,0.22781862745098042,0.39759806968157063,0.1251331537063726,0.020202020202020204,0.5,0.0,1.0,0.0,0.25000000000000006,0.0,0.0,8.064983605400515e-07,3.5160353185747753e-06,0.0,3.975268050517706e-07,0.0037474138684149374,0.0,0.0,0.0012980551046021466,0.0011095604564931372,0.03316000357467949,0,0
4646,0.6000000000000227,1.0,0.0,0.20463320463320464,0.0,0.6000000000000001,0.38235294117647056,0.0,0.0,0.0,0.0,0.0,0.0,0.0,0.0,0.0,0.009770786935533304,0.0,0.0020010222345767143,9.89901386388269e-06,0.0,0.005648704809177338,0.0,0.6541866115784007,0.49381890579213156,0.5616981132075471,0.2450980392156863,0.40216795232698427,0.1198070054514694,0.020202020202020204,0.8999999999999986,0.0,1.0,0.0,0.4,0.0,0.0,0.00012551130735904552,0.0,0.0,6.443548121884609e-05,0.0037284237778293155,0.0,0.0,0.0020160900403734766,0.0014475226311871574,0.03325495599866378,0,3
9986,0.0,0.0,0.0,0.03861003861003861,0.0,1.0,0.5588235294117647,0.0,0.0,0.0,0.0,0.0,0.0,0.0,0.0,0.0,0.009770786935533304,0.0,0.0008043294090493882,9.89901386388269e-06,0.0027842888314662958,0.0007596258960880638,1.3288268053465987e-05,0.6540119839168702,0.49388790003481237,0.5179245283018868,0.21053921568627454,0.4008457329482446,0.11623535309229903,0.020202020202020204,0.14999999999999858,0.0,1.0,0.0,0.35000000000000003,5.35642780603548e-05,0.0,0.0,0.0,0.00011337976905805689,0.0,0.003661543430473026,0.0,0.0,0.001532386015663333,0.001199414296969401,0.03312156029362849,1,2
1275,0.8000000000000114,1.0,0.0,0.03861003861003861,0.0,0.6000000000000001,0.1764705882352941,0.0,0.0,0.0,0.0,0.0,0.0,0.0,0.0,0.0,0.013195803337563988,0.0,0.0008043294090493882,9.89901386388269e-06,0.0,0.0,0.0,0.6541241423681687,0.49399455502591727,0.48226415094339625,0.22144607843137257,0.3998037997050903,0.12055893226392633,0.25252525252525254,0.6999999999999957,0.0,1.0,0.0,0.35000000000000003,0.0006024046450453135,0.0,0.0,0.0,0.0,0.0,0.0037537331661960348,0.0,0.0,0.00204098130417943,0.0012409469401463132,0.033291043078618104,0,3
7897,0.4000000000000341,1.0,0.0,0.06756756756756757,0.2962962962962963,0.2,0.5,0.0,0.0,0.0,0.0,1.0,0.0,0.0,0.0,0.0,0.009814686211601585,0.0,0.0008043294090493882,9.89901386388269e-06,0.0005317695236415114,0.00033597719044787676,0.0,0.6541023922674293,0.4939965910043288,0.3920754716981132,0.1920343137254902,0.3967815839822567,0.1070869102074065,0.25252525252525254,0.5,0.0,0.0,1.0,0.55,0.0,0.00045605464581753314,0.0,0.0,0.0,0.0,0.0036356089444259596,0.0024547772384076595,0.0,0.00011481191362910534,0.0010839120207555403,0.03312156029362849,0,0
11512,0.6000000000000227,1.0,1.0,0.10231660231660232,0.0,0.6000000000000001,0.23529411764705882,0.0,0.0,0.0,0.0,0.0,0.0,0.0,0.0,0.0,0.009770786935533304,0.0,0.0014429959972225787,9.89901386388269e-06,0.0011734356721552319,0.0034393826263311215,0.0,0.6540933820462523,0.4939995283253278,0.580754716981132,0.24497549019607845,0.4008579193019657,0.11755122501409865,0.24242424242424243,0.6000000000000014,0.0,1.0,1.0,0.4,0.0002732253402809936,0.0,0.0,0.0,0.0,0.0,0.0036354330375410375,0.0,0.0,0.0011297256946913817,0.0011426262676917053,0.03312156029362849,1,4
7097,0.6000000000000227,1.0,0.0,0.06756756756756757,0.0,0.6000000000000001,0.029411764705882346,0.0,0.0,0.0,0.0,0.0,0.0,0.0,0.0,0.0,0.009770786935533304,0.0,0.0008043294090493882,9.89901386388269e-06,5.784032888011001e-05,0.0005345053893051555,0.0,0.6541007469370979,0.494003494698523,0.580754716981132,0.24460784313725495,0.39414933157849846,0.06880130333980827,0.25252525252525254,0.6499999999999986,0.0,0.0,0.0,0.4,0.0,0.015818935582333844,0.0,0.0,0.0,0.0,0.0036354330375410375,0.011209580420233952,0.0,0.00020219994771043863,0.0010866409447640162,0.03312156029362849,0,3
4628,0.4000000000000341,1.0,0.0,0.03861003861003861,0.537037037037037,0.8,0.5,0.0,0.0,0.0,0.0,1.0,0.0,0.0,0.0,0.0,0.009770786935533304,0.0,0.0008043294090493882,9.89901386388269e-06,0.0,4.429281288862684e-05,0.0,0.6526081122722421,0.4933209310922342,0.20339622641509433,0.05049019607843138,0.39068840712170516,0.03471395450842785,0.020202020202020204,0.7999999999999972,0.0,1.0,0.0,0.45,0.00014183332030886343,0.0,0.00016240860735375286,0.0,5.3950864707775e-05,0.0,0.0036354330375410375,0.0,0.0,0.00018094132466547728,0.001219835971327303,0.03312156029362849,0,0
2160,0.20000000000004547,0.0,0.0,0.10231660231660232,0.0,0.8,0.5588235294117647,0.0,0.0,0.0,0.0,0.0,0.0,0.0,0.0,0.0,0.009770786935533304,0.0,0.0008043294090493882,9.89901386388269e-06,0.006720684713813283,0.005704382453896625,0.0,0.6539162489501734,0.49376465909793693,0.580754716981132,0.2450980392156863,0.40287476084280827,0.13083526536750426,0.020202020202020204,0.7999999999999972,0.0,1.0,0.0,0.10000000000000002,4.6632829657360855e-05,0.0,0.0007881505228377653,0.006999107806037912,4.3667801721697775e-06,0.0,0.003655363915841554,0.0,0.0,0.002154437373017461,0.0011247215144363277,0.03312156029362849,0,2
6440,0.8000000000000114,0.0,0.0,0.10424710424710425,0.0,0.6000000000000001,0.029411764705882346,0.0,0.0,0.0,0.0,0.0,0.0,0.0,0.0,0.0,0.009770786935533304,0.0,0.0008043294090493882,9.89901386388269e-06,0.0004627226310408801,0.00047508820128382677,0.0,0.6541180229055785,0.4940148759925221,0.2790566037735849,0.09534313725490198,0.39313177104278635,0.05758506172065919,0.25252525252525254,0.6499999999999986,0.0,0.0,0.0,0.05,0.0,0.00012615619524689712,0.0,0.0,0.0,0.0,0.0036423114679206363,0.006753707518424345,0.0,0.00012358653180530478,0.0010877682728187398,0.03312156029362849,0,2
10517,0.8000000000000114,0.0,0.0,0.08687258687258688,0.0,0.6000000000000001,0.0,0.0,0.0,0.0,0.0,0.0,0.0,0.0,0.0,0.0,0.009988116193573083,0.0,0.0008043294090493882,9.89901386388269e-06,0.0,8.659120268283147e-05,0.0,0.6540869044277845,0.4941417028909925,0.580754716981132,0.24497549019607845,0.3912246066854337,0.11686195876934648,0.020202020202020204,0.19999999999999574,0.0,1.0,0.0,0.45,0.0,0.0,0.0006827008621971536,0.002976323897173547,6.939893649964442e-05,0.0,0.003773838773433583,0.0,0.0,0.00028227153631540735,0.0011051439358197041,0.03312156029362849,1,2
6578,0.20000000000004547,1.0,0.0,0.19111969111969113,0.5,0.4,0.5,0.0,0.0,0.0,0.0,1.0,0.0,0.0,0.0,0.0,0.009770786935533304,0.0,0.000895340255574239,0.0015583254350404038,0.03682296087535554,0.013797335866250662,0.0,0.6525110599810593,0.49528228672207525,0.580754716981132,0.24485294117647063,0.3973787153145908,0.1070869102074065,0.030303030303030304,0.0,1.0,1.0,0.0,0.25000000000000006,0.00033510599864856443,0.0,0.006866325417047864,0.029934645693515994,0.0003510953864591844,0.0,0.004101665990391077,0.0,0.0,0.003267253380786196,0.0028176072479169237,0.0333383456757926,0,0
3178,0.4000000000000341,1.0,0.0,0.10424710424710425,0.2962962962962963,0.6000000000000001,0.5,0.0,0.0,0.0,0.0,1.0,0.0,0.0,0.0,0.0,0.009770786935533304,0.0,0.0008043294090493882,9.89901386388269e-06,0.0,0.0,4.38665084514581e-05,0.6541110678563802,0.4940065127599433,0.2739622641509434,0.24448529411764708,0.39296725526755144,0.13146187104455168,0.24242424242424243,0.44999999999999574,0.0,0.0,0.0,0.35000000000000003,0.0,0.0,0.0,0.0,0.0,0.0,0.003639070147976374,0.004198524075129484,0.0,0.00015927338998547456,0.0010853498435970026,0.03312156029362849,0,0
1701,0.20000000000004547,0.0,0.0,0.20463320463320464,0.0,0.0,0.4411764705882353,0.4444444444444444,0.0,0.0,0.0,0.0,0.0,0.0,0.0,0.0,0.014806983521518057,6.549408895659885e-05,0.0016525579841315822,4.47479962088194e-05,0.023710919820290097,0.005619785674308216,0.0025489333946551018,0.6538824494387422,0.49475289118852306,0.580754716981132,0.24325980392156868,0.39700093834923655,0.13127388934143747,0.020202020202020204,0.44999999999999574,0.0,1.0,0.0,0.2,0.0024263803295514713,0.0,0.0,0.0,0.0,0.004090478546381801,0.004170900662930382,0.0,0.0,0.0022157573723420964,0.0013950895589613865,0.03409506322000049,0,2
7964,0.4000000000000341,0.0,0.0,0.03861003861003861,0.0,0.4,0.5588235294117647,0.0,0.0,0.0,0.0,0.0,0.0,0.0,0.0,0.0,0.009770786935533304,0.0,0.0008084932020620913,9.89901386388269e-06,0.0013776843335131202,0.00033755610873096106,0.0,0.6540697281863336,0.49395842524009664,0.3920754716981132,0.20575980392156865,0.39676330445167507,0.11410489379033775,0.020202020202020204,0.3999999999999986,0.0,1.0,0.0,0.55,0.0,0.0,9.073106556075579e-07,3.955539733396622e-06,0.0,0.0,0.003637107686791465,0.0,0.0,0.0006895621951587644,0.0010872196031516891,0.03312156029362849,0,2
3355,0.4000000000000341,1.0,1.0,0.10424710424710425,0.0,0.6000000000000001,0.23529411764705882,0.0,0.0,0.0,0.0,0.0,0.0,0.0,0.0,0.0,0.009770786935533304,0.0,0.0008043294090493882,9.89901386388269e-06,0.000583102815522609,0.0002538734397274953,0.0,0.6541102514862761,0.49400579890593016,0.35471698113207545,0.1405637254901961,0.3955751349638675,0.08076947177141426,0.020202020202020204,0.3999999999999986,0.0,1.0,0.0,0.75,3.517998591999475e-05,0.0,1.3105598358775836e-06,5.71355739268401e-06,3.177262992653996e-06,0.0,0.0036354330375410375,0.0,0.0,6.789456746248787e-05,0.0010880885325277303,0.03312156029362849,0,4
2796,0.20000000000004547,0.0,0.0,0.03861003861003861,0.0,0.6000000000000001,0.5588235294117647,0.0,0.0,0.0,0.0,0.0,0.0,0.0,0.0,0.0,0.009770786935533304,0.0,0.0008043294090493882,9.89901386388269e-06,0.024881101973945823,0.005719506829029327,0.0,0.6541179056186399,0.49400851962522213,0.5684905660377358,0.24325980392156868,0.40247870434687244,0.13258976126323704,0.24242424242424243,0.8999999999999986,0.0,1.0,0.0,0.25000000000000006,0.0,0.0,0.0,0.0,0.0,0.0,0.0036354330375410375,0.0,0.0,7.912505544893556e-05,0.001254476512551396,0.03312156029362849,0,2
12447,0.6000000000000227,1.0,0.0,0.04247104247104247,0.0,0.6000000000000001,0.38235294117647056,0.0,0.0,0.0,0.0,0.0,0.0,0.0,0.0,0.0,0.009770786935533304,0.0,0.0008043294090493882,9.89901386388269e-06,0.0,0.0,0.0,0.6518441793693219,0.49134835487288636,0.580188679245283,0.24485294117647063,0.4028564813122266,0.1339682937527414,0.020202020202020204,0.9499999999999957,0.0,1.0,0.0,0.25000000000000006,3.897497089283864e-05,0.0,0.0,0.0,9.143630740435785e-05,0.0,0.003655692563302892,0.0,0.010266940451745381,0.024616231969182927,0.001092613409140469,0.03312156029362849,1,3
5954,0.20000000000004547,0.0,0.0,0.05067567567567568,0.0,0.0,0.4411764705882353,0.3333333333333333,0.0,0.0,0.0,0.0,0.0,0.0,0.0,0.0,0.009770786935533304,0.0,0.0008043294090493882,9.89901386388269e-06,0.0044237006531619135,0.0010169064752685304,9.982512334764137e-05,0.6541327781988353,0.49402765859864045,0.4745283018867924,0.2450980392156863,0.39944430227031774,0.13146187104455168,0.020202020202020204,0.44999999999999574,0.0,1.0,0.0,0.35000000000000003,0.0,0.0,0.0,0.0,0.0,7.838505819611731e-05,0.0036354330375410375,0.0,0.0,0.00027812725601061345,0.0011169213738503258,0.03312156029362849,0,2
87,0.20000000000004547,0.0,1.0,0.06756756756756757,0.0,0.4,0.2941176470588235,0.0,0.000169192,0.0,0.0,0.0,0.0,0.0,0.0,0.0,0.009770786935533304,0.0,0.0008043294090493882,9.89901386388269e-06,0.0,1.0221418358913887e-05,0.0,0.6541022842574237,0.49399646445924544,0.580566037735849,0.23848039215686279,0.4028686676659477,0.13083526536750426,0.04040404040404041,1.0,0.0,1.0,0.0,0.9,0.0,0.0,0.0,0.0,0.0,0.0,0.0036354330375410375,0.0,1.0703285420944558e-05,0.0,0.0010826718756295176,0.03312156029362849,0,4
3261,0.0,0.0,0.0,0.02316602316602317,0.0,1.0,0.5588235294117647,0.0,0.0,0.0,0.0,0.0,0.0,0.0,0.0,0.0,0.01009013648581404,0.0001010127926476567,0.0008043294090493882,9.89901386388269e-06,0.009301086385977191,0.0021381046581828893,0.0,0.6540406184958533,0.4939161071667953,0.580754716981132,0.2450980392156863,0.39864609610158547,0.09524406291120999,0.020202020202020204,0.3999999999999986,1.0,1.0,0.0,0.10000000000000002,0.0,0.0,0.0,0.0,4.1163555027980345e-06,0.0,0.0036556450527379914,0.0,0.0,0.000842593582709858,0.001152228606466761,0.033122626784651193,0,2
11309,0.6000000000000227,0.0,1.0,0.03474903474903475,0.0,0.6000000000000001,0.23529411764705882,0.0,0.0,0.0,0.0,0.0,0.0,0.0,0.0,0.0,0.009770786935533304,0.0,0.0008043294090493882,9.89901386388269e-06,0.005353845441965183,0.0015194179941006626,0.0,0.6540781738398737,0.4939682165688768,0.20339622641509433,0.2450980392156863,0.39068840712170516,0.1342189360235604,0.020202020202020204,0.44999999999999574,0.0,1.0,0.0,0.75,0.0,0.0,0.0,0.0,0.0,4.770321660621247e-05,0.0036354330375410375,0.0,0.0,0.0004794829984737793,0.0010825576210823542,0.03312156029362849,1,4
2336,0.8000000000000114,0.0,0.0,0.03861003861003861,0.0,0.6000000000000001,0.0,0.0,0.0,0.0,0.0,0.0,0.0,0.0,0.0,0.0,0.009879850375254533,0.0,0.0008043294090493882,9.89901386388269e-06,0.0029209366084455555,0.000671455775122148,0.0,0.6540576486256094,0.49394360743191695,0.2788679245283019,0.10441176470588236,0.3931256778659258,0.06209662259540072,0.020202020202020204,0.29999999999999716,0.0,1.0,0.0,0.35000000000000003,2.3306231505855264e-05,0.0,0.0,0.0,2.8798836977750505e-05,0.0,0.0036354330375410375,0.0,0.0,0.0007755176385174529,0.001103778829429734,0.03312156029362849,0,2
3135,0.4000000000000341,1.0,0.0,0.20463320463320464,0.6666666666666666,0.2,0.5,0.0,0.0,0.0,0.0,1.0,0.0,0.0,0.0,0.0,0.018265770912749023,0.0,0.0009009855479734844,9.89901386388269e-06,0.1867006285797741,0.04291807366983406,0.0,0.6523537013303096,0.49505654387951425,0.580754716981132,0.24350490196078436,0.3944235245372233,0.13246444012782757,0.020202020202020204,0.14999999999999858,0.0,1.0,0.0,0.25000000000000006,0.0014361064958594847,0.0,0.0,0.0,0.00035904636971173726,0.0,0.004498007368428431,0.0,0.002848947638603696,0.013211991193660172,0.0016957436833399462,0.03316181412920641,0,0
555,0.6000000000000227,0.0,0.0,0.06756756756756757,0.0,0.6000000000000001,0.0,0.0,0.0,0.0,0.0,0.0,0.0,0.0,0.0,0.0,0.009770786935533304,0.0,0.0008043294090493882,9.89901386388269e-06,0.0,0.0004667781050570675,0.0,0.6541042655452574,0.4939987803119057,0.2977358490566038,0.24522058823529416,0.39373499555198094,0.13378031204962718,0.24242424242424243,0.3999999999999986,0.0,0.0,0.0,0.35000000000000003,0.0,0.0,0.0,0.0,0.0,0.0,0.003647608699582423,0.012893933124987884,0.0,0.00015441281431935824,0.00108286990032189,0.03312156029362849,0,2
3949,0.6000000000000227,0.0,0.0,0.20463320463320464,0.0,0.6000000000000001,0.5294117647058824,0.0,0.0,0.0,0.0,1.0,0.0,0.0,0.0,0.0,0.010544133558543492,4.3648176578872944e-07,0.0008043294090493882,2.2348693876741285e-05,0.017348122141422496,0.004001893039920455,0.0006297899611984747,0.6540054794615605,0.4946873159921432,0.580754716981132,0.2442401960784314,0.3972385722467981,0.10696158907199702,0.020202020202020204,0.14999999999999858,1.0,1.0,0.0,0.10000000000000002,2.377466435581274e-05,0.0,0.0,0.0,0.00030443814024686146,0.0,0.004029095762076301,0.0,0.0,0.0009842665723885534,0.0014579492880183208,0.03322027271852074,0,1
1377,0.6000000000000227,0.0,0.0,0.06756756756756757,0.0,0.0,0.4411764705882353,0.0,0.0,0.0,0.0,0.0,0.0,0.0,0.0,0.0,0.009770786935533304,0.0,0.0008043294090493882,9.89901386388269e-06,0.0029140680693910425,0.0011767927266713785,0.0,0.654088549095478,0.4939803722722049,0.20339622641509433,0.2450980392156863,0.39068840712170516,0.1342189360235604,0.04040404040404041,0.5,0.0,1.0,0.0,0.35000000000000003,5.390372215452688e-06,0.0,0.0,0.0,0.0,0.0,0.0036361610093371202,0.0,0.0,0.000386441347433437,0.0010825576210823542,0.03312156029362849,0,2
2473,0.4000000000000341,0.0,1.0,0.10231660231660232,0.0,0.6000000000000001,0.23529411764705882,0.0,0.0,0.0,0.0,0.0,0.0,0.0,0.0,0.0,0.009770786935533304,0.0,0.0008043294090493882,9.89901386388269e-06,0.0001427933119227716,0.001792238453225169,0.0,0.6540989601335381,0.4939925598058915,0.2869811320754717,0.0564950980392157,0.3933876844709295,0.03778432232596028,0.24242424242424243,0.9499999999999957,0.0,0.0,1.0,0.45,0.0,0.012221801935193982,0.0,0.0,0.0,0.0,0.003637913010498998,0.046961681207673474,0.0,0.0005810434479184202,0.0011095820186311051,0.03312156029362849,0,4
6909,1.0,0.0,0.0,0.06756756756756757,0.0,0.6000000000000001,0.029411764705882346,0.0,0.0,0.0,0.0,0.0,0.0,0.0,0.0,0.0,0.009770786935533304,0.0,0.0008043294090493882,9.89901386388269e-06,0.000569365737413583,0.00297135800684004,0.0,0.6540675401554215,0.49395195280844106,0.580754716981132,0.24473039215686276,0.40287476084280827,0.1253211354094868,0.020202020202020204,0.3500000000000014,0.0,1.0,0.0,0.75,7.827580811608249e-06,0.0,2.006164671843378e-05,0.0,0.0,8.239646504709427e-06,0.0036354330375410375,0.0,0.0,0.0014282929504768737,0.0010838959606803643,0.03312156029362849,0,2
5029,0.0,0.0,0.0,0.06756756756756757,0.0,0.6000000000000001,0.5294117647058824,0.0,0.0,0.0,0.0,1.0,0.0,0.0,0.0,0.0,0.009770786935533304,0.0,0.0008043294090493882,9.89901386388269e-06,0.0,0.0,0.0,0.6540816589848106,0.49397226329431815,0.20339622641509433,0.24436274509803926,0.39068840712170516,0.1336549909142177,0.020202020202020204,0.3999999999999986,0.0,1.0,0.0,0.6,0.0,0.0,0.0,0.0,0.0,4.336656055110225e-07,0.0036354330375410375,0.0,0.0002651180698151951,7.152720822348007e-05,0.0010825576210823542,0.03312156029362849,0,1
1107,0.20000000000004547,1.0,0.0,0.0694980694980695,0.3333333333333333,0.4,0.5,0.0,0.0,0.0,0.0,1.0,0.0,0.0,0.0,0.0,0.012537539938446203,2.0187281667728737e-06,0.0012307049324962603,2.626578831981143e-05,0.00010013606937369046,2.3018966548123143e-05,0.001282567973677659,0.6536991789888451,0.4952705463661065,0.580754716981132,0.23406862745098045,0.3938324863817498,0.09994360548906574,0.030303030303030304,0.0,1.0,1.0,0.0,0.10000000000000002,0.0008611764557964597,0.0,0.00016392079177976547,0.0007141946740855012,0.0006243556553692638,0.0,0.00453101386095837,0.0,0.0,0.0017687634848997265,0.0014726537243179235,0.03360625814154286,0,0
2560,0.6000000000000227,1.0,0.0,0.37451737451737455,0.0,0.4,0.029411764705882346,0.0,0.0,0.0,0.0,0.0,0.0,0.0,0.0,0.0,0.021665398875037784,2.095112475785901e-06,0.0008429887456729497,0.00022756598026756083,0.0,0.0,0.0,0.6525596068340904,0.4949037996939893,0.580754716981132,0.24497549019607845,0.3910479045564777,0.026192117300582744,0.030303030303030304,0.29999999999999716,1.0,1.0,0.0,0.10000000000000002,0.0010302060369303905,0.0,4.5970406550782936e-05,0.0,0.0013872274559847734,0.0,0.004037897781360436,0.0,0.0,0.0,0.0033710510201545463,0.03332962525152323,0,3
9476,0.0,0.0,0.0,0.03474903474903475,0.0,0.6000000000000001,0.0,0.0,0.0,0.0,0.0,0.0,0.0,0.0,0.0,0.0,0.009770786935533304,0.0,0.0008043294090493882,9.89901386388269e-06,0.0,1.3296153962814812e-05,0.0,0.6540603690862119,0.4939473564270549,0.20339622641509433,0.2450980392156863,0.39068840712170516,0.1342189360235604,0.020202020202020204,0.3999999999999986,0.0,1.0,0.0,0.8,8.744079865872875e-06,0.0,0.0,0.0,1.536981408269076e-05,0.0,0.0036354330375410375,0.0,0.0,0.0006696594169048776,0.0010825576210823542,0.03312156029362849,1,2
1711,0.0,1.0,1.0,0.15830115830115832,0.0,0.6000000000000001,0.6176470588235294,0.0,0.0,0.0,0.0,0.0,0.0,0.0,0.0,0.0,0.009770786935533304,0.0,0.0008043294090493882,9.89901386388269e-06,4.2657242549081136e-05,9.805913547575924e-06,0.0,0.6539275492485255,0.49379166366345295,0.3969811320754717,0.19583333333333336,0.39694000658063106,0.10902938780625354,0.020202020202020204,0.44999999999999574,0.0,1.0,0.0,0.45,2.5322529425237443e-06,0.0,0.0,0.0,2.159912773331288e-06,0.0,0.0036354330375410375,0.0,0.00265120636550308,0.00012361211378249487,0.00110479031675703,0.03312156029362849,0,4
1538,0.6000000000000227,1.0,0.0,0.15830115830115832,0.4444444444444444,0.6000000000000001,0.5,0.0,0.0,0.0,0.0,1.0,0.0,0.0,0.0,0.0,0.009770786935533304,0.0,0.0008043294090493882,9.89901386388269e-06,0.007184853353076165,0.0016516316250684024,4.093047541182159e-05,0.6540947964472159,0.4939876540489488,0.290188679245283,0.06776960784313726,0.3934851753006983,0.04354909455479668,0.020202020202020204,0.5499999999999972,0.0,1.0,0.0,0.45,0.0,0.0,0.0,0.0,0.0,0.00022630116847583524,0.0036451589606203085,0.0,0.0,0.0006021997430546212,0.0011942555926366715,0.03312156029362849,0,0
11370,1.0,0.0,0.0,0.02316602316602317,0.0,0.6000000000000001,0.029411764705882346,0.0,0.0,0.0,0.0,0.0,0.0,0.0,0.0,0.0,0.009770786935533304,0.0,0.0008043294090493882,9.89901386388269e-06,0.017875553640397997,0.004371609221048975,0.0,0.6540431050452165,0.4939250021992643,0.20339622641509433,0.2450980392156863,0.39068840712170516,0.13052196252898052,0.030303030303030304,0.6999999999999957,0.0,1.0,0.0,0.8,0.0,0.0,0.0,0.0,0.0,0.0,0.0036354330375410375,0.0,0.0,0.0010127137310239288,0.0010825576210823542,0.03312156029362849,1,2
7372,0.6000000000000227,1.0,0.0,0.20463320463320464,0.6666666666666666,0.4,0.5,0.0,0.0,0.0,0.0,1.0,0.0,0.0,0.0,0.0,0.009770786935533304,0.0,0.0008043294090493882,9.89901386388269e-06,0.021583118721613052,0.012708547058620664,0.0,0.6546636443947436,0.49468420554504855,0.4628301886792453,0.24497549019607845,0.398883729999147,0.1325271006955323,0.020202020202020204,0.29999999999999716,0.0,1.0,0.0,0.35000000000000003,0.0007632264679821632,0.0,0.0038927659617366936,0.016777202026994363,0.0003243938560874223,0.0,0.00393564483681229,0.0,0.0,0.003497593503405729,0.0014404907470985464,0.033783280770041835,0,0
3212,0.6000000000000227,1.0,0.0,0.31660231660231664,0.6666666666666666,0.4,0.5,0.0,0.0,0.0,0.0,1.0,0.0,0.0,0.0,0.0,0.012941964088526043,0.0,0.0008285012411456046,9.89901386388269e-06,0.059836904732640306,0.013755120577418727,0.0,0.6543187207367556,0.49430642848922474,0.279811320754717,0.10759803921568628,0.3930891188047625,0.06360047622031456,0.020202020202020204,0.0,0.0,1.0,0.0,0.45,0.00034944411718639326,0.0,0.0025832142488097848,0.011261861125395005,2.360252508828683e-05,0.0,0.0037050878448278124,0.0,0.0,0.004206802657046479,0.0014098637871926187,0.03317538088709989,0,0
1997,0.0,0.0,0.0,0.03474903474903475,0.0,0.6000000000000001,0.5588235294117647,0.0,0.0,0.0,0.0,0.0,0.0,0.0,0.0,0.0,0.009770786935533304,0.0,0.0008043294090493882,9.89901386388269e-06,0.005675220769305294,0.0016738195819938496,0.0,0.6537810522297245,0.49406111812793246,0.40320754716981133,0.12144607843137256,0.3909565069035694,0.06967855128767467,0.25252525252525254,0.8999999999999986,0.0,1.0,0.0,0.05,0.0002761309817271066,0.0,0.0,0.0,0.0,0.0,0.0036354330375410375,0.0,0.0,0.0011104368838900569,0.0011427178200338359,0.03312156029362849,0,2
11877,0.4000000000000341,0.0,0.0,0.10231660231660232,0.0,0.8,0.5588235294117647,0.0,0.0,0.0,0.0,0.0,0.0,0.0,0.0,0.0,0.009770786935533304,0.0,0.0008043294090493882,9.89901386388269e-06,0.0,0.0,0.0,0.6541032308359088,0.49471927638919017,0.20339622641509433,0.24473039215686276,0.39068840712170516,0.13403095432044615,0.020202020202020204,0.6499999999999986,0.0,1.0,0.0,0.4,0.0,0.0,0.0,0.0,0.0,0.0,0.0036354330375410375,0.0,0.0,3.6582227381822778e-06,0.0011747156858013252,0.03312156029362849,1,2
7922,0.0,0.0,0.0,0.06756756756756757,0.0,0.6000000000000001,0.5588235294117647,0.0,0.0,0.0,0.0,0.0,0.0,0.0,0.0,0.0,0.009770786935533304,0.0,0.0008043294090493882,9.89901386388269e-06,0.0010122057554019252,0.0003165315652772601,0.0,0.654109499392065,0.49400484127795286,0.3932075471698113,0.21960784313725495,0.3968364225740017,0.12068425339933582,0.24242424242424243,0.0,0.0,0.0,0.0,0.55,0.0,0.0003116058022598359,0.0,0.0,0.0,0.0,0.003635592060506201,0.003603887635570582,0.0,8.894853468992854e-05,0.0010861476922699495,0.03312156029362849,0,2
3309,0.8000000000000114,1.0,1.0,0.15830115830115832,0.0,0.6000000000000001,0.23529411764705882,0.0,0.0,0.0,0.0,0.0,0.0,0.0,0.0,0.0,0.011977504367541535,0.0,0.0008121267742417161,9.89901386388269e-06,0.0030076971017657206,0.0009005651280939007,0.0,0.6540815125417968,0.4939658673331577,0.580754716981132,0.24375000000000005,0.40287476084280827,0.13183783445078015,0.020202020202020204,0.9499999999999957,0.0,1.0,0.0,0.35000000000000003,7.520723350476686e-05,0.0,0.0,0.0,0.00045600767138410925,0.0,0.0037779926103433774,0.0,0.0,0.0005825527845726352,0.0011490065291004852,0.0331240405053092,0,4
4663,0.20000000000004547,0.0,0.0,0.06756756756756757,0.0,0.6000000000000001,0.1176470588235294,0.0,0.0,0.0,0.0,0.0,0.0,0.0,0.0,0.0,0.009770786935533304,0.0,0.0008043294090493882,9.89901386388269e-06,0.0,0.0,0.0,0.6541031350847074,0.4939972912722133,0.20339622641509433,0.23051470588235295,0.39068840712170516,0.09098314430728743,0.25252525252525254,0.9499999999999957,0.0,0.0,0.0,0.75,0.0,0.0,0.0,0.0,0.0,0.0,0.0036379393180018768,0.0006085388371586682,0.0,2.507033764628414e-06,0.0010825576210823542,0.03312156029362849,0,2
6716,0.4000000000000341,0.0,0.0,0.03474903474903475,0.0,0.6000000000000001,0.5588235294117647,0.0,0.0,0.0,0.0,0.0,0.0,0.0,0.0,0.0,0.009770786935533304,0.0,0.0008043294090493882,9.89901386388269e-06,0.003939649400846493,0.0014283393394553812,0.0,0.65409257197121,0.4939850854942969,0.5809433962264151,0.23872549019607847,0.40288085401966883,0.13096058650291373,0.020202020202020204,0.29999999999999716,0.0,1.0,0.0,0.75,0.0,0.0,1.0081229506750644e-07,0.0,0.0,3.613880045925187e-08,0.0036354330375410375,0.0,0.0,0.00032376550331772664,0.0010829985791958319,0.03312156029362849,0,2
1121,0.0,0.0,0.0,0.0,0.0,0.0,0.7941176470588235,0.3333333333333333,0.0,0.0,0.0,0.0,0.0,0.0,0.0,0.0,0.011703468742609304,0.0,0.0008139981418878747,0.00011903108695220903,0.0,0.005281398555954579,0.0,0.6539141298336207,0.49431419315579583,0.580377358490566,0.2425245098039216,0.39701921787981825,0.11028259916034841,0.020202020202020204,0.14999999999999858,1.0,1.0,0.0,0.2,0.0,0.0,0.0002446714401288381,0.0010666772147726225,0.0,1.0841640137775562e-07,0.00390835060625075,0.0,0.0,0.0024144525891774933,0.0013104505835128354,0.03314718088029022,0,2
3961,0.6000000000000227,1.0,0.0,0.08687258687258688,0.0,0.6000000000000001,0.0,0.0,0.0,0.0,0.0,0.0,0.0,0.0,0.0,0.0,0.01482960286054124,0.0,0.0021838392588760334,9.89901386388269e-06,0.07230041110013752,0.019113055119621757,0.0,0.6571188032672671,0.49749451914417536,0.2943396226415094,0.06899509803921569,0.39361922519163045,0.04411303966413936,0.020202020202020204,0.5499999999999972,0.0,1.0,0.0,0.45,0.0025968423647628083,0.0,0.0050422277500964015,0.0,0.0,0.013472038868002668,0.004365340987305757,0.0,0.0,0.004336324207559884,0.005254007297231328,0.03332464498646836,0,3
8704,0.6000000000000227,0.0,0.0,0.05791505791505792,0.0,0.6000000000000001,0.029411764705882346,0.0,0.0,0.0,0.0,0.0,0.0,0.0,0.0,0.0,0.009770786935533304,0.0,0.0008043294090493882,9.89901386388269e-06,0.01934252898161979,0.004446483188052076,0.0001165713858700126,0.65421727813703,0.49410836874225855,0.4052830188679245,0.14448529411764707,0.3972081063624953,0.0819600225578044,0.020202020202020204,0.6000000000000014,0.0,1.0,0.0,0.5,6.680259773306606e-06,0.0,0.0,0.0,3.3885588074364045e-05,0.0,0.003859718634958615,0.0,0.0,0.0006674849488437203,0.001398491667787661,0.03312488377728064,0,2
8527,0.6000000000000227,1.0,0.0,0.10231660231660232,0.0,0.6000000000000001,0.1764705882352941,0.0,0.0,0.0,0.0,0.0,0.0,0.0,0.0,0.0,0.009846861957996505,0.0,0.0008043294090493882,9.89901386388269e-06,0.0017102662245737528,0.0003930675515257129,0.0,0.6541243371837617,0.4940189320341659,0.39415094339622636,0.17500000000000002,0.3968668884583044,0.09549470518202896,0.020202020202020204,0.6000000000000014,0.0,1.0,0.0,0.55,6.293293505950431e-06,0.0,3.6292426224302315e-06,1.5822158933586488e-05,2.8798836977750506e-06,0.0,0.0036473896012748637,0.0,0.0,8.129952351009286e-05,0.00109847057803896,0.03312652071698991,0,3
7721,0.20000000000004547,1.0,1.0,0.03474903474903475,0.0,0.6000000000000001,0.32352941176470584,0.0,0.0,0.0,0.0,0.0,0.0,0.0,0.0,0.0,0.011058418769747244,0.00273435093382764,0.0008043294090493882,9.89901386388269e-06,0.03915790265183448,0.010374822735259862,0.0007865741255150644,0.6539939310052506,0.49409627126519573,0.580754716981132,0.24497549019607845,0.40024250843905,0.13277774296635128,0.24242424242424243,0.29999999999999716,0.0,1.0,0.0,0.25000000000000006,0.0006715426181462834,0.0,0.0,0.0,0.0,0.0,0.0036354330375410375,0.0,0.0,0.0013399072192851272,0.0012470283552796708,0.033326510105652254,0,4
1063,0.6000000000000227,0.0,0.0,0.02316602316602317,0.0,0.6000000000000001,0.5294117647058824,0.0,0.0,0.0,0.0,1.0,0.0,0.0,0.0,0.0,0.009975790685482606,0.00010291148832883768,0.0010663208795116043,9.89901386388269e-06,0.013797448952294743,0.0031740412538106984,0.0,0.6542351074083005,0.49416816012961434,0.2830188679245283,0.07340686274509806,0.393204889165113,0.04611817783069115,0.020202020202020204,0.6000000000000014,0.0,1.0,0.0,0.8,3.0366668664634605e-05,0.0,0.0,0.0,0.00012125249460143107,0.0,0.0036908515592773434,0.0,0.0,0.0004643896319316286,0.0012355462937551434,0.03312156029362849,0,1
1731,0.0,1.0,0.0,0.08687258687258688,0.8888888888888888,0.2,0.5,0.0,0.0,0.0,0.0,1.0,0.0,0.0,0.0,0.0,0.009770786935533304,9.435644571937858e-05,0.0013171153335576377,8.784615677365834e-05,0.05369751532407213,0.030451765916223426,0.003968516243515798,0.6519269733458017,0.49775263656661745,0.569622641509434,0.23553921568627453,0.39675111809795394,0.10526975374396894,0.030303030303030304,0.0,1.0,1.0,0.0,0.25000000000000006,0.018926017759131164,0.0,0.0,0.0,0.0,0.044514979352096355,0.006621448482595877,0.0,0.0,0.015659060803755027,0.0037967863137949908,0.03328431674454002,0,0
5450,0.0,0.0,0.0,0.07567567567567568,0.0,0.0,0.4411764705882353,0.3333333333333333,0.0,0.0,0.0,0.0,0.0,0.0,0.0,0.0,0.010321612236656076,0.0,0.0008043294090493882,9.89901386388269e-06,0.0051123620688907235,0.0011752138083882943,0.0,0.6539307024117886,0.49411691596983587,0.580754716981132,0.24375000000000005,0.3946002266661793,0.12820352152390502,0.24242424242424243,0.7999999999999972,0.0,1.0,0.0,0.25000000000000006,4.3625354982996194e-05,0.0,0.0,0.0,0.0,0.0,0.0036354330375410375,0.0,0.0011267710472279261,0.00046681991976468677,0.001150344422585296,0.033144680826916066,0,2
7004,0.8000000000000114,1.0,0.0,0.06756756756756757,0.0,0.6000000000000001,0.1764705882352941,0.0,0.0,0.0,0.0,0.0,0.0,0.0,0.0,0.0,0.009770786935533304,0.0,0.0008043294090493882,9.89901386388269e-06,0.0013404496217965494,0.0001679470447428046,3.466693826059703e-05,0.6540059002367359,0.4938729750903045,0.580188679245283,0.13946078431372552,0.4028564813122266,0.07506736011028262,0.020202020202020204,0.14999999999999858,0.0,1.0,0.0,0.85,0.0,0.0,0.0,0.0,0.0,0.0,0.003645556714357866,0.0,0.0,0.0007390889029987705,0.0010856912688988949,0.03312156029362849,0,3
458,0.8000000000000114,0.0,0.0,0.015444015444015444,0.0,0.2,0.5294117647058824,0.0,0.0,0.0,0.0,1.0,0.0,0.0,0.0,0.0,0.009770786935533304,0.0,0.0008043294090493882,9.89901386388269e-06,0.0033916122847074508,0.005314805142786151,0.0,0.6539207138054991,0.4937837355751638,0.20339622641509433,0.2450980392156863,0.39068840712170516,0.1342189360235604,0.020202020202020204,0.7999999999999972,0.0,1.0,0.0,0.45,0.0,0.0,1.471859507985594e-05,0.0,0.0,2.6525879537090875e-05,0.0036354330375410375,0.0,0.0,0.004218084308987307,0.0010825576210823542,0.03312156029362849,0,1
9190,0.6000000000000227,0.0,1.0,0.015444015444015444,0.0,0.8,0.23529411764705882,0.0,0.0,0.0,0.0,0.0,0.0,0.0,0.0,0.0,0.009770786935533304,0.0,0.0008043294090493882,9.89901386388269e-06,0.000514778927032979,0.00011825266930678424,0.0,0.6534769815341197,0.493263665560269,0.20339622641509433,0.2450980392156863,0.39068840712170516,0.13415627545585562,0.020202020202020204,0.8999999999999986,0.0,1.0,0.0,0.10000000000000002,0.0,0.0,0.0,0.0,0.0,4.336656055110225e-07,0.0036354330375410375,0.0,0.00966296201232033,4.369401704066665e-05,0.0010825576210823542,0.03312156029362849,1,4
5114,0.6000000000000227,1.0,0.0,0.06756756756756757,0.0,0.6000000000000001,0.0,0.0,0.0,0.0,0.0,0.0,0.0,0.0,0.0,0.0,0.009770786935533304,0.0,0.0008043294090493882,9.89901386388269e-06,0.0012764637579729277,0.000933971714925473,0.0,0.6540751985949327,0.4939647307564582,0.580754716981132,0.23958333333333337,0.40287476084280827,0.13139921047684694,0.25252525252525254,0.10000000000000142,0.0,0.0,1.0,0.85,0.0,0.0,0.0,0.0,0.0,0.0,0.0036357856366094747,0.0035920705976107805,0.0,0.0006204141108139623,0.0010844343697438304,0.03312156029362849,0,3
2659,0.6000000000000227,1.0,0.0,0.10424710424710425,0.2962962962962963,0.6000000000000001,0.5,0.0,0.0,0.0,0.0,1.0,0.0,0.0,0.0,0.0,0.009951260064985075,0.0,0.0008043294090493882,9.89901386388269e-06,0.0014517922548907612,0.000990064864456098,4.347503737950656e-05,0.654110862107259,0.4940065143126437,0.3937735849056604,0.1894607843137255,0.3968364225740017,0.10577103828560688,0.24242424242424243,0.44999999999999574,0.0,0.0,1.0,0.55,0.0,0.0006541198723551616,0.0,0.0,0.0,0.0,0.0036391117688018243,0.0062543025024238445,0.0,0.0002753388204968941,0.0010869613036092731,0.03312156029362849,0,0
7389,0.0,1.0,0.0,0.06756756756756757,0.2962962962962963,0.4,0.5,0.0,0.0,0.0,0.0,1.0,0.0,0.0,0.0,0.0,0.009770786935533304,0.0,0.0008043294090493882,9.89901386388269e-06,0.0,8.268545745625461e-05,0.0,0.6541096345702316,0.4940050019824452,0.39264150943396225,0.1848039215686275,0.39681814304342,0.10338993671282663,0.24242424242424243,0.3999999999999986,0.0,0.0,0.0,0.55,0.0,0.00037089921402587753,0.0,0.0,0.0,0.0,0.0036354330375410375,0.005241358366196413,0.0,4.077767164099686e-05,0.0010862311154382254,0.033122482932373715,0,0
10536,0.20000000000004547,1.0,0.0,0.06756756756756757,0.0,0.4,0.5294117647058824,0.0,0.0,0.0,0.0,1.0,0.0,0.0,0.0,0.0,0.009770786935533304,0.0,0.0008043294090493882,9.89901386388269e-06,0.0,0.0,0.0,0.6540955617941885,0.49398858838642,0.20339622641509433,0.2450980392156863,0.39068840712170516,0.1342189360235604,0.25252525252525254,0.10000000000000142,0.0,0.0,0.0,0.5,0.0,0.0,0.0,0.0,0.0,0.0,0.0036354330375410375,0.0018473969343823053,0.0,6.305957377356164e-05,0.0010825576210823542,0.03312156029362849,1,0
4510,0.6000000000000227,1.0,0.0,0.15830115830115832,0.4444444444444444,0.6000000000000001,0.5,0.0,0.0,0.0,0.0,1.0,0.0,0.0,0.0,0.0,0.009770786935533304,0.0,0.0008043294090493882,9.89901386388269e-06,0.000536830552418521,0.00012340492896737498,0.0,0.6540929105792644,0.49397903423262735,0.3920754716981132,0.18014705882352944,0.3969460997574916,0.09781314618710447,0.25252525252525254,0.6999999999999957,0.0,1.0,0.0,0.55,0.0,0.0,0.0,0.0,0.0,0.0,0.003647834080278729,0.0,0.0,0.00060782777803644,0.0011060463236856957,0.03312156029362849,0,0
108,0.20000000000004547,0.0,0.0,0.08687258687258688,0.0,0.0,0.4411764705882353,0.4444444444444444,0.0,0.0,0.0,0.0,0.0,0.0,0.0,0.0,0.10918463302605597,0.0,0.0021181074703047094,0.000315462745496556,0.1867002670777186,0.6596291785760733,0.0,0.6710626899104561,0.5150583870746429,0.39679245283018866,0.20208333333333334,0.3968425157508622,0.11153581051444328,0.030303030303030304,0.7999999999999972,0.0,1.0,0.0,0.30000000000000004,0.0347395436300427,0.0,0.0,6.153061807505857e-06,0.0,0.05447530256307214,0.03610155257442703,0.0,0.19884119609856263,0.07281405842207295,0.02037730269989249,0.05297242060167792,0,2
3764,0.6000000000000227,0.0,1.0,0.10231660231660232,0.0,0.6000000000000001,0.23529411764705882,0.0,0.0028924,0.0,0.0,0.0,0.0,0.0,0.0,0.0,0.009770786935533304,0.0,0.0008043294090493882,1.3563066030268715e-05,0.0004735676927059007,0.0,0.0,0.6540737672966983,0.49402265463339684,0.580754716981132,0.2450980392156863,0.3957396507391024,0.1335296697788082,0.24242424242424243,0.6499999999999986,0.0,1.0,1.0,0.25000000000000006,0.00023787563231391279,0.0,0.0,0.0,0.0,0.0,0.0036354330375410375,0.0,0.0003080082135523614,0.0001516243788056389,0.0010967335619451429,0.03312156029362849,0,4
2147,0.4000000000000341,0.0,0.0,0.10231660231660232,0.0,0.6000000000000001,0.029411764705882346,0.0,0.0,0.0,0.0,0.0,0.0,0.0,0.0,0.0,0.010134291602709596,0.0,0.0010862197554824251,9.89901386388269e-06,0.0008119336166545443,0.00018664476125301293,0.00035341138440069116,0.6536507421337339,0.4941437353758281,0.5775471698113207,0.2450980392156863,0.3924127761732413,0.07005451469390313,0.020202020202020204,0.5,1.0,1.0,0.0,0.45,0.0004318204099600745,0.0,0.002318481161962513,0.010107722532072835,1.5745451086748374e-05,0.0,0.003681384392084598,0.0,0.0,0.0,0.0013121900780133156,0.03321122490630951,0,2
12498,0.8000000000000114,0.0,0.0,0.10424710424710425,0.0,0.6000000000000001,0.029411764705882346,0.0,0.0,0.0,0.0,0.0,0.0,0.0,0.0,0.0,0.009770786935533304,0.0,0.0008043294090493882,9.89901386388269e-06,0.001405881493842174,0.003570682146713918,0.0,0.6540697298429288,0.49395813682599565,0.20339622641509433,0.24448529411764708,0.39068840712170516,0.13334168807569396,0.020202020202020204,1.0,0.0,1.0,0.0,0.85,0.0,0.0,1.3105598358775836e-05,0.0,0.0,4.698044059702744e-06,0.0036354330375410375,0.0,0.0,0.00151954386311391,0.0010825576210823542,0.03312156029362849,1,2
6434,0.6000000000000227,1.0,0.0,0.06756756756756757,0.2962962962962963,0.6000000000000001,0.5,0.0,0.0,0.0,0.0,1.0,0.0,0.0,0.0,0.0,0.009770786935533304,0.0,0.0008043294090493882,9.89901386388269e-06,0.00019087308530436303,5.966649090813147e-05,0.0,0.654101982094463,0.49399610462092564,0.580754716981132,0.24350490196078436,0.40287476084280827,0.13334168807569396,0.25252525252525254,0.6499999999999986,0.0,0.0,0.0,0.5,0.0,0.004469293476946743,0.0,0.0,0.0,0.0,0.0036354330375410375,0.007207002915718954,0.0,2.501917369190397e-05,0.0010869984301410845,0.03312156029362849,0,0
601,0.20000000000004547,0.0,0.0,0.015444015444015444,0.0,0.0,0.4411764705882353,0.4444444444444444,0.0,0.0,0.0,0.0,0.0,0.0,0.0,0.0,0.01588679735668267,0.0,0.001425140030932148,1.0364611652981466e-05,0.0,0.019292885601968828,0.0,0.6539304578983403,0.493807746534291,0.5779245283018868,0.2450980392156863,0.40216185915012376,0.12826618209160975,0.020202020202020204,0.14999999999999858,0.0,1.0,0.0,0.4,0.0,0.0,0.0024165715250631967,0.006946806780674112,0.0,0.0003346091534522131,0.003821241752427045,0.0,0.0,0.009065434092896346,0.0018519068975392152,0.03312156029362849,0,2
3795,1.0,0.0,0.0,0.03474903474903475,0.0,0.6000000000000001,0.029411764705882346,0.0,0.0,0.0,0.0,0.0,0.0,0.0,0.0,0.0,0.009770786935533304,0.0,0.0008043294090493882,9.89901386388269e-06,0.008825349680938286,0.002177162110448658,0.0,0.6541473280742899,0.4940454323602241,0.49,0.24497549019607845,0.399943942772883,0.13246444012782757,0.25252525252525254,0.8999999999999986,0.0,1.0,0.0,0.5,0.00044640292824570723,0.0,0.0,0.0,0.0,0.0,0.0036533350969255025,0.0,0.0,0.0003852901584598831,0.001129778207550809,0.03312156029362849,0,2
1693,0.4000000000000341,0.0,1.0,0.10231660231660232,0.0,0.6000000000000001,0.23529411764705882,0.0,0.0,0.0,0.0,0.0,0.0,0.0,0.0,0.0,0.009772833662151502,0.0,0.001370184201056621,9.89901386388269e-06,0.0014120270287856856,0.0020348932630465393,0.0004732885259894056,0.6540330107481546,0.4939622344023754,0.5739622641509434,0.2450980392156863,0.40012064490183896,0.11134782881132906,0.020202020202020204,0.5,0.0,1.0,0.0,0.4,0.0,0.0,7.026616966205198e-05,0.0003063345771308273,0.0,9.93455624624834e-05,0.0036757899249052093,0.0,0.0,0.0019735216303291736,0.0013496493607033512,0.03328690608553468,0,4
9975,0.20000000000004547,0.0,0.0,0.04247104247104247,0.0,0.6000000000000001,0.029411764705882346,0.0,0.0,0.0,0.0,0.0,0.0,0.0,0.0,0.0,0.009770786935533304,0.0,0.0008043294090493882,9.89901386388269e-06,0.0,0.0,0.0,0.6540968184872911,0.4939900471484544,0.20339622641509433,0.22990196078431377,0.39068840712170516,0.12626104392505796,0.24242424242424243,0.0,0.0,0.0,0.0,0.35000000000000003,0.0,0.0,0.0,0.0,0.0,0.0,0.0036354330375410375,0.011299328120294666,0.0,4.973136365752691e-05,0.0010825576210823542,0.03312156029362849,1,2
8549,0.20000000000004547,0.0,0.0,0.03474903474903475,0.0,0.6000000000000001,0.5294117647058824,0.0,0.0,0.0,0.0,1.0,0.0,0.0,0.0,0.0,0.009770786935533304,0.0,0.0008043294090493882,9.89901386388269e-06,0.0,0.00021764142017882495,0.00020091165348268215,0.6538320471991108,0.494471647846187,0.580754716981132,0.24289215686274512,0.3952217307059555,0.10345259728053138,0.25252525252525254,0.0,1.0,1.0,0.0,0.25000000000000006,0.0004213112208045068,0.0,0.0,0.0,0.0,0.0,0.0036354330375410375,0.0,0.0,0.0014845477183178725,0.0013219118264213938,0.03312156029362849,0,1
2801,0.6000000000000227,1.0,0.0,0.06756756756756757,0.0,0.4,0.5588235294117647,0.0,0.0,0.0,0.0,0.0,0.0,0.0,0.0,0.0,0.009770786935533304,0.0,0.0008043294090493882,9.89901386388269e-06,0.0,1.8199110736602776e-05,0.0,0.6541115989607945,0.4940068729864382,0.3920754716981132,0.1616421568627451,0.3967815839822567,0.09041919919794475,0.24242424242424243,0.10000000000000142,0.0,0.0,0.0,0.55,0.0,0.0009726642653535768,0.0,0.0,0.0,0.0,0.0036425077925689867,0.009791304158431106,0.0,2.2870287607936757e-05,0.001089251153093335,0.03312156029362849,0,3
8424,0.4000000000000341,1.0,0.0,0.03861003861003861,0.537037037037037,0.6000000000000001,0.5,0.0,0.0,0.0,0.0,1.0,0.0,0.0,0.0,0.0,0.011131769839872989,0.0001221275980676865,0.0008043294090493882,9.89901386388269e-06,0.0,0.0,0.0,0.654030688201714,0.4939087659992608,0.3943396226415094,0.2175245098039216,0.39685470210458335,0.1183658123942603,0.020202020202020204,0.3500000000000014,0.0,0.0,0.0,0.05,0.0,0.0,0.0,0.0,0.0,4.7992327009886486e-05,0.003646523809575639,0.0,0.0,0.00174003492451526,0.0011033077338912344,0.03312156029362849,0,0
10422,1.0,0.0,0.0,0.10231660231660232,0.0,0.8,0.029411764705882346,0.0,0.0,0.0,0.0,0.0,0.0,0.0,0.0,0.0,0.009770786935533304,0.0,0.0008043294090493882,9.89901386388269e-06,0.0008441072995941055,0.00019404074689482868,1.3853726268507093e-05,0.6541033149909439,0.49399590703979857,0.5711320754716981,0.2450980392156863,0.40258838153036236,0.13390563318503665,0.020202020202020204,0.14999999999999858,0.0,1.0,0.0,0.45,0.0002532117164886075,0.0,0.0,0.0,0.00034530431597996284,0.0,0.0036365277437802384,0.0,0.0,0.00014586843393786956,0.001140586439871805,0.03313257243349084,1,2
6134,0.0,0.0,0.0,0.03474903474903475,0.0,0.6000000000000001,0.5588235294117647,0.0,0.0,0.0,0.0,0.0,0.0,0.0,0.0,0.0,0.009770786935533304,0.0,0.0008043294090493882,9.89901386388269e-06,0.011680131413227216,0.004597560737454559,0.0,0.6540841137275465,0.49410880000479723,0.580566037735849,0.2450980392156863,0.39753104473610457,0.09781314618710447,0.020202020202020204,0.6000000000000014,1.0,1.0,0.0,0.25000000000000006,2.824174863511736e-05,0.0,0.0,0.0,1.8954017163073837e-05,0.0,0.00365899160269377,0.0,0.0,0.0008898690765571367,0.0011799929571088118,0.03312156029362849,0,2
3726,0.4000000000000341,0.0,0.0,0.02316602316602317,0.0,0.6000000000000001,0.029411764705882346,0.0,0.0,0.0,0.0,0.0,0.0,0.0,0.0,0.0,0.009770786935533304,0.0,0.0008043294090493882,9.89901386388269e-06,0.00021907024563341666,6.27412265120324e-05,1.3136029303262613e-05,0.6541020085999859,0.49400435178914887,0.580754716981132,0.2412990196078432,0.398055057946112,0.1316498527476659,0.24242424242424243,0.8999999999999986,0.0,1.0,1.0,0.05,0.0,0.0,0.0,0.0,0.0,0.0,0.0036354330375410375,0.0,0.0,1.6474793310415293e-05,0.0010855550556686973,0.03312156029362849,0,2
10030,0.20000000000004547,0.0,0.0,0.10231660231660232,0.0,1.0,0.029411764705882346,0.0,0.0,0.0,0.0,0.0,0.0,0.0,0.0,0.0,0.009953035901315571,0.0,0.0008043294090493882,9.89901386388269e-06,0.0491071622233244,0.01292967871921473,0.0,0.6532152669953633,0.4943543673380072,0.580754716981132,0.2450980392156863,0.3907615252440318,0.1315245316122564,0.020202020202020204,0.14999999999999858,0.0,1.0,0.0,0.10000000000000002,0.0005968717063103084,0.0,0.0,0.0,0.0,0.00025622409525609575,0.003638509052131389,0.0,0.0,0.0005887436230526359,0.0012654741447095772,0.03314718088029022,1,2
11493,0.20000000000004547,0.0,1.0,0.0637065637065637,0.0,1.0,0.32352941176470584,0.0,0.0,0.0,0.0,0.0,0.0,0.0,0.0,0.0,0.009770786935533304,0.0,0.0008043294090493882,9.89901386388269e-06,0.0008958020935307038,0.0002059241844990944,1.9921527883755884e-05,0.6529874510324297,0.49268992296215586,0.39471698113207543,0.24411764705882358,0.3968668884583044,0.1336549909142177,0.020202020202020204,0.6000000000000014,0.0,0.0,0.0,0.55,3.588602963587268e-05,0.0,0.0,0.0,0.0,0.0,0.0037156779890091213,0.0,0.0,0.000559554587078748,0.0011224790025195289,0.03312156029362849,1,4
4392,0.0,0.0,0.0,0.0694980694980695,0.0,0.6000000000000001,0.47058823529411764,0.0,0.0,0.0,0.0,0.0,0.0,0.0,0.0,0.0,0.010012421072164195,0.0003039768137394159,0.0009895792112887135,9.89901386388269e-06,0.0,0.0,7.553216849376002e-05,0.6538382196727467,0.49391591540829477,0.580754716981132,0.2450980392156863,0.4019851570211677,0.13378031204962718,0.020202020202020204,0.0,0.0,1.0,0.0,0.2,1.805163692807141e-05,0.0,0.000515957326155498,0.0022493835950582125,0.00021340877293023268,0.0,0.0035639500551288253,0.0,0.0,0.0025145548659222996,0.0015802690165763113,0.03318048516273879,0,2
12449,0.8000000000000114,0.0,1.0,0.10231660231660232,0.0,0.6000000000000001,0.23529411764705882,0.0,0.0,0.0,0.0,0.0,0.0,0.0,0.0,0.0,0.009770786935533304,0.0,0.0008043294090493882,9.89901386388269e-06,0.008331176371068845,0.0025238593250290543,0.0,0.6528343617587746,0.4925180720217461,0.580754716981132,0.2450980392156863,0.4026919655369917,0.1342189360235604,0.030303030303030304,0.9499999999999957,0.0,1.0,0.0,0.10000000000000002,0.0,0.0,0.0,0.0,4.269740612788227e-05,0.0,0.0036662532587869484,0.0,0.0012833675564681726,0.0026700165413064514,0.0011558161992476933,0.03312156029362849,1,4
1327,0.6000000000000227,1.0,0.0,0.02316602316602317,0.0,0.6000000000000001,0.5294117647058824,0.0,0.0,0.0,0.0,1.0,0.0,0.0,0.0,0.0,0.011135216166310986,0.0,0.0008228247592855899,3.474776543426306e-05,0.022867174022751492,0.0030129084879738366,0.0005242885073075361,0.654012482883338,0.4941242951785304,0.580754716981132,0.24301470588235294,0.3976650946270367,0.13177517388307539,0.020202020202020204,0.5,0.0,1.0,0.0,0.25000000000000006,0.00019936230538914818,0.0,0.0,0.0,0.0,0.0006778554802141874,0.0036354330375410375,0.0,0.0,0.0012071623396457715,0.0011617403346942182,0.03312156029362849,0,0
3777,0.8000000000000114,1.0,0.0,0.15830115830115832,0.4444444444444444,0.6000000000000001,0.5,0.0,0.0,0.0,0.0,1.0,0.0,0.0,0.0,0.0,0.009770786935533304,0.0,0.0008043294090493882,9.89901386388269e-06,0.0,0.0,4.438846988072681e-05,0.6540635351709174,0.49395103438614907,0.5786792452830188,0.24375000000000005,0.4028077358973422,0.1335296697788082,0.020202020202020204,0.5,0.0,1.0,0.0,0.45,4.25187672359952e-05,0.0,0.0,0.0,2.9221428607315323e-05,0.0,0.003641504966265214,0.0,0.0,0.000665310480782563,0.0011060027037284273,0.03312156029362849,0,0
3935,0.4000000000000341,0.0,1.0,0.10424710424710425,0.0,0.6000000000000001,0.23529411764705882,0.0,0.0,0.0,0.0,0.0,0.0,0.0,0.0,0.0,0.009770786935533304,0.0,0.003614515419094734,4.15900285958016e-05,0.17148211504730615,0.04009737770758517,0.0,0.653499554962663,0.4957884534693313,0.5722641509433962,0.2450980392156863,0.4002242289084683,0.13302838523717025,0.020202020202020204,0.7999999999999972,0.0,1.0,0.0,0.4,0.0,0.0,0.0,0.0,0.0,0.005082741590591479,0.004200024639214547,0.0,0.0,0.021698735380539586,0.003005175939123096,0.03312156029362849,0,4
4600,0.0,0.0,0.0,0.0694980694980695,0.0,0.2,0.5294117647058824,0.0,0.0,0.0,0.0,1.0,0.0,0.0,0.0,0.0,0.009770786935533304,0.00015566030972440564,0.0008043294090493882,9.89901386388269e-06,0.016902028604934647,0.003591457387280816,0.0005612825236069562,0.6540709116579292,0.49404812823630945,0.580754716981132,0.24473039215686276,0.3939421635652397,0.05576790525722164,0.020202020202020204,0.3999999999999986,1.0,1.0,0.0,0.25000000000000006,0.00037489563536741605,0.0,0.0,0.0,5.590730743724174e-05,0.0,0.00364904658130694,0.0,0.0,0.0011594263702090714,0.0011539815339313545,0.03312156029362849,0,1
8680,0.6000000000000227,0.0,0.0,0.13706563706563707,0.0,0.6000000000000001,0.5588235294117647,0.0,0.0,0.0,0.0,0.0,0.0,0.0,0.01847885636592376,0.0,0.009770786935533304,0.0,0.0009524481582428482,9.89901386388269e-06,0.0,0.007090922009331407,0.0,0.6544450066317381,0.4943900755656667,0.30566037735849055,0.23002450980392158,0.3939726294495424,0.1222507675919544,0.020202020202020204,0.6000000000000014,0.0,1.0,0.0,0.35000000000000003,0.0,0.0,0.0,0.0,0.0003543665587028528,0.0,0.004004736585007596,0.0,0.0,0.0035012773081211012,0.00117892922496906,0.03312156029362849,0,2
2129,0.0,1.0,0.0,0.03861003861003861,0.537037037037037,0.2,0.5,0.0,0.0,0.0,0.0,1.0,0.0,0.0,0.0,0.0,0.010452091058566254,0.0,0.0009275589685489378,9.89901386388269e-06,0.0013610552389600888,0.00519505665615855,0.0,0.6541379534021736,0.4940413219740659,0.3511320754716981,0.21078431372549022,0.395282662474561,0.11667397706623224,0.25252525252525254,0.3999999999999986,0.0,1.0,0.0,0.75,0.0,0.0,0.0,0.0,0.0,0.0,0.0036354330375410375,0.0,0.0,0.001627064913243841,0.0010941980032245129,0.03312156029362849,0,0
11821,0.20000000000004547,0.0,0.0,0.05791505791505792,0.0,0.8,0.5588235294117647,0.0,0.0,0.0,0.0,0.0,0.0,0.0,0.0,0.0,0.009770786935533304,0.0,0.010680144672313778,9.89901386388269e-06,0.0,0.0,0.0,0.6530943206379607,0.49286930372319987,0.580754716981132,0.24497549019607845,0.39958444533811044,0.11460617833197571,0.030303030303030304,0.75,0.0,1.0,0.0,0.8,0.0,0.0,0.00020101971636460783,0.0,0.0,0.001489894326533577,0.003711076531901088,0.0,0.0,0.0,0.001379167531036394,0.0331325773939142,1,2
3754,0.6000000000000227,0.0,0.0,0.0694980694980695,0.0,0.6000000000000001,0.029411764705882346,0.0,0.0,0.0,0.0,0.0,0.0,0.0,0.0,0.0,0.009770786935533304,2.764020781857129e-05,0.0008043294090493882,1.1923352077355632e-05,0.0,0.0,0.0,0.653444697807277,0.4956745163133075,0.580754716981132,0.2450980392156863,0.39091385466554557,0.040416066169559506,0.030303030303030304,0.14999999999999858,1.0,1.0,0.0,0.2,0.0,0.0,0.0,0.0,0.0,0.003426428087943048,0.004122095533298403,0.0,0.0,0.00013717056169324038,0.0017380423028801194,0.03312156029362849,0,2
5564,0.6000000000000227,1.0,1.0,0.10424710424710425,0.0,0.6000000000000001,0.32352941176470584,0.0,0.0,0.0,0.0,0.0,0.0,0.0,0.0,0.0,0.009770786935533304,0.0,0.0008043294090493882,9.89901386388269e-06,3.325818910606326e-05,0.0002229598817639509,0.0,0.6541017803211703,0.493995035974869,0.3932075471698113,0.16617647058823531,0.3968120498665595,0.09004323579171629,0.25252525252525254,0.6499999999999986,0.0,0.0,0.0,0.55,0.0,0.005441957742300319,0.0,0.0,0.0,0.0,0.0036354330375410375,0.005619658051994504,0.0,0.00012069576838282508,0.0010847895254186355,0.03312156029362849,0,4
10579,0.6000000000000227,0.0,0.0,0.02316602316602317,0.0,1.0,0.5588235294117647,0.0,0.0,0.0,0.0,0.0,0.0,0.0,0.0,0.0,0.009770786935533304,0.0,0.0008043294090493882,9.89901386388269e-06,0.0,0.0,0.0,0.6539539802246018,0.4938227106844842,0.20339622641509433,0.2450980392156863,0.39068840712170516,0.1342189360235604,0.36363636363636365,0.10000000000000142,0.0,1.0,0.0,0.35000000000000003,0.0,0.0,0.0,0.0,0.0,0.0,0.0036354330375410375,0.0,0.0,0.002308466457678968,0.0010825576210823542,0.03312156029362849,1,2
8291,1.0,0.0,0.0,0.06756756756756757,0.0,0.6000000000000001,0.029411764705882346,0.0,0.0,0.0,0.0,0.0,0.0,0.0,0.0,0.0,0.009770786935533304,0.0,0.0008043294090493882,9.89901386388269e-06,0.0,0.0020154476378759227,0.0,0.6541007635030496,0.49399413269140596,0.580754716981132,0.24485294117647063,0.40287476084280827,0.13127388934143747,0.24242424242424243,0.8500000000000014,0.0,1.0,0.0,0.8,0.0,0.0,0.0,0.0,0.0,0.0,0.0036354330375410375,0.0,0.0,0.0006618824958390915,0.0010856890879010314,0.03312156029362849,0,2
2898,0.0,0.0,0.0,0.06756756756756757,0.0,0.2,0.029411764705882346,0.0,0.0,0.0,0.0,0.0,0.0,0.0,0.0,0.0,0.009770786935533304,0.0,0.0008043294090493882,9.89901386388269e-06,0.0,0.0,0.0,0.6541026245220734,0.4939967486034203,0.580754716981132,0.2450980392156863,0.40287476084280827,0.13139921047684694,0.25252525252525254,0.6000000000000014,0.0,0.0,0.0,0.5,0.0,0.0,0.0,0.0,0.0,0.0,0.0036354330375410375,0.0010091595946586061,0.0,1.3021226389753702e-05,0.0010831658220774498,0.03312156029362849,0,2
10854,0.4000000000000341,0.0,1.0,0.02316602316602317,0.0,0.2,0.23529411764705882,0.0,0.0,0.0,0.0,0.0,0.0,0.0,0.0,0.0,0.009770786935533304,0.0,0.0008043294090493882,9.89901386388269e-06,0.0,0.00015365367923277868,0.0,0.6540699607722966,0.49395859409626613,0.3920754716981132,0.24460784313725495,0.3967815839822567,0.1339682937527414,0.25252525252525254,0.5,0.0,1.0,0.0,0.75,1.0169745061395626e-05,0.0,0.0,0.0,0.0,0.0,0.0036354330375410375,0.0,0.0005390143737166325,4.1852114682980464e-05,0.0010828847707618678,0.03312156029362849,1,4
3216,0.20000000000004547,0.0,0.0,0.03581081081081081,0.0,0.0,0.7941176470588235,0.3333333333333333,0.0,0.0,0.0,0.0,0.0,0.0,0.0,0.0,0.009770786935533304,0.0,0.0008043294090493882,9.89901386388269e-06,0.002593054244106432,0.0005960832023454416,0.0,0.6541672376977857,0.49407221139600566,0.39415094339622636,0.21703431372549023,0.3968486089277228,0.11974434488376468,0.020202020202020204,1.0,0.0,1.0,0.0,0.55,0.0,0.0,0.0,0.0,0.0,0.0,0.003669979107963339,0.0,0.0,0.00042742367489195457,0.0011302575809675629,0.03312156029362849,0,2
10968,0.4000000000000341,1.0,1.0,0.03474903474903475,0.0,0.6000000000000001,0.2647058823529412,0.0,0.0,0.0,0.0,0.0,0.0,0.0,0.0,0.0,0.009770786935533304,0.0,0.0008043294090493882,9.89901386388269e-06,0.0,0.0,1.6159055914443908e-05,0.6540215782535072,0.4938989016935615,0.580566037735849,0.2450980392156863,0.39068840712170516,0.1342189360235604,0.020202020202020204,0.3999999999999986,0.0,1.0,0.0,0.75,3.44875199678837e-06,0.0,0.0,0.0,4.5859017578700535e-06,0.0,0.0036354330375410375,0.0,0.0,0.0,0.0010830184064491357,0.03315998869340941,1,4
10081,0.20000000000004547,0.0,0.0,0.05791505791505792,0.0,0.8,0.5588235294117647,0.0,0.0,0.0,0.0,0.0,0.0,0.0,0.0,0.0,0.010251812839191323,0.0,0.0010056729730456783,0.08102237582000879,0.0020902048849049757,0.0004548115664905342,0.0,0.6540855307790623,0.4939733420329274,0.580754716981132,0.2450980392156863,0.3983962758503029,0.08822607932827872,0.020202020202020204,0.14999999999999858,0.0,1.0,0.0,0.45,0.0,0.0,0.0,0.0,0.0,0.0006984184576755017,0.003702778674313917,0.0,0.0,0.00013898688207373647,0.002350574710164417,0.03312156029362849,1,2
1047,0.8000000000000114,1.0,0.0,0.06756756756756757,0.0,0.6000000000000001,0.029411764705882346,0.0,0.0,0.0,0.0,0.0,0.0,0.0,0.0,0.0,0.009770786935533304,0.0,0.0008043294090493882,9.89901386388269e-06,6.97698967116327e-05,4.379420711502129e-05,0.0,0.6540968867390123,0.49398949322258345,0.5613207547169811,0.24497549019607845,0.40224716362617147,0.13233911899241807,0.020202020202020204,0.9499999999999957,0.0,1.0,0.0,0.45,0.0,0.0,0.0,0.0,0.0,0.0,0.0036393461804319544,0.0,0.0,0.00013962643150348863,0.001088128385306871,0.03312156029362849,0,3
5335,0.4000000000000341,1.0,1.0,0.03861003861003861,0.0,0.6000000000000001,0.23529411764705882,0.0,0.0,0.0,0.0,0.0,0.0,0.0,0.0,0.0,0.009770786935533304,0.0,0.0008043294090493882,0.0005903678748861816,0.005640155069921727,0.001425929411549621,0.0,0.6540802233794287,0.4941575920624545,0.5688679245283019,0.2450980392156863,0.3926686896013844,0.03935083651857886,0.25252525252525254,0.9499999999999957,0.0,1.0,0.0,0.4,0.0004139724394885063,0.0,0.0,0.0,0.0,0.0,0.0036354330375410375,0.0,0.0,0.0006189815200913175,0.0011980926122641662,0.03312156029362849,0,4
10053,0.20000000000004547,0.0,0.0,0.10231660231660232,0.0,0.6000000000000001,0.029411764705882346,0.0,0.0,0.0,0.0,0.0,0.0,0.0,0.0,0.0,0.009770786935533304,0.0,0.0008043294090493882,9.89901386388269e-06,0.0,0.00013005300594878238,0.0,0.6536954430353981,0.4940208426320194,0.580754716981132,0.2450980392156863,0.39355829342302495,0.13415627545585562,0.020202020202020204,0.14999999999999858,0.0,1.0,0.0,0.5,0.00011456917066496168,0.0,0.0,0.0,0.00014100474039812735,0.0,0.0036354330375410375,0.0,0.002874922997946612,0.0004094139629501341,0.0011702431035691754,0.03312156029362849,1,2
6358,0.0,0.0,1.0,0.05791505791505792,0.0,0.4,0.23529411764705882,0.0,0.0,0.0,0.0,0.0,0.0,0.0,0.0,0.0,0.01524779726691264,0.0,0.0008178032561017307,9.89901386388269e-06,0.0,0.0,0.0,0.654300805653855,0.49421701429528797,0.40603773584905656,0.14240196078431375,0.3972385722467981,0.08164671971928067,0.020202020202020204,1.0,0.0,0.0,0.0,0.5,0.00139404258370968,0.0,2.0968957374041338e-05,9.141691828294416e-05,0.0001438376694703952,0.0,0.003769225144197352,0.0,0.0,0.0,0.0020440123121419755,0.033198719679015366,0,4
9943,0.0,0.0,1.0,0.015444015444015444,0.0,0.6000000000000001,0.23529411764705882,0.0,0.0,0.0,0.0,0.0,0.0,0.0,0.0,0.0,0.009770786935533304,0.0,0.0008043294090493882,9.89901386388269e-06,0.0003853611911637329,0.0025462965848413043,0.0,0.6517158581815028,0.4912002687885889,0.20339622641509433,0.24448529411764708,0.39068840712170516,0.13384297261733194,0.020202020202020204,1.0,0.0,1.0,0.0,0.05,0.0,0.0,6.149549999117893e-05,0.0,0.0,4.614924818646464e-05,0.00363387736102751,0.0,0.03671935318275154,0.0009313118796050757,0.0010825576210823542,0.03312156029362849,1,4
4703,0.0,0.0,0.0,0.02316602316602317,0.0,0.6000000000000001,0.5294117647058824,0.0,0.0,0.0,0.0,1.0,0.0,0.0,0.0,0.0,0.013289471179267442,0.0005041691756184167,0.0008043294090493882,0.00010452670365267539,0.0425903646688135,0.009790539869556419,0.0,0.6529019203607148,0.4952788859200041,0.580377358490566,0.2376225490196079,0.39333284587918455,0.07713515884453914,0.030303030303030304,0.0,1.0,1.0,0.0,0.25000000000000006,0.0002282489978031925,0.0,0.0005571895548381081,0.0,0.0012604656186571638,0.0,0.004983853546297956,0.0,0.0,0.006663593418473565,0.0019069130515624937,0.033172796506528594,0,1
9031,0.6000000000000227,0.0,0.0,0.02316602316602317,0.0,0.4,0.5294117647058824,0.0,0.0,0.0,0.0,1.0,0.0,0.0,0.0,0.0,0.009770786935533304,0.0,0.0008043294090493882,9.89901386388269e-06,0.0,0.0005524551971549554,0.0,0.6540565529535582,0.49394283806886424,0.2790566037735849,0.2337009803921569,0.39313177104278635,0.1283288426593145,0.24242424242424243,0.3999999999999986,0.0,1.0,1.0,0.0,0.0,0.0,0.0,0.0,0.0,0.0,0.003641867774215365,0.0,0.0006509240246406571,0.00023274482847540116,0.0010828328729263449,0.03312156029362849,1,1
5641,0.4000000000000341,0.0,0.0,0.06756756756756757,0.0,0.0,0.4411764705882353,0.0,0.0,0.0,0.0,0.0,0.0,0.0,0.0,0.0,0.009770786935533304,0.0,0.0008043294090493882,9.89901386388269e-06,0.0,0.003355118250591783,0.0,0.6540904124337349,0.4939824501735275,0.20339622641509433,0.12573529411764708,0.39068840712170516,0.07268625853750237,0.020202020202020204,0.6499999999999986,0.0,1.0,0.0,0.35000000000000003,0.0,0.0,0.0,0.0,3.3963845783542715e-06,0.0,0.0036354330375410375,0.0,0.0,0.0011361979349204733,0.0010825576210823542,0.03312156029362849,0,2
8844,0.0,0.0,0.0,0.10424710424710425,0.0,0.6000000000000001,0.5294117647058824,0.0,0.0,0.0,0.0,1.0,0.0,0.0,0.0,0.0,0.009770786935533304,0.0,0.0008043294090493882,9.89901386388269e-06,0.0,1.994423094422222e-05,0.0,0.6540873427628688,0.4939778013885025,0.580754716981132,0.2450980392156863,0.40287476084280827,0.12851682436242873,0.24242424242424243,0.9499999999999957,0.0,0.0,0.0,0.8,0.0,0.0,0.0,0.0,0.0,0.0,0.0036354330375410375,0.0031365353695917645,0.00025187371663244355,4.1442803047939096e-06,0.0010833646398599544,0.03312156029362849,0,1
3956,0.8000000000000114,0.0,0.0,0.03861003861003861,0.0,0.6000000000000001,0.029411764705882346,0.0,0.0,0.0,0.0,0.0,0.0,0.0,0.0,0.0,0.009770786935533304,0.0,0.0008043294090493882,9.89901386388269e-06,0.0,1.354545684961759e-05,0.0,0.6540961939509087,0.4939889796669231,0.3769811320754717,0.2450980392156863,0.3962941298334126,0.13409361488815089,0.020202020202020204,0.9499999999999957,0.0,1.0,0.0,0.2,0.00015651767182274778,0.0,0.0,0.0,0.00019447040730899458,0.0,0.003638164698698183,0.0,0.0012833675564681726,0.001207878635007094,0.0011290211534515347,0.03312156029362849,0,2
8253,0.8000000000000114,0.0,0.0,0.10231660231660232,0.0,0.6000000000000001,0.029411764705882346,0.0,0.0,0.0,0.0,0.0,0.0,0.0,0.0,0.0,0.009770786935533304,0.0,0.0008043294090493882,9.89901386388269e-06,0.015675090628565314,0.0036074127720361936,0.0,0.6542561103846143,0.4941749073892423,0.2788679245283019,0.23995098039215687,0.3931256778659258,0.130897925935209,0.020202020202020204,0.6999999999999957,0.0,1.0,0.0,0.35000000000000003,1.537681746599539e-05,0.0,0.0,0.0,0.00015282165448410648,0.0,0.003675026222023127,0.0,0.0,0.0027136338124155476,0.0011475040694132526,0.03312156029362849,0,2
10570,0.4000000000000341,0.0,0.0,0.15830115830115832,0.0,0.6000000000000001,0.0,0.0,0.09999999999999999,0.0,0.0,0.0,0.0,0.0,0.0,0.0,0.009943163455274847,0.0,0.0008043294090493882,9.89901386388269e-06,0.01965305924729488,0.013974590218767438,0.0,0.65377351173979,0.49359432592217706,0.580754716981132,0.23970588235294119,0.40287476084280827,0.12789021868538128,0.020202020202020204,0.10000000000000142,0.0,1.0,0.0,0.5,0.0004964030433172551,0.0,0.0,0.0,0.0,2.1683280275551124e-07,0.0037037838565134704,0.0,0.006416837782340863,0.0013761312989862887,0.001108955973108036,0.03312156029362849,1,2
7841,0.20000000000004547,0.0,0.0,0.0694980694980695,0.0,0.8,0.029411764705882346,0.0,0.0,0.0,0.0,0.0,0.0,0.0,0.0,0.0,0.012415217924087963,0.00018530833366560507,0.0008230586802413598,9.89901386388269e-06,0.16049715208680676,0.048876828169231785,0.0,0.6537784722483932,0.49385739684709945,0.580754716981132,0.2450980392156863,0.4019912501980283,0.13008333855504733,0.020202020202020204,0.6000000000000014,0.0,1.0,0.0,0.10000000000000002,0.0,0.0,0.0,0.0,4.357389247068337e-05,0.0,0.004399373472447974,0.0,0.0,0.0035841373322397893,0.002026105675297534,0.033662787126169595,0,2
6903,0.6000000000000227,1.0,0.0,0.15830115830115832,0.4444444444444444,0.6000000000000001,0.5,0.0,0.0,0.0,0.0,1.0,0.0,0.0,0.0,0.0,0.009770786935533304,0.0,0.0008043294090493882,9.89901386388269e-06,0.0007974735344345168,0.00030381711805031844,1.4332190912003414e-05,0.6541193127305847,0.494012006602166,0.39358490566037735,0.1746323529411765,0.39683032939714113,0.09167241055203962,0.24242424242424243,0.5499999999999972,0.0,0.0,0.0,0.55,0.0,0.0074690775395925444,0.0,0.0,0.0,0.0,0.0036366196237156666,0.015217178234993307,0.0,8.523914799736609e-05,0.0010930892136516283,0.03312156029362849,0,0
10487,0.8000000000000114,0.0,0.0,0.03474903474903475,0.0,0.6000000000000001,0.5588235294117647,0.0,0.0,0.0,0.0,0.0,0.0,0.0,0.0,0.0,0.009770786935533304,0.0,0.0008043294090493882,9.89901386388269e-06,0.018236332691787684,0.007811490453153702,0.0,0.6539951751082298,0.4938705893661258,0.580754716981132,0.2450980392156863,0.40287476084280827,0.13384297261733194,0.020202020202020204,0.0,0.0,1.0,0.0,0.9,4.589284153206571e-06,0.0,0.0,0.0,0.0,0.00016320282287398145,0.0036357868145573645,0.0,0.0,0.0032836258461878508,0.0010830429922432324,0.03312156029362849,1,2
484,0.0,0.0,1.0,0.07722007722007722,0.0,0.6000000000000001,0.23529411764705882,0.0,0.0,0.0,0.0,0.0,0.0,0.0,0.0,0.0,0.010199245073916554,0.0,0.0008043294090493882,9.89901386388269e-06,0.0010555860020620078,0.001101004649083334,0.0004317490955767705,0.6541894884215882,0.49404286885184856,0.32358490566037734,0.08088235294117647,0.3945697607818765,0.04975249075756627,0.020202020202020204,0.9499999999999957,0.0,1.0,0.0,0.45,0.00024505148046471064,0.0,0.0,0.0,3.473077133349368e-05,0.0,0.0036508441297872347,0.0,0.0,0.0006043997930929685,0.0017137338424889302,0.03312156029362849,0,4
3152,0.6000000000000227,0.0,0.0,0.05791505791505792,0.0,0.0,0.4411764705882353,0.0,0.0,0.0,0.0,0.0,0.0,0.0,0.0,0.0,0.009770786935533304,0.0,0.0018540574954317188,2.394792106538491e-05,0.1867002670777186,0.04508933561196172,0.0,0.6520293562289506,0.4968754299306128,0.5756603773584905,0.24362745098039218,0.3912185135085732,0.09041919919794475,0.030303030303030304,0.3999999999999986,0.0,1.0,0.0,0.6,0.0037215021153375227,0.0,0.0,0.0,0.003109022270250196,0.0,0.004703763452885416,0.0,0.0,0.015643379051737502,0.001997854020337408,0.033624606747556754,0,2
9651,0.20000000000004547,1.0,1.0,0.04247104247104247,0.0,0.8,0.23529411764705882,0.0,0.0,0.0,0.0,0.0,0.0,0.0,0.0,0.0,0.009770786935533304,0.0,0.0008043294090493882,9.89901386388269e-06,0.0,0.0,0.0,0.654037159193801,0.4939201635966142,0.20339622641509433,0.2450980392156863,0.39068840712170516,0.1342189360235604,0.020202020202020204,0.3999999999999986,0.0,1.0,0.0,0.10000000000000002,0.0,0.0,0.0,0.0,0.0,0.0,0.0036354330375410375,0.0,0.0,0.0010239698009875666,0.0010825576210823542,0.03312156029362849,1,4
10675,0.0,1.0,1.0,0.03474903474903475,0.0,0.6000000000000001,0.23529411764705882,0.0,0.0,0.0,0.0,0.0,0.0,0.0,0.0,0.0,0.009770786935533304,0.0,0.0008043294090493882,9.89901386388269e-06,0.0,0.0,0.0,0.6540573928473138,0.49394206521223555,0.20339622641509433,0.2450980392156863,0.39068840712170516,0.13014599912275207,0.020202020202020204,0.5,0.0,1.0,0.0,0.25000000000000006,0.0,0.0,0.0,0.0,0.0,0.0,0.0036354330375410375,0.0,0.0005492043121149897,0.00016413396565159087,0.0010825576210823542,0.03312156029362849,1,4
10604,0.6000000000000227,1.0,1.0,0.03474903474903475,0.0,0.4,0.23529411764705882,0.0,0.0,0.0,0.0,0.0,0.0,0.0,0.0,0.0,0.009770786935533304,0.0,0.0008043294090493882,9.89901386388269e-06,0.00023063831140943868,5.3018413926724066e-05,0.00020671847438329658,0.6537882133593631,0.493622354881788,0.580754716981132,0.2450980392156863,0.40287476084280827,0.13246444012782757,0.020202020202020204,0.10000000000000142,0.0,1.0,0.0,0.5,0.0,0.0,0.0,0.0,0.0,0.0,0.0036354330375410375,0.0,0.0,0.005106316139004278,0.0010915132444227714,0.03312156029362849,1,4
2401,0.0,0.0,0.0,0.23938223938223938,0.0,0.0,0.7941176470588235,0.4444444444444444,0.0,0.0,0.0,0.0,0.0,0.0,0.0,0.0,0.01028728441741996,0.016950583869654846,0.0008894766369496084,9.89901386388269e-06,0.0,0.0,0.001518233558992483,0.651406169640328,0.4946182759448003,0.580754716981132,0.2450980392156863,0.39697656564179434,0.1285794849301335,0.020202020202020204,0.14999999999999858,1.0,1.0,0.0,0.45,0.0033411821633452365,0.0,0.003978758849429277,0.017345920739773833,0.0019200685462405006,0.0,0.003999026678934979,0.0,0.0,0.0029873609683494663,0.002285872731866755,0.03315114921897936,0,2
11179,0.20000000000004547,0.0,1.0,0.04247104247104247,0.0,0.6000000000000001,0.2647058823529412,0.0,0.0,0.0,0.0,0.0,0.0,0.0,0.0,0.0,0.009770786935533304,0.0,0.0008043294090493882,9.89901386388269e-06,0.0,0.0,0.0,0.6540404723841585,0.4939240453476371,0.20339622641509433,0.2450980392156863,0.39068840712170516,0.1342189360235604,0.020202020202020204,0.3999999999999986,0.0,1.0,0.0,0.10000000000000002,0.0,0.0,0.0,0.0,0.0,0.0,0.0036354330375410375,0.0,0.0,0.000972805846607395,0.0010825576210823542,0.03312156029362849,1,4
3669,0.6000000000000227,1.0,1.0,0.20463320463320464,0.0,0.6000000000000001,0.6176470588235294,0.0,0.0,0.0,0.0,0.0,0.0,0.0,0.0,0.0,0.009998425073966217,0.0,0.0008043294090493882,9.89901386388269e-06,0.0,0.0001352883665716407,0.001256208921499589,0.6538141841332987,0.493658311541513,0.580754716981132,0.2450980392156863,0.40281992225106333,0.1336549909142177,0.030303030303030304,0.9499999999999957,0.0,1.0,0.0,0.45,0.0023454093353276625,0.0,0.0029641839118698917,0.012922748309006764,0.0028852521766247075,0.0,0.0037443955732712007,0.0,0.0,0.002778458542615225,0.0021525279599728907,0.03312156029362849,0,4
8650,0.8000000000000114,0.0,1.0,0.03474903474903475,0.0,0.8,0.32352941176470584,0.0,0.0,0.0,0.0,0.0,0.0,0.0,0.0,0.0,0.010476591580142929,0.0,0.0008043294090493882,9.89901386388269e-06,0.059609881441785875,0.02498388880094037,0.0,0.6538618712134322,0.4941224998686823,0.580754716981132,0.2450980392156863,0.3915901972970668,0.10689892850429226,0.020202020202020204,0.29999999999999716,1.0,1.0,0.0,0.10000000000000002,0.0,0.0,8.014577457866762e-05,0.0003494060097833683,0.0,0.0,0.0037561428549298856,0.0,0.0,0.011421073716513831,0.001152248830265131,0.033130489055679044,0,4
5280,0.8000000000000114,1.0,0.0,0.10231660231660232,0.0,0.6000000000000001,0.1764705882352941,0.0,0.0,0.0,0.0,0.0,0.0,0.0,0.0,0.0,0.009770786935533304,0.0,0.0008043294090493882,9.89901386388269e-06,0.0,0.0010839689518184776,0.0,0.6540560622700663,0.4939423105389002,0.3920754716981132,0.22965686274509806,0.3967815839822567,0.1263237044927627,0.24242424242424243,0.19999999999999574,0.0,1.0,0.0,0.55,5.993903814890653e-05,0.0,0.0,0.0,0.0,0.0,0.0036502912795774805,0.0,0.0,0.0014690450401406805,0.001093519316343922,0.03312156029362849,0,3
4028,0.4000000000000341,0.0,0.0,0.10424710424710425,0.0,1.0,0.029411764705882346,0.0,0.0,0.0,0.0,0.0,0.0,0.0,0.0,0.0,0.0108025327940911,1.3934680372805186e-05,0.0008043294090493882,9.89901386388269e-06,0.0,0.0,0.0,0.6535194105811559,0.49331823638067407,0.580754716981132,0.2450980392156863,0.3994503954471783,0.1339682937527414,0.020202020202020204,0.0,0.0,0.0,0.0,0.2,1.2247142917728778e-05,0.0,1.4617782784788433e-05,0.0,0.0,8.203507704250175e-06,0.003905259278337827,0.0,0.005261806981519507,0.0005885901311894954,0.0010857815324695607,0.03312156029362849,0,2
9663,0.20000000000004547,1.0,1.0,0.04247104247104247,0.0,0.8,0.23529411764705882,0.0,0.0,0.0,0.0,0.0,0.0,0.0,0.0,0.0,0.009770786935533304,0.0,0.0008043294090493882,9.89901386388269e-06,0.0,0.0,0.0,0.6540421289793372,0.49392598622314854,0.20339622641509433,0.2450980392156863,0.39068840712170516,0.1342189360235604,0.020202020202020204,0.3999999999999986,0.0,1.0,0.0,0.10000000000000002,0.0,0.0,0.0,0.0,0.0,0.0,0.0036354330375410375,0.0,0.0,0.0009472238694173092,0.0010825576210823542,0.03312156029362849,1,4
8,0.0,0.0,0.0,0.03581081081081081,0.0,0.0,0.7941176470588235,0.2222222222222222,0.0,0.0,0.0,0.0,0.0,0.0,0.0,0.0,0.009770786935533304,0.0,0.0008043294090493882,9.89901386388269e-06,0.0,1.994423094422222e-06,1.26140678739939e-06,0.654104345061826,0.4939988715330547,0.3950943396226415,0.2099264705882353,0.39688516798888607,0.11604737138918482,0.24242424242424243,0.29999999999999716,0.0,0.0,0.0,0.55,0.0,0.00012089968711160975,0.0,0.0,0.0,0.0,0.003635575176586443,0.0007983065643954809,0.0,1.2074693233720526e-05,0.001083219454797637,0.033121585095745296,0,2
4381,0.6000000000000227,1.0,0.0,0.015444015444015444,0.35185185185185186,0.6000000000000001,0.5,0.0,0.0,0.0,0.0,1.0,0.0,0.0,0.0,0.0,0.009770786935533304,0.0,0.0008043294090493882,9.89901386388269e-06,0.0016307357723636016,0.0021103489367855135,0.0,0.6540983442114506,0.4939918114042943,0.580754716981132,0.2450980392156863,0.40287476084280827,0.13415627545585562,0.25252525252525254,0.7999999999999972,0.0,1.0,1.0,0.5,0.00012225418495701764,0.0,0.0,0.0,0.0,0.0,0.0036441113722967115,0.0,0.0,0.000613174411269168,0.001104196540088713,0.03312156029362849,0,0
1293,0.4000000000000341,0.0,0.0,0.10424710424710425,0.0,0.4,0.029411764705882346,0.0,0.0,0.0,0.0,0.0,0.0,0.0,0.0,0.0,0.009770786935533304,0.0,0.0008043294090493882,9.89901386388269e-06,0.0,0.0,0.0,0.6540252648404179,0.49390622811044205,0.20339622641509433,0.23247549019607844,0.39068840712170516,0.1277648975499718,0.25252525252525254,0.9499999999999957,0.0,1.0,1.0,0.75,0.0,0.0,0.0,0.0,0.0,0.0,0.0036354330375410375,0.0,0.001129363449691992,1.995394220826697e-05,0.0010825576210823542,0.03312156029362849,0,2
6582,0.6000000000000227,1.0,0.0,0.03474903474903475,0.1111111111111111,0.6000000000000001,0.5,0.0,0.0,0.0,0.0,1.0,0.0,0.0,0.0,0.0,0.010282573936306019,5.456022072359118e-06,0.0010895102435935875,5.9222014435150933e-05,0.007170031768800637,0.0016482244856154311,0.0005286599342776615,0.6539511673259883,0.4942075152623599,0.580754716981132,0.24497549019607845,0.3962697571259704,0.1325271006955323,0.020202020202020204,0.29999999999999716,0.0,1.0,0.0,0.2,0.00047650483051688757,0.0,0.0018289366571147018,0.007973489093697947,0.0,0.0005563206942697233,0.0038201219166328552,0.0,0.0,0.0005371191930830427,0.0011842622108583305,0.03312949697100676,0,0
5115,0.6000000000000227,1.0,1.0,0.10231660231660232,0.0,0.6000000000000001,0.23529411764705882,0.0,0.0,0.0,0.0,0.0,0.0,0.0,0.0,0.0,0.009770786935533304,5.520403132812955e-05,0.0008043294090493882,9.89901386388269e-06,0.0011625906104902111,0.005114947328532591,0.0,0.6540758748170846,0.4940258361165352,0.580754716981132,0.2450980392156863,0.3935278275387222,0.0590262547778683,0.25252525252525254,0.44999999999999574,0.0,1.0,1.0,0.45,0.0003618202488599074,0.0,0.0,0.0,0.0,0.0,0.0036354330375410375,0.0,0.0,0.0019184180514617286,0.0011174016394934782,0.03312156029362849,0,4
7687,0.0,1.0,1.0,0.10231660231660232,0.0,0.4,0.2941176470588235,0.0,0.0,0.0,0.0,0.0,0.0,0.0,0.0,0.0,0.009770786935533304,0.0,0.0008043294090493882,9.89901386388269e-06,0.0,0.0001971154824987296,0.0,0.6541232766315282,0.49402014391683524,0.3937735849056604,0.20196078431372552,0.39689126116574663,0.11141048937903379,0.24242424242424243,0.14999999999999858,0.0,1.0,0.0,0.55,0.0001270335578029606,0.0,0.0,0.0,0.0,0.0,0.0036354330375410375,0.0,0.0,9.224860974744961e-05,0.0010920252336712101,0.03312924398941533,0,4
2484,0.4000000000000341,0.0,0.0,0.015444015444015444,0.0,0.6000000000000001,0.5588235294117647,0.0,0.0,0.0,0.0,0.0,0.0,0.0,0.0,0.0,0.009770786935533304,0.0,0.0008043294090493882,9.89901386388269e-06,0.00010989662487220902,0.0,0.0,0.6541114376084242,0.49400718857279635,0.4613207547169811,0.2450980392156863,0.39901777989007914,0.1342189360235604,0.25252525252525254,0.8999999999999986,0.0,0.0,0.0,0.25000000000000006,0.0,0.0,0.0,0.0,0.0,0.0,0.0036457330138920845,0.007824192133606366,0.0,3.742643262909561e-05,0.00108814266092925,0.03312156029362849,0,2
10575,0.6000000000000227,0.0,0.0,0.02316602316602317,0.0,0.6000000000000001,0.0,0.0,0.0,0.0,0.0,0.0,0.0,0.0,0.0,0.0,0.009770786935533304,0.0,0.0008043294090493882,9.89901386388269e-06,0.0,0.0,0.0,0.6537421451040383,0.49357452355750886,0.20339622641509433,0.2450980392156863,0.39068840712170516,0.1342189360235604,0.020202020202020204,0.10000000000000142,0.0,1.0,0.0,0.75,0.0,0.0,0.0,0.0,0.0,0.0,0.0036354330375410375,0.0,0.0,0.005579736208884007,0.0010825576210823542,0.03312156029362849,1,2
238,0.8000000000000114,1.0,0.0,0.10231660231660232,0.0,0.6000000000000001,0.1764705882352941,0.0,0.0,0.0,0.0,0.0,0.0,0.0,0.0,0.0,0.009770786935533304,0.0,0.0008043294090493882,9.89901386388269e-06,0.0008748349743116639,0.00020110432868757403,0.0,0.6540809304142511,0.4939714461857278,0.28320754716981134,0.05441176470588237,0.3932658209337185,0.036719092674979636,0.24242424242424243,0.14999999999999858,0.0,0.0,0.0,0.45,0.0,0.051513779725816326,0.0,0.0,0.0,0.0,0.0036354330375410375,0.0387757177943043,0.0,8.859038700926733e-05,0.0010932750941513518,0.03312156029362849,0,3
9401,0.4000000000000341,0.0,0.0,0.02316602316602317,0.0,0.6000000000000001,0.029411764705882346,0.0,0.0,0.0,0.0,0.0,0.0,0.0,0.0,0.0,0.009770786935533304,0.0,0.0008043294090493882,9.89901386388269e-06,0.0017955807096719152,0.00047409098973661567,4.1713417555724655e-05,0.6539177776562043,0.4938125979467194,0.5649056603773585,0.24448529411764708,0.39665972044504566,0.1335296697788082,0.020202020202020204,0.14999999999999858,0.0,1.0,0.0,0.2,0.0,0.0,0.0,4.395044148218469e-07,1.565154183573397e-08,0.0,0.003651971033268765,0.0,0.0,0.0030251967126136035,0.0010920710346263422,0.03312156029362849,1,2
7751,0.6000000000000227,0.0,0.0,0.03474903474903475,0.0,0.6000000000000001,0.5294117647058824,0.0,0.0,0.0,0.0,1.0,0.0,0.0,0.0,0.0,0.010403947834657297,0.0,0.0008043294090493882,0.00023154380485703515,0.01217683523748516,0.0028027461543990947,0.0004981686874512142,0.6540126793555262,0.4942197319091791,0.580754716981132,0.24301470588235294,0.39543499189607484,0.1228147127012971,0.020202020202020204,0.29999999999999716,1.0,1.0,0.0,0.10000000000000002,0.0,0.0,7.056860654725451e-07,3.0765309037529285e-06,0.0,3.613880045925187e-08,0.0039009982481700333,0.0,0.0,0.0011829873712011405,0.0011634512283818076,0.03312156029362849,0,1
10345,0.0,0.0,1.0,0.03861003861003861,0.0,0.8,0.32352941176470584,0.0,0.0,0.0,0.0,0.0,0.0,0.0,0.0,0.0,0.009770786935533304,0.0,0.0008043294090493882,9.89901386388269e-06,0.0,0.0,9.177821797974872e-06,0.6540847740463847,0.4939759494050895,0.580754716981132,0.2450980392156863,0.40287476084280827,0.1342189360235604,0.020202020202020204,0.0,0.0,1.0,0.0,0.8,0.0001466805819736408,0.0,0.0,0.0,0.0002108732231528438,0.0,0.0036354330375410375,0.0,0.0,0.0002993347151011946,0.0011833805920401746,0.03312156029362849,1,4
5623,0.0,1.0,1.0,0.10231660231660232,0.0,0.6000000000000001,0.23529411764705882,0.0,0.0,0.0,0.0,0.0,0.0,0.0,0.0,0.0,0.009770786935533304,0.0,0.0010245114073503423,9.89901386388269e-06,0.0,0.0,0.0,0.6540814108268529,0.49394297587102554,0.580754716981132,0.2450980392156863,0.40280164272048163,0.1295820540134094,0.020202020202020204,0.9499999999999957,0.0,1.0,0.0,0.4,0.00013685028100641724,0.0,2.520307376687661e-05,0.00010987610370546173,8.132541137847371e-05,0.0,0.00365516327205094,0.0,0.0,0.0003377076808863234,0.0012174418304908628,0.03312156029362849,0,4
3386,0.20000000000004547,0.0,1.0,0.10231660231660232,0.0,0.6000000000000001,0.6176470588235294,0.0,0.0,0.0,0.0,0.0,0.0,0.0,0.0,0.0,0.010283762843679826,0.0,0.0009654073791924972,1.2986129639428926e-05,0.00037343162333221025,0.0010463242159112582,0.0,0.6540723661484962,0.49398421947564375,0.580754716981132,0.24485294117647063,0.40174142994674567,0.13146187104455168,0.020202020202020204,0.5,0.0,1.0,0.0,0.10000000000000002,6.218615805232573e-06,0.0,0.0,0.0,1.4289857696025115e-05,0.0,0.003665483666165415,0.0,0.0,0.00039872069648467823,0.0011314294212059538,0.03317292547753599,0,4
364,0.20000000000004547,0.0,0.0,0.06756756756756757,0.0,0.6000000000000001,0.5294117647058824,0.0,0.0,0.0,0.0,1.0,0.0,0.0,0.0,0.0,0.01041732680497773,0.00024045780477301103,0.0008051403350293903,9.89901386388269e-06,0.0006217835354611827,0.0006253347410636341,0.0,0.6538333022356182,0.4940359768029074,0.580754716981132,0.24497549019607845,0.394453990421526,0.10595901998872112,0.030303030303030304,0.14999999999999858,1.0,1.0,0.0,0.2,0.00016943012516505384,0.0,0.0,0.0,0.00034175141598325126,0.0,0.003740058761789144,0.0,0.0,0.0010832944060913759,0.0011833862428073663,0.03312181823564329,0,1
3655,0.6000000000000227,1.0,0.0,0.15830115830115832,0.4444444444444444,0.6000000000000001,0.5,0.0,0.0,0.0,0.0,1.0,0.0,0.0,0.0,0.0,0.009906472870751547,0.0,0.0008043294090493882,9.89901386388269e-06,0.000293901171122059,6.756108232355276e-05,0.0,0.6541066550181431,0.49399754475055513,0.2911320754716981,0.06715686274509805,0.3935217343618616,0.041982580362178085,0.24242424242424243,0.29999999999999716,0.0,0.0,1.0,0.5,0.0,0.0018544960701293877,0.0,0.0,0.0,0.0,0.00364270254662015,0.024840958502347226,0.0,4.709642000694807e-05,0.0010974259296305134,0.03312156029362849,0,0
6198,0.20000000000004547,0.0,0.0,0.0501930501930502,0.0,0.6000000000000001,0.5588235294117647,0.0,0.0,0.0,0.0,0.0,0.0,0.0,0.0010705148592215987,0.0,0.009770786935533304,0.0,0.00085112919493374,9.89901386388269e-06,0.0019246369434856607,0.0022867722796796127,0.0,0.6540933581912817,0.4939690950091333,0.580754716981132,0.2450980392156863,0.40282601542792384,0.12751425527915283,0.020202020202020204,0.7999999999999972,0.0,1.0,0.0,0.4,2.6476639345422523e-07,0.0,0.00012349506145769537,0.0,2.3978162092344443e-05,0.0,0.003642832513537358,0.0,0.0,0.0003737782687243445,0.0011300104838232637,0.03312156029362849,0,2
10812,0.8000000000000114,0.0,0.0,0.015444015444015444,0.0,0.6000000000000001,0.0,0.0,0.0,0.0,0.0,0.0,0.0,0.0,0.0,0.0,0.009770786935533304,0.0,0.0008043294090493882,9.89901386388269e-06,0.0,5.1439495643639805e-05,0.0,0.6540976474475184,0.4939781717075501,0.580754716981132,0.2450980392156863,0.4029235062576927,0.1326524218309418,0.020202020202020204,0.5,0.0,1.0,0.0,0.8,0.0,0.0,0.0,0.0,1.4555933907232592e-06,0.0,0.0037420899366009757,0.0,0.0,0.00010388840936893868,0.001204018284322822,0.03315975555351142,1,2
7092,0.6000000000000227,0.0,0.0,0.10231660231660232,0.0,0.6000000000000001,0.0,0.0,0.0,0.0,0.0,0.0,0.0,0.0,0.0,0.0,0.012528916597620995,0.0,0.000848727606454503,9.89901386388269e-06,0.014666861395773896,0.01800315866757579,0.0,0.6540725771987219,0.49393881773932985,0.580754716981132,0.24497549019607845,0.40294178578827433,0.13133654990914218,0.020202020202020204,0.5,0.0,1.0,0.0,0.5,3.217930012751353e-05,0.0,0.0001660378499761831,0.0,0.0,0.00046167317586694265,0.003659869566521192,0.0,0.0,0.004977817867578477,0.0012001011130238464,0.03319059450554936,0,2
580,0.0,1.0,1.0,0.015444015444015444,0.0,0.6000000000000001,0.23529411764705882,0.0,0.0,0.0,0.0,0.0,0.0,0.0,0.0,0.0,0.009770786935533304,0.0,0.0008043294090493882,9.89901386388269e-06,0.0,0.0,3.1535169684984748e-06,0.6541079653849295,0.4940031204977244,0.2792452830188679,0.09509803921568628,0.39313786421964686,0.057522401152954455,0.24242424242424243,0.7999999999999972,0.0,0.0,0.0,0.05,0.0,0.0,0.0,0.0,0.0,0.0,0.0036354330375410375,0.0025960410451297314,0.0,1.4172415363307567e-05,0.00108457578762802,0.03312156029362849,0,4
11792,0.20000000000004547,0.0,1.0,0.06756756756756757,0.0,0.6000000000000001,0.2941176470588235,0.0,0.0,0.0,0.0,0.0,0.0,0.0,0.0,0.0,0.009770786935533304,0.0,0.0008043294090493882,9.89901386388269e-06,0.0,0.0,0.0,0.6540809410164602,0.4939714586073311,0.20339622641509433,0.2450980392156863,0.39068840712170516,0.1342189360235604,0.020202020202020204,0.75,0.0,1.0,0.0,0.6,0.0,0.0,0.0,0.0,0.0,0.0,0.0036354330375410375,0.0,0.0,0.000179662225805973,0.0010825576210823542,0.03312156029362849,1,4
1158,0.8000000000000114,0.0,1.0,0.02316602316602317,0.0,0.6000000000000001,0.23529411764705882,0.0,0.0,0.0,0.0,0.0,0.0,0.0,0.0,0.0,0.009770786935533304,0.0,0.0008043294090493882,9.89901386388269e-06,0.0,0.0,0.0,0.6541001614963616,0.4939934161201672,0.580754716981132,0.24448529411764708,0.40287476084280827,0.12770223698226707,0.020202020202020204,0.75,0.0,1.0,0.0,0.8,0.0,0.0,0.0,0.0,0.0,0.0,0.003640729876553527,0.0,0.0,5.072906076794026e-05,0.0010836128770713184,0.03312156029362849,0,4
2651,0.8000000000000114,1.0,0.0,0.15830115830115832,0.0,0.6000000000000001,0.0,0.0,0.0,0.0,0.0,0.0,0.0,0.0,0.0,0.0,0.009770786935533304,0.0,0.0008043294090493882,9.89901386388269e-06,0.0,0.0,0.0,0.6541031241511792,0.4939967206548129,0.3920754716981132,0.20637254901960786,0.3967815839822567,0.11366626981640454,0.020202020202020204,0.5,0.0,1.0,0.0,0.55,0.0,0.0,0.0003744168638807189,0.0016182552553740404,0.0,1.2648580160738157e-06,0.003658439145133312,0.0,0.0,0.0004848552136836973,0.0010975314106180898,0.03312156029362849,0,3
4029,0.0,0.0,0.0,0.05791505791505792,0.0,0.2,0.5294117647058824,0.0,0.0,0.0,0.0,1.0,0.0,0.0,0.0,0.0,0.015093916534037025,0.0,0.001958604567930451,9.89901386388269e-06,0.09094198759614147,0.02090545977477146,0.0,0.653293342657455,0.49582463449426545,0.580566037735849,0.2422794117647059,0.392918509852667,0.05319882198132715,0.020202020202020204,0.0,1.0,1.0,0.0,0.10000000000000002,0.0012621549753600587,0.0,0.0,0.0,0.0017072545319000258,0.0,0.0047421869351126356,0.0,0.0,0.00822969648007343,0.002308476692859545,0.03349067035637507,0,1
2344,0.4000000000000341,0.0,0.0,0.015444015444015444,0.0,1.0,0.5588235294117647,0.0,0.0,0.0,0.0,0.0,0.0,0.0,0.0,0.0,0.009770786935533304,0.0,0.0008043294090493882,9.89901386388269e-06,0.0,0.0,0.0,0.654103186439158,0.493997521460049,0.20339622641509433,0.2450980392156863,0.39068840712170516,0.1342189360235604,0.25252525252525254,0.3500000000000014,0.0,1.0,0.0,0.45,0.0,0.0,0.0,0.0,0.0,0.0,0.0036354330375410375,0.0,0.0,4.348936122314596e-06,0.0010825576210823542,0.03312156029362849,0,2
7885,0.0,0.0,0.0,0.02895752895752896,0.0,0.6000000000000001,0.7941176470588235,0.1111111111111111,0.0,0.0,0.0,1.0,0.0,0.0,0.0,0.0,0.009770786935533304,0.0,0.0010937831997189832,9.89901386388269e-06,0.0,0.005375302643316958,0.0,0.6535254276661641,0.49373233226359337,0.580754716981132,0.2450980392156863,0.3952887556514216,0.13108590763832323,0.030303030303030304,0.3999999999999986,1.0,1.0,0.0,0.45,0.0,0.0,0.0007568987113668384,0.0,0.0,0.0004805376297066722,0.0037706272948358696,0.0,0.0,0.01058034761813885,0.0011787446828089344,0.03312156029362849,0,1
11387,0.20000000000004547,0.0,1.0,0.015444015444015444,0.0,0.6000000000000001,0.2941176470588235,0.0,0.0,0.0,0.0,0.0,0.0,0.0,0.0,0.0,0.009770786935533304,0.0,0.0008043294090493882,9.89901386388269e-06,0.0002902861505670521,8.010932762595924e-05,0.0,0.6537760281078665,0.4936137067286841,0.580754716981132,0.2450980392156863,0.40287476084280827,0.13403095432044615,0.020202020202020204,0.6999999999999957,0.0,1.0,0.0,0.10000000000000002,0.0,0.0,2.429576311126905e-05,0.00010592056397206511,0.0,0.0,0.0036354330375410375,0.0,0.0,0.002613608281602312,0.0010833261254204116,0.03312156029362849,1,4
3040,0.4000000000000341,1.0,0.0,0.03861003861003861,0.537037037037037,0.6000000000000001,0.5,0.0,0.0,0.0,0.0,1.0,0.0,0.0,0.0,0.0,0.010808823468549977,0.0,0.0008043294090493882,9.89901386388269e-06,0.010678770719490312,0.0026265721143917987,0.0,0.654021317505426,0.4942421199082036,0.580377358490566,0.24497549019607845,0.3955385759027042,0.12939407231029515,0.020202020202020204,0.5,0.0,1.0,0.0,0.25000000000000006,0.00013622570387314062,0.0,0.0,0.0,0.0,0.00022080807080602895,0.0037677601696713627,0.0,0.0,0.0008516751846123384,0.0011635196324057057,0.03312156029362849,0,0
3571,0.0,0.0,0.0,0.0,0.0,0.0,0.7941176470588235,0.3333333333333333,0.0,0.0,0.0,0.0,0.0,0.0,0.0,0.0,0.009770786935533304,0.0,0.0008043294090493882,9.89901386388269e-06,0.00548904721072244,0.00463828020896568,0.0,0.6540488603881863,0.49393363249631345,0.28660377358490563,0.11973039215686275,0.3933754981172084,0.07005451469390313,0.020202020202020204,0.14999999999999858,0.0,1.0,0.0,0.75,6.289220176820366e-05,0.0,0.0006265484138445525,0.0,0.0,0.0001241367795775302,0.0036354330375410375,0.0,0.0,0.0028148105322023374,0.0011340644136019025,0.03312156029362849,0,2
11541,0.20000000000004547,0.0,0.0,0.20463320463320464,0.0,0.8,0.029411764705882346,0.0,0.0,0.0,0.0,0.0,0.0,0.0,0.0,0.0,0.009770786935533304,0.0,0.0008043294090493882,0.0007132856912082586,0.00017677450513983622,0.0028302525729096677,0.0,0.6539396132372549,0.4938127986332473,0.580754716981132,0.2450980392156863,0.40276508365931835,0.13340434864339873,0.020202020202020204,0.6000000000000014,0.0,1.0,0.0,0.5,0.0,0.0,0.0,0.0,1.8374910115151683e-05,0.0,0.0036354330375410375,0.0,0.0,0.0010983877726335265,0.001539423833839577,0.03312156029362849,1,2
10291,0.8000000000000114,0.0,0.0,0.015444015444015444,0.0,0.6000000000000001,0.0,0.0,0.0,0.0,0.0,0.0,0.0,0.0,0.0,0.0,0.010234325366174066,0.0,0.000979224310313302,9.89901386388269e-06,0.003669245863331979,0.0010168233743062627,3.558037076181728e-05,0.6540782682657988,0.4939501567222428,0.580754716981132,0.2450980392156863,0.4028442949585055,0.13258976126323704,0.25252525252525254,0.14999999999999858,0.0,1.0,0.0,0.4,0.0,0.0,0.0,0.0,0.0,0.0,0.003640573994782737,0.0,0.0,0.00048349936889262275,0.0013430171940413457,0.03312156029362849,1,2
3476,0.0,0.0,0.0,0.03861003861003861,0.0,0.0,0.7941176470588235,0.4444444444444444,0.0,0.0,0.0,0.0,0.0,0.0,0.0,0.0,0.009770786935533304,0.008674256691740143,0.000884876191486135,9.89901386388269e-06,0.008134519252876471,0.0029419402661973125,0.0,0.653984136551916,0.4940101604413795,0.580754716981132,0.2450980392156863,0.40169268453186124,0.1336549909142177,0.020202020202020204,0.29999999999999716,0.0,1.0,0.0,0.45,0.0,0.0,0.0,0.0,0.0,9.378018719175861e-05,0.003635403981493082,0.0,0.0,0.0021728052326399423,0.0013298066421419217,0.03312156029362849,0,2
7334,0.6000000000000227,0.0,0.0,0.10231660231660232,0.0,0.6000000000000001,0.0,0.0,0.0,0.0,0.0,0.0,0.0,0.0,0.0,0.0,0.009770786935533304,0.0,0.0008043294090493882,9.89901386388269e-06,0.0,0.0,0.0002042609059871564,0.6540824389098208,0.4939706465450171,0.5790566037735849,0.2334558823529412,0.4028077358973422,0.1251331537063726,0.020202020202020204,0.6000000000000014,0.0,1.0,0.0,0.0,0.0,0.0,0.0,0.0,0.00021843291785950329,0.0,0.0036829004110191586,0.0,0.0,0.0005018928104922945,0.0010938097856048234,0.03312156029362849,0,2
9838,0.20000000000004547,0.0,1.0,0.10231660231660232,0.0,0.4,0.23529411764705882,0.0,0.0,0.0,0.0,0.0,0.0,0.0,0.0,0.0,0.009770786935533304,0.0,0.0008043294090493882,9.89901386388269e-06,0.00840166927189148,0.0019537036229111014,0.0,0.6541051591126968,0.493999832654608,0.48905660377358495,0.2450980392156863,0.3999134768885802,0.1342189360235604,0.020202020202020204,0.6499999999999986,0.0,1.0,0.0,0.35000000000000003,0.0,0.0,0.0,0.0,0.0,0.0,0.003736164466064469,0.0,0.0,0.0008753129315359777,0.0011612837130506304,0.03312156029362849,1,4
4562,0.4000000000000341,0.0,0.0,0.10424710424710425,0.0,0.6000000000000001,0.5294117647058824,0.0,0.0,0.0,0.0,1.0,0.0,0.0,0.0,0.0,0.3981055287729505,0.0009321722831067,0.5723989802605802,0.12310118087745345,0.0,0.0,0.0,0.0,0.6127948665513427,0.580566037735849,0.24473039215686276,0.39809771018413587,0.10038222946299895,0.030303030303030304,0.0,1.0,0.0,0.0,0.15000000000000002,0.0,0.0,0.09153867285654159,0.0,0.0,0.08963004348581859,0.404211753623416,0.0,0.0,0.0,1.0,0.2353639087612267,0,1
3747,0.6000000000000227,1.0,1.0,0.03861003861003861,0.0,0.2,0.23529411764705882,0.0,0.0,0.0,0.0,0.0,0.0,0.0,0.0,0.0,0.010628214893954354,0.0007776359139292004,0.0008043294090493882,9.89901386388269e-06,0.027905428170264576,0.006414729479360006,0.0,0.6541260749521042,0.4942704264130127,0.3415094339622642,0.14546568627450981,0.3942833814694306,0.08189736199009964,0.020202020202020204,0.3500000000000014,0.0,1.0,0.0,0.45,0.00017054350179393827,0.0,0.0,0.0,0.0006154499280647312,0.0,0.003759803916972321,0.0,0.0,0.00262205033407504,0.0012684025804544229,0.033121575174898575,0,4
111,0.8000000000000114,0.0,0.0,0.015444015444015444,0.0,0.2,0.029411764705882346,0.0,0.0,0.0,0.0,0.0,0.0,0.0,0.0,0.0,0.009770786935533304,0.0,0.0008043294090493882,9.89901386388269e-06,0.015286837420957575,0.005130404107514363,0.0,0.6533504305839086,0.4940075965448289,0.3022641509433962,0.1487745098039216,0.3912367930391548,0.08490506923992733,0.020202020202020204,0.7999999999999972,0.0,1.0,0.0,0.45,0.0002551940699985725,0.0,0.0,0.0,0.00017420166063171908,0.0,0.003648998285443446,0.0,0.006160164271047228,0.0022542326660359856,0.0012214239360444083,0.03312156029362849,0,2
9479,0.20000000000004547,1.0,0.0,0.0694980694980695,0.0,0.6000000000000001,1.0,0.0,0.0,0.0,0.0,0.0,0.0,0.0,0.0,0.0,0.009990012425587003,0.0,0.0008043294090493882,1.039497672618356e-05,0.01762828623443553,0.01757934376001107,0.0,0.6524260282758122,0.49531747168969686,0.580754716981132,0.2450980392156863,0.39682423622028057,0.12350397894604927,0.030303030303030304,0.3999999999999986,0.0,1.0,0.0,0.6,0.0006844347048429392,0.0,0.0,0.0,0.0009404854973674185,0.0,0.0036354330375410375,0.0,0.0,0.006174824162279784,0.00216673309646617,0.03312156029362849,1,3
10170,0.4000000000000341,0.0,0.0,0.02316602316602317,0.0,0.8,0.5588235294117647,0.0,0.0,0.0,0.0,0.0,0.0,0.0,0.0,0.0,0.009770786935533304,0.0,0.0008043294090493882,9.89901386388269e-06,0.0,0.0,0.0,0.6537262699524407,0.49355591599580556,0.49735849056603776,0.2450980392156863,0.40018157667044446,0.1342189360235604,0.020202020202020204,0.14999999999999858,0.0,1.0,0.0,0.35000000000000003,6.843192938509206e-06,0.0,0.0,0.0,6.0571466904290465e-06,0.0,0.003745083887488317,0.0,0.0,0.0050597569405183215,0.001138381153623084,0.03312156029362849,1,2
2135,0.0,0.0,0.0,0.03474903474903475,0.0,1.0,0.5588235294117647,0.0,0.0,0.0,0.0,0.0,0.0,0.0,0.0,0.0,0.010116367695339927,0.0,0.000826395952543676,9.89901386388269e-06,0.0,0.0,0.0,0.6540991211545895,0.49405847426731075,0.5592452830188679,0.2450980392156863,0.39191922884753655,0.12331599724293504,0.24242424242424243,0.25,0.0,0.0,0.0,0.4,0.0,0.0,0.0,0.0,0.0,0.0,0.003635524132177872,0.01664109269137828,0.0,5.3057020692238074e-05,0.0010923385538415444,0.03312156029362849,0,2
6543,0.6000000000000227,0.0,0.0,0.33976833976833976,0.0,0.2,0.5294117647058824,0.0,0.0,0.0,0.0,1.0,0.0,0.0,0.0,0.0,0.009770786935533304,0.0,0.010983696099251102,5.914104090661202e-05,0.0,0.019278426034534266,0.0,0.6537729468408341,0.49456388756669334,0.4033962264150943,0.13161764705882356,0.3969887519955155,0.07613258976126325,0.04040404040404041,0.7999999999999972,0.0,1.0,0.0,0.45,0.00015060455570227007,0.0,0.0,0.0,9.23284452889947e-05,0.0,0.004309178002502907,0.0,0.0,0.012291602818315263,0.006648238286556524,0.03312156029362849,0,1
3037,0.4000000000000341,1.0,0.0,0.03474903474903475,0.0,0.6000000000000001,0.38235294117647056,0.0,0.0,0.0,0.0,1.0,0.0,0.0,0.0,0.0,0.01731428382665339,1.1348525910506965e-05,0.0009955675877564214,9.89901386388269e-06,0.0,0.000911118950301885,0.0,0.6508389729868745,0.4944597176725933,0.580754716981132,0.24375000000000005,0.39104181137961713,0.07657121373519646,0.25252525252525254,0.19999999999999574,1.0,1.0,0.0,0.4,0.008254682948659331,0.0,0.0,0.0,0.0,0.0,0.0036354330375410375,0.0,0.013163039014373717,0.0,0.0021001581862532927,0.03312156029362849,0,0
6023,0.20000000000004547,0.0,0.0,0.03474903474903475,0.0,0.6000000000000001,0.5294117647058824,0.0,0.0,0.0,0.0,1.0,0.0,0.0,0.0,0.0,0.009770786935533304,0.0,0.0008043294090493882,9.89901386388269e-06,0.0,4.4375913850894434e-05,0.0,0.6539729147761755,0.4938442842921441,0.20339622641509433,0.2450980392156863,0.39068840712170516,0.13371765148192244,0.020202020202020204,0.6000000000000014,0.0,1.0,0.0,0.6,0.0,0.0,0.0,0.0,0.0,7.227760091850375e-08,0.0036373652647301007,0.0,0.0004518480492813142,0.000328933062710124,0.0010825576210823542,0.03312156029362849,0,1
8908,0.8000000000000114,0.0,0.0,0.06756756756756757,0.0,0.6000000000000001,0.0,0.0,0.0,0.0,0.0,0.0,0.0,0.0,0.0,0.0,0.0100577349975127,0.0,0.0008043294090493882,9.89901386388269e-06,0.0,6.315673132337036e-06,0.0,0.6541142604466086,0.4940077572493212,0.3718867924528302,0.2416666666666667,0.39619663900364377,0.13215113728930386,0.020202020202020204,0.3999999999999986,0.0,1.0,0.0,0.75,5.227439050250089e-07,0.0,0.0,0.0,0.00010611745364627632,0.0,0.0036366722387214242,0.0,0.0,0.0011047576849538578,0.0011073291965425882,0.03315132283379701,0,2
3236,0.6000000000000227,0.0,0.0,0.06756756756756757,0.0,0.6000000000000001,0.029411764705882346,0.0,0.0,0.0,0.0,0.0,0.0,0.0,0.0,0.0,0.009770786935533304,0.0,0.0008043294090493882,9.89901386388269e-06,0.0,0.0,8.481873225616588e-07,0.6541034339344777,0.4939978114268504,0.580754716981132,0.24473039215686276,0.40287476084280827,0.13403095432044615,0.24242424242424243,0.6499999999999986,0.0,0.0,1.0,0.5,0.0,0.0070121818524733655,0.0,0.0,0.0,0.0,0.0036354330375410375,0.003260884592567454,0.0,1.458172699834894e-06,0.0010830720391693228,0.03312156029362849,0,2
11646,0.4000000000000341,0.0,1.0,0.0694980694980695,0.0,0.6000000000000001,0.23529411764705882,0.0,0.0,0.0,0.0,0.0,0.0,0.0,0.0,0.0,0.009770786935533304,0.0,0.0008043294090493882,9.89901386388269e-06,0.005532427457382523,0.0012717771265432368,0.0,0.6540648263211998,0.4941953754742109,0.580754716981132,0.2450980392156863,0.39084073654321894,0.012532113540948681,0.020202020202020204,0.6000000000000014,0.0,1.0,0.0,0.4,0.0007622217134634139,0.0,0.0,0.0,0.00015991180293569397,0.0,0.0036573267696757596,0.0,0.0,0.0005491427223623831,0.0014745057384809033,0.03312156029362849,1,4
9329,0.20000000000004547,0.0,0.0,0.20463320463320464,0.0,0.6000000000000001,0.029411764705882346,0.0,0.0,0.0,0.0,0.0,0.0,0.0,0.0,0.0,0.009770786935533304,0.0,0.0008043294090493882,9.89901386388269e-06,0.0,0.0,0.0,0.65401512449001,0.4938942901733463,0.580754716981132,0.2450980392156863,0.40287476084280827,0.1342189360235604,0.020202020202020204,0.14999999999999858,0.0,1.0,0.0,0.45,0.0002688940336393578,0.0,0.0,0.0,0.0002240518213785318,0.0,0.003636790426159731,0.0,0.0,0.0007045788157693447,0.0013952466403756862,0.03312156029362849,1,2
1157,1.0,0.0,0.0,0.03861003861003861,0.0,0.8,0.0,0.0,0.0,0.0,0.0,0.0,0.0,0.0,0.0,0.0,0.009796431216102502,0.0,0.0008043294090493882,9.89901386388269e-06,0.003198931689125584,0.03666829960057522,0.0,0.6544792733030098,0.49443790378454505,0.2792452830188679,0.24497549019607845,0.39313786421964686,0.13409361488815089,0.020202020202020204,0.29999999999999716,0.0,1.0,0.0,0.75,0.00016770574916665965,0.0,0.0001003082335921689,0.0,0.0,3.646404966338514e-05,0.0036362289376654492,0.0,0.003504671457905544,0.009893625022448185,0.001185055598399284,0.03312156029362849,0,2
3420,0.4000000000000341,1.0,0.0,0.06756756756756757,0.0,0.8,0.0,0.0,0.0,0.0,0.0,0.0,0.0,0.0,0.0,0.0,0.009775301773661683,0.0,0.0008043294090493882,9.89901386388269e-06,0.0,6.232572170069443e-06,0.0,0.6541023124195416,0.4939963592637927,0.580754716981132,0.2450980392156863,0.40287476084280827,0.1336549909142177,0.25252525252525254,0.6000000000000014,0.0,0.0,0.0,0.35000000000000003,0.0,0.0021934357146927183,0.0,0.0,0.0,0.0,0.0036354330375410375,0.007154328275924284,0.0,1.977486836793637e-05,0.0010871686966788313,0.03312156029362849,0,3
6702,0.20000000000004547,0.0,0.0,0.06756756756756757,0.0,0.6000000000000001,0.5294117647058824,0.0,0.0,0.0,0.0,1.0,0.0,0.0,0.0,0.0,0.009775798405855806,0.0,0.0008043294090493882,9.89901386388269e-06,0.0004569385981528691,0.00016420750144076292,0.0,0.6541010037093505,0.49399218133516676,0.580754716981132,0.2450980392156863,0.40287476084280827,0.09912901810890408,0.25252525252525254,1.0,0.0,0.0,0.0,0.8,0.0,0.0,0.0,0.0,0.0,0.0,0.0036357188862290355,0.0016157675432617513,0.0,3.61729157467814e-05,0.0010832129118040466,0.03312156029362849,0,1
7489,0.6000000000000227,1.0,1.0,0.03861003861003861,0.0,0.6000000000000001,0.2647058823529412,0.0,0.0,0.0,0.0,0.0,0.0,0.0,0.0,0.0,0.009770786935533304,0.0,0.0008043294090493882,9.89901386388269e-06,0.000392229730218246,0.0,0.0,0.6540922264054556,0.49398323622810963,0.580754716981132,0.2450980392156863,0.40287476084280827,0.13296572466946552,0.020202020202020204,0.14999999999999858,0.0,1.0,0.0,0.5,1.7494948613629192e-05,0.0,3.326805737227712e-05,0.0001450364568912095,2.8642321559393165e-05,0.0,0.0036399803090461256,0.0,0.0,0.00017359929721192264,0.001102582552101646,0.03312156029362849,0,4
2158,0.6000000000000227,1.0,0.0,0.03861003861003861,0.537037037037037,0.4,0.5,0.0,0.0,0.0,0.0,1.0,0.0,0.0,0.0,0.0,0.009770786935533304,0.0,0.0008043294090493882,9.89901386388269e-06,0.0014492617405022564,0.00033315175773077863,0.0,0.6538684551853104,0.49370025463766554,0.3933962264150943,0.2337009803921569,0.39682423622028057,0.1218121436180212,0.020202020202020204,0.0,0.0,1.0,0.0,0.55,1.652413850429703e-05,0.0,0.0,0.0,0.0,0.0002743657730866402,0.0036564645118202055,0.0,0.001383752566735113,0.0011410840925637797,0.0010975419190623408,0.03312180831479656,0,0
9503,0.0,0.0,0.0,0.03474903474903475,0.0,1.0,0.5588235294117647,0.0,0.0,0.0,0.0,0.0,0.0,0.0,0.0,0.0,0.009770786935533304,0.0,0.000884876191486135,9.89901386388269e-06,0.0,0.0,0.0,0.6540717638104891,0.49382604083868675,0.580754716981132,0.2425245098039216,0.39072496618286845,0.014787893978319444,0.020202020202020204,0.3999999999999986,1.0,1.0,0.0,0.45,0.0,0.0,0.0,0.0,6.828767702930731e-05,0.0,0.0036885781198494473,0.0,0.0,0.0007471728077908377,0.0011657524785365192,0.03314718088029022,1,2
8840,0.6000000000000227,0.0,0.0,0.31660231660231664,0.0,0.0,0.4411764705882353,0.0,0.0,0.0,0.0,0.0,0.0,0.0,0.0,0.0,0.009770786935533304,4.389915359420146e-05,0.0008043294090493882,9.89901386388269e-06,0.0,0.03543300379646746,0.0,0.6525376586045677,0.49547273241441,0.580754716981132,0.24497549019607845,0.3920167196773054,0.13064728366439002,0.020202020202020204,0.3500000000000014,0.0,1.0,0.0,0.8,0.01259287351652493,0.0,0.013307122136615782,0.05801414325206897,0.015801546212687645,0.0,0.005097510597019471,0.0,0.010266940451745381,0.02469395001588641,0.0015766517820516898,0.03312180831479656,0,2
6588,0.4000000000000341,1.0,0.0,0.10231660231660232,0.4444444444444444,0.6000000000000001,0.5,0.0,0.0,0.0,0.0,1.0,0.0,0.0,0.0,0.0,0.009770786935533304,0.0,0.0008043294090493882,9.89901386388269e-06,0.0017503929527343293,0.013455458507481787,0.0,0.6542727396183372,0.4941951181141181,0.4120754716981132,0.2421568627450981,0.39742746072947516,0.13233911899241807,0.020202020202020204,0.0,0.0,1.0,0.0,0.35000000000000003,0.0002697697994023218,0.0,8.569045080738047e-06,3.7357875259856984e-05,0.0003890034207853321,0.0,0.0036354330375410375,0.0,0.0035934291581108833,0.00022842147433027664,0.0011632883474959163,0.03312156029362849,0,0
5524,0.0,0.0,0.0,0.03474903474903475,0.0,0.0,0.4411764705882353,0.0,0.0,0.0,0.0,0.0,0.0,0.0,0.0,0.0,0.009770786935533304,0.0,0.0008043294090493882,9.89901386388269e-06,0.0016047076243675522,0.0009426142150013026,0.0,0.6540705674174511,0.493958730345727,0.20339622641509433,0.2450980392156863,0.39068840712170516,0.13240177956012283,0.04040404040404041,0.14999999999999858,0.0,1.0,0.0,0.35000000000000003,0.0,0.0,4.1635477862880156e-05,4.658746797111577e-05,0.0,1.0516390933642296e-05,0.0036354330375410375,0.0,0.0006628080082135524,2.409822251306088e-05,0.0010825576210823542,0.03312156029362849,0,2
9457,0.6000000000000227,0.0,0.0,0.02316602316602317,0.0,0.6000000000000001,0.5294117647058824,0.0,0.0,0.0,0.0,1.0,0.0,0.0,0.0,0.0,0.009770786935533304,0.0,0.0008043294090493882,9.89901386388269e-06,0.0011918722769857669,0.02061485570972169,0.0,0.6540894005853998,0.49398136988221786,0.20339622641509433,0.18848039215686277,0.39068840712170516,0.10526975374396894,0.04040404040404041,0.5,0.0,1.0,0.0,0.35000000000000003,0.0,0.0,0.0,0.0,0.0,6.143596078072818e-07,0.003637341313123002,0.0,0.0,0.006428853195777337,0.0010825576210823542,0.03312156029362849,1,1
10885,0.4000000000000341,0.0,1.0,0.10231660231660232,0.0,0.8,0.5882352941176471,0.0,0.0,0.0,0.0,0.0,0.0,0.0,0.0,0.0,0.009770786935533304,0.0,0.0008043294090493882,9.89901386388269e-06,0.0,0.0,0.0,0.6541005971808936,0.4939944878716246,0.5809433962264151,0.2439950980392157,0.40288085401966883,0.13359233034651294,0.020202020202020204,0.5,0.0,1.0,0.0,0.85,0.0,0.0,0.0,0.0,0.0,0.0,0.0036354330375410375,0.0,4.4096509240246406e-05,0.0,0.0010829167917759536,0.03312156029362849,1,4
4309,0.6000000000000227,0.0,1.0,0.03474903474903475,0.0,0.6000000000000001,0.2647058823529412,0.0,0.0,0.0,0.0,0.0,0.0,0.0,0.0,0.0,0.009770786935533304,0.0,0.0008043294090493882,9.89901386388269e-06,0.014041824341813208,0.003278000557607457,0.00026071973391972216,0.6542032275593623,0.4941126953419487,0.4126415094339623,0.24436274509803926,0.39744574026005686,0.1322137978570086,0.020202020202020204,0.3500000000000014,0.0,1.0,0.0,0.35000000000000003,0.0003027909208833821,0.0,0.0,0.0,0.00019800765576387047,0.0,0.0036740779739715956,0.0,0.0,0.0003412124117613652,0.0011203608570490783,0.03312156029362849,0,4
2211,0.6000000000000227,1.0,0.0,0.05791505791505792,0.7037037037037037,0.4,0.5,0.0,0.0,0.0,0.0,1.0,0.0,0.0,0.0,0.0,0.009770786935533304,0.0,0.0008043294090493882,1.2611627069936433e-05,0.1381310199129792,0.03175304388437166,0.0,0.6551115536052065,0.49553255990205025,0.27999999999999997,0.1067401960784314,0.39304646656673864,0.06334983394949559,0.030303030303030304,0.9499999999999957,0.0,1.0,0.0,0.05,0.0060135644168251,0.0,0.035215045226915875,0.0,0.0012091911676032994,0.0,0.004426419548654,0.0,0.002221021560574949,0.013211991193660172,0.0021198505646665457,0.03329414830364236,0,0
9132,0.4000000000000341,0.0,0.0,0.03861003861003861,0.0,0.6000000000000001,0.5588235294117647,0.0,0.0,0.0,0.0,0.0,0.0,0.0,0.0,0.0,0.009770786935533304,0.0,0.0008043294090493882,9.89901386388269e-06,0.03466081708140593,0.007967720262216775,0.0,0.6540140185470686,0.4938926373237607,0.20339622641509433,0.24325980392156868,0.39068840712170516,0.13277774296635128,0.25252525252525254,0.8999999999999986,0.0,1.0,1.0,0.25000000000000006,0.0,0.0,0.0,0.0,0.0,0.0,0.0036354330375410375,0.0,0.0,0.001139421264046424,0.0010825576210823542,0.03312156029362849,1,2
10020,0.4000000000000341,0.0,1.0,0.03185328185328185,0.0,0.6000000000000001,0.2647058823529412,0.3333333333333333,0.0,0.0,0.0,0.0,0.0,0.0,0.0,0.0,0.009770786935533304,0.0,0.0008043294090493882,9.89901386388269e-06,0.004006888783169621,0.004969022038790698,0.0,0.6525636022103425,0.49219226540131705,0.20339622641509433,0.2450980392156863,0.39068840712170516,0.13409361488815089,0.020202020202020204,0.14999999999999858,0.0,1.0,0.0,0.10000000000000002,1.3523452711815813e-05,0.0,2.1069769669108847e-05,9.1856422697766e-05,3.9488840051556805e-05,0.0,0.0036354330375410375,0.0,0.0,0.025025543604224303,0.0010825576210823542,0.03312156029362849,1,4
8751,0.6000000000000227,1.0,0.0,0.06756756756756757,0.2962962962962963,0.6000000000000001,0.5,0.0,0.0,0.0,0.0,1.0,0.0,0.0,0.0,0.0,0.009770786935533304,0.0,0.0008043294090493882,9.89901386388269e-06,5.386380626960245e-05,0.0001221584145333611,0.0,0.6541030350263587,0.49399734406402723,0.580754716981132,0.2450980392156863,0.40287476084280827,0.1342189360235604,0.23232323232323235,0.5499999999999972,0.0,1.0,1.0,0.5,5.634771963256589e-06,0.0,0.0,0.0,0.0,0.0,0.0036354330375410375,0.0,0.0,4.047068791471583e-05,0.001083578030673637,0.03312156029362849,0,0
99,0.6000000000000227,1.0,0.0,0.09266409266409267,0.7037037037037037,0.6000000000000001,0.5,0.0,0.0,0.0,0.0,1.0,0.0,0.0,0.0,0.0,0.01284429309034876,0.00010021621342509227,0.0008043294090493882,0.00028115021277818963,0.10422971865018024,0.023959835642916826,0.0,0.6534849782503664,0.4948349296673412,0.580754716981132,0.24289215686274512,0.39720201318563475,0.13309104580487502,0.030303030303030304,0.29999999999999716,0.0,1.0,0.0,0.25000000000000006,0.0029498370671742413,0.0,0.0,0.0,0.0,0.003635780159003494,0.004163731279421929,0.0,0.0,0.007837371277886274,0.0015574571172644969,0.03316104526358539,0,0
10466,0.4000000000000341,0.0,1.0,0.03861003861003861,0.0,0.8,0.32352941176470584,0.0,0.0,0.0,0.0,0.0,0.0,0.0,0.0,0.0,0.009880151364463092,0.0,0.0008043294090493882,9.89901386388269e-06,0.049572415368753786,0.036750735755144676,0.0,0.6538434952657528,0.4936342054794858,0.580754716981132,0.24497549019607845,0.40287476084280827,0.11579672911836582,0.07070707070707072,0.0,0.0,1.0,0.0,0.9,2.1602222153111405e-05,0.0,0.0,0.0,5.5562973516855595e-06,0.0,0.003689452157183903,0.0,0.0,0.0122037798906217,0.0010886596069910146,0.03312156029362849,1,4
8545,0.8000000000000114,0.0,0.0,0.02316602316602317,0.0,0.6000000000000001,0.029411764705882346,0.0,0.0,0.0,0.0,0.0,0.0,0.0,0.0,0.0,0.009770786935533304,0.0,0.0008043294090493882,9.89901386388269e-06,0.0,0.0,5.395776275065322e-05,0.6541066430906579,0.4940038859790261,0.3920754716981132,0.20514705882352943,0.3962819434796915,0.11166113164985275,0.23232323232323235,0.9499999999999957,0.0,0.0,0.0,0.0,0.0,0.0,0.0,0.0,0.0,0.0,0.0036354330375410375,0.0,0.0,0.00016676890930216972,0.0010875113116159219,0.03312156029362849,0,2
8554,0.20000000000004547,0.0,1.0,0.0694980694980695,0.0,1.0,0.23529411764705882,0.0,0.0,0.0,0.0,0.0,0.0,0.0,0.0,0.0,0.0117483462336054,4.910419865123206e-06,0.0008043294090493882,9.89901386388269e-06,0.09003931696355626,0.021180191556028124,0.0,0.6539217137263489,0.49480439464926984,0.580754716981132,0.24485294117647063,0.39148661329043744,0.031580926123190675,0.020202020202020204,0.14999999999999858,1.0,1.0,0.0,0.25000000000000006,1.8031270282421082e-05,0.0,7.903683933292504e-05,0.000344571461220328,0.0001413960289440207,0.0,0.003961835722850102,0.0,0.0,0.0005253003196212231,0.0014840583108501663,0.03315797972194803,0,4
4057,1.0,0.0,0.0,0.03474903474903475,0.0,0.4,0.0,0.0,0.0,0.0,0.0,0.0,0.0,0.0,0.0,0.0,0.03959522068265406,0.003089843507974271,0.002213843520136111,0.0009415399464684002,0.15038485508828603,0.07384758701813388,0.0,0.6475178654297734,0.5027179139504784,0.58,0.24264705882352944,0.39237012393521736,0.07982956325584312,0.030303030303030304,0.29999999999999716,1.0,1.0,0.0,0.2,0.0,0.0,0.09189907681140792,0.04395044148218469,0.0,0.011798884684340226,0.012325628550520468,0.0,0.0,0.023535700416628082,0.004929871360219949,0.033420832555869646,0,2
7514,0.6000000000000227,1.0,0.0,0.015444015444015444,0.35185185185185186,0.6000000000000001,0.5,0.0,0.0,0.0,0.0,1.0,0.0,0.0,0.0,0.0,0.009975579993036615,7.71918002797368e-05,0.0008214836124725095,9.89901386388269e-06,0.009538954738496643,0.0021927850913549653,0.0,0.6537737814334852,0.49485470058982606,0.580754716981132,0.24019607843137258,0.3923335648740541,0.0769471771414249,0.030303030303030304,0.3999999999999986,1.0,1.0,0.0,0.2,0.0,0.0,0.0,0.0,0.0010288384510301369,0.0,0.004369201515190916,0.0,0.0,0.003991172171311245,0.001352117358058348,0.033127016759326056,0,0
5363,0.8000000000000114,0.0,0.0,0.03474903474903475,0.0,0.4,0.5294117647058824,0.0,0.0,0.0,0.0,1.0,0.0,0.0,0.0,0.0,0.009770786935533304,2.702913334646707e-05,0.0008043294090493882,9.89901386388269e-06,0.03568133738408436,0.00820231427869819,0.0,0.6535313112296007,0.49416695911584785,0.580754716981132,0.2450980392156863,0.3908590160738006,0.1253211354094868,0.020202020202020204,0.14999999999999858,1.0,1.0,0.0,0.45,0.00014706075935911353,0.0,0.0,0.0,0.0,0.0001869821535761692,0.003671805319842293,0.0,0.004106776180698152,0.0032025053965180884,0.001198326672989418,0.03312156029362849,0,1
564,0.0,0.0,0.0,0.03474903474903475,0.0,0.6000000000000001,0.5588235294117647,0.0,0.0,0.0,0.0,0.0,0.0,0.0,0.0,0.0,0.009770786935533304,0.0,0.0008043294090493882,9.89901386388269e-06,0.004899075856145318,0.0027887851927381395,0.0,0.6540729370111947,0.49396201896519365,0.580188679245283,0.24473039215686276,0.4028564813122266,0.13403095432044615,0.020202020202020204,0.9499999999999957,0.0,1.0,0.0,0.5,4.547871973717577e-05,0.0,0.0,0.0,0.0,1.0335696931346035e-05,0.0036386617927078057,0.0,0.0,0.0009834991130728509,0.00110497188482916,0.03312156029362849,0,2
11426,0.20000000000004547,0.0,0.0,0.015444015444015444,0.0,0.6000000000000001,0.5588235294117647,0.0,0.0,0.0,0.0,0.0,0.0,0.0,0.0,0.0,0.009770786935533304,0.0,0.0008043294090493882,9.89901386388269e-06,0.0,0.0,0.0,0.6540760838793962,0.49396075584341076,0.580754716981132,0.24522058823529416,0.4011564849681327,0.13428159659126512,0.25252525252525254,0.6000000000000014,0.0,1.0,0.0,0.35000000000000003,0.0,0.0,0.0,0.0,0.0,0.0,0.0036354330375410375,0.0,0.0,0.00021841892124895308,0.0010778847340237024,0.033185604319647774,1,2
2903,0.20000000000004547,0.0,0.0,0.03474903474903475,0.0,0.6000000000000001,0.5588235294117647,0.0,0.0,0.0,0.0,0.0,0.0,0.0,0.0,0.0,0.009770786935533304,0.0018465906703899434,0.0008043294090493882,9.89901386388269e-06,0.0,0.0,0.0,0.653863138840063,0.4939011418520768,0.580754716981132,0.2450980392156863,0.39548983048781977,0.13158719217996115,0.36363636363636365,0.14999999999999858,1.0,1.0,0.0,0.45,0.0,0.0,0.0,0.0,6.000801139820404e-05,0.0,0.0036465261654714193,0.0,0.0,0.001808262057681219,0.0011265804185698303,0.03312156029362849,0,2
715,0.8000000000000114,1.0,0.0,0.10424710424710425,0.5,0.4,0.5,0.0,0.0,0.0,0.0,1.0,0.0,0.0,0.0,0.0,0.02876459054594401,0.0,0.0016332673026457631,9.909135554950055e-06,0.1866999055756631,0.0685728365391607,0.004752567555456064,0.6528398089750413,0.49322511860808643,0.5752830188679245,0.2450980392156863,0.4009005715399896,0.11955636318065044,0.030303030303030304,0.25,0.0,1.0,0.0,0.4,0.0,0.0,0.0,0.0,0.0,0.003397155659571054,0.004994219880380146,0.0,0.0,0.036542549735200956,0.004718948345619702,0.03366510364387938,0,0
3746,0.8000000000000114,1.0,0.0,0.10231660231660232,0.0,0.6000000000000001,0.029411764705882346,0.0,0.0,0.0,0.0,0.0,0.0,0.0,0.0,0.0,0.009770786935533304,0.0,0.0008043294090493882,9.89901386388269e-06,0.0,0.000147670409949512,0.0,0.6541072288627131,0.49400225758447197,0.3920754716981132,0.1553921568627451,0.3967815839822567,0.08828873989598347,0.25252525252525254,0.9499999999999957,0.0,0.0,0.0,0.55,0.0,0.0004753985957553907,0.0,0.0,0.0,0.0,0.003643334711987838,0.013365610581331074,0.0,0.00013200300230084303,0.0010923928309474636,0.03312156029362849,0,3
6564,0.6000000000000227,1.0,1.0,0.10231660231660232,0.0,0.6000000000000001,0.23529411764705882,0.0,0.0,0.0,0.0,0.0,0.0,0.0,0.0,0.0,0.009770786935533304,0.0,0.0008043294090493882,9.89901386388269e-06,0.009854907535004244,0.002330317183907831,0.0,0.6540339063035081,0.49391631639317546,0.4590566037735849,0.20674019607843142,0.3989446617677525,0.11460617833197571,0.020202020202020204,0.3999999999999986,0.0,1.0,0.0,0.35000000000000003,8.446047951189785e-05,0.0,0.0,0.0,0.0,0.000125257082391767,0.0037271394219798083,0.0,0.0,0.0017757985286270001,0.0011388717790060878,0.03312156029362849,0,4
7894,0.8000000000000114,0.0,0.0,0.15830115830115832,0.0,0.6000000000000001,0.029411764705882346,0.0,0.0,0.0,0.0,0.0,0.0,0.0,0.0,0.0,0.0099105964229088,0.0,0.0008926891514088476,9.89901386388269e-06,0.0031942321624040754,0.0007620358239938239,0.0,0.6541279525370797,0.49402670679328964,0.31245283018867925,0.18051470588235297,0.3941676111090801,0.09994360548906574,0.24242424242424243,0.0,0.0,1.0,0.0,0.5,0.0002322137048231224,0.0,0.0,0.0,0.0,0.0,0.0036655657298684256,0.0,0.0,0.0004299818726109631,0.0011063975634779735,0.03312156029362849,0,2
550,0.0,0.0,0.0,0.015444015444015444,0.0,0.6000000000000001,0.5588235294117647,0.0,0.0,0.0,0.0,0.0,0.0,0.0,0.0,0.0,0.009770786935533304,0.0,0.0008043294090493882,9.89901386388269e-06,0.0,0.00026941331967153515,0.0,0.6541021679644421,0.49399417228526643,0.20339622641509433,0.24522058823529416,0.39068840712170516,0.0607807506736011,0.25252525252525254,0.10000000000000142,0.0,0.0,0.0,0.8,0.0,0.0,0.0,0.0,0.0,0.0,0.0036354330375410375,0.0008168430945285029,0.0,0.00010301862214447576,0.0010825576210823542,0.03312156029362849,0,2
3076,0.8000000000000114,0.0,0.0,0.02316602316602317,0.0,0.4,0.5588235294117647,0.0,0.0,0.0,0.0,0.0,0.0,0.0,0.0,0.0,0.010193210240284953,0.0,0.0008043294090493882,9.89901386388269e-06,0.010085907348469184,0.002285608866207866,0.0,0.6540821321083937,0.4939636438661718,0.580754716981132,0.24460784313725495,0.40287476084280827,0.11974434488376468,0.020202020202020204,0.6999999999999957,0.0,1.0,0.0,0.10000000000000002,0.0,0.0,1.6432404096003547e-05,7.163921961596105e-05,0.0,6.974788488635611e-06,0.003675964653842241,0.0,0.0,0.00032371433936334646,0.0010897051971939932,0.03312156029362849,0,2
10839,0.0,1.0,0.0,0.07335907335907337,0.0,0.6000000000000001,0.38235294117647056,0.0,0.0,0.0,0.0,1.0,0.0,0.0,0.0,0.0,0.010028358450757375,0.0,0.0008043294090493882,9.89901386388269e-06,0.0,0.0,9.525796084154014e-06,0.6541327791927924,0.4940188314968144,0.45716981132075474,0.23958333333333337,0.399535699923226,0.12964471458111412,0.24242424242424243,0.5,0.0,1.0,0.0,0.35000000000000003,0.00012869004498252036,0.0,0.0,0.0,0.0,0.0,0.0036354330375410375,0.0,0.0,0.0002018673820069675,0.0011053855804693449,0.033269891833405014,1,0
10919,0.8000000000000114,0.0,1.0,0.05791505791505792,0.0,0.8,0.32352941176470584,0.0,0.0,0.0,0.0,0.0,0.0,0.0,0.0,0.0,0.01037712969617472,0.0,0.001000433143636434,9.89901386388269e-06,0.0,0.003420934212707716,0.0,0.6540517465083067,0.49394869019670634,0.580754716981132,0.2450980392156863,0.4018511071302356,0.12438122689391568,0.020202020202020204,0.29999999999999716,0.0,1.0,0.0,0.4,0.00011264791709194768,0.0,0.0,0.0,3.501249908653689e-05,0.0,0.003648333530184132,0.0,0.0,0.0018510607055202326,0.0014891136656250495,0.03312156029362849,1,4
6026,0.4000000000000341,0.0,1.0,0.03474903474903475,0.0,0.6000000000000001,0.2647058823529412,0.0,0.0,0.0,0.0,0.0,0.0,0.0,0.0,0.0,0.01017277307302382,0.0,0.0008043294090493882,9.89901386388269e-06,0.016493531282218872,0.004445236673618062,0.0,0.6540433657932976,0.4939572840052959,0.2788679245283019,0.08627450980392158,0.3930647460973203,0.05301084027821293,0.020202020202020204,0.14999999999999858,0.0,1.0,0.0,0.45,0.00018224753416099172,0.0,0.0010837321719756941,0.004724232954920032,0.000249986426200343,0.0,0.0036722058221249276,0.0,0.0009366016427104723,0.0021028641070022476,0.0012527650736143408,0.03312156029362849,0,4
10929,1.0,1.0,0.0,0.03861003861003861,0.0,0.8,0.029411764705882346,0.0,0.333122,0.0,0.0,0.0,0.0,0.0,0.0,0.0,0.009770786935533304,0.0,0.0008043294090493882,9.89901386388269e-06,0.0,0.0,0.0,0.652689275496428,0.4939960821067697,0.580754716981132,0.2450980392156863,0.3908712024275217,0.1339682937527414,0.020202020202020204,0.29999999999999716,0.0,1.0,0.0,0.8,0.0,0.0,0.0,0.0,0.0,0.00019843815332175202,0.0036354330375410375,0.0,0.0,0.0002821180444522669,0.0012981090601257193,0.03312156029362849,1,3
3081,0.0,0.0,0.0,0.06756756756756757,0.0,0.6000000000000001,0.0,0.0,0.0,0.0,0.0,0.0,0.0,0.0,0.0,0.0,0.009841519399544588,0.0,0.0008043294090493882,9.89901386388269e-06,0.00011206563720521315,0.0023928922084953284,0.0,0.6540966100876175,0.49398143664833544,0.580754716981132,0.24497549019607845,0.0,0.13415627545585562,0.020202020202020204,0.29999999999999716,0.0,1.0,0.0,0.4,0.0,0.0,7.69197811365074e-05,0.0,0.0,2.757390475040918e-05,0.0036331073757566805,0.0,0.0,0.0008344840959406008,0.0010838028717261026,0.03322864591315481,0,2
368,1.0,1.0,0.0,0.10231660231660232,0.4444444444444444,0.6000000000000001,0.5,0.0,0.0,0.0,0.0,1.0,0.0,0.0,0.0,0.0,0.00996578279429803,0.0,0.0008043294090493882,9.89901386388269e-06,0.010161822780124327,0.002360233530324164,0.0,0.6541739949495198,0.49408019460515934,0.3292452830188679,0.21250000000000002,0.39475255608769305,0.11736324331098441,0.24242424242424243,0.0,0.0,1.0,0.0,0.35000000000000003,0.0003805168295669058,0.0,0.0,0.0,0.0,0.0,0.0036615571731984107,0.0,0.0,0.0007920435957822483,0.0011160227531624618,0.03312156029362849,0,0
1393,1.0,0.0,0.0,0.08687258687258688,0.0,0.8,0.029411764705882346,0.0,0.0,0.0,0.0,0.0,0.0,0.0,0.0,0.0,0.009770786935533304,0.0,0.0008043294090493882,0.13645565909820592,0.002786096341743799,0.009403787991163044,0.0,0.6539193961496939,0.49901499791444,0.20339622641509433,0.2450980392156863,0.39068840712170516,0.1342189360235604,0.020202020202020204,0.3999999999999986,0.0,1.0,0.0,0.45,0.0,0.0,0.0,0.0,0.0,0.0001700691949612393,0.0036354330375410375,0.0,0.0,0.00439183709806237,0.0017507623285328063,0.03312156029362849,0,2
2117,1.0,1.0,0.0,0.20463320463320464,0.0,0.4,0.1764705882352941,0.0,0.0,0.0,0.0,0.0,0.0,0.0,0.0,0.0,0.03333476554031739,0.0,0.0018464160775432375,9.89901386388269e-06,0.05422530832510314,0.015092298161266558,0.0,0.6534374482154559,0.49551682367157857,0.580754716981132,0.24362745098039218,0.39574574391596296,0.09142176828122064,0.030303030303030304,0.5,1.0,1.0,0.0,0.10000000000000002,0.001392243530010568,0.0,0.0,0.0,0.0013016448252269799,0.0,0.004815434876113516,0.0,0.0,0.0035769487966493753,0.002082802300937499,0.03338596574006223,0,3
7043,0.4000000000000341,0.0,0.0,0.03474903474903475,0.0,0.2,0.5294117647058824,0.0,0.0,0.0,0.0,1.0,0.0,0.0,0.0,0.0,0.009770786935533304,0.0,0.0008067621869893945,1.0010352465623701e-05,0.04766115400132165,0.019493823728731867,0.0,0.6535784271157166,0.49348675988410706,0.580754716981132,0.2450980392156863,0.3964464592549264,0.11448085719656623,0.020202020202020204,0.14999999999999858,1.0,0.0,0.0,0.10000000000000002,0.0,0.0,3.951841966646252e-05,0.0,0.0,1.4166409780026734e-05,0.0036575733534340875,0.0,0.0051334702258726906,0.0053064951105167,0.001152404821180499,0.033130062459269964,0,1
8503,1.0,0.0,0.0,0.0637065637065637,0.0,0.0,0.4411764705882353,0.0,0.0,0.0,0.0,0.0,0.0,0.0,0.0,0.0,0.009770786935533304,0.0,0.0009320502508997186,9.89901386388269e-06,0.052871844629308565,0.01215401433740902,0.0,0.6540066076028772,0.49388064737120124,0.3383018867924528,0.1573529411764706,0.39503893540013896,0.0890406667084404,0.020202020202020204,0.3500000000000014,0.0,1.0,0.0,0.35000000000000003,0.0004587451155098042,0.0,0.003257043629040998,0.0,0.0,0.0002883514888643707,0.0037462363131741325,0.0,0.0,0.007843613280320655,0.0013354342114471542,0.03312156029362849,0,2
10367,0.20000000000004547,0.0,0.0,0.03474903474903475,0.0,0.6000000000000001,0.5294117647058824,0.0,0.0,0.0,0.0,1.0,0.0,0.0,0.0,0.0,0.009770786935533304,0.0,0.0008043294090493882,9.89901386388269e-06,0.011738333244162825,0.0016708279473522164,0.0,0.6536423571115773,0.49398032724389307,0.580188679245283,0.24362745098039218,0.3980794306535542,0.13196315558618962,0.020202020202020204,0.14999999999999858,0.0,1.0,0.0,0.5,0.0008280602899690311,0.0,0.0,0.0,0.0006417288668069285,0.0,0.0036354330375410375,0.0,0.0032177104722792608,0.0006171396177336312,0.0012793176816707267,0.03312156029362849,1,1
1523,0.4000000000000341,0.0,0.0,0.05791505791505792,0.0,0.6000000000000001,0.029411764705882346,0.0,0.0,0.0,0.0,0.0,0.0,0.0,0.0,0.0,0.009770786935533304,0.0,0.0008043294090493882,9.89901386388269e-06,0.0,0.0008921719309048739,0.0,0.6542434483650252,0.49413157967249993,0.3932075471698113,0.2274509803921569,0.39676330445167507,0.11623535309229903,0.25252525252525254,0.6000000000000014,0.0,1.0,1.0,0.6,9.350327018064216e-05,0.0,0.0,0.0,0.0,0.0,0.0036354330375410375,0.0,0.0,0.0015915827108811918,0.0011666616572367672,0.03312156029362849,0,2
8652,0.20000000000004547,0.0,0.0,0.10231660231660232,0.0,0.0,0.4411764705882353,0.0,0.0,0.0,0.0,0.0,0.0,0.0,0.0,0.0,0.009770786935533304,0.0,0.0008043294090493882,9.89901386388269e-06,0.0,0.00018224041025283053,2.1530908957334415e-06,0.6539962247269351,0.49390514005563035,0.580754716981132,0.2450980392156863,0.40102852825406116,0.1322137978570086,0.020202020202020204,0.5,0.0,1.0,0.0,0.5,0.0,0.0,0.0,0.0,0.0,0.00030356592385771575,0.0036536719900220715,0.0,0.0005302361396303902,0.0011722941047356845,0.001120423808578318,0.03312156029362849,0,2
7399,0.6000000000000227,1.0,0.0,0.31660231660231664,0.6666666666666666,0.6000000000000001,0.5,0.0,0.0,0.0,0.0,1.0,0.0,0.0,0.0,0.0,0.010735081112453105,0.0,0.005960368331936956,1.0982034808090713e-05,0.0,0.0,0.0,0.6536606333322269,0.49441461521928326,0.579811320754717,0.2450980392156863,0.40146723698802084,0.1325271006955323,0.030303030303030304,0.14999999999999858,0.0,1.0,0.0,0.4,4.344884405402671e-06,0.0,0.0,0.0,0.0,0.00037577124717530096,0.0040621002913597565,0.0,0.0,0.007100456842948661,0.00248473195333054,0.03312156029362849,0,0
729,0.0,0.0,0.0,0.10231660231660232,0.0,0.6000000000000001,0.5588235294117647,0.0,0.0,0.0,0.0,0.0,0.0,0.0,0.0,0.0,0.009871407627954463,6.136933626989535e-05,0.0008043294090493882,9.89901386388269e-06,0.0,0.0008826984212063683,0.0007947732696331604,0.6541131714009382,0.4940070534878608,0.5679245283018868,0.24350490196078436,0.40244823846256966,0.13290306410176078,0.020202020202020204,0.14999999999999858,0.0,1.0,0.0,0.35000000000000003,5.0217359291818055e-05,0.0,0.0,0.0,0.0,5.420820068887781e-05,0.0036718045345436995,0.0,0.0,0.0012663846168408203,0.0011673668135005189,0.03312156029362849,0,2
1234,0.0,0.0,0.0,0.06756756756756757,0.0,0.0,0.4411764705882353,0.0,0.0,0.0,0.0,0.0,0.0,0.0,0.0,0.0,0.009770786935533304,0.0,0.0008043294090493882,9.89901386388269e-06,0.0,0.0,0.0,0.6541011985249435,0.49399786538318957,0.5811320754716981,0.2450980392156863,0.39501456269269675,0.1342189360235604,0.020202020202020204,0.3999999999999986,0.0,1.0,0.0,0.75,0.0,0.0,0.0,0.0,0.0,0.0,0.0036354330375410375,0.0,0.0,3.5047308750417626e-05,0.0010831242344136452,0.03312156029362849,0,2
2187,0.20000000000004547,1.0,1.0,0.03474903474903475,0.0,0.6000000000000001,0.32352941176470584,0.0,0.0,0.0,0.0,0.0,0.0,0.0,0.0,0.0,0.00993127438153678,0.00013510201855575647,0.000818832508307118,1.2611627069936433e-05,0.0,0.0037337262346829343,0.0,0.6537593763444491,0.4945595198204424,0.580754716981132,0.24448529411764708,0.3953009420051427,0.13183783445078015,0.020202020202020204,0.19999999999999574,0.0,1.0,0.0,0.25000000000000006,0.0,0.0,0.000337418751590944,0.0014710212764087215,0.0,3.08625355922011e-05,0.003960581600996441,0.0,0.0,0.001136121188988903,0.0013114336187316404,0.03428381228932586,0,4
385,0.6000000000000227,1.0,0.0,0.06756756756756757,0.2962962962962963,0.4,0.5,0.0,0.0,0.0,0.0,1.0,0.0,0.0,0.0,0.0,0.009892792911222555,0.0,0.0008043294090493882,9.89901386388269e-06,0.0006069619511856545,0.00014958173208166664,0.0,0.6541218125327094,0.49401924257424773,0.3952830188679245,0.18578431372549023,0.39688516798888607,0.10370323955135036,0.020202020202020204,0.3999999999999986,0.0,1.0,0.0,0.55,5.6822941364406804e-06,0.0,2.994125163504941e-05,0.00013053281120208854,0.0,1.7816428626411172e-05,0.00364552648036202,0.0,0.0,2.0235343957357915e-05,0.0010924656961033552,0.03312156029362849,0,0
2831,0.6000000000000227,0.0,1.0,0.05791505791505792,0.0,0.6000000000000001,0.23529411764705882,0.0,0.0,0.0,0.0,0.0,0.0,0.0,0.0,0.0,0.009770786935533304,0.0,0.002131082285984743,9.89901386388269e-06,0.05359051071564393,0.019598115436377694,0.00012457479445213287,0.653040466385296,0.4943155575912804,0.5760377358490566,0.2450980392156863,0.40005971313323346,0.13302838523717025,0.020202020202020204,0.5,0.0,1.0,0.0,0.4,0.0,0.0,0.0023446923586800646,0.01685279678634372,0.0,0.00036453208023247365,0.004025843447951731,0.0,0.0,0.019744272323217026,0.0021677267392654917,0.03312156029362849,0,4
5440,0.4000000000000341,1.0,0.0,0.15830115830115832,0.4444444444444444,0.6000000000000001,0.5,0.0,0.0,0.0,0.0,1.0,0.0,0.0,0.0,0.0,0.009770786935533304,0.0,0.0008043294090493882,9.89901386388269e-06,0.0,0.0,0.0,0.6540939476078463,0.4939861122174425,0.4311320754716981,0.15600490196078434,0.3980428715923909,0.08841406103139296,0.24242424242424243,0.8500000000000014,0.0,1.0,0.0,0.5,0.0002603604091118716,0.0,0.0,0.0,0.0,0.0,0.0036354330375410375,0.0,0.0,0.00016802242618448393,0.0011067901430933899,0.03312156029362849,0,0
6685,0.8000000000000114,0.0,1.0,0.05791505791505792,0.0,0.6000000000000001,0.23529411764705882,0.0,0.0,0.0,0.0,0.0,0.0,0.0,0.0,0.0,0.009770786935533304,0.0,0.0008043294090493882,9.89901386388269e-06,0.004699526721508938,0.0011575964043875646,0.0,0.6540979376829937,0.49396317805604906,0.3920754716981132,0.1845588235294118,0.3917242471879989,0.02537752992042108,0.24242424242424243,0.6499999999999986,0.0,1.0,0.0,0.0,0.0,0.0,0.0,0.0,0.0,0.0,0.0036668905285954932,0.0,0.0,0.00013952410359472828,0.0010943346129997763,0.03312156029362849,0,4
5622,0.8000000000000114,1.0,0.0,0.06756756756756757,0.2962962962962963,0.6000000000000001,0.5,0.0,0.0,0.0,0.0,1.0,0.0,0.0,0.0,0.0,0.009770786935533304,0.0,0.0008043294090493882,9.89901386388269e-06,0.00045838460637487186,0.00046777531660427863,7.198718045331001e-06,0.6540815065780542,0.4939721212222307,0.47566037735849054,0.2212009803921569,0.39948086133148103,0.12200012532113544,0.23232323232323235,0.29999999999999716,0.0,0.0,0.0,0.0,0.0,0.0,0.0,0.0,0.0,0.0,0.0036354330375410375,0.0,0.0,0.0004726014466096462,0.0010854087801074482,0.03312156029362849,0,0
9187,0.6000000000000227,0.0,0.0,0.02316602316602317,0.0,0.8,0.5588235294117647,0.0,0.0,0.0,0.0,0.0,0.0,0.0,0.0,0.0,0.009770786935533304,0.0,0.0008043294090493882,9.89901386388269e-06,0.0,0.0,0.0,0.6541007068474944,0.4939917093142424,0.580754716981132,0.2450980392156863,0.39068840712170516,0.1342189360235604,0.25252525252525254,0.8999999999999986,0.0,1.0,0.0,0.25000000000000006,0.0,0.0,0.0,0.0,0.0,0.0,0.0036354330375410375,0.0,0.0,0.0015223834625820096,0.0010830030898959584,0.03315870890418216,1,2
10658,0.4000000000000341,0.0,1.0,0.10231660231660232,0.0,0.8,0.5882352941176471,0.0,0.0,0.0,0.0,0.0,0.0,0.0,0.0,0.0,0.009770786935533304,0.0,0.0008043294090493882,9.89901386388269e-06,7.84459460436492e-05,0.0,0.0,0.6541029743949751,0.49399562406014896,0.580754716981132,0.24436274509803926,0.4058238584433152,0.09944232094742779,0.020202020202020204,0.5,0.0,1.0,0.0,0.8,0.0,0.0,0.0,0.0,0.0,0.0,0.0036360648102594286,0.0,0.0,1.9186482892564395e-06,0.001082939196572187,0.03312776082283027,1,4
9963,0.20000000000004547,0.0,0.0,0.10231660231660232,0.0,0.8,0.5588235294117647,0.0,0.0,0.0,0.0,0.0,0.0,0.0,0.0,0.0,0.009770786935533304,0.0,0.0008043294090493882,9.89901386388269e-06,0.0,0.0,0.0,0.6541048191793661,0.49399943438695304,0.5739622641509434,0.2450980392156863,0.4026554064758284,0.1342189360235604,0.020202020202020204,0.0,0.0,1.0,0.0,0.35000000000000003,1.522067318267623e-05,0.0,0.0,0.0,1.9736594254860535e-05,0.0,0.0036354330375410375,0.0,0.0,2.3305181220168217e-05,0.0011246069624803647,0.03312156029362849,1,2
8979,0.6000000000000227,0.0,0.0,0.06756756756756757,0.0,0.0,0.4411764705882353,0.0,0.0,0.0,0.0,0.0,0.0,0.0,0.0,0.0,0.009770786935533304,0.0,0.0008043294090493882,9.89901386388269e-06,0.0,0.0,0.00014153854090336604,0.654097050741935,0.49399033284532967,0.5377358490566038,0.19620098039215692,0.40148551651860254,0.10921736950936778,0.24242424242424243,0.10000000000000142,0.0,1.0,1.0,0.85,8.633421091172776e-05,0.0,0.0,0.0,0.0,0.0,0.0036426522875101725,0.0,0.0,0.00019337416557985902,0.0010895323035451836,0.03312156029362849,0,2
7126,0.20000000000004547,0.0,0.0,0.06756756756756757,0.0,0.6000000000000001,0.5588235294117647,0.0,0.0,0.0,0.0,0.0,0.0,0.0,0.0,0.0,0.009770786935533304,0.0,0.0008043294090493882,9.89901386388269e-06,0.0,2.875293294458703e-05,0.0,0.6541031105670988,0.49399743256795053,0.3924528301886792,0.1769607843137255,0.39679377033597785,0.09937966037972305,0.020202020202020204,0.6000000000000014,0.0,1.0,0.0,0.55,0.0,0.0,0.0,0.0,0.0,0.0,0.0036354330375410375,0.0,0.0,1.0590938556695546e-05,0.0010829265566982057,0.03312156029362849,0,2
4193,0.8000000000000114,0.0,0.0,0.10231660231660232,0.0,0.6000000000000001,0.0,0.0,0.0,0.0,0.0,0.0,0.0,0.0,0.0,0.0,0.009770786935533304,0.0,0.0008043294090493882,9.89901386388269e-06,0.0,0.0005074975765681878,0.0,0.6542585071465188,0.49416775060488144,0.35075471698113203,0.14142156862745098,0.3954471782497959,0.07970424212043363,0.020202020202020204,0.9499999999999957,0.0,1.0,0.0,0.05,0.00013528883817322566,0.0,0.0,0.0,0.000191621826694891,0.0,0.0036835957929236152,0.0,0.0,0.000547633385708168,0.001181686452381627,0.03312156029362849,0,2
10655,0.4000000000000341,0.0,0.0,0.10231660231660232,0.0,0.8,0.5588235294117647,0.0,0.0,0.0,0.0,0.0,0.0,0.0,0.0,0.0,0.009770786935533304,0.0,0.0008043294090493882,9.89901386388269e-06,0.0017225572944607763,0.002976344064576096,0.0,0.6540466766644217,0.49392052809303527,0.580754716981132,0.2450980392156863,0.40287476084280827,0.12789021868538128,0.020202020202020204,0.5,0.0,1.0,0.0,0.45,0.0,0.0,0.0,0.0,0.0,0.0,0.003635438927280488,0.0,0.0,0.0017930919452074981,0.0011035053620385405,0.03312156029362849,1,2
8634,0.20000000000004547,0.0,0.0,0.12162162162162163,0.0,0.0,0.7941176470588235,0.3333333333333333,0.0,0.0,0.0,0.0,0.0,0.0,0.0,0.0,0.009770786935533304,0.0,0.0008043294090493882,9.89901386388269e-06,7.772294193264783e-05,1.7783605925264813e-05,0.0,0.6541077513528324,0.49400239693933373,0.3920754716981132,0.19056372549019612,0.3967815839822567,0.1036405789836456,0.24242424242424243,0.44999999999999574,0.0,1.0,0.0,0.55,0.0,0.0,0.0,0.0,0.0,0.0,0.0036354330375410375,0.0,0.0,1.4351489203638167e-05,0.0010856000139655639,0.03312156029362849,0,2
8122,0.20000000000004547,0.0,0.0,0.12162162162162163,0.0,0.0,0.7941176470588235,0.3333333333333333,0.0,0.0,0.0,0.0,0.0,0.0,0.0,0.0,0.009770786935533304,0.0,0.0008043294090493882,9.89901386388269e-06,4.37417487155832e-05,0.00011318351060846109,0.0,0.6541055020278987,0.49400023441583885,0.4069811320754717,0.1964460784313726,0.3972629449542403,0.10934269064477727,0.24242424242424243,0.10000000000000142,0.0,0.0,0.0,0.55,0.0,0.0034066377923170454,0.0,0.0,0.0,0.0,0.003635438927280488,0.004081743935291445,0.0,2.8754142361656507e-05,0.0010845698890201622,0.03312156029362849,0,2
5070,0.8000000000000114,1.0,0.0,0.10231660231660232,0.0,0.6000000000000001,0.0,0.0,0.0,0.0,0.0,0.0,0.0,0.0,0.0,0.0,0.015236359676987412,0.0,0.0008043294090493882,9.89901386388269e-06,0.0075130972194707895,0.001969492805741944,0.0,0.6541223777629843,0.4940166786776971,0.3960377358490566,0.2346813725490196,0.3968973543426072,0.12726361300833386,0.020202020202020204,0.5,0.0,1.0,0.0,0.55,0.0,0.0,0.00025334129750464367,0.0,0.0,9.081680555409995e-05,0.0038426383905521442,0.0,0.0,0.0015481189316352358,0.0011244795228097543,0.03312156029362849,0,3
1933,0.8000000000000114,1.0,0.0,0.06756756756756757,0.2962962962962963,0.6000000000000001,0.5,0.0,0.0,0.0,0.0,1.0,0.0,0.0,0.0,0.0,0.009770786935533304,0.0,0.0008043294090493882,9.89901386388269e-06,0.00025124392857297785,0.0014378128491538866,0.0,0.6540963128944425,0.4939898258886461,0.580754716981132,0.2450980392156863,0.40287476084280827,0.13540948680995052,0.25252525252525254,0.9499999999999957,0.0,1.0,0.0,0.5,0.0,0.0,0.0,0.0,0.0,0.0,0.003635445602318532,0.0,0.0,0.0005464310327802339,0.0010870802671290962,0.03312156029362849,0,0
2368,0.0,0.0,1.0,0.05791505791505792,0.0,0.4,0.32352941176470584,0.0,0.0,0.0,0.0,0.0,0.0,0.0,0.0,0.0,0.009770786935533304,0.0,0.002668258368814594,9.89901386388269e-06,0.0,0.005538346731285975,0.001765295302179674,0.6538725923661097,0.4937840926962579,0.580754716981132,0.2450980392156863,0.40256400882292015,0.13296572466946552,0.020202020202020204,0.8500000000000014,0.0,1.0,0.0,0.2,0.0005973197725146156,0.0,0.0,0.0,0.0,0.0004964748407092022,0.0038094347880752617,0.0,0.0,0.0060586564038596046,0.0016472603486767025,0.03312411987208298,0,4
11552,0.8000000000000114,0.0,0.0,0.15830115830115832,0.0,0.8,0.029411764705882346,0.0,0.0,0.0,0.0,0.0,0.0,0.0,0.0,0.0,0.009770786935533304,0.0,0.0008043294090493882,9.89901386388269e-06,0.06620657095056243,0.02514950901873968,0.0,0.653880362128817,0.4936185884187705,0.580754716981132,0.2450980392156863,0.39068840712170516,0.1342189360235604,0.020202020202020204,0.6000000000000014,0.0,1.0,0.0,0.8,0.00016834390406370316,0.0,0.0004997265466496294,0.0,0.0,0.00017914003387651154,0.0036711810074605395,0.0,0.0,0.006830822803365156,0.0011006195053201648,0.034627812689016935,1,2
663,0.6000000000000227,1.0,0.0,0.10424710424710425,0.2962962962962963,0.2,0.5,0.0,0.0,0.0,0.0,1.0,0.0,0.0,0.0,0.0,0.01004944274481691,0.0,0.0008043294090493882,9.89901386388269e-06,0.06507036999012376,0.01591657660599881,0.0,0.6545798899243792,0.4945546062999976,0.3228301886792453,0.15710784313725493,0.3945453880744343,0.08910332727614514,0.24242424242424243,0.7999999999999972,0.0,0.0,1.0,0.35000000000000003,0.0,1.0,0.0,0.0,0.0,0.0,0.0037718060280245644,0.6149234360208187,0.0,0.0018306974516769242,0.0012811435734274785,0.03312156029362849,0,0
532,0.8000000000000114,0.0,0.0,0.03861003861003861,0.0,0.6000000000000001,0.5294117647058824,0.0,0.0,0.0,0.0,1.0,0.0,0.0,0.0,0.0,0.009770786935533304,0.0,0.0008649617207849297,9.89901386388269e-06,0.0,0.0,0.0,0.6538327217646676,0.49404851835228725,0.37471698113207547,0.14620098039215687,0.3947220902033903,0.08258662823485181,0.030303030303030304,0.10000000000000142,0.0,1.0,0.0,0.05,0.0,0.0,0.0,0.0,0.0,0.0,0.003917842510349187,0.0,0.0,0.0,0.001276934148414804,0.03312156029362849,0,1
4982,0.20000000000004547,0.0,0.0,0.06756756756756757,0.0,0.0,0.4411764705882353,0.0,0.0,0.0,0.0,0.0,0.0,0.0,0.0,0.0,0.009770786935533304,0.0,0.0008043294090493882,9.89901386388269e-06,0.0009066471551957244,0.0008209544062415471,0.0,0.6540992427486756,0.49399290101180643,0.580754716981132,0.2450980392156863,0.40287476084280827,0.12488251143555364,0.04040404040404041,0.6499999999999986,0.0,1.0,0.0,0.55,0.0,0.0,0.0,0.0,0.0,0.0,0.0036354330375410375,0.0,0.0,0.00012486563066480908,0.0010836865848854755,0.03312156029362849,0,2
1820,0.4000000000000341,1.0,1.0,0.0694980694980695,0.0,0.6000000000000001,0.32352941176470584,0.0,0.0,0.0,0.0,0.0,0.0,0.0,0.0,0.0,0.009770786935533304,0.0,0.0011174092162517366,9.89901386388269e-06,0.13608636428706733,0.031283107942748425,0.0006928603005684443,0.653480793028307,0.4943512289423052,0.5783018867924529,0.2450980392156863,0.3998281724125325,0.1255717776803058,0.020202020202020204,0.10000000000000142,0.0,1.0,0.0,0.4,0.00029504480665437513,0.0,0.0,0.0,0.0,0.0007223784823799856,0.0038715966688331015,0.0,0.0,0.010674924187810598,0.001963662814241313,0.03312156029362849,0,4
9674,0.20000000000004547,1.0,1.0,0.04247104247104247,0.0,0.8,0.23529411764705882,0.0,0.0104,0.0,0.0,0.0,0.0,0.0,0.0,0.0,0.009770786935533304,0.0,0.0008043294090493882,9.89901386388269e-06,0.0,0.0,0.0,0.654060351526303,0.4939473358537744,0.20339622641509433,0.2450980392156863,0.39068840712170516,0.1342189360235604,0.020202020202020204,0.3999999999999986,0.0,1.0,0.0,0.25000000000000006,0.0,0.0,0.0,0.0,0.0,0.0,0.0036354330375410375,0.0,0.0006673511293634497,6.907133841323183e-07,0.0010825576210823542,0.03312156029362849,1,4
3397,0.20000000000004547,0.0,0.0,0.06756756756756757,0.0,0.6000000000000001,0.5294117647058824,0.0,0.0,0.0,0.0,1.0,0.0,0.0,0.0,0.0,0.010551748585520026,0.0,0.0008043294090493882,9.89901386388269e-06,0.0,0.005608650145364358,0.0,0.6541042138594878,0.49399680411245994,0.5733962264150944,0.2450980392156863,0.4026371269452468,0.13409361488815089,0.25252525252525254,0.6000000000000014,0.0,1.0,0.0,0.4,0.0002901296561707633,0.0,0.0,0.0,0.0,0.0,0.0036354330375410375,0.0,0.0,0.0011701963826060975,0.0014092968268843951,0.03312156029362849,0,1
3715,0.0,0.0,0.0,0.0,0.0,0.0,0.7941176470588235,0.2222222222222222,0.0,0.0,0.0,0.0,0.0,0.0,0.0,0.0,0.009770786935533304,0.0,0.0008043294090493882,9.89901386388269e-06,0.0,0.0,0.0,0.6540768538648353,0.49396499859727877,0.580754716981132,0.2450980392156863,0.40139411886569426,0.12713829187292439,0.25252525252525254,0.6000000000000014,0.0,1.0,0.0,0.8,1.972170187139806e-05,0.0,0.0,0.0,0.0,0.0,0.0036354330375410375,0.0,0.0,0.0004109744635587293,0.0010829732498797361,0.03312156029362849,0,2
5601,1.0,1.0,0.0,0.06756756756756757,0.0,0.6000000000000001,0.1764705882352941,0.0,0.0,0.0,0.0,0.0,0.0,0.0,0.0,0.0,0.009770786935533304,0.0,0.0008043294090493882,9.89901386388269e-06,0.004755559540111545,0.004203579075343903,0.0,0.653992498050421,0.4942385296766826,0.5777358490566038,0.24497549019607845,0.39231528534347243,0.09455479666645782,0.25252525252525254,0.5,1.0,0.0,0.0,0.45,0.0,0.005634976721028072,0.0,0.0,0.0,0.0,0.0036499724483485597,0.1042138398831519,0.0,0.002677512060623146,0.0011528837484840535,0.03312156029362849,0,3
1809,0.8000000000000114,0.0,0.0,0.03474903474903475,0.0,0.6000000000000001,0.5294117647058824,0.0,0.0,0.0,0.0,1.0,0.0,0.0,0.0,0.0,0.009770786935533304,0.0,0.0008043294090493882,9.89901386388269e-06,0.00017460549280683208,0.00039863531599764157,0.0,0.6540938005021945,0.4940686933650536,0.580754716981132,0.2450980392156863,0.39131600433834196,0.049439187919042546,0.020202020202020204,0.29999999999999716,1.0,1.0,0.0,0.10000000000000002,4.628659668130533e-05,0.0,0.0,0.0,1.9627033462010398e-05,0.0,0.0036354330375410375,0.0,0.0,0.00013407514245323998,0.0010988074926407258,0.03312156029362849,0,1
10036,0.20000000000004547,0.0,1.0,0.03861003861003861,0.0,0.6000000000000001,0.2647058823529412,0.0,0.0,0.0,0.0,0.0,0.0,0.0,0.0,0.0,0.009770786935533304,0.0,0.0008043294090493882,9.89901386388269e-06,0.0,0.00018307141987550644,4.493217970288172e-05,0.6540794905017216,0.4939694268988457,0.580754716981132,0.24497549019607845,0.40287476084280827,0.13409361488815089,0.020202020202020204,0.14999999999999858,0.0,1.0,0.0,0.8,0.0,0.0,0.0,0.0,0.0,0.00044624190807084215,0.0036399685295672246,0.0,0.0,0.000238065879730939,0.0013800603026845333,0.03312156029362849,1,4
4297,0.20000000000004547,0.0,0.0,0.03474903474903475,0.0,0.6000000000000001,0.029411764705882346,0.0,0.0,0.0,0.0,0.0,0.0,0.0,0.0,0.0,0.009929122308695585,4.8678628929588046e-05,0.0008043294090493882,9.89901386388269e-06,0.02560916711372421,0.005886955267998525,0.0,0.6538494424424444,0.4942001892336544,0.580754716981132,0.24485294117647063,0.39441133818350216,0.08352653675042297,0.020202020202020204,0.3999999999999986,1.0,1.0,0.0,0.10000000000000002,4.541761980022479e-05,0.0,0.0,0.0,0.0,8.503459748061965e-05,0.0037642593085419813,0.0,0.0,0.0010691475727052583,0.0012775693640425263,0.03312767153520976,0,2
2353,0.6000000000000227,1.0,0.0,0.05791505791505792,0.7037037037037037,0.6000000000000001,0.5,0.0,0.0,0.0,0.0,1.0,0.0,0.0,0.0,0.0,0.009770786935533304,0.0,0.0008043294090493882,9.89901386388269e-06,0.0,0.0050239517748495765,0.0,0.6540364998689199,0.4940807326158511,0.580754716981132,0.2450980392156863,0.40287476084280827,0.13753994611191178,0.020202020202020204,0.6499999999999986,0.0,1.0,0.0,0.45,0.000722859776303219,0.0,0.0011383724359022827,0.0049628838521682955,0.0,0.00033995769592018237,0.0038360878223352903,0.0,0.0,0.002577947005399332,0.0020299152341792027,0.03312156029362849,0,0
11751,0.4000000000000341,0.0,0.0,0.03861003861003861,0.0,1.0,0.5588235294117647,0.0,0.0,0.0,0.0,0.0,0.0,0.0,0.0,0.0,0.009770786935533304,0.0,0.0008043294090493882,9.89901386388269e-06,0.00010628160431720215,2.4431682906672218e-05,0.0,0.6540998315026021,0.4944934050606703,0.580754716981132,0.2450980392156863,0.39892638223717086,0.1342189360235604,0.020202020202020204,0.6000000000000014,0.0,1.0,0.0,0.8,0.0,0.0,0.0,0.0,0.0,0.0,0.0036354330375410375,0.0,0.0,2.0542327683638945e-05,0.0013059966884669246,0.03312156029362849,1,2
3585,0.4000000000000341,0.0,0.0,0.07722007722007722,0.0,0.6000000000000001,0.029411764705882346,0.0,0.0,0.0,0.0,0.0,0.0,0.0,0.0,0.0,0.010007560096445971,0.0,0.0008043294090493882,9.89901386388269e-06,0.12306542174998807,0.023167301765770795,0.0,0.655520795896284,0.4961399697031351,0.3292452830188679,0.1360294117647059,0.3937532750825626,0.06096873237671534,0.030303030303030304,0.6499999999999986,1.0,1.0,0.0,0.05,0.0001905707033500912,0.0,0.0,0.0,6.414001844283781e-05,0.0,0.004601862322107114,0.0,0.0,0.008443178079724698,0.0024414253162323984,0.03312156029362849,0,2
6728,0.6000000000000227,0.0,0.0,0.10424710424710425,0.0,0.6000000000000001,0.0,0.0,0.0,0.0,0.0,0.0,0.0,0.0,0.0,0.0,0.009770786935533304,0.0,0.0008043294090493882,9.89901386388269e-06,0.0,3.714613013361388e-05,0.0,0.6541048698711786,0.493998018712355,0.4071698113207547,0.2450980392156863,0.3976955605113395,0.1342189360235604,0.25252525252525254,0.6999999999999957,0.0,1.0,0.0,0.35000000000000003,0.00017400583155449353,0.0,0.0,0.0,0.0,0.0,0.0036354330375410375,0.0,0.0,0.0001363775204003477,0.001085976335233271,0.033140409902401885,0,2
12209,0.4000000000000341,0.0,1.0,0.04247104247104247,0.0,0.6000000000000001,0.23529411764705882,0.0,0.0,0.0,0.0,0.0,0.0,0.0,0.0,0.0,0.009770786935533304,0.0,0.0008043294090493882,9.89901386388269e-06,0.00038030016238672335,0.00023559122802862496,0.0,0.6539823477604421,0.4938556776195714,0.20339622641509433,0.23725490196078433,0.39068840712170516,0.13002067798734257,0.020202020202020204,0.7999999999999972,0.0,1.0,0.0,0.55,0.0,0.0,0.0,0.0,0.0,0.0,0.0036354397125790815,0.0,0.0,0.0001423637030628278,0.0010825576210823542,0.03312156029362849,1,4
10301,0.0,0.0,0.0,0.02316602316602317,0.0,0.6000000000000001,0.5294117647058824,0.0,0.0,0.0,0.0,1.0,0.0,0.0,0.0,0.0,0.009770786935533304,0.0,0.0008043294090493882,9.89901386388269e-06,0.0,4.420971192635925e-05,0.0,0.6541002423382064,0.49399407213609003,0.20339622641509433,0.2450980392156863,0.39068840712170516,0.1342189360235604,0.020202020202020204,0.14999999999999858,0.0,1.0,0.0,0.7,0.0,0.0,2.721931966822674e-05,0.0,0.0,1.4961463390130275e-05,0.0036354330375410375,0.0,0.0,6.344330343141293e-05,0.0010825576210823542,0.03312156029362849,1,1
2485,0.8000000000000114,1.0,0.0,0.06756756756756757,0.2962962962962963,0.6000000000000001,0.5,0.0,0.0,0.0,0.0,1.0,0.0,0.0,0.0,0.0,0.009770786935533304,0.0,0.0008043294090493882,9.89901386388269e-06,0.0,0.0,0.0,0.654098078824903,0.49398425906950416,0.3920754716981132,0.20575980392156865,0.3967815839822567,0.0613446957829438,0.020202020202020204,0.44999999999999574,0.0,1.0,0.0,0.55,0.0,0.0,0.0,0.0,0.0,0.0,0.0036367649039554454,0.0,0.0,7.398307803372831e-05,0.0010826863495244294,0.03312156029362849,0,0
4908,0.6000000000000227,1.0,0.0,0.03861003861003861,0.537037037037037,0.6000000000000001,0.5,0.0,0.0,0.0,0.0,1.0,0.0,0.0,0.0,0.0,0.009770786935533304,0.0,0.0008509576528995088,9.89901386388269e-06,0.0,0.008573360075222991,0.0,0.6538790113411083,0.4937326373692238,0.3920754716981132,0.23357843137254902,0.3967815839822567,0.1277648975499718,0.24242424242424243,0.10000000000000142,0.0,1.0,0.0,0.55,0.00010969475347265055,0.0,0.0,0.0,0.0,0.0,0.0036656591804010404,0.0,0.0,0.00716282570333809,0.0011114051841405277,0.033136391959479136,0,0
4415,0.0,0.0,0.0,0.03861003861003861,0.0,0.8,0.5588235294117647,0.0,0.0,0.0,0.0,0.0,0.0,0.0,0.0,0.0,0.009770786935533304,0.0,0.001152263438661442,9.89901386388269e-06,0.0,1.3794759736420368e-05,0.0,0.6538660289360118,0.49369248298394264,0.5447169811320755,0.2338235294117647,0.4015525414640686,0.1254464565448963,0.020202020202020204,0.8999999999999986,0.0,1.0,0.0,0.35000000000000003,0.0,0.0,0.0,0.0,0.0,0.0,0.0036354330375410375,0.0,0.0,0.004674031888446208,0.001356954811319422,0.03312156029362849,0,2
11647,0.0,0.0,0.0,0.03861003861003861,0.0,0.6000000000000001,0.5588235294117647,0.0,0.0,0.0,0.0,0.0,0.0,0.0,0.0,0.0,0.009770786935533304,0.0,0.0008043294090493882,9.89901386388269e-06,0.0,0.0,0.0,0.6540799692577284,0.49405938803150157,0.20339622641509433,0.2450980392156863,0.39068840712170516,0.018484867472899305,0.020202020202020204,0.6000000000000014,0.0,1.0,0.0,0.45,0.000625038777244708,0.0,0.0,0.0,0.0009102467185407806,0.0,0.0036354330375410375,0.0,0.0,1.545151422281186e-05,0.001136413546573343,0.03312156029362849,1,2
5275,0.0,0.0,0.0,0.12027027027027026,0.0,0.0,0.7941176470588235,0.3333333333333333,0.0,0.0,0.0,0.0,0.0,0.0,0.0,0.0,0.009770786935533304,0.0,0.0008043294090493882,9.89901386388269e-06,0.0004967038242579447,0.0020918174221998403,0.0,0.6541140725887153,0.49401011890664354,0.3154716981132075,0.1737745098039216,0.3943077541768728,0.09674791653612383,0.25252525252525254,0.9499999999999957,0.0,1.0,0.0,0.5,6.760368579531218e-05,0.0,0.0,0.0,0.0,0.0,0.0036354330375410375,0.0,0.0,0.0006319004185723108,0.0010860246641631992,0.03312156029362849,0,2
9602,0.20000000000004547,1.0,1.0,0.04247104247104247,0.0,0.8,0.23529411764705882,0.0,0.0,0.0,0.0,0.0,0.0,0.0,0.0,0.0,0.009770786935533304,0.0,0.0008043294090493882,9.89901386388269e-06,0.0,0.0,0.0,0.654060351526303,0.4939473358537744,0.20339622641509433,0.2450980392156863,0.39068840712170516,0.1342189360235604,0.020202020202020204,0.3999999999999986,0.0,1.0,0.0,0.8,0.0,0.0,0.0,0.0,0.0,0.0,0.0036354330375410375,0.0,0.0,0.0006658221203263647,0.0010825576210823542,0.03312156029362849,1,4
6840,0.4000000000000341,0.0,0.0,0.06756756756756757,0.0,0.6000000000000001,0.0,0.0,0.0,0.0,0.0,0.0,0.0,0.0,0.0,0.0,0.009770786935533304,0.0,0.0008043294090493882,9.89901386388269e-06,0.0019152378900426429,0.0004402688980937055,0.0,0.6541202970794399,0.4940152393244178,0.40056603773584903,0.2450980392156863,0.39705577694098154,0.12243874929506864,0.25252525252525254,0.29999999999999716,0.0,0.0,0.0,0.35000000000000003,0.0,0.0,0.0,0.0,0.0,0.0,0.003648344917013736,0.007875167591472177,0.0,5.883854753719748e-06,0.0010885130835890991,0.03312156029362849,0,2
11013,0.20000000000004547,0.0,1.0,0.04247104247104247,0.0,0.6000000000000001,0.2647058823529412,0.0,0.0,0.0,0.0,0.0,0.0,0.0,0.0,0.0,0.009770786935533304,0.0,0.0008043294090493882,9.89901386388269e-06,0.0,0.0,0.0,0.6540636647166604,0.4939512176047973,0.20339622641509433,0.2450980392156863,0.39068840712170516,0.1342189360235604,0.020202020202020204,0.3999999999999986,0.0,1.0,0.0,0.2,0.0,0.0,0.0,0.0,0.0,0.0,0.0036354330375410375,0.0,0.0,0.0006146581659461929,0.0010825576210823542,0.03312156029362849,1,4
2105,1.0,1.0,0.0,0.10231660231660232,0.0,0.6000000000000001,0.0,0.0,0.0,0.0,0.0,0.0,0.0,0.0,0.0,0.0,0.009770786935533304,0.0,0.0008043294090493882,9.89901386388269e-06,0.0019839232805877734,0.0005318461585125925,0.0,0.6541190324346804,0.4940149392650638,0.3730188679245283,0.22500000000000003,0.3961539867656199,0.12287737326900185,0.020202020202020204,0.8500000000000014,0.0,1.0,0.0,0.35000000000000003,0.00014038728846769036,0.0,2.963881474984689e-05,0.00012921429795762298,6.147925633076304e-05,0.0,0.0036873879998311483,0.0,0.0,0.0007957529824748108,0.0011049475468757294,0.03312156029362849,0,3
7556,0.6000000000000227,0.0,1.0,0.0694980694980695,0.0,0.6000000000000001,0.32352941176470584,0.0,0.0,0.0,0.0,0.0,0.0,0.0,0.0,0.0,0.010268337146741194,0.0,0.0011933243637642405,9.89901386388269e-06,0.004426231167550419,0.0010174881820044035,0.0010276333122656652,0.6541004712796601,0.4940111277737344,0.580188679245283,0.24497549019607845,0.40239949304768524,0.13045930196127578,0.020202020202020204,0.29999999999999716,0.0,1.0,0.0,0.4,0.0001594368910326277,0.0,0.00013428197702991857,0.0005854198805427001,0.0,3.599424525741486e-05,0.003782259137601325,0.0,0.0,0.001286287395094707,0.0013934228304805314,0.03312156029362849,0,4
2449,0.4000000000000341,0.0,0.0,0.0694980694980695,0.0,0.4,0.5294117647058824,0.0,0.0,0.0,0.0,1.0,0.0,0.0,0.0,0.0,0.010863799147493216,0.00011011343746435171,0.0008043294090493882,9.89901386388269e-06,0.08558091211306627,0.019673404908192135,0.0,0.6528919738319428,0.49523184103848217,0.580754716981132,0.24460784313725495,0.39293069620638815,0.07556864465192056,0.030303030303030304,0.3999999999999986,1.0,1.0,0.0,0.2,8.064512789340363e-05,0.0,0.0,0.0,0.0007924375631432109,0.0,0.004031741433037469,0.0,0.0,0.009580808605367816,0.0018703513981976568,0.03312156029362849,0,1
2943,0.4000000000000341,0.0,0.0,0.03861003861003861,0.0,0.6000000000000001,0.0,0.0,0.0,0.0,0.0,0.0,0.0,0.0,0.0,0.0,0.009770786935533304,0.0,0.0008043294090493882,9.89901386388269e-06,0.0,0.0,0.0,0.654100572994604,0.4939944595348421,0.2788679245283019,0.09607843137254903,0.3931256778659258,0.0580236856945924,0.020202020202020204,0.6499999999999986,0.0,1.0,0.0,0.45,0.0,0.0,0.0,0.0,0.0,0.0,0.0036364252623137996,0.0,0.00038480492813141687,0.0,0.0011017761281416451,0.03312156029362849,0,2
2599,0.6000000000000227,1.0,0.0,0.15830115830115832,0.4444444444444444,0.6000000000000001,0.5,0.0,0.0,0.0,0.0,1.0,0.0,0.0,0.0,0.0,0.009770786935533304,0.0,0.0008043294090493882,9.89901386388269e-06,0.0014037124815091699,0.0005871082984205416,1.002600912053653e-05,0.6541555471056096,0.4940588674886894,0.3009433962264151,0.1729166666666667,0.3938385795586103,0.09731186164546651,0.25252525252525254,0.0,0.0,1.0,1.0,0.35000000000000003,0.000129837366020822,0.0,0.0,0.0,0.0,0.0,0.0036354330375410375,0.0,0.0,0.00021905847067870521,0.0010983704504097757,0.03312156029362849,0,0
3863,0.4000000000000341,1.0,0.0,0.06756756756756757,0.0,0.6000000000000001,0.1764705882352941,0.0,0.0,0.0,0.0,0.0,0.0,0.0,0.0,0.0,0.009770786935533304,0.0,0.0008043294090493882,9.89901386388269e-06,0.0,0.0004256431287346092,0.0,0.654098255749268,0.4939913875170826,0.3920754716981132,0.17634803921568631,0.3967815839822567,0.09775048561939972,0.25252525252525254,0.9499999999999957,0.0,0.0,1.0,0.55,0.0,0.0008219076120335348,0.0,0.0,0.0,0.0,0.003640773460625461,0.0064975944604197585,0.0,0.0002408031512902782,0.001085073302981547,0.03312156029362849,0,3
8676,0.0,1.0,0.0,0.03861003861003861,0.537037037037037,0.2,0.5,0.0,0.0,0.0,0.0,1.0,0.0,0.0,0.0,0.0,0.009770786935533304,0.0,0.0008043294090493882,9.89901386388269e-06,0.01763840829198955,0.00487677997067367,0.0,0.6536872044562554,0.4934865060175902,0.33320754716981127,0.2237745098039216,0.39503893540013896,0.12055893226392633,0.020202020202020204,0.6999999999999957,0.0,1.0,0.0,0.05,9.796356557806334e-06,0.0,0.0004293595646925099,0.001871849302726246,0.00013189554304973017,0.0,0.0036789095235674947,0.0,0.0053024383983572895,0.0024192108369348493,0.0011082588964500058,0.03321122490630951,0,0
695,0.0,0.0,1.0,0.06756756756756757,0.0,0.6000000000000001,0.23529411764705882,0.0,0.0,0.0,0.0,0.0,0.0,0.0,0.0,0.0,0.009770786935533304,0.0,0.0008043294090493882,9.89901386388269e-06,0.0,0.0,0.0,0.654097105409576,0.4939903968942216,0.20339622641509433,0.2450980392156863,0.39068840712170516,0.1342189360235604,0.24242424242424243,0.6000000000000014,0.0,0.0,0.0,0.4,0.0,0.017789705612415788,0.0,0.0,0.0,0.0,0.0036354330375410375,0.00671238650333615,0.0,9.826037438711979e-05,0.0010825576210823542,0.03312156029362849,0,4
7106,0.0,0.0,0.0,0.02316602316602317,0.0,0.0,0.4411764705882353,0.0,0.0,0.0,0.0,0.0,0.0,0.0,0.0,0.0,0.009770786935533304,0.0,0.0008043294090493882,9.89901386388269e-06,0.0013371961032970434,0.00030739045942782494,0.0,0.6540952854741127,0.4939934246600194,0.580754716981132,0.23492647058823535,0.39291241667580645,0.05633185036656432,0.020202020202020204,0.6000000000000014,0.0,1.0,0.0,0.9,9.835732072730296e-05,0.0,0.0,0.0,2.076959601601898e-05,0.0,0.0036354683759777405,0.0,0.0,0.00011739569332530401,0.0010879625303329844,0.033173619936806585,0,2
1285,0.0,1.0,0.0,0.06756756756756757,0.0,0.6000000000000001,0.5588235294117647,0.0,0.0,0.0,0.0,0.0,0.0,0.0,0.0,0.0,0.009770786935533304,0.0,0.0008043294090493882,9.89901386388269e-06,0.0,0.0,0.0,0.6541027968079719,0.4939970478864242,0.580754716981132,0.24436274509803926,0.40287476084280827,0.13378031204962718,0.25252525252525254,0.6000000000000014,0.0,0.0,0.0,0.5,0.0,0.0019545799850252594,0.0,0.0,0.0,0.0,0.0036354330375410375,0.007165295722919655,0.0,9.183929811240824e-06,0.0010868767899420654,0.03312156029362849,0,3
1796,0.4000000000000341,0.0,0.0,0.06756756756756757,0.0,0.6000000000000001,0.5294117647058824,0.0,0.0,0.0,0.0,1.0,0.0,0.0,0.0,0.0,0.009770786935533304,0.0,0.0008043294090493882,9.89901386388269e-06,0.00012833322970274408,0.00014027442430769626,0.0,0.6541026404253871,0.4939968817474804,0.5809433962264151,0.2450980392156863,0.40288085401966883,0.1342189360235604,0.25252525252525254,0.0,0.0,0.0,0.0,0.4,0.0,0.0,0.0,0.0,0.0,0.0,0.0036354330375410375,0.0009221151385756237,0.0,5.5947784114717775e-05,0.0010829382052095218,0.03312156029362849,0,1
12276,0.6000000000000227,0.0,1.0,0.015444015444015444,0.0,0.6000000000000001,0.23529411764705882,0.0,0.0,0.0,0.0,0.0,0.0,0.0,0.0,0.0,0.009770786935533304,0.0,0.0008043294090493882,9.89901386388269e-06,0.0006008164162421428,0.0012318055636925248,0.0,0.6539328046310704,0.4937876771051524,0.580754716981132,0.2450980392156863,0.40327691051560466,0.1297700357165236,0.020202020202020204,0.8999999999999986,0.0,1.0,0.0,0.75,1.177192118588786e-05,0.0,0.0,0.0,2.3821646673987103e-05,0.0,0.0036354880084425757,0.0,0.0022330595482546204,0.0007465332583610855,0.001089047081088705,0.03313892177539346,1,4
8391,0.6000000000000227,0.0,1.0,0.06756756756756757,0.0,0.6000000000000001,0.23529411764705882,0.0,0.0,0.0,0.0,0.0,0.0,0.0,0.0,0.0,0.009770786935533304,8.288788732327972e-05,0.0008043294090493882,0.0013553855291397413,0.030076609515601704,0.006914000060663702,0.0,0.653556786350259,0.49441224075218254,0.580754716981132,0.23995098039215687,0.3956238803787519,0.12024562942540261,0.030303030303030304,0.3999999999999986,0.0,1.0,0.0,0.25000000000000006,0.0,0.0,7.026616966205198e-05,0.0003063345771308273,0.0,2.526102152101706e-05,0.004227663223209294,0.0,0.0,0.0024162433275807995,0.001361687626251185,0.03312156029362849,0,4
4781,0.0,1.0,1.0,0.015444015444015444,0.0,0.6000000000000001,0.2941176470588235,0.0,0.0,0.0,0.0,0.0,0.0,0.0,0.0,0.0,0.009770786935533304,0.0,0.0008043294090493882,9.89901386388269e-06,0.0,0.002662970335865004,0.0,0.654102398562491,0.49399634296043843,0.3749056603773585,0.197671568627451,0.39622710488794655,0.1085281032646156,0.25252525252525254,0.6499999999999986,0.0,0.0,0.0,0.45,0.0,0.0,0.0,0.0,0.0,0.0,0.003638508266832796,0.004067378124438353,0.0,0.0009091578873584614,0.001084840580595893,0.03312156029362849,0,4
10454,0.6000000000000227,0.0,0.0,0.05791505791505792,0.0,0.8,0.5588235294117647,0.0,0.0,0.0,0.0,0.0,0.0,0.0,0.0,0.0,0.009801502884266716,0.0,0.0008043294090493882,9.89901386388269e-06,0.2220873417886254,0.06210866198725148,0.0,0.6523844165928371,0.4935893972629033,0.580754716981132,0.2450980392156863,0.3963794343094603,0.13183783445078015,0.04040404040404041,0.14999999999999858,0.0,1.0,0.0,0.8,0.00010323173791961409,0.0,0.0,0.0,0.0,3.8668516491399505e-05,0.004644679549964411,0.0,0.0,0.032452196238323745,0.0015206897065784993,0.03312156029362849,1,2
1624,0.4000000000000341,0.0,0.0,0.05791505791505792,0.0,0.0,0.4411764705882353,0.0,0.0,0.0,0.0,0.0,0.0,0.0,0.0,0.0,0.009770786935533304,0.0,0.0008043294090493882,9.89901386388269e-06,0.05476611540013217,0.012589463379691204,0.0,0.6545720154648567,0.4945468039804416,0.280188679245283,0.09669117647058824,0.39316833010394964,0.05833698853311611,0.020202020202020204,0.6000000000000014,0.0,1.0,0.0,0.0,0.0012774435373615694,0.0,0.0,0.0,0.0,7.245829492080001e-05,0.003818807326787502,0.0,0.0,0.007924861639876367,0.0016511795027010084,0.03312156029362849,0,2
1928,0.4000000000000341,1.0,0.0,0.06756756756756757,0.0,0.6000000000000001,0.1764705882352941,0.0,0.0,0.0,0.0,0.0,0.0,0.0,0.0,0.0,0.009770786935533304,1.167588723484851e-06,0.0008043294090493882,9.89901386388269e-06,0.0,0.0,0.0,0.6540920580953855,0.49398432932919767,0.3920754716981132,0.21678921568627454,0.3967815839822567,0.11886709693589827,0.25252525252525254,0.44999999999999574,0.0,0.0,1.0,0.05,0.0,0.0,0.0,0.0,0.0,0.0,0.0036356489946542227,0.0018592139723421068,0.0,0.0001830902107494445,0.0010834244685967987,0.03312156029362849,0,3
9928,0.8000000000000114,0.0,0.0,0.06756756756756757,0.0,0.2,0.0,0.0,0.0,0.0,0.0,0.0,0.0,0.0,0.0,0.0,0.009770786935533304,0.0,0.0008043294090493882,9.89901386388269e-06,0.00024690590390696963,0.010434821630017065,0.0,0.6539935678795875,0.49386905374542117,0.20339622641509433,0.2450980392156863,0.39068840712170516,0.13415627545585562,0.020202020202020204,0.9499999999999957,0.0,1.0,0.0,0.10000000000000002,0.0,0.0,0.0,0.0,0.0,0.0,0.0036354330375410375,0.0,0.0,0.004891939170151359,0.0010825576210823542,0.03312156029362849,1,2
7628,0.6000000000000227,0.0,0.0,0.20463320463320464,0.0,0.6000000000000001,0.5588235294117647,0.0,0.0,0.0,0.0,0.0,0.0,0.0,0.0,0.0,0.009770786935533304,0.0,0.0012142836814012178,9.89901386388269e-06,0.0,0.0,0.0004970595194140182,0.6541079451744684,0.49400657758518535,0.5743396226415094,0.24191176470588235,0.40262494059152565,0.13227645842471336,0.020202020202020204,1.0,0.0,1.0,0.0,0.45,5.4969576610227225e-05,0.0,0.0,0.0,0.0,4.9871544633767585e-06,0.0037400650441778913,0.0,0.0,0.0006444355873954529,0.0015180019241206291,0.03312156029362849,0,2
5376,0.6000000000000227,1.0,0.0,0.10231660231660232,0.0,0.4,0.1764705882352941,0.0,0.0,0.0,0.0,0.0,0.0,0.0,0.0,0.0,0.010176791278958078,0.0,0.0008043294090493882,9.89901386388269e-06,0.0,0.0,0.000256935513557524,0.6541995280510092,0.49410829770621484,0.4675471698113207,0.23125000000000004,0.39923104108019847,0.12688764960210538,0.25252525252525254,0.0,0.0,1.0,0.0,0.35000000000000003,1.5492228458013897e-05,0.0,0.0,0.0,0.0,0.0,0.003867803283977678,0.0,0.0,0.0008289583888675422,0.001169944802543219,0.03313495343670432,0,3
3242,0.4000000000000341,0.0,0.0,0.31660231660231664,0.0,0.6000000000000001,0.029411764705882346,0.0,0.0,0.0,0.0,0.0,0.0,0.0,0.0,0.0,0.024941606212357068,0.0,0.0008043294090493882,9.301834090908171e-05,0.0,0.004135103882435406,0.002072295616161222,0.6539480297347199,0.4946045318289536,0.580754716981132,0.24056372549019608,0.39647692513922916,0.08960461181778309,0.020202020202020204,0.3999999999999986,0.0,1.0,0.0,0.25000000000000006,0.004912815108243867,0.0,0.0041959085330046855,0.01829261324930009,0.0,3.505463644547432e-06,0.004070581516168487,0.0,0.0,0.0047105117879192695,0.001531583443929368,0.033167712072583136,0,2
4519,0.20000000000004547,1.0,0.0,0.10231660231660232,0.4444444444444444,0.4,0.5,0.0,0.0,0.0,0.0,1.0,0.0,0.0,0.0,0.0,0.009770786935533304,0.0,0.0008043294090493882,9.89901386388269e-06,0.0012771867620839292,0.001575843547480358,0.0,0.6541159054456211,0.494012420396825,0.3920754716981132,0.1843137254901961,0.3967815839822567,0.10313929444200766,0.24242424242424243,0.5,0.0,0.0,0.0,0.55,0.0,0.0009945313391963723,0.0,0.0,0.0,0.0,0.003635738126044574,0.012343012002326025,0.0,0.0002443846280968902,0.0010919882062756653,0.03312156029362849,0,0
4414,0.20000000000004547,0.0,0.0,0.015444015444015444,0.0,1.0,0.5588235294117647,0.0,0.0,0.0,0.0,0.0,0.0,0.0,0.0,0.0,0.010267915761849211,0.0,0.0008043294090493882,9.89901386388269e-06,0.0,0.0,0.0001939086709733269,0.654128019794844,0.4940035661227418,0.499811320754717,0.23835784313725492,0.40026078796963166,0.12438122689391568,0.020202020202020204,0.14999999999999858,0.0,1.0,0.0,0.35000000000000003,0.0,0.0,0.0,0.0003432529479758624,0.0,0.00026652365338698255,0.003639854268621885,0.0,0.0,0.0004974159644840295,0.0011488258532547538,0.03312156029362849,0,2
9231,0.4000000000000341,0.0,0.0,0.06756756756756757,0.0,0.8,0.5588235294117647,0.0,0.0,0.0,0.0,0.0,0.0,0.0,0.0,0.0,0.009770786935533304,0.0,0.0008043294090493882,9.89901386388269e-06,0.0,0.0,0.0,0.6540335597437967,0.49391594646230297,0.580754716981132,0.2450980392156863,0.40287476084280827,0.1342189360235604,0.020202020202020204,0.3500000000000014,0.0,1.0,0.0,0.25000000000000006,0.0,0.0,0.0,0.0,0.0,0.0,0.0036354330375410375,0.0,0.0,0.0,0.0010838067380404969,0.03312156029362849,1,2
1839,0.8000000000000114,0.0,0.0,0.03861003861003861,0.0,0.6000000000000001,0.029411764705882346,0.0,0.0,0.0,0.0,0.0,0.0,0.0,0.0,0.0,0.009770786935533304,0.0,0.0008043294090493882,9.89901386388269e-06,7.230041110013751e-07,1.6620192453518515e-07,0.0,0.6538260165300223,0.49407546624423837,0.2788679245283019,0.09154411764705883,0.39071887300600794,0.0484992794034714,0.020202020202020204,0.7999999999999972,1.0,1.0,0.0,0.05,9.972867486775818e-06,0.0,0.0,0.0,0.00010218891664550709,0.0,0.003730051309164139,0.0,0.0012833675564681726,0.0003327191953342567,0.0011423644983799613,0.03312156029362849,0,2
7058,0.20000000000004547,0.0,0.0,0.04247104247104247,0.0,0.6000000000000001,0.0,0.0,0.0,0.0,0.0,0.0,0.0,0.0,0.0,0.0,0.009770786935533304,0.0,0.0008043294090493882,9.89901386388269e-06,0.0,0.0,0.0,0.6540984084873436,0.49399221083647454,0.580754716981132,0.2450980392156863,0.39969412252160036,0.10696158907199702,0.07070707070707072,0.9499999999999957,0.0,1.0,0.0,0.6,0.0,0.0,0.0,0.0,0.0,0.0,0.0036354330375410375,0.0,0.0,4.03427780287654e-05,0.001087703784677369,0.03312156029362849,0,2
9379,0.6000000000000227,0.0,0.0,0.015444015444015444,0.0,0.6000000000000001,0.5294117647058824,0.0,0.0,0.0,0.0,1.0,0.0,0.0,0.0,0.0,0.009770786935533304,0.0,0.0008043294090493882,9.89901386388269e-06,0.0001832815421388486,0.010934009110358493,7.157396098847228e-05,0.6540158404704463,0.49389518646965747,0.5458490566037736,0.2450980392156863,0.40174752312360623,0.1342189360235604,0.25252525252525254,0.14999999999999858,0.0,1.0,0.0,0.75,8.981011843604989e-05,0.0,0.0,0.0,0.0,0.0,0.0036354330375410375,0.0,0.0,0.004809641949530852,0.0010849626173399783,0.03312156029362849,1,1
646,0.4000000000000341,0.0,1.0,0.0694980694980695,0.0,0.6000000000000001,0.2941176470588235,0.0,0.0,0.0,0.0,0.0,0.0,0.0,0.0,0.0,0.009770786935533304,0.0,0.0009364167754074222,9.89901386388269e-06,0.14671705523317605,0.041096417475966165,0.0,0.6552418477978834,0.4951131669816851,0.39358490566037735,0.18848039215686277,0.39682423622028057,0.10251268876496022,0.020202020202020204,0.10000000000000142,0.0,1.0,0.0,0.35000000000000003,0.0,0.0,0.0,0.0,0.00038192892387558033,0.0,0.006199494198285454,0.0,0.0,0.01851137451451803,0.0023367323628384657,0.0331219571274974,0,4
859,0.20000000000004547,0.0,0.0,0.10231660231660232,0.0,0.0,0.4411764705882353,0.0,0.0,0.0,0.0,0.0,0.0,0.0,0.0,0.0,0.009770786935533304,0.0,0.0008043294090493882,9.89901386388269e-06,0.002606791322215458,0.02222410584403362,0.0,0.6536126377940712,0.49342126814537424,0.580754716981132,0.2450980392156863,0.40287476084280827,0.13390563318503665,0.020202020202020204,0.6000000000000014,0.0,1.0,0.0,0.10000000000000002,8.625274432912645e-05,0.0,0.0001111959614594596,0.0,0.0,3.986109690655482e-05,0.0037611589496952345,0.0,0.0,0.007351953260704395,0.0010984366734358105,0.03312156029362849,0,2
10550,0.6000000000000227,0.0,1.0,0.03861003861003861,0.0,0.6000000000000001,0.2941176470588235,0.0,0.0,0.0,0.0,0.0,0.0,0.0,0.0,0.0,0.009770786935533304,0.0,0.0008356592223921615,9.89901386388269e-06,0.0013628627492375922,3.6564423397740734e-05,0.0004461030348816601,0.6540682150522973,0.4938106652228851,0.580754716981132,0.2450980392156863,0.4028686676659477,0.12218810702424965,0.020202020202020204,0.10000000000000142,0.0,1.0,0.0,0.4,0.0,0.0,7.762546720197996e-06,6.768367988256443e-05,0.0,7.697564497820649e-06,0.0036461786708438396,0.0,0.0,0.0008452285263604369,0.0012879703445806611,0.03312156029362849,1,4
1907,1.0,0.0,0.0,0.05791505791505792,0.0,0.6000000000000001,0.5294117647058824,0.0,0.0,0.0,0.0,1.0,0.0,0.0,0.0,0.0,0.03511635076469695,0.0,0.0008090702070863235,0.00168524131933409,0.04957169236464278,0.010584985068834605,0.0,0.6533416493041853,0.49432863831587726,0.580188679245283,0.24031862745098043,0.39896294129833415,0.13002067798734257,0.020202020202020204,0.3500000000000014,0.0,1.0,0.0,0.2,6.85677070227609e-05,0.0,0.0,0.0,0.0,0.0004411463372060876,0.004582620150673011,0.0,0.0,0.0034158846682605945,0.001661535921487343,0.033202415194419625,0,1
10076,0.6000000000000227,0.0,0.0,0.20463320463320464,0.0,1.0,0.5588235294117647,0.0,0.0,0.0,0.0,0.0,0.0,0.0,0.0,0.0,0.009770786935533304,0.0,0.0008043294090493882,9.89901386388269e-06,0.2367458886371228,0.01578361506637066,0.0,0.6541368885427927,0.4940370070196289,0.5275471698113208,0.2450980392156863,0.4011564849681327,0.1342189360235604,0.020202020202020204,0.14999999999999858,0.0,1.0,0.0,0.35000000000000003,6.365255653914912e-05,0.0,0.0,0.0,0.00010758869857883531,0.0,0.0036788812528181325,0.0,0.0,2.558197719008586e-08,0.0011241079105147069,0.03312156029362849,1,2
12290,0.8000000000000114,0.0,1.0,0.03861003861003861,0.0,0.6000000000000001,0.23529411764705882,0.0,0.0,0.0,0.0,0.0,0.0,0.0,0.0,0.0,0.009770786935533304,0.0,0.0008043294090493882,9.89901386388269e-06,0.0024538759527386674,0.0005819560387599508,0.0,0.6539912784650505,0.49375762575325854,0.20339622641509433,0.2450980392156863,0.39068840712170516,0.07744846168306285,0.020202020202020204,0.8999999999999986,0.0,1.0,0.0,0.0,0.0,0.0,0.0,0.0,0.0,0.0,0.0036354330375410375,0.0,0.001540041067761807,0.00020306973493490154,0.0010825576210823542,0.03312156029362849,1,4
4996,0.4000000000000341,1.0,0.0,0.05791505791505792,0.7037037037037037,0.4,0.5,0.0,0.0,0.0,0.0,1.0,0.0,0.0,0.0,0.0,0.009770786935533304,0.0,0.0008043294090493882,9.89901386388269e-06,0.0,8.792081807911294e-05,0.0,0.6526446882371929,0.4929250635239433,0.28641509433962264,0.08137254901960785,0.3929611620906909,0.05012845416379473,0.020202020202020204,0.7999999999999972,0.0,1.0,0.0,0.05,0.0005862606839264891,0.0,1.1895850817965759e-05,0.0,0.0,1.2612441360278903e-05,0.003675013264596336,0.0,0.008983572895277209,0.0002451520874125928,0.0016805476302946746,0.03312156029362849,0,0
869,0.0,0.0,1.0,0.06756756756756757,0.0,0.6000000000000001,0.23529411764705882,0.0,0.0,0.0,0.0,0.0,0.0,0.0,0.0,0.0,0.009770786935533304,0.0,0.0008043294090493882,9.89901386388269e-06,0.0,0.00021664420863161385,0.0,0.6541011988562626,0.49399514544024786,0.3920754716981132,0.17193627450980395,0.3967815839822567,0.09662259540071434,0.25252525252525254,0.6000000000000014,0.0,0.0,0.0,0.55,0.0,0.0,0.0,0.0,0.0,0.0,0.003643405388861244,0.006875816910675628,0.0,0.0001487080334059691,0.0010855972877182346,0.03312156029362849,0,4
4502,0.4000000000000341,1.0,0.0,0.0637065637065637,0.2222222222222222,0.6000000000000001,0.5,0.0,0.0,0.0,0.0,1.0,0.0,0.0,0.0,0.0,0.009770786935533304,0.0,0.0008043294090493882,9.89901386388269e-06,0.0,0.0037556648887215787,0.0,0.6538730422973603,0.49416379044248787,0.580754716981132,0.24497549019607845,0.39821348054448635,0.11366626981640454,0.020202020202020204,0.29999999999999716,1.0,1.0,0.0,0.6,6.3068712697173145e-06,0.0,0.0,0.0,0.0,0.00012171547994676031,0.003783360126229273,0.0,0.0,0.004163083058028622,0.0013506605010537142,0.03312156029362849,0,0
9100,0.20000000000004547,0.0,1.0,0.02316602316602317,0.0,0.8,0.23529411764705882,0.0,0.0,0.0,0.0,0.0,0.0,0.0,0.0,0.0,0.010034333086547265,0.0,0.0008043294090493882,9.89901386388269e-06,0.0002505209244619765,0.002228934009941368,0.0,0.6530582754461052,0.4927732983160263,0.20339622641509433,0.2450980392156863,0.39068840712170516,0.1342189360235604,0.020202020202020204,1.0,0.0,1.0,0.0,0.2,0.0,0.0,7.560922130062982e-06,0.0,0.0,7.227760091850374e-06,0.0036354330375410375,0.0,0.0,0.0011745964826827921,0.0010825576210823542,0.03312156029362849,1,4
11744,0.8000000000000114,0.0,0.0,0.10231660231660232,0.0,0.6000000000000001,0.029411764705882346,0.0,0.0,0.0,0.0,0.0,0.0,0.0,0.0,0.0,0.009770786935533304,0.0,0.0008043294090493882,9.89901386388269e-06,0.0,0.008253836875304097,0.0,0.6534605368450997,0.4940677058475934,0.580754716981132,0.2450980392156863,0.392973348444412,0.13415627545585562,0.020202020202020204,0.6000000000000014,0.0,1.0,0.0,0.35000000000000003,0.00045398610930951156,0.0,0.0,0.0,0.00029147866360687373,0.0,0.0036552005737341266,0.0,0.0,0.01246937197780917,0.0012353125800068242,0.034964025224030575,1,2
8845,0.4000000000000341,1.0,0.0,0.15830115830115832,0.4444444444444444,0.6000000000000001,0.5,0.0,0.0,0.0,0.0,1.0,0.0,0.0,0.0,0.0,0.009770786935533304,0.0,0.0008043294090493882,9.89901386388269e-06,0.007292942467670871,0.0018949512425879135,0.0,0.6540162721791498,0.49403973317337224,0.580754716981132,0.24448529411764708,0.39100525231845384,0.11310232470706186,0.24242424242424243,0.29999999999999716,0.0,1.0,1.0,0.10000000000000002,0.00013310960708864088,0.0,0.0,0.0,0.0,0.0,0.0036354330375410375,0.0,0.0,0.000339063525677398,0.0011043459880104905,0.03312156029362849,0,0
11629,0.4000000000000341,0.0,0.0,0.03474903474903475,0.0,0.6000000000000001,0.029411764705882346,0.0,0.0,0.0,0.0,0.0,0.0,0.0,0.0,0.0,0.009770786935533304,0.0,0.0008043294090493882,9.89901386388269e-06,0.0,0.0019822903539311533,0.0,0.654067220101233,0.4939552080448489,0.20339622641509433,0.2450980392156863,0.39068840712170516,0.13371765148192244,0.020202020202020204,0.6000000000000014,0.0,1.0,0.0,0.75,0.00010033288535538449,0.0,5.040614753375321e-07,0.0,0.0,2.89110403674015e-07,0.0036354330375410375,0.0,0.0,0.0011699917267885768,0.0010825576210823542,0.03312156029362849,1,2
4284,0.6000000000000227,1.0,0.0,0.10231660231660232,0.4444444444444444,0.6000000000000001,0.5,0.0,0.0,0.0,0.0,1.0,0.0,0.0,0.0,0.0,0.009770786935533304,0.0,0.0008043294090493882,9.89901386388269e-06,0.0,0.0,3.155691807787094e-05,0.6541314522600543,0.4940306378425505,0.3920754716981132,0.17156862745098042,0.3967815839822567,0.09662259540071434,0.24242424242424243,0.0,0.0,1.0,0.0,0.55,0.0001538700078882055,0.0,0.0,0.0,0.0,0.0,0.0036354330375410375,0.0,0.0,5.6024530046288034e-05,0.001099687673983017,0.03312156029362849,0,0
11668,0.6000000000000227,0.0,0.0,0.10231660231660232,0.0,0.6000000000000001,0.0,0.0,0.0,0.0,0.0,0.0,0.0,0.0,0.0,0.0,0.009770786935533304,0.0,0.0008043294090493882,9.89901386388269e-06,0.0003958447507732529,0.0006562482990271786,0.0,0.6541067812506958,0.4940017331599088,0.32849056603773585,0.24362745098039218,0.39472818338025084,0.13346700921110347,0.020202020202020204,0.6000000000000014,0.0,1.0,0.0,0.35000000000000003,0.0003216775902831168,0.0,0.0,0.0,5.853676646564505e-06,0.0,0.0036354330375410375,0.0,0.0,0.001100050601150882,0.0010977790034437218,0.03312156029362849,1,2
12491,0.4000000000000341,0.0,0.0,0.03474903474903475,0.0,1.0,0.5588235294117647,0.0,0.0,0.0,0.0,0.0,0.0,0.0,0.0,0.0,0.009770786935533304,0.0031326405451098556,0.0008043294090493882,9.89901386388269e-06,0.02425425740970763,0.0008846928443007906,0.0,0.6533002231598702,0.49305351571156697,0.580754716981132,0.2421568627450981,0.40287476084280827,0.13240177956012283,0.020202020202020204,1.0,0.0,1.0,0.0,0.25000000000000006,0.00013540424916524418,0.0,0.0,0.0,0.0,0.0001666360089176104,0.003710291625956984,0.0,0.0,0.006670449388360508,0.0011339951173516055,0.03312156029362849,1,2
1787,0.8000000000000114,1.0,0.0,0.05791505791505792,0.7037037037037037,0.4,0.5,0.0,0.0,0.0,0.0,1.0,0.0,0.0,0.0,0.0,0.011848003760559172,0.00013548394010082162,0.0008043294090493882,9.89901386388269e-06,0.00248171161101222,0.0005576074568155462,0.0015125137316634133,0.6545245089535977,0.49456417947437026,0.4716981132075472,0.24387254901960786,0.3988959163528681,0.13127388934143747,0.020202020202020204,0.10000000000000142,0.0,1.0,0.0,0.35000000000000003,0.0,0.0,0.0028243572586112604,0.012313155685648863,0.0007492080045929137,0.0,0.00415213556039177,0.0,0.0,0.0,0.001371732757160649,0.035249323973662615,0,0
1203,0.8000000000000114,0.0,0.0,0.10231660231660232,0.0,0.4,0.0,0.0,0.0,0.0,0.0,0.0,0.0,0.0,0.0,0.0,0.010039209111725915,0.0,0.0008043294090493882,0.00015599550273022494,0.004213306456860514,0.0009685417152287915,0.0,0.6540085007598474,0.49421470310072896,0.580754716981132,0.2450980392156863,0.393856859089192,0.13390563318503665,0.020202020202020204,0.3500000000000014,0.0,1.0,0.0,0.2,3.396477606285869e-05,0.0,0.00039427688600901766,0.0017189017663682433,3.981752243010722e-05,0.0,0.0037874699864178366,0.0,0.0,3.555894829421935e-05,0.0011422367117324178,0.03312165950209572,0,2
11631,0.8000000000000114,0.0,0.0,0.015444015444015444,0.0,0.6000000000000001,0.0,0.0,0.0,0.0,0.0,0.0,0.0,0.0,0.0,0.0,0.009770786935533304,0.0,0.0008043294090493882,9.89901386388269e-06,0.0077939843165948245,0.001791656746489296,0.00036804805281310133,0.6539998351104676,0.49387643450681606,0.580754716981132,0.2450980392156863,0.40287476084280827,0.1342189360235604,0.020202020202020204,0.6000000000000014,0.0,0.0,0.0,0.5,0.0,0.0,0.0,0.0,0.0,0.00024339482109306138,0.0036354330375410375,0.0,0.0,0.001600357329057391,0.0013920642175160181,0.03312156029362849,1,2
12319,0.4000000000000341,0.0,0.0,0.02316602316602317,0.0,0.8,0.5588235294117647,0.0,0.0,0.0,0.0,0.0,0.0,0.0,0.0,0.0,0.009770786935533304,0.0,0.0008043294090493882,9.89901386388269e-06,8.42299789316602e-05,1.936252420834907e-05,0.0,0.653094174857585,0.49281462304924084,0.580754716981132,0.2450980392156863,0.40287476084280827,0.13415627545585562,0.020202020202020204,0.9499999999999957,0.0,1.0,0.0,0.35000000000000003,0.0020361486100093605,0.0,0.0,0.0,0.0028162132255872847,0.0,0.003649868003635637,0.0,0.0,0.015591959277585431,0.0011513258716238366,0.03312156029362849,1,2
7561,0.8000000000000114,1.0,0.0,0.10231660231660232,0.4444444444444444,0.4,0.5,0.0,0.0,0.0,0.0,1.0,0.0,0.0,0.0,0.0,0.009770786935533304,0.0,0.0008043294090493882,9.89901386388269e-06,0.003697081521605532,0.0008498735411106693,0.0,0.6543378418209463,0.49426300605775736,0.310377358490566,0.1564950980392157,0.3941432384016379,0.08672222570336488,0.020202020202020204,0.0,0.0,1.0,0.0,0.35000000000000003,0.0006116239466430273,0.0,0.0,0.0,1.4853313202111537e-05,0.0,0.003870388486947154,0.0,0.0,0.00048866692828502,0.0011632802183220619,0.03312453654764534,0,0
3027,0.4000000000000341,0.0,1.0,0.10231660231660232,0.0,0.6000000000000001,0.23529411764705882,0.0,0.0,0.0,0.0,0.0,0.0,0.0,0.0,0.0,0.009770786935533304,0.0,0.0008043294090493882,9.89901386388269e-06,0.0,0.0,0.0,0.6538598518239094,0.4936946711269942,0.5356603773584906,0.23210784313725494,0.40141849157313647,0.12243874929506864,0.020202020202020204,0.7999999999999972,0.0,0.0,0.0,0.75,0.00023148050557971072,0.0,0.0002843914843854357,0.0,0.0004343772405671249,0.0,0.003673150143683492,0.0,0.0,0.0,0.0010985563804776326,0.03312156029362849,0,4
8788,0.0,0.0,0.0,0.13706563706563707,0.0,0.8,0.0,0.0,0.0,0.0,0.0,0.0,0.0,0.0,0.0,0.0,0.009770786935533304,0.0,0.0008043294090493882,9.89901386388269e-06,0.0056011128479276535,0.0024756607669138503,0.0,0.6540528908842561,0.49406582940914895,0.580754716981132,0.23553921568627453,0.3967876771591173,0.12839150322701925,0.020202020202020204,0.7999999999999972,0.0,1.0,0.0,0.10000000000000002,0.0,0.0,0.0,0.0,0.0,4.62576645878424e-06,0.0040359777262995705,0.0,0.0,0.0010494494502688923,0.0011187491491961414,0.03312156029362849,0,2
10616,0.6000000000000227,1.0,1.0,0.05791505791505792,0.0,0.4,0.23529411764705882,0.0,0.0,0.0,0.0,0.0,0.0,0.0,0.0,0.0,0.009770786935533304,0.0,0.0008043294090493882,9.89901386388269e-06,0.005557732601267571,0.001276596982354757,0.0,0.6539485207495308,0.4942502160763121,0.20339622641509433,0.2450980392156863,0.39068840712170516,0.13415627545585562,0.020202020202020204,0.10000000000000142,0.0,0.0,0.0,0.45,5.8180717741095136e-05,0.0,4.7885840157065554e-05,0.00020876459704037727,0.00028595366933885965,0.0,0.003755275885282771,0.0,0.0,0.0005976973150691661,0.0011379747940666216,0.03312156029362849,1,4
9513,0.20000000000004547,0.0,1.0,0.04247104247104247,0.0,0.8,0.23529411764705882,0.0,0.0,0.0,0.0,0.0,0.0,0.0,0.0,0.0,0.009770786935533304,0.0,0.0008043294090493882,9.89901386388269e-06,0.0,0.0,0.0,0.6540437855745159,0.49392792709866,0.20339622641509433,0.2450980392156863,0.39068840712170516,0.1342189360235604,0.020202020202020204,0.3999999999999986,0.0,1.0,0.0,0.2,0.0,0.0,0.0,0.0,0.0,0.0,0.0036354330375410375,0.0,0.0,0.0009216418922272233,0.0010825576210823542,0.03312156029362849,1,4
4262,0.4000000000000341,0.0,0.0,0.33976833976833976,0.0,0.6000000000000001,0.5294117647058824,0.4444444444444444,0.0,0.0,0.0,1.0,0.0,0.0,0.0,0.0,0.021440469639481898,1.0901132100573518e-05,0.0008043294090493882,2.5435809652287522e-05,0.1867002670777186,0.07279162309059958,0.0,0.6510081646969857,0.4958126200866745,0.2830188679245283,0.11433823529411766,0.39247980111870734,0.0669841468763707,0.030303030303030304,0.3999999999999986,0.0,1.0,0.0,0.05,0.0,0.0,7.460109834995476e-06,0.0,0.0,4.878738061999003e-06,0.0055679492164864685,0.0,0.0,0.021609198460374287,0.0034896566580555257,0.03319716210607988,0,1
9483,0.6000000000000227,1.0,1.0,0.03861003861003861,0.0,0.6000000000000001,0.32352941176470584,0.0,0.0,0.0,0.0,0.0,0.0,0.0,0.0,0.0,0.009770786935533304,0.0,0.0008043294090493882,9.89901386388269e-06,0.0059843050267583825,0.003880898038858841,0.0,0.6538983954926134,0.4937575873239234,0.20339622641509433,0.2450980392156863,0.39068840712170516,0.1342189360235604,0.020202020202020204,0.3999999999999986,0.0,1.0,0.0,0.75,1.3767852459619713e-05,0.0,0.0,0.0,0.0,7.484345575111063e-05,0.0036354330375410375,0.0,0.0,0.003938089568641817,0.0010825576210823542,0.03312156029362849,1,4
1806,0.4000000000000341,0.0,1.0,0.0694980694980695,0.0,0.6000000000000001,0.23529411764705882,0.0,0.0,0.0,0.0,0.0,0.0,0.0,0.0,0.0,0.009770786935533304,0.0,0.0008043294090493882,9.89901386388269e-06,0.0,0.0,0.0,0.6515832964413453,0.49219599731675046,0.45547169811320753,0.1783088235294118,0.3975615106204073,0.09981828435365626,0.020202020202020204,0.7999999999999972,0.0,1.0,0.0,0.45,0.0013539610250698404,0.0,0.0,0.0,0.0020152612236854347,0.0,0.003677599645513702,0.0,0.0,0.03330115973335394,0.002156387384396619,0.03312156029362849,0,4
6822,0.6000000000000227,1.0,0.0,0.10231660231660232,0.4444444444444444,0.4,0.5,0.0,0.0,0.0,0.0,1.0,0.0,0.0,0.0,0.0,0.009770786935533304,0.0,0.0008043294090493882,1.0152056140566807e-05,0.007106768909088017,0.0016336818172186024,0.0,0.6538198009849117,0.494109167218444,0.580754716981132,0.2450980392156863,0.39211421050707423,0.13371765148192244,0.24242424242424243,0.5,0.0,1.0,1.0,0.10000000000000002,0.0006457245003435548,0.0,0.0,0.0,0.0,0.0,0.003675638362276683,0.0,0.000743711498973306,0.00026027103593193355,0.0011485548642702235,0.03313309327794379,0,0
562,0.4000000000000341,0.0,1.0,0.02316602316602317,0.0,0.6000000000000001,0.5882352941176471,0.0,0.0,0.0,0.0,0.0,0.0,0.0,0.0,0.0,0.009770786935533304,1.200324855919006e-07,0.0008043294090493882,9.89901386388269e-06,0.0,0.0,0.0,0.6538362735047307,0.49368785943029925,0.5783018867924529,0.2450980392156863,0.3910113454953144,0.1336549909142177,0.020202020202020204,1.0,0.0,1.0,0.0,0.10000000000000002,0.0,0.0,0.00021079850898615595,0.0,0.0,8.449251547373088e-05,0.003644040302774009,0.0,0.002053388090349076,0.0009679708529184688,0.0010831445573482815,0.03312156029362849,0,4
7179,0.20000000000004547,1.0,1.0,0.0694980694980695,0.0,0.6000000000000001,0.23529411764705882,0.0,0.0,0.0,0.0,0.0,0.0,0.0,0.0,0.0,0.009770786935533304,0.0,0.0025220421767280623,9.89901386388269e-06,0.03581870816517463,0.010978218822284853,0.0,0.6540308097958001,0.49399643262888704,0.569622641509434,0.2450980392156863,0.40091885107057124,0.1188044363681935,0.020202020202020204,0.8999999999999986,0.0,1.0,0.0,0.4,0.0005430969729115669,0.0,0.0,0.0,0.000919277658179999,0.0,0.003808735479677838,0.0,0.0,0.004250650165950286,0.0021093525297234883,0.03380159961351556,0,4
1696,0.0,0.0,0.0,0.10231660231660232,0.0,0.6000000000000001,0.5294117647058824,0.0,0.0,0.0,0.0,1.0,0.0,0.0,0.0,0.0,0.009770786935533304,0.0,0.0008043294090493882,2.8816454468787337e-05,0.03781889903825993,0.008693690268586464,0.0006134134213551689,0.6539303512136108,0.4941956312816033,0.580754716981132,0.24375000000000005,0.3935400138924433,0.07738580111535812,0.020202020202020204,0.3500000000000014,1.0,1.0,0.0,0.2,0.00025898905497141636,0.0,0.0,0.0,0.0,7.094046530151143e-05,0.0037429757534143317,0.0,0.0,0.0023515465072670725,0.001214611539649871,0.03312156029362849,0,1
5705,0.4000000000000341,1.0,0.0,0.06756756756756757,0.0,0.6000000000000001,0.5294117647058824,0.0,0.0,0.0,0.0,1.0,0.0,0.0,0.0,0.0,0.009770786935533304,0.0,0.0008076822760820892,9.89901386388269e-06,0.0,6.066370245534258e-06,0.0,0.654100489170888,0.49399444478418825,0.580566037735849,0.2431372549019608,0.4016439391169769,0.1332163669402845,0.25252525252525254,0.0,0.0,0.0,0.0,0.75,0.0,0.0,0.0,0.0,0.0,0.0,0.0036354330375410375,0.00019247097121454513,0.0,4.7428985710419186e-05,0.001082682830186968,0.03312156029362849,0,0
12050,0.8000000000000114,0.0,0.0,0.03474903474903475,0.0,0.6000000000000001,0.029411764705882346,0.0,0.0,0.0,0.0,0.0,0.0,0.0,0.0,0.0,0.009770786935533304,0.0,0.0008043294090493882,9.89901386388269e-06,0.00030366172662057755,7.803180356926943e-05,2.5402122891077372e-05,0.6540482166352999,0.4939330195678269,0.580754716981132,0.2450980392156863,0.40287476084280827,0.13409361488815089,0.020202020202020204,0.6499999999999986,0.0,1.0,0.0,0.8,0.0,0.0,0.0,0.0,1.0314366069748687e-05,0.0,0.0036354330375410375,0.0,0.0,0.0009076997146586264,0.0010898669380128194,0.03312156029362849,1,2
6104,0.0,0.0,0.0,0.06756756756756757,0.0,0.6000000000000001,0.47058823529411764,0.0,0.0,0.0,0.0,0.0,0.0,0.0,0.0,0.0,0.009874071382450207,0.0,0.0008043294090493882,9.89901386388269e-06,0.0015465057934319413,0.00035550591658076104,0.0,0.6540802674448605,0.49403248206246153,0.580754716981132,0.2450980392156863,0.39225435357486693,0.1307726047997995,0.24242424242424243,0.10000000000000142,0.0,0.0,0.0,0.6,0.0,0.0,0.0,0.0,0.0,0.0,0.0036354330375410375,0.010099087794181491,0.0,0.0003582755905471525,0.0010920033245563094,0.03312156029362849,0,2
10665,0.6000000000000227,0.0,1.0,0.02316602316602317,0.0,0.6000000000000001,0.23529411764705882,0.0,0.0,0.0,0.0,0.0,0.0,0.0,0.0,0.0,0.009770786935533304,0.0,0.0008043294090493882,9.89901386388269e-06,0.0037053960688820478,0.0008517848632428239,0.0,0.654084684921564,0.49397492966909573,0.20339622641509433,0.24460784313725495,0.39068840712170516,0.12895544833636194,0.36363636363636365,0.5,0.0,1.0,0.0,0.8,0.0,0.0,0.0,0.0,1.3397719811388279e-05,0.0,0.0036930590336233934,0.0,0.0,0.00028669721836929225,0.0010825576210823542,0.03312156029362849,1,4
7165,0.6000000000000227,1.0,0.0,0.05791505791505792,0.7037037037037037,0.6000000000000001,0.5,0.0,0.0,0.0,0.0,1.0,0.0,0.0,0.0,0.0,0.009857050442706215,5.674262955253482e-07,0.001239094897443205,7.476893191462313e-05,0.07701656691619949,0.01890521961299051,0.0,0.6536930509119601,0.49462191780361,0.580754716981132,0.24411764705882358,0.39148661329043744,0.03026505420139107,0.020202020202020204,0.29999999999999716,1.0,1.0,0.0,0.10000000000000002,7.383587936431163e-05,0.0,0.0,0.0,0.0,0.0020223634125001943,0.0038666618524721696,0.0,0.0,0.0010492192124741814,0.0018042181400521233,0.03312165950209572,0,0
1097,0.8000000000000114,1.0,0.0,0.33976833976833976,0.0,0.6000000000000001,0.1764705882352941,0.0,0.0,0.0,0.0,0.0,0.0,0.0,0.0,0.0,0.011943522685895262,0.00576207217448603,0.0008043294090493882,9.89901386388269e-06,0.005240695298593468,0.0012047146499932896,0.0,0.6513453010323575,0.4956434692922762,0.580566037735849,0.24473039215686276,0.3995478862769471,0.13240177956012283,0.020202020202020204,0.5,1.0,1.0,0.0,0.10000000000000002,0.0,0.0,0.0,0.0,0.0,0.012153370178045027,0.005753470119437994,0.0,0.0,0.017220021887939686,0.0038221573662588666,0.03317628368415167,0,3
5517,0.4000000000000341,0.0,0.0,0.05791505791505792,0.0,0.4,0.5294117647058824,0.0,0.0,0.0,0.0,1.0,0.0,0.0,0.0,0.0,0.009780794826717879,0.0,0.001081510146906259,1.1012399881292808e-05,0.03348087437225168,0.007883123482628367,1.0656712514236225e-05,0.6543186110701548,0.4942197586932612,0.43377358490566037,0.16740196078431374,0.39815864195274137,0.09399085155711512,0.04040404040404041,0.44999999999999574,0.0,1.0,0.0,0.0,0.0,0.0,0.0013601594850507967,0.0,0.0,0.0005655722271872918,0.004009122870301037,0.0,0.0,0.0008087486268873743,0.001535288909731192,0.033414746116405186,0,1
647,0.6000000000000227,1.0,0.0,0.20463320463320464,0.6666666666666666,0.6000000000000001,0.5,0.0,0.0,0.0,0.0,1.0,0.0,0.0,0.0,0.0,0.009770786935533304,3.6031569765859616e-05,0.0012823858689910094,2.1012630655849146e-05,0.028966436703159095,0.006658713904577658,0.00617660882485843,0.6537439259438554,0.4971316282153492,0.580566037735849,0.24460784313725495,0.3948013015025775,0.08289993107337554,0.020202020202020204,0.3999999999999986,1.0,1.0,0.0,0.10000000000000002,0.0,0.0,0.0,0.0,0.0,0.0029555033791585365,0.004822447199903291,0.0,0.0,0.007322866552639268,0.002305132628317318,0.03323317477968379,0,0
5599,0.20000000000004547,0.0,0.0,0.06756756756756757,0.0,0.6000000000000001,0.5294117647058824,0.0,0.0,0.0,0.0,1.0,0.0,0.0,0.0,0.0,0.009770786935533304,0.0,0.0009269819635247055,9.89901386388269e-06,0.0,0.0,0.0,0.6540745601431508,0.4939693395594477,0.580754716981132,0.2450980392156863,0.39964537710671594,0.12306535497211606,0.020202020202020204,0.14999999999999858,0.0,1.0,0.0,0.8,0.0,0.0,0.0,0.0,0.0,2.8983317968320002e-05,0.0036354330375410375,0.0,0.00013690965092402464,9.40649301279457e-05,0.0010891244569447233,0.03312156029362849,0,1
7963,0.8000000000000114,0.0,0.0,0.02316602316602317,0.0,0.6000000000000001,0.5294117647058824,0.0,0.0,0.0,0.0,1.0,0.0,0.0,0.0,0.0,0.009770786935533304,0.0,0.0008043294090493882,9.89901386388269e-06,0.0006716708191202775,0.00015440158789318701,0.0,0.6541163285400298,0.4940160079111204,0.3516981132075472,0.13799019607843138,0.39489269915548575,0.07212231342815967,0.020202020202020204,0.10000000000000142,0.0,1.0,0.0,0.5,9.16499054264626e-06,0.0,0.00015716636801024254,0.0006851873827072593,2.5355497773889033e-05,0.0,0.003645325051272813,0.0,0.0,4.988485552066743e-06,0.0010917376889301711,0.03312156029362849,0,1
7941,0.20000000000004547,1.0,0.0,0.10424710424710425,0.2962962962962963,0.2,0.5,0.0,0.0,0.0,0.0,1.0,0.0,0.0,0.0,0.0,0.009770786935533304,0.0,0.0008043294090493882,9.89901386388269e-06,0.0,0.0,4.871640006507989e-06,0.6541030983082945,0.49399741820547177,0.5454716981132075,0.23848039215686279,0.40173533676988515,0.13083526536750426,0.25252525252525254,0.6999999999999957,0.0,1.0,0.0,0.5,0.0,0.0,0.0,0.0,0.0,0.0,0.0036354330375410375,0.0,0.0,8.876946084959794e-06,0.0010835796664220346,0.03312156029362849,0,0
4079,0.0,1.0,0.0,0.15830115830115832,0.4444444444444444,0.2,0.5,0.0,0.0,0.0,0.0,1.0,0.0,0.0,0.0,0.0,0.009827267560519336,0.0,0.0008043294090493882,9.89901386388269e-06,0.0012117548900383048,0.0002785544255209703,0.0,0.6541092373187077,0.494001969170371,0.40377358490566034,0.14473039215686276,0.3971593609476109,0.08145873801616645,0.25252525252525254,0.5,0.0,1.0,0.0,0.5,0.0,0.0,0.0,0.0,0.0,0.0,0.0036354330375410375,0.0,0.0,5.541056259372597e-05,0.0011019720709724203,0.03312156029362849,0,0
3220,0.8000000000000114,0.0,0.0,0.06756756756756757,0.0,0.6000000000000001,0.0,0.0,0.0,0.0,0.0,0.0,0.0,0.0,0.0,0.0,0.009770786935533304,0.0,0.0008043294090493882,9.89901386388269e-06,0.0,0.0,0.0,0.6541013293959627,0.49399534573860066,0.580754716981132,0.2450980392156863,0.40287476084280827,0.1342189360235604,0.24242424242424243,0.3999999999999986,0.0,0.0,0.0,0.8,0.0,0.0,0.0,0.0,0.0,0.0,0.003661166094498897,0.007309880657957226,0.0,3.3026332552400844e-05,0.0010836705743784327,0.03312156029362849,0,2
4428,0.20000000000004547,0.0,0.0,0.06756756756756757,0.0,0.6000000000000001,0.0,0.0,0.0,0.0,0.0,0.0,0.0,0.0,0.0,0.0,0.00989974576194026,0.0,0.0008043294090493882,9.89901386388269e-06,0.0004222344008248031,0.000573147336759586,0.0,0.6540975851595398,0.49399090307455495,0.5332075471698113,0.22389705882352945,0.4013392802739493,0.12300269440441133,0.24242424242424243,0.14999999999999858,0.0,0.0,0.0,0.55,0.0,0.0013416711364507509,0.0,0.0,0.0,0.0,0.0036354330375410375,0.004249422297453073,0.0,0.00012156555560728801,0.0010842359485063922,0.03312156029362849,0,2
8683,0.4000000000000341,0.0,0.0,0.0694980694980695,0.0,0.6000000000000001,0.029411764705882346,0.0,0.0,0.0,0.0,0.0,0.0,0.0,0.0,0.0,0.014566583440642256,7.92869127555227e-05,0.0008043294090493882,0.0004402125879018261,0.07074269874298506,0.01626211040710746,0.0,0.6539977494571376,0.4947844016906265,0.580754716981132,0.23075980392156864,0.39368015696023595,0.06065542953819163,0.030303030303030304,0.5,1.0,1.0,0.0,0.25000000000000006,0.0,0.0,0.015239391396174678,0.06643724536212967,0.0,0.0007554816236006604,0.004341567642987729,0.0,0.0,0.00026385251273854554,0.0014082346809249078,0.03312156029362849,0,2
12410,0.0,0.0,1.0,0.02316602316602317,0.0,0.6000000000000001,0.9411764705882353,0.0,0.0,0.0,0.0,0.0,0.0,0.0,0.0,0.0,0.009770786935533304,0.0,0.0008043294090493882,9.89901386388269e-06,0.0007063750164483435,0.0003471958203540018,0.0,0.6539486386991076,0.4938163523763087,0.5837735849056603,0.23750000000000002,0.39068840712170516,0.13033398082586628,0.04040404040404041,0.9499999999999957,0.0,1.0,0.0,0.0,0.0,0.0,2.5102261471809104e-05,0.0,0.0,9.143116516190724e-06,0.0036365422718042163,0.0,0.0018956108829568789,0.00048493195961526753,0.0010825729872036647,0.03312284008285574,1,4
6593,0.4000000000000341,0.0,0.0,0.06756756756756757,0.0,0.4,0.029411764705882346,0.0,0.0,0.0,0.0,0.0,0.0,0.0,0.0,0.0,0.009770786935533304,0.0,0.0008043294090493882,9.89901386388269e-06,0.0,0.0,0.0,0.65409623470315,0.4939889854895496,0.5562264150943396,0.23541666666666672,0.40208264785093656,0.128454163794724,0.020202020202020204,0.9499999999999957,0.0,1.0,0.0,0.45,1.781402606215095e-05,0.0,0.0,0.0,2.8078866053306745e-05,0.0,0.003638185116461611,0.0,0.0,0.00012281907248960222,0.0010895739407771217,0.03312156029362849,0,2
8893,0.4000000000000341,0.0,0.0,0.02316602316602317,0.0,0.6000000000000001,0.5294117647058824,0.0,0.0,0.0,0.0,1.0,0.0,0.0,0.0,0.0,0.009770786935533304,1.1239405469059782e-06,0.0008460765022891116,0.0001294159419873252,0.0036150205550068756,0.0009261602244723193,0.0,0.6540059618620765,0.4948720384307698,0.580754716981132,0.24411764705882358,0.39168159494997506,0.03352340372203773,0.030303030303030304,0.29999999999999716,1.0,1.0,0.0,0.25000000000000006,0.0010904573636459354,0.0,0.0,0.0,0.0001429298800439226,0.0,0.0043896722862743955,0.0,0.0,0.0012143252932589957,0.0014044448005921428,0.03313197718268747,0,1
1304,0.6000000000000227,1.0,0.0,0.15830115830115832,0.4444444444444444,0.6000000000000001,0.5,0.0,0.0,0.0,0.0,1.0,0.0,0.0,0.0,0.0,0.009770786935533304,0.0,0.0008063567239993935,9.89901386388269e-06,0.002150937230229091,0.0008058300311088452,0.0,0.6541137137701997,0.49400906889299184,0.39735849056603767,0.19558823529411767,0.3969460997574916,0.10771351588445392,0.24242424242424243,0.5499999999999972,0.0,1.0,1.0,0.55,7.781416414800846e-05,0.0,0.0,0.0,0.0,0.0,0.0036385227948567737,0.0,0.0,0.00026380134878416537,0.0010936263339436296,0.03312160989786211,0,0
5337,0.8000000000000114,1.0,0.0,0.06756756756756757,0.0,0.6000000000000001,0.029411764705882346,0.0,0.0,0.0,0.0,0.0,0.0,0.0,0.0,0.0,0.009770786935533304,0.0,0.0008043294090493882,9.89901386388269e-06,7.374641932214026e-05,0.002344195044606519,0.0,0.6541030714714526,0.49399738482241295,0.20339622641509433,0.24473039215686276,0.39068840712170516,0.13346700921110347,0.25252525252525254,0.9499999999999957,0.0,1.0,0.0,0.55,0.0,0.0,0.0,0.0,0.0,0.0,0.0036354330375410375,0.0,0.0,0.000722537363756785,0.0010825576210823542,0.03312156029362849,0,3
10699,0.20000000000004547,0.0,0.0,0.20463320463320464,0.0,1.0,0.5588235294117647,0.0,0.0,0.0,0.0,0.0,0.0,0.0,0.0,0.0,0.010739972187092182,0.0,0.0009170793097304491,9.89901386388269e-06,0.0,0.0,0.0,0.6506313820631588,0.4903008892025664,0.580754716981132,0.2450980392156863,0.4020278092591916,0.13208847672159912,0.030303030303030304,0.5,0.0,1.0,0.0,0.8,0.0,0.0,0.0,0.0,0.0,0.006893006383196325,0.00403184116595883,0.0,0.0,0.027684918043019677,0.002321648730319427,0.03312156029362849,1,2
8488,0.0,0.0,1.0,0.03474903474903475,0.0,0.8,0.23529411764705882,0.0,0.0,0.0,0.0,0.0,0.0,0.0,0.0,0.0,0.009770786935533304,0.0009495115212526572,0.0009389899059208904,9.89901386388269e-06,0.00859615737775085,0.00819200975937701,6.18089325825701e-05,0.6540919282183235,0.4942028350351516,0.580754716981132,0.24497549019607845,0.3979271012320404,0.11993232658687888,0.020202020202020204,0.14999999999999858,0.0,1.0,0.0,0.2,0.0003073869939184721,0.0,0.0,0.0,0.00012842090076219722,0.0,0.0037909720254951083,0.0,0.0,0.0021442301641186167,0.001178001557355106,0.03312166446251908,0,4
3941,0.0,0.0,1.0,0.03474903474903475,0.0,0.6000000000000001,0.23529411764705882,0.0,0.0,0.0,0.0,0.0,0.0,0.0,0.0,0.0,0.009770786935533304,0.0,0.0008043294090493882,9.89901386388269e-06,0.0042454801398000746,0.0009759377008706072,0.0,0.6540478985690256,0.49392174541015604,0.580754716981132,0.2450980392156863,0.40287476084280827,0.12964471458111412,0.020202020202020204,0.7999999999999972,0.0,1.0,0.0,0.5,1.934831336780877e-06,0.0,0.0,0.0,0.00010774521399719265,0.0,0.0036419184259746393,0.0,0.0,0.0008480169618741561,0.0011171387301146692,0.03312156029362849,0,4
5554,0.4000000000000341,1.0,0.0,0.35135135135135137,0.0,0.6000000000000001,0.029411764705882346,0.0,0.0,0.0,0.0,0.0,1.0,0.0,0.0,0.0,0.009770786935533304,0.0,0.0008043294090493882,9.89901386388269e-06,0.0,0.00436728797101106,0.0,0.6540814787472552,0.4939720886155221,0.580754716981132,0.23970588235294119,0.40287476084280827,0.13146187104455168,0.24242424242424243,0.29999999999999716,0.0,0.0,0.0,0.85,0.0,0.0006898641276751158,0.0,0.0,0.0,0.0,0.0036404326410359247,0.022783403657581785,0.0,0.0016558702195598775,0.0010933404745191212,0.03312156029362849,0,3
10449,0.0,0.0,0.0,0.02316602316602317,0.0,0.6000000000000001,0.5588235294117647,0.0,0.0,0.0,0.0,0.0,0.0,0.0,0.0,0.0,0.009770786935533304,0.0,0.0008043294090493882,9.89901386388269e-06,0.0027438006012502187,0.0006440324575738424,0.0,0.6538519004983706,0.4937027028580357,0.3071698113207547,0.16605392156862747,0.39403965439500854,0.09374020928629614,0.020202020202020204,0.14999999999999858,0.0,0.0,0.0,0.35000000000000003,8.489496795243812e-05,0.0,0.0,0.0,0.00020278137602376933,0.0,0.0036354330375410375,0.0,0.003314014373716633,8.03274083768696e-06,0.0010996788012871636,0.03312156029362849,1,2
11502,0.6000000000000227,0.0,0.0,0.3088803088803089,0.0,0.6000000000000001,0.029411764705882346,0.0,0.0,0.0,0.0,0.0,1.0,0.0,0.0,0.0,0.009869375950796693,0.0,0.0008951063346184692,9.89901386388269e-06,0.0,0.0,3.979955898173937e-06,0.6540782430855522,0.49397930634337406,0.580754716981132,0.2450980392156863,0.4027772700130394,0.13415627545585562,0.020202020202020204,0.6000000000000014,0.0,1.0,0.0,0.4,2.382218652899683e-05,0.0,0.0,0.0,0.0,0.00011867982070818316,0.003648322928653121,0.0,0.0,0.0003894856027190572,0.0013106294749057694,0.03312156029362849,1,2
8092,0.20000000000004547,1.0,0.0,0.05791505791505792,0.7037037037037037,0.6000000000000001,0.5,0.0,0.0,0.0,0.0,1.0,0.0,0.0,0.0,0.0,0.009770786935533304,0.0,0.0008043294090493882,9.89901386388269e-06,0.0024000121464690647,0.0005517072884945471,0.0,0.6526040910531054,0.4940294795280453,0.5818867924528301,0.2450980392156863,0.39068840712170516,0.10006892662447524,0.020202020202020204,0.5,1.0,1.0,0.0,0.45,2.2335421396523106e-06,0.0,9.073106556075579e-06,3.955539733396622e-05,0.0,3.505463644547432e-05,0.0036354330375410375,0.0,0.0,0.0002145816246704402,0.0013950617016704945,0.03312156029362849,0,0
3451,0.6000000000000227,1.0,0.0,0.05791505791505792,0.7037037037037037,0.4,0.5,0.0,0.0,0.0,0.0,1.0,0.0,0.0,0.0,0.0,0.010566376661055976,0.0,0.0008043294090493882,0.00021724185537884882,0.12031981363846035,0.04291799056887179,0.0,0.6524182601697002,0.4944563296803005,0.580754716981132,0.24350490196078436,0.3916389427119512,0.1319004950184849,0.24242424242424243,0.10000000000000142,0.0,1.0,1.0,0.2,0.0002793896450311586,0.0,0.0,0.0,0.0,0.0,0.003899193239353101,0.0,0.020020533880903493,0.009940414458728853,0.0014284843538603987,0.033129248949838694,0,0
11332,0.6000000000000227,0.0,0.0,0.31660231660231664,0.0,0.6000000000000001,0.5588235294117647,0.0,0.0,0.0,0.0,0.0,0.0,0.0,0.0,0.0,0.009770786935533304,0.0,0.0011786029382811255,9.89901386388269e-06,0.0,8.95828373244648e-05,0.0,0.6540576327222957,0.49410395441499533,0.580754716981132,0.2450980392156863,0.40259447470722287,0.13415627545585562,0.020202020202020204,0.44999999999999574,0.0,1.0,0.0,0.4,0.0,0.0,0.0,0.0,0.0,0.0002296259381180864,0.003641444498273522,0.0,0.0,0.0007353795163062082,0.00217302988513854,0.03324061045430256,1,2
11849,0.0,0.0,0.0,0.03861003861003861,0.0,0.6000000000000001,0.5588235294117647,0.0,0.0,0.0,0.0,0.0,0.0,0.0,0.0,0.0,0.009770786935533304,0.0,0.0008043294090493882,9.89901386388269e-06,9.399053443017877e-06,0.0025054109114056484,0.0,0.6540514420261129,0.49393685318513714,0.580754716981132,0.2450980392156863,0.40287476084280827,0.1342189360235604,0.25252525252525254,0.6499999999999986,0.0,1.0,0.0,0.45,0.0,0.0,0.0,0.0,0.0,0.0,0.0036354330375410375,0.0,0.0,0.0015740334745287929,0.0011474744276695633,0.03312156029362849,1,2
9054,0.20000000000004547,0.0,0.0,0.06756756756756757,0.0,0.6000000000000001,0.5588235294117647,0.0,0.0,0.0,0.0,0.0,0.0,0.0,0.0,0.0,0.009770786935533304,0.0,0.0008043294090493882,9.89901386388269e-06,0.0,0.0,0.0,0.6535960917214262,0.4934034066562175,0.580754716981132,0.24460784313725495,0.40287476084280827,0.1339682937527414,0.0,0.9499999999999957,0.0,0.0,0.0,0.25000000000000006,0.0,0.0074108354294535606,0.0,0.0,0.0,1.2070359353390126e-05,0.00364788983647886,0.00747802243337218,0.0,0.0037018144273141844,0.0010845703351333616,0.03312156029362849,1,2
12463,0.4000000000000341,0.0,0.0,0.02316602316602317,0.0,0.6000000000000001,0.0,0.0,0.0,0.0,0.0,0.0,0.0,0.0,0.0,0.0,0.009770786935533304,0.0,0.0010652760325758324,9.89901386388269e-06,0.00014749283864428053,6.432014479511666e-05,0.0,0.6539366780819172,0.4938081382029692,0.20339622641509433,0.2450980392156863,0.39068840712170516,0.13371765148192244,0.24242424242424243,1.0,0.0,1.0,0.0,0.55,5.1934946408328796e-05,0.0,0.0,0.0,0.0,0.0,0.0036354330375410375,0.0,0.0025667351129363453,2.680991209520998e-05,0.0010833870446561877,0.03312156029362849,1,2
3792,0.6000000000000227,1.0,0.0,0.03861003861003861,0.537037037037037,0.6000000000000001,0.5,0.0,0.0,0.0,0.0,1.0,0.0,0.0,0.0,0.0,0.009770786935533304,0.0,0.0008043294090493882,9.89901386388269e-06,0.0,0.0012401987608815516,0.0,0.6541031708671633,0.4939927251684851,0.3920754716981132,0.13002450980392158,0.3967815839822567,0.07456607556864467,0.020202020202020204,0.10000000000000142,0.0,1.0,0.0,0.45,0.0,0.0,0.0,0.0,0.0,0.0,0.0036354330375410375,0.0,0.0,0.0005302888051732898,0.0011332663666564224,0.03312156029362849,0,0
418,0.8000000000000114,1.0,0.0,0.05791505791505792,0.7037037037037037,0.4,0.5,0.0,0.0,0.0,0.0,1.0,0.0,0.0,0.0,0.0,0.009791148855492296,0.0,0.00250786656680841,9.89901386388269e-06,0.0,0.006112408178630504,0.0011514251645738949,0.6541291015514957,0.4942127276776334,0.5756603773584905,0.2450980392156863,0.4018937593682595,0.13296572466946552,0.020202020202020204,0.14999999999999858,0.0,1.0,0.0,0.4,0.0005883448706647057,0.0,0.00301358193645297,0.007621885561840469,0.00030389033628261077,0.0,0.003827078876871794,0.0,0.0,0.0033529785863501737,0.0015580887639866244,0.03312156029362849,0,0
8747,0.6000000000000227,1.0,0.0,0.20463320463320464,0.6666666666666666,0.6000000000000001,0.5,0.0,0.0,0.0,0.0,1.0,0.0,0.0,0.0,0.0,0.012564147384482787,3.401284159908674e-05,0.0008043294090493882,5.94042048743635e-05,0.07787838781651313,0.018080193259597848,0.0,0.6535953502294242,0.49428825180188496,0.580754716981132,0.24485294117647063,0.3932962868180212,0.06999185412619839,0.030303030303030304,0.14999999999999858,1.0,1.0,0.0,0.2,0.0002866062264732571,0.0,0.0026368463897856985,0.011495677474080227,0.0,0.003030021585705514,0.0037848117506791745,0.0,0.0,0.006532153219670904,0.0014408131878054003,0.03312156029362849,0,0
11003,0.20000000000004547,0.0,1.0,0.04247104247104247,0.0,0.6000000000000001,0.2647058823529412,0.0,0.0,0.0,0.0,0.0,0.0,0.0,0.0,0.0,0.009770786935533304,0.0,0.0008043294090493882,9.89901386388269e-06,0.0,0.0,0.0,0.6540569733974145,0.49394337802043153,0.20339622641509433,0.2450980392156863,0.39068840712170516,0.1342189360235604,0.020202020202020204,0.3999999999999986,0.0,1.0,0.0,0.2,0.0,0.0,0.0,0.0,0.0,0.0,0.0036354330375410375,0.0,0.0,0.0007179837718169497,0.0010825576210823542,0.03312156029362849,1,4
4208,0.20000000000004547,1.0,0.0,0.06756756756756757,0.2962962962962963,0.6000000000000001,0.5,0.0,0.0,0.0,0.0,1.0,0.0,0.0,0.0,0.0,0.009770786935533304,0.0,0.0008043294090493882,9.89901386388269e-06,6.10938473796162e-05,0.00010412550572129349,0.0,0.6541083357996115,0.4940035443849361,0.3920754716981132,0.20159313725490197,0.3967815839822567,0.11191177392067175,0.24242424242424243,0.0,0.0,0.0,0.0,0.55,0.0,0.0002552560350495552,0.0,0.0,0.0,0.0,0.0036354330375410375,0.002976271619483345,0.0,2.3074943425457445e-05,0.0010851587088751534,0.03312156029362849,0,0
10525,0.6000000000000227,1.0,0.0,0.06756756756756757,0.0,0.4,0.1764705882352941,0.0,0.0,0.0,0.0,0.0,0.0,0.0,0.0,0.0,0.009847087699902923,0.0,0.0008043294090493882,9.89901386388269e-06,0.00044934705498735463,0.0006259164477995072,0.0,0.6541015043324135,0.49399555069505463,0.20339622641509433,0.24497549019607845,0.39068840712170516,0.13415627545585562,0.020202020202020204,0.04999999999999716,0.0,1.0,0.0,0.35000000000000003,0.0,0.0,0.0,0.0,0.0,0.0,0.0036354330375410375,0.0,0.0,0.0001911996975187017,0.0010825576210823542,0.03312156029362849,1,3
10792,0.6000000000000227,0.0,0.0,0.06756756756756757,0.0,0.6000000000000001,0.5588235294117647,0.0,0.0,0.0,0.0,0.0,0.0,0.0,0.0,0.0,0.009770786935533304,0.0,0.0008043294090493882,9.89901386388269e-06,0.0,0.0,0.0,0.6540896007020973,0.4939815519363408,0.20339622641509433,0.2450980392156863,0.39068840712170516,0.13384297261733194,0.24242424242424243,0.5,0.0,1.0,1.0,0.55,0.0,0.0,0.0,0.0,0.0,0.0,0.0036354330375410375,0.0,0.0,0.00021414673105820873,0.0010825576210823542,0.03312156029362849,1,2
10891,0.0,0.0,0.0,0.02316602316602317,0.0,0.6000000000000001,0.5588235294117647,0.0,0.0,0.0,0.0,0.0,0.0,0.0,0.0,0.0,0.009770786935533304,0.0,0.0008043294090493882,9.89901386388269e-06,0.0008972481017527065,0.0010036934222679831,0.0,0.65407490405231,0.4939587943946189,0.41792452830188676,0.1692401960784314,0.39866437563216717,0.09399085155711512,0.25252525252525254,0.5,0.0,1.0,0.0,0.55,3.7841227618303884e-05,0.0,0.0,0.0,0.0,0.0,0.0036354330375410375,0.0,0.00010567248459958933,0.0004991555389329553,0.0010873704885493312,0.033178476191277416,1,2
4902,0.6000000000000227,1.0,0.0,0.015444015444015444,0.0,0.6000000000000001,0.029411764705882346,0.0,0.0,0.0,0.0,0.0,0.0,0.0,0.0,0.0,0.009998078936376375,0.0,0.0008043294090493882,9.89901386388269e-06,0.0,0.0,0.00015239098895357802,0.6540950300271361,0.4939875962108585,0.580754716981132,0.2450980392156863,0.40287476084280827,0.1339682937527414,0.020202020202020204,0.3999999999999986,0.0,1.0,0.0,0.8,0.0,0.0,0.0,0.0,0.0,0.0,0.0036382585418800943,0.0,0.0,0.0003077511855967329,0.001111124975483211,0.03312156029362849,0,3
10000,0.4000000000000341,0.0,0.0,0.02316602316602317,0.0,0.6000000000000001,0.5588235294117647,0.0,0.0,0.0,0.0,0.0,0.0,0.0,0.0,0.0,0.009770786935533304,0.0,0.0008043294090493882,9.89901386388269e-06,0.0,0.0,0.0,0.6516346601688183,0.49109724750461653,0.5781132075471698,0.2450980392156863,0.40278945636676056,0.13403095432044615,0.020202020202020204,0.14999999999999858,0.0,1.0,0.0,0.35000000000000003,0.00012019715374633482,0.0,0.0,0.0,9.976292766096833e-05,0.0,0.003861579007326382,0.0,0.0,0.03832975782565473,0.001429202843951997,0.03312156029362849,1,2
7842,0.4000000000000341,0.0,0.0,0.1274131274131274,0.0,1.0,0.0,0.0,0.0,0.0,0.0,0.0,0.0,0.0,0.0,0.0,0.01112099442620659,0.0,0.0008043294090493882,9.89901386388269e-06,0.16711119369424735,0.03841499872647775,0.0,0.6534011913107366,0.49501877327753624,0.580754716981132,0.24362745098039218,0.39190704249381547,0.08020552666207158,0.020202020202020204,0.29999999999999716,0.0,1.0,0.0,0.2,0.0,0.0,0.0,0.0,0.0,5.456958869347033e-06,0.0040547420435395895,0.0,0.0,0.0033977470464328237,0.001470445067436141,0.03312156029362849,0,2
6563,0.6000000000000227,0.0,0.0,0.03474903474903475,0.0,0.6000000000000001,0.5294117647058824,0.0,0.0,0.0,0.0,1.0,0.0,0.0,0.0,0.0,0.009770786935533304,0.0,0.0008079785759593977,9.89901386388269e-06,0.0031165092204714275,0.000716745799557986,0.0,0.654084304567311,0.49403465390215884,0.580754716981132,0.24436274509803926,0.39151707917474016,0.1312112287737327,0.020202020202020204,0.6000000000000014,0.0,1.0,0.0,0.6,0.0,0.0,7.460109834995476e-06,3.2523326696816674e-05,0.0,0.0,0.003651130763773826,0.0,0.0,0.00030046032209755843,0.0010908640505814702,0.03312156029362849,0,1
9202,0.0,0.0,0.0,0.06756756756756757,0.0,0.6000000000000001,0.5588235294117647,0.0,0.0,0.0,0.0,0.0,0.0,0.0,0.0,0.0,0.009770786935533304,6.078008588608057e-06,0.0008043294090493882,9.89901386388269e-06,0.0,0.0,0.0,0.6540867291600146,0.4939782400263681,0.20339622641509433,0.24485294117647063,0.39068840712170516,0.13409361488815089,0.36363636363636365,0.0,0.0,1.0,0.0,0.85,0.0,0.0,0.0,0.0,0.0,0.0,0.003635558292666685,0.0,0.00010605749486652978,0.00013827058671241407,0.0010825576210823542,0.03312156029362849,1,2
12432,0.20000000000004547,0.0,0.0,0.1274131274131274,0.0,0.6000000000000001,0.029411764705882346,0.0,0.0,0.0,0.0,0.0,0.0,0.0,0.0,0.0,0.009770786935533304,0.0,0.0008043294090493882,9.89901386388269e-06,3.0004670606557067e-05,3.7894038794022214e-05,5.741575721955844e-06,0.6473841941021651,0.48612551515697966,0.2788679245283019,0.2450980392156863,0.3931256778659258,0.1342189360235604,0.04040404040404041,0.9499999999999957,0.0,1.0,0.0,0.0,0.0,0.0,1.5121844260125966e-06,0.0,0.0,5.420820068887781e-07,0.0036354330375410375,0.0,0.0013256160164271048,0.05364049442798955,0.0011158906045191917,0.03312156029362849,1,2
4442,0.20000000000004547,0.0,1.0,0.07335907335907337,0.0,0.6000000000000001,0.2647058823529412,0.0,0.0,0.0,0.0,0.0,0.0,0.0,0.0,0.0,0.009770786935533304,0.0,0.0008043294090493882,9.89901386388269e-06,0.0001478543406997812,0.0017524330922989923,0.0,0.6539950594778864,0.4938707201811353,0.580754716981132,0.2450980392156863,0.40287476084280827,0.1342189360235604,0.24242424242424243,0.6000000000000014,0.0,1.0,0.0,0.45,0.0002466604454710863,0.0,0.0,0.0,0.0,0.0,0.0036354330375410375,0.0,0.0007036960985626284,0.00043645411284005487,0.0011752737734136954,0.03312156029362849,0,4
1243,0.6000000000000227,1.0,0.0,0.05791505791505792,0.7037037037037037,0.2,0.5,0.0,0.0,0.0,0.0,1.0,0.0,0.0,0.0,0.0,0.013388270886976823,1.3236309547543219e-05,0.0008043294090493882,2.076971007023239e-05,0.17746678157612003,0.05037522161987874,0.004644304055668578,0.6524260219807505,0.4950982591168817,0.580754716981132,0.24473039215686276,0.397348249430288,0.1246945297324394,0.020202020202020204,0.44999999999999574,1.0,1.0,0.0,0.10000000000000002,0.0024942012595670533,0.0,0.0,0.0,0.002217745220414325,0.0,0.0044146722669953144,0.0,0.0,0.01555297234434774,0.002197563335286595,0.033131054543942245,0,0
3046,0.0,0.0,0.0,0.13706563706563707,0.0,0.8,0.5588235294117647,0.0,0.0,0.0,0.0,0.0,0.0,0.0,0.0,0.0,0.009770786935533304,0.0,0.0008043294090493882,9.89901386388269e-06,0.003733954731266602,0.0020434526621601013,0.0,0.6539241585295137,0.49398796924713184,0.5524528301886792,0.24411764705882358,0.395514203195262,0.13014599912275207,0.020202020202020204,0.14999999999999858,0.0,1.0,0.0,0.35000000000000003,0.0,0.0,0.0,0.0,0.0,4.954629542963432e-05,0.0036626781869404904,0.0,0.0,0.003269632504664874,0.0011337347359475928,0.03315283576292224,0,2
704,0.4000000000000341,1.0,0.0,0.015444015444015444,0.0,0.6000000000000001,0.5294117647058824,0.0,0.0,0.0,0.0,1.0,0.0,0.0,0.0,0.0,0.009770786935533304,0.0,0.0008043294090493882,9.89901386388269e-06,0.009729827823801006,0.0022451386975835485,0.0,0.6542247987478224,0.4941254344724556,0.3447169811320755,0.18137254901960786,0.3952521965902583,0.09919167867660883,0.020202020202020204,0.75,0.0,1.0,0.0,0.35000000000000003,0.0,0.0,0.00011059108768905456,0.00048213634305956603,0.0,0.0,0.0037535686461407174,0.0,0.0,0.0019078271129050332,0.0011763872223911065,0.03312156029362849,0,0
11488,0.8000000000000114,0.0,0.0,0.02316602316602317,0.0,0.8,0.0,0.0,0.0,0.0,0.0,0.0,0.0,0.0,0.0,0.0,0.009770786935533304,0.0,0.0008043294090493882,9.89901386388269e-06,0.0,1.5706081868574997e-05,0.0,0.6539733633821498,0.49384542009249344,0.3920754716981132,0.24203431372549022,0.3967815839822567,0.1326524218309418,0.020202020202020204,0.6000000000000014,0.0,1.0,0.0,0.55,0.0,0.0,0.0,0.0,0.0,0.0,0.00363727848923553,0.0,0.0019296714579055442,0.00010603729545290589,0.0010834320525211873,0.03312156029362849,1,2
5934,0.6000000000000227,1.0,1.0,0.05405405405405406,0.0,0.6000000000000001,0.23529411764705882,0.0,0.0,0.0,0.0,0.0,0.0,0.0,0.0,0.0,0.010287344615261674,1.6368066217077353e-07,0.0008503650531448919,9.89901386388269e-06,0.07306824146602098,0.016882459090435037,0.0,0.6538646337515522,0.4943924434337907,0.580754716981132,0.2450980392156863,0.3995661658075288,0.13334168807569396,0.24242424242424243,0.44999999999999574,0.0,1.0,1.0,0.10000000000000002,0.0,0.0,0.0,0.0,0.0,0.0,0.0036354330375410375,0.0,0.0,0.0008444099030903541,0.001453955335680926,0.03312156029362849,0,4
6405,0.6000000000000227,1.0,1.0,0.03474903474903475,0.0,0.6000000000000001,0.2647058823529412,0.0,0.0,0.0,0.0,0.0,0.0,0.0,0.0,0.0,0.009770786935533304,0.0,0.0008043294090493882,9.89901386388269e-06,0.01502149491222007,0.0034530942851052743,0.00037083184710253445,0.654099709908516,0.49408007815262867,0.580754716981132,0.24448529411764708,0.3992493206107801,0.13177517388307539,0.24242424242424243,0.6499999999999986,1.0,1.0,0.0,0.10000000000000002,0.0,0.0,0.0,0.0,0.0,0.0,0.0036354330375410375,0.0,0.0,0.00048764364919741664,0.0011268758446440579,0.03312156029362849,0,4
1093,0.8000000000000114,1.0,0.0,0.06756756756756757,0.0,0.6000000000000001,0.1764705882352941,0.0,0.0,0.0,0.0,0.0,0.0,0.0,0.0,0.0,0.009775121180136548,0.0,0.0008043294090493882,9.89901386388269e-06,0.0,0.0007897915453911998,0.0,0.6541057644325751,0.493999999569902,0.4149056603773585,0.19742647058823531,0.39751885838238343,0.10796415815527291,0.25252525252525254,0.29999999999999716,0.0,0.0,0.0,0.55,0.0,0.004707728685963378,0.0,0.0,0.0,0.0,0.0036392362386288785,0.008627210066077324,0.0,0.00031491413920995694,0.001086965665605,0.03312156029362849,0,3
88,0.6000000000000227,1.0,1.0,0.0694980694980695,0.0,0.6000000000000001,0.2941176470588235,0.0,0.0,0.0,0.0,0.0,0.0,0.0,0.0,0.0,0.009770786935533304,0.0,0.0012984796307479742,9.89901386388269e-06,0.0,0.0,0.0,0.6538315243776724,0.49404262663058474,0.5794339622641509,0.2450980392156863,0.40091885107057124,0.12212544645654491,0.020202020202020204,0.5,0.0,1.0,0.0,0.4,5.3896933272643445e-05,0.0,0.0,0.0,0.0009015288097382767,0.0,0.003971443851140363,0.0,0.0,0.0,0.001966335874963605,0.03326274386334121,0,4
1623,0.8000000000000114,1.0,0.0,0.06756756756756757,0.0,0.6000000000000001,0.0,0.0,0.0,0.0,0.0,0.0,0.0,0.0,0.0,0.0,0.009770786935533304,0.0,0.0008043294090493882,9.89901386388269e-06,0.0016271207518085947,0.0003740374311664342,0.0,0.6540993852158609,0.49399741510007095,0.580754716981132,0.24460784313725495,0.39480739467943804,0.11968168431605992,0.25252525252525254,0.14999999999999858,0.0,0.0,0.0,0.45,0.0,0.0,0.0,0.0,0.0,0.0,0.0036429459891841047,0.003565578806629003,0.0,6.285491795604095e-05,0.0010836528289867257,0.03312156029362849,0,3
8529,0.20000000000004547,1.0,0.0,0.08687258687258688,0.8888888888888888,0.2,0.5,0.0,0.0,0.0,0.0,1.0,0.0,0.0,0.0,0.0,0.033505607015095286,0.001838046539824629,0.002859434168600089,0.011901610684942932,0.022554113242687898,0.005184669035875101,0.0,0.6359226122940552,0.5035073996123424,0.580377358490566,0.23995098039215687,0.3954715509572381,0.11341562754558558,0.030303030303030304,0.3999999999999986,1.0,1.0,0.0,0.25000000000000006,0.0,0.0,0.027918452934519895,0.12171415511868817,0.0,0.0005236873574550189,0.015328043778750595,0.0,0.0,0.020925520119969242,0.009931587714580938,0.033511067617237225,0,0
11065,0.20000000000004547,0.0,1.0,0.04247104247104247,0.0,0.6000000000000001,0.2647058823529412,0.0,0.0,0.0,0.0,0.0,0.0,0.0,0.0,0.0,0.009770786935533304,0.0,0.0008043294090493882,9.89901386388269e-06,0.0,0.0,0.0,0.6540470987648733,0.4939318088496829,0.20339622641509433,0.2450980392156863,0.39068840712170516,0.1342189360235604,0.020202020202020204,0.3999999999999986,0.0,1.0,0.0,0.2,0.0,0.0,0.0,0.0,0.0,0.0,0.0036354330375410375,0.0,0.0,0.0008704779378470516,0.0010825576210823542,0.03312156029362849,1,4
117,0.8000000000000114,1.0,0.0,0.05791505791505792,0.0,0.6000000000000001,0.1764705882352941,0.0,0.0,0.0,0.0,0.0,0.0,0.0,0.0,0.0,0.009770786935533304,0.0,0.0008043294090493882,9.89901386388269e-06,0.0290228310238172,0.006671594553729135,0.0,0.6539241906674601,0.4958506919125319,0.580754716981132,0.2421568627450981,0.3908224570126373,0.13271508239864654,0.020202020202020204,0.5,0.0,1.0,0.0,0.10000000000000002,0.0006426762923778894,0.0,0.0,0.0,0.0005383817360655771,0.0,0.0040973967145880525,0.0,0.0,0.0027315156144714177,0.00134950214334757,0.03312156029362849,0,3
10495,0.6000000000000227,1.0,1.0,0.10424710424710425,0.0,0.6000000000000001,0.2647058823529412,0.0,0.0,0.0,0.0,0.0,0.0,0.0,0.0,0.0,0.009770786935533304,0.0,0.0008043294090493882,9.89901386388269e-06,0.00136177824307109,0.0004871378408126277,0.0,0.6540377790917169,0.4939208898722306,0.20339622641509433,0.2450980392156863,0.39068840712170516,0.1342189360235604,0.07070707070707072,0.0,0.0,1.0,0.0,0.9,0.0,0.0,0.0,0.0,0.0,0.0,0.0036354330375410375,0.0,0.0,0.0010679963837317045,0.0010825576210823542,0.03312156029362849,1,4
8420,0.0,1.0,0.0,0.10231660231660232,0.0,0.6000000000000001,0.029411764705882346,0.0,0.0,0.0,0.0,0.0,0.0,0.0,0.0,0.0,0.009770786935533304,0.0,0.0008043294090493882,9.89901386388269e-06,0.0018046182610594323,0.002269071774716615,0.0,0.6540906049300947,0.4939822153275906,0.3920754716981132,0.19877450980392158,0.3967815839822567,0.10928003007707252,0.24242424242424243,0.7999999999999972,0.0,1.0,0.0,0.55,0.0,0.0,0.0,0.0,0.0,0.0,0.0036354330375410375,0.0,0.0004507186858316222,0.0005761317082979237,0.0010868465038126438,0.03312156029362849,0,3
6616,0.4000000000000341,0.0,1.0,0.03861003861003861,0.0,0.6000000000000001,0.2941176470588235,0.0,0.0,0.0,0.0,0.0,0.0,0.0,0.0,0.0,0.010574112083715935,0.0,0.0010538450952038798,0.0005901249543005648,0.05251938012519539,0.01444469236231521,0.0,0.654025858895449,0.49447600976981143,0.580754716981132,0.24497549019607845,0.39807333747669366,0.12889278776865717,0.25252525252525254,0.3999999999999986,0.0,1.0,1.0,0.8,0.0,0.0,0.0,0.0,0.0,0.0,0.0036354330375410375,0.0,0.0,0.0019713983262223964,0.0013074854177812442,0.0332810279838514,0,4
10005,0.20000000000004547,0.0,1.0,0.02316602316602317,0.0,0.6000000000000001,0.23529411764705882,0.0,0.0,0.0,0.0,0.0,0.0,0.0,0.0,0.0,0.009770786935533304,0.0,0.0008043294090493882,9.89901386388269e-06,0.002300237579150875,0.0005287714229086916,0.0,0.6540527931451406,0.493937232044037,0.20339622641509433,0.24497549019607845,0.39068840712170516,0.13158719217996115,0.36363636363636365,0.14999999999999858,0.0,1.0,0.0,0.8,0.0,0.0,2.2581954095121443e-05,9.844898892009371e-05,0.0,0.0,0.0036511272299301557,0.0,0.0,0.0004039138378542656,0.0010825576210823542,0.03312156029362849,1,4
9956,0.6000000000000227,0.0,0.0,0.02316602316602317,0.0,0.6000000000000001,0.0,0.0,0.0,0.0,0.0,0.0,0.0,0.0,0.0,0.0,0.009770786935533304,0.0,0.0008043294090493882,9.89901386388269e-06,1.0122057554019251e-05,0.00037453603694003975,0.0,0.6540481304923507,0.4939330176269514,0.20339622641509433,0.2450980392156863,0.39068840712170516,0.1342189360235604,0.020202020202020204,0.14999999999999858,0.0,1.0,0.0,0.55,0.0,0.0,3.4276180322952187e-06,1.4943150103942795e-05,0.0,5.059432064295262e-07,0.0036354330375410375,0.0,0.0007674537987679672,0.0002042209239084554,0.0010825576210823542,0.03312156029362849,1,2
9090,0.20000000000004547,0.0,0.0,0.10231660231660232,0.0,0.4,0.5588235294117647,0.0,0.0,0.0,0.0,0.0,0.0,0.0,0.0,0.0,0.010071746045171106,0.0,0.0008043294090493882,9.89901386388269e-06,0.004203907403417495,0.0010046075328529267,0.0,0.6540394151451154,0.49391312481748445,0.4932075471698113,0.22941176470588237,0.40004752677951233,0.12093489567015478,0.020202020202020204,1.0,0.0,1.0,0.0,0.8,0.0,0.0,0.0,0.0,0.0,0.0,0.003651240705576902,0.0,0.0004904774127310062,0.00011875153811637857,0.0011018340237212924,0.03312156029362849,1,2
5540,0.4000000000000341,0.0,0.0,0.03474903474903475,0.0,0.6000000000000001,0.5294117647058824,0.0,0.0,0.0,0.0,1.0,0.0,0.0,0.0,0.0,0.0294325006491961,0.005391400946934096,0.0014567349546914603,0.002005926857421406,0.06586748202250278,0.015718547012915137,0.0,0.65327084543229,0.4966142036137765,0.580754716981132,0.24411764705882358,0.3976346287427339,0.13146187104455168,0.030303030303030304,0.0,1.0,1.0,0.0,0.25000000000000006,0.014670875583345707,0.0,0.0001911401114479922,0.0008333003705022217,0.0,0.00014881958029119922,0.005058854273759308,0.0,0.0,0.007388688979949359,0.0023924243415535244,0.041655264306833216,0,1
1948,0.6000000000000227,0.0,0.0,0.06756756756756757,0.0,0.6000000000000001,0.5294117647058824,0.0,0.0,0.0,0.0,1.0,0.0,0.0,0.0,0.0,0.009770786935533304,0.0,0.0008043294090493882,9.89901386388269e-06,0.000305469236898081,7.013721215384813e-05,1.7268223951639925e-05,0.6540894588975501,0.49398133611098394,0.580754716981132,0.23419117647058826,0.40287476084280827,0.1283288426593145,0.020202020202020204,0.6999999999999957,0.0,1.0,0.0,0.35000000000000003,0.0,0.0,5.040614753375321e-07,2.1975220741092346e-06,0.0,1.5539684197478305e-06,0.0036481961029302865,0.0,0.0,0.00021644910900531645,0.0010852459983578236,0.03312156029362849,0,1
7293,0.0,0.0,1.0,0.02316602316602317,0.0,0.6000000000000001,0.23529411764705882,0.0,0.0,0.0,0.0,0.0,0.0,0.0,0.0,0.0,0.009836071494869677,0.0,0.0008043294090493882,9.89901386388269e-06,3.723471171657082e-05,8.559399113562035e-06,0.0,0.6541016858952451,0.493994929614891,0.3983018867924528,0.1504901960784314,0.3969826588186549,0.08546901434927003,0.020202020202020204,0.44999999999999574,0.0,1.0,0.0,0.35000000000000003,2.873054813072516e-05,0.0,0.0,0.0,5.319959069965976e-05,0.0,0.0036454420607632296,0.0,0.0,0.00024919403980862634,0.0011080625570741645,0.03312156029362849,0,4
868,0.8000000000000114,1.0,0.0,0.10231660231660232,0.0,0.6000000000000001,0.1764705882352941,0.0,0.0,0.0,0.0,0.0,0.0,0.0,0.0,0.0,0.009770786935533304,0.0,0.0008043294090493882,9.89901386388269e-06,0.0,0.00017517682846008515,8.146947975169164e-05,0.6541501197684851,0.4940434557726032,0.41056603773584904,0.24301470588235294,0.3973787153145908,0.12074691396704057,0.24242424242424243,0.9499999999999957,0.0,1.0,0.0,0.35000000000000003,0.00010719644493954401,0.0,0.0,0.0,0.0,0.0,0.0036925725411447816,0.0,0.0,0.00023133781972994644,0.0011019094664201133,0.03312156029362849,0,3
3065,0.8000000000000114,0.0,0.0,0.06756756756756757,0.0,0.6000000000000001,0.029411764705882346,0.0,0.0,0.0,0.0,0.0,0.0,0.0,0.0,0.0,0.009770786935533304,0.0,0.0008043294090493882,9.89901386388269e-06,0.0,0.0,0.0,0.6541016809254596,0.4939957575923842,0.580754716981132,0.2450980392156863,0.40287476084280827,0.1342189360235604,0.020202020202020204,0.5499999999999972,0.0,1.0,0.0,0.8,4.9253338064369336e-05,0.0,0.0,0.0,5.859937263298798e-05,0.0,0.0036354330375410375,0.0,0.0,2.7602953388102644e-05,0.0010868403077959863,0.03312156029362849,0,2
7779,0.6000000000000227,0.0,0.0,0.10231660231660232,0.0,0.6000000000000001,0.5294117647058824,0.0,0.0,0.0,0.0,1.0,0.0,0.0,0.0,0.0,0.009770786935533304,0.0,0.0008046724931178507,9.89901386388269e-06,0.0,0.0002555354589728472,0.0,0.6542074956111807,0.49411758596006244,0.39264150943396225,0.23149509803921572,0.39679986351283836,0.12563443824801054,0.020202020202020204,0.0,0.0,1.0,0.0,0.55,0.0,0.0,0.0,0.0,1.55263295010481e-05,0.0,0.003701488821374256,0.0,0.0,0.00018710658116828798,0.0011216786754399187,0.03312156029362849,0,1
9959,0.4000000000000341,1.0,1.0,0.03861003861003861,0.0,0.6000000000000001,0.2647058823529412,0.0,0.0,0.0,0.0,0.0,0.0,0.0,0.0,0.0,0.009770786935533304,0.0,0.0011990632245457938,9.89901386388269e-06,0.0033507625524358733,0.00084156344488391,0.0,0.6540749103473716,0.49403688396812145,0.580754716981132,0.2450980392156863,0.40027297432335274,0.13378031204962718,0.24242424242424243,0.0,0.0,1.0,1.0,0.45,3.154114523047001e-05,0.0,0.0,0.0,0.0,0.0,0.0036354330375410375,0.0,0.0,0.0004629570412089838,0.001133466721051058,0.03312156029362849,1,4
7242,0.8000000000000114,1.0,0.0,0.10231660231660232,0.4444444444444444,0.6000000000000001,0.5,0.0,0.0,0.0,0.0,1.0,0.0,0.0,0.0,0.0,0.009770786935533304,0.0,0.0008043294090493882,9.89901386388269e-06,0.01256111192248239,0.0028875091359120393,0.0,0.654049997475117,0.4942027500248042,0.580754716981132,0.23799019607843142,0.39116976809368875,0.12795287925308604,0.020202020202020204,0.5,0.0,1.0,0.0,0.45,0.0,0.0,0.0,0.0,0.0,0.00020678621622783922,0.00385141174643762,0.0,0.0,0.0007974669749465465,0.0011186300369719184,0.03312156029362849,0,0
7373,0.6000000000000227,0.0,0.0,0.31660231660231664,0.0,0.6000000000000001,0.5294117647058824,0.0,0.0,0.0,0.0,1.0,0.0,0.0,0.0,0.0,0.009770786935533304,0.0,0.0008043294090493882,9.89901386388269e-06,0.0,0.01271943328467772,0.0,0.6539151304171087,0.4937585208850444,0.4116981132075471,0.1536764705882353,0.3974152743757541,0.08722351024500283,0.24242424242424243,0.9499999999999957,0.0,1.0,1.0,0.5,0.0018365419048724083,0.0,0.0,0.0,0.0,0.0,0.0036354330375410375,0.0,0.0,0.011097768688785526,0.0018515136735380666,0.03312156029362849,0,1
11442,0.6000000000000227,0.0,1.0,0.03861003861003861,0.0,0.6000000000000001,0.2647058823529412,0.0,0.0,0.0,0.0,0.0,0.0,0.0,0.0,0.0,0.009770786935533304,0.0,0.0008091325860078622,9.89901386388269e-06,0.00016737545169681834,9.157726041888702e-05,0.0,0.6540574803155392,0.49393938408680405,0.580754716981132,0.2450980392156863,0.40143067792685755,0.11986966601917416,0.24242424242424243,0.6000000000000014,0.0,0.0,1.0,0.4,0.0,0.021196763925383656,0.0,0.0,0.0,0.0,0.0036354330375410375,0.12242173278402387,0.0,0.0007265025702212483,0.0011655664493323958,0.03312156029362849,1,4
6804,0.8000000000000114,1.0,0.0,0.05791505791505792,0.7037037037037037,0.6000000000000001,0.5,0.0,0.0,0.0,0.0,1.0,0.0,0.0,0.0,0.0,0.016083012221742063,0.0016387053173889162,0.0008043294090493882,0.0008390072159559957,0.1575682624331402,0.03588233069944834,0.0,0.6522066036300969,0.495083459941107,0.580754716981132,0.2412990196078432,0.3948500469174619,0.13064728366439002,0.020202020202020204,0.6499999999999986,0.0,1.0,0.0,0.25000000000000006,0.0005299265420576901,0.0,0.0,0.0,0.0,3.3247696422511725e-06,0.004052367693242442,0.0,0.0,0.013596206909078073,0.0017794295131540478,0.03315132283379701,0,0
6683,0.6000000000000227,1.0,0.0,0.15830115830115832,0.0,0.6000000000000001,0.1764705882352941,0.0,0.0,0.0,0.0,0.0,0.0,0.0,0.0,0.0,0.009770786935533304,0.0,0.0008043294090493882,9.89901386388269e-06,0.0,3.490240415238888e-06,0.0,0.6547206836172988,0.49471966456429245,0.2984905660377358,0.19583333333333336,0.3937654614362837,0.10902938780625354,0.020202020202020204,0.5499999999999972,0.0,1.0,0.0,0.35000000000000003,0.0,0.0,2.772338114356427e-05,0.0,0.0,1.0660946135479302e-05,0.0036354330375410375,0.0,0.0,0.0005325911831203975,0.0012341895148115607,0.033138425733057315,0,3
9355,0.6000000000000227,1.0,0.0,0.03474903474903475,0.0,0.6000000000000001,0.029411764705882346,0.0,0.004,0.0,0.0,0.0,0.0,0.0,0.0,0.0,0.009770786935533304,0.0,0.0008043294090493882,9.89901386388269e-06,0.0,0.0,0.0,0.654098384963692,0.4939918960264666,0.20339622641509433,0.2450980392156863,0.39068840712170516,0.1342189360235604,0.020202020202020204,0.29999999999999716,0.0,1.0,0.0,0.75,2.036664565032502e-08,0.0,0.0,0.0,0.0,0.0,0.0036354330375410375,0.0,0.0,7.848550601918341e-05,0.0010825576210823542,0.03312156029362849,1,3
6878,0.20000000000004547,0.0,0.0,0.04247104247104247,0.0,0.6000000000000001,0.5294117647058824,0.0,0.0,0.0,0.0,1.0,0.0,0.0,0.0,0.0,0.009770786935533304,0.0,0.0008043294090493882,9.89901386388269e-06,0.0056011128479276535,0.0012875663093740793,0.0,0.6539820306881249,0.49393211084991245,0.580754716981132,0.2450980392156863,0.39134037704578417,0.03972679992480732,0.020202020202020204,0.29999999999999716,1.0,1.0,0.0,0.45,9.215907156772071e-05,0.0,0.0,0.0,1.4242903070517912e-05,0.0,0.0036354330375410375,0.0,0.0,0.0008191604916037394,0.0011669369586488913,0.03312156029362849,0,1
6170,0.6000000000000227,1.0,0.0,0.03474903474903475,0.0,0.6000000000000001,0.029411764705882346,0.0,0.0,0.0,0.0,0.0,0.0,0.0,0.0,0.0,0.009921717974165042,0.0,0.0008043294090493882,9.89901386388269e-06,0.004691573676287923,0.0029115253140073734,0.0,0.6538660289360118,0.4937189522559926,0.3922641509433962,0.17512254901960786,0.39679377033597785,0.0984397518641519,0.020202020202020204,0.3999999999999986,0.0,1.0,0.0,0.35000000000000003,0.0,0.0,0.0,0.0,0.0,8.167368903790924e-06,0.0036354330375410375,0.0,0.004620123203285421,0.001298796981940659,0.0012180807637285794,0.03312833127151683,0,3
12300,0.8000000000000114,1.0,0.0,0.03861003861003861,0.0,0.6000000000000001,0.029411764705882346,0.0,0.0,0.0,0.0,0.0,0.0,0.0,0.0,0.0,0.009770786935533304,0.0,0.0008043294090493882,9.89901386388269e-06,0.0,0.00522854634395239,0.0,0.6540737291950092,0.4939594003359536,0.20339622641509433,0.24289215686274512,0.39068840712170516,0.12143618021179274,0.21212121212121213,0.9499999999999957,0.0,1.0,0.0,0.95,0.0,0.0,0.0,0.0,0.0,9.287671718027732e-06,0.0036770719248589365,0.0,0.0,0.00206477254296621,0.0010825576210823542,0.03312156029362849,1,3
7722,0.8000000000000114,1.0,0.0,0.05791505791505792,0.7037037037037037,0.6000000000000001,0.5,0.0,0.0,0.0,0.0,1.0,0.0,0.0,0.0,0.0,0.011855784331600413,0.0011353108969047747,0.0008043294090493882,0.0001304483544761964,0.0,0.0006004044523833564,0.0,0.6536033393253331,0.49406479841607726,0.579811320754717,0.24497549019607845,0.39878623916937816,0.13378031204962718,0.020202020202020204,0.3500000000000014,0.0,1.0,0.0,0.25000000000000006,9.932134195475167e-06,0.0,0.005744587009831719,0.0250442800697933,0.0,0.0005004862475601792,0.0040476068205199485,0.0,0.0,0.004842489208242922,0.0013677703797241405,0.03312156029362849,0,0
2141,0.6000000000000227,1.0,0.0,0.10231660231660232,0.2962962962962963,0.6000000000000001,0.5,0.0,0.0,0.0,0.0,1.0,0.0,0.0,0.00020461222647014996,0.0,0.009853137582994952,0.0,0.0008043294090493882,9.89901386388269e-06,0.011074253968208063,0.004762931652367068,0.0,0.6541402434793486,0.49403874332686143,0.3971698113207547,0.2033088235294118,0.3969460997574916,0.11003195688952944,0.24242424242424243,0.0,0.0,0.0,1.0,0.55,0.0,0.00038141223029645235,0.0,0.0,0.0,0.0,0.0036619337238739465,0.022513156495350767,0.0,0.0007181628456572804,0.0010996956048843385,0.03312176863140967,0,0
604,0.8000000000000114,1.0,0.0,0.03474903474903475,0.0,0.6000000000000001,0.20588235294117646,0.0,0.0,0.0,0.0,0.0,0.0,0.0,0.0,0.0,0.009770786935533304,0.0,0.0008043294090493882,9.89901386388269e-06,0.005022709559126553,0.0025200366807647447,0.0,0.654188392749537,0.4940973496156299,0.3273584905660377,0.23333333333333336,0.39469162431908755,0.12820352152390502,0.24242424242424243,0.44999999999999574,0.0,0.0,0.0,0.35000000000000003,0.0,0.047695452216343574,0.0,0.0,0.0,0.0,0.003640734195695791,0.032861715090905845,0.0005291837782340862,4.5638247307113176e-05,0.0011049995438475188,0.03312156029362849,0,3
2054,0.4000000000000341,1.0,0.0,0.10231660231660232,0.4444444444444444,0.6000000000000001,0.5,0.0,0.0,0.0,0.0,1.0,0.0,0.0,0.0,0.0,0.009770786935533304,0.0,0.0008043294090493882,9.89901386388269e-06,0.0,0.0,4.912961952991762e-05,0.654104919900353,0.49399784597443447,0.4424528301886792,0.16262254901960785,0.398408462204024,0.09110846544269692,0.25252525252525254,0.7999999999999972,0.0,0.0,0.0,0.4,0.0,0.003751674986317309,0.0,0.0,0.0,0.0,0.0036354330375410375,0.03212450184040712,0.0,0.00010350467971108739,0.0011044541952453964,0.03312156029362849,0,0
6811,0.20000000000004547,1.0,0.0,0.06756756756756757,0.2962962962962963,0.4,0.5,0.0,0.0,0.0,0.0,1.0,0.0,0.0,0.0,0.0,0.009770786935533304,0.0,0.0008043294090493882,9.89901386388269e-06,0.0,0.0,1.2157351623383776e-05,0.6540999736384684,0.49402047968829876,0.580754716981132,0.24473039215686276,0.39236403075835685,0.12814086095620028,0.24242424242424243,0.5,0.0,0.0,0.0,0.10000000000000002,0.0,0.0,0.0,0.0,0.0,0.0,0.0036438086396889556,0.004057800917202958,0.0,3.50984727047978e-05,0.0010866859030608826,0.03312156029362849,0,0
5573,0.8000000000000114,1.0,0.0,0.15830115830115832,0.4444444444444444,0.6000000000000001,0.5,0.0,0.0,0.0,0.0,1.0,0.0,0.0,0.0,0.0,0.009770786935533304,0.0,0.0009680740780882733,9.89901386388269e-06,0.0030778285005328538,0.000994552316418548,0.0,0.6541079017716747,0.4940093452736647,0.2790566037735849,0.08284313725490197,0.3929855347981331,0.05044175700231844,0.24242424242424243,0.5,0.0,1.0,0.0,0.45,0.0,0.0,0.0,0.0,0.0,0.0,0.0036354330375410375,0.0,0.0,0.00032883073480136364,0.0011037502781849763,0.0331736447389234,0,0
4591,0.20000000000004547,0.0,0.0,0.20463320463320464,0.0,0.6000000000000001,0.5588235294117647,0.0,0.0,0.0,0.0,0.0,0.0,0.0,0.0,0.0,0.009770786935533304,0.0,0.0008043294090493882,9.89901386388269e-06,0.058332694679701945,0.014900251837466152,0.0,0.6538562460788434,0.49362478563427853,0.580754716981132,0.2450980392156863,0.4027711768361789,0.130897925935209,0.020202020202020204,0.6000000000000014,0.0,1.0,0.0,0.4,0.0004193152895307749,0.0,0.0,0.0,0.00017670590732543653,0.0,0.003742369895549523,0.0,0.0,0.0022080316152306907,0.001706549585958679,0.03327437605612374,0,2
1927,0.6000000000000227,1.0,0.0,0.15830115830115832,0.4444444444444444,0.4,0.5,0.0,0.0,0.0,0.0,1.0,0.0,0.0,0.0,0.0,0.009770786935533304,0.0,0.0008043294090493882,9.89901386388269e-06,0.0069271023875041755,0.0024937767766881856,0.0,0.654112928544085,0.4940089353607567,0.2788679245283019,0.11556372549019608,0.3931256778659258,0.0679867159596466,0.020202020202020204,0.44999999999999574,0.0,1.0,0.0,0.35000000000000003,0.0,0.0,0.0,0.0,0.0,0.00020689463262921697,0.0036354330375410375,0.0,0.00046889117043121155,9.82347924099297e-06,0.0010925210141400732,0.03312156029362849,0,0
1765,0.6000000000000227,0.0,0.0,0.15830115830115832,0.0,0.6000000000000001,0.029411764705882346,0.0,0.0,0.0,0.0,0.0,0.0,0.0,0.0,0.0,0.010042836031689047,0.0,0.0008043294090493882,9.89901386388269e-06,0.0,0.0026180127152782367,0.0,0.6540370124194682,0.49391503114541174,0.5181132075471698,0.21409313725490198,0.40085182612510517,0.11767654614950813,0.020202020202020204,0.6000000000000014,0.0,1.0,0.0,0.5,0.0,0.0,7.460109834995476e-06,3.2523326696816674e-05,0.0,4.4812112569472324e-06,0.0036945781937523276,0.0,0.0,0.002051188513078274,0.0011817674962795064,0.03312156029362849,0,2
133,0.6000000000000227,1.0,1.0,0.06756756756756757,0.0,0.6000000000000001,0.23529411764705882,0.0,0.0,0.0,0.0,0.0,0.0,0.0,0.0,0.0,0.009770786935533304,0.0,0.0008043294090493882,9.89901386388269e-06,0.0007436097281649143,0.00020883271817846014,0.0,0.6541151984107988,0.49401142239863705,0.39471698113207543,0.2127450980392157,0.3968668884583044,0.11704994047246071,0.24242424242424243,0.6499999999999986,0.0,1.0,1.0,0.55,0.0001650105630589333,0.0,0.0,0.0,0.0,0.0,0.0036354330375410375,0.0,0.0,6.270142609290045e-05,0.0010887137849606673,0.03312156029362849,0,4
5750,0.8000000000000114,1.0,1.0,0.06756756756756757,0.0,0.6000000000000001,0.23529411764705882,0.0,0.0,0.0,0.0,0.0,0.0,0.0,0.0,0.0,0.009770786935533304,0.0,0.0008043294090493882,9.89901386388269e-06,0.0006297365806821977,0.0019425680939672441,0.0,0.6541135245870302,0.4940093949600778,0.42377358490566036,0.19656862745098042,0.3978052376948294,0.10877874553543457,0.24242424242424243,0.10000000000000142,0.0,0.0,0.0,0.55,0.0,0.0012510489361983966,0.0,0.0,0.0,0.0,0.0036383382496873243,0.01108669867256046,0.0,0.0005790992176519736,0.0010900162372301974,0.03312156029362849,0,4
10732,0.8000000000000114,0.0,1.0,0.10231660231660232,0.0,0.6000000000000001,0.23529411764705882,0.0,0.0,0.0,0.0,0.0,0.0,0.0,0.0,0.0,0.009864650420222321,0.0,0.0008043294090493882,9.89901386388269e-06,0.012274802294525846,0.007533434633406337,0.0002847517080589692,0.6539378184820382,0.49379874591819417,0.3871698113207547,0.1118872549019608,0.39662316138388237,0.0656682749545711,0.020202020202020204,0.5,0.0,1.0,0.0,0.55,0.00015933505780437606,0.0,0.0007213119712080085,0.0031446540880503146,0.0002520680812644956,0.0,0.003638337464388731,0.0,0.0,0.0027633140121186943,0.0011463716854089364,0.03312156029362849,1,4
7285,1.0,1.0,0.0,0.03861003861003861,0.0,0.6000000000000001,0.1764705882352941,0.0,0.0,0.0,0.0,0.0,0.0,0.0,0.0,0.0,0.0097715394085547,0.0,0.0008043294090493882,9.89901386388269e-06,0.010015414447646549,0.03824755028750856,0.0,0.6542269337676887,0.49414250447257874,0.2820754716981132,0.12757352941176472,0.39322926187255514,0.07412745159471146,0.020202020202020204,0.5499999999999972,0.0,1.0,0.0,0.35000000000000003,0.0005054051006946988,0.0,0.0,0.0,0.0007556094852037289,0.0,0.0036354330375410375,0.0,0.004094250513347023,0.009990069076454808,0.0012119035829617642,0.03312156029362849,0,3
8311,0.20000000000004547,0.0,0.0,0.06756756756756757,0.0,0.6000000000000001,0.029411764705882346,0.0,0.0,0.0,0.0,0.0,0.0,0.0,0.0,0.0,0.009770786935533304,0.0,0.0008043294090493882,9.89901386388269e-06,0.0,0.00011617514525009443,0.0,0.654103390531684,0.49399829781025356,0.20339622641509433,0.2462009803921569,0.39068840712170516,0.0414186352528354,0.25252525252525254,0.6999999999999957,0.0,0.0,0.0,0.45,0.0,0.002008827148981425,0.0,0.0,0.0,0.0,0.0036354330375410375,0.001094736575439391,0.0,1.9084154983804052e-05,0.0010826594835962027,0.03312156029362849,0,2
7197,0.8000000000000114,0.0,0.0,0.03474903474903475,0.0,0.4,0.5294117647058824,0.0,0.0,0.0,0.0,1.0,0.0,0.0,0.0,0.0,0.009945857308691448,0.0,0.0008047972509609279,0.0005013273585665742,0.0,2.4265480982137032e-05,0.00012335688445050586,0.6539674423796621,0.49401121084320626,0.580754716981132,0.24485294117647063,0.40083963977138404,0.13315370637257973,0.020202020202020204,0.0,1.0,1.0,0.0,0.2,0.0,0.0,0.00043429936715081775,0.0,0.0,0.00048769311219760405,0.003724158821168555,0.0,0.0,0.0008362748343439067,0.0012435431702620529,0.0331240405053092,0,1
2206,0.8000000000000114,0.0,0.0,0.15830115830115832,0.0,0.4,0.5294117647058824,0.0,0.0,0.0,0.0,1.0,0.0,0.0,0.0,0.0,0.009770786935533304,0.0,0.0008043294090493882,9.89901386388269e-06,0.0021606977857276098,0.0009053018829431536,0.0,0.6540396126112608,0.49392295845735074,0.35867924528301887,0.16936274509803925,0.3957030916779391,0.09549470518202896,0.25252525252525254,0.0,0.0,1.0,0.0,0.35000000000000003,0.0005510671202427275,0.0,0.0,0.0,0.0,0.0,0.0036354330375410375,0.0,0.0,0.0036073401855511973,0.0011876094973292202,0.03312156029362849,0,1
10262,0.20000000000004547,0.0,1.0,0.10424710424710425,0.0,0.8,0.23529411764705882,0.0,0.0,0.0,0.0,0.0,0.0,0.0,0.0,0.0,0.009770786935533304,0.0,0.0008043294090493882,9.89901386388269e-06,0.0,0.0,0.0,0.6540745826728452,0.49396400913894306,0.580754716981132,0.2450980392156863,0.40287476084280827,0.1342189360235604,0.020202020202020204,0.14999999999999858,0.0,0.0,0.0,0.8,7.611694367714804e-05,0.0,0.0,0.0,6.027408760941152e-05,0.0,0.0036375867189334396,0.0,0.0,0.0003695828244651704,0.0061422922857885445,0.03312156029362849,1,4
2408,0.8000000000000114,0.0,0.0,0.02316602316602317,0.0,0.6000000000000001,0.0,0.0,0.0,0.0,0.0,0.0,0.0,0.0,0.0,0.0,0.009770786935533304,0.0,0.0008043294090493882,9.89901386388269e-06,0.001404796987675672,0.00038666877743110826,0.0,0.654119807721224,0.49399416374541416,0.3920754716981132,0.22536764705882356,0.3967815839822567,0.07932827871420517,0.020202020202020204,0.29999999999999716,0.0,1.0,0.0,0.55,5.023772593746838e-07,0.0,5.978169097503132e-05,0.0,6.104101315936249e-07,0.0,0.0036394592634294044,0.0,0.00013254620123203287,9.178813415802807e-05,0.0010902825668102013,0.03312156029362849,0,2
7443,0.20000000000004547,1.0,0.0,0.059845559845559844,0.35185185185185186,0.2,0.5,0.0,0.0,0.0,0.0,1.0,0.0,0.0,0.0,0.0,0.009770786935533304,0.0,0.0008043294090493882,9.89901386388269e-06,0.0005787647908566008,0.007005992825893927,0.0,0.6540864223585875,0.4939778805762234,0.20339622641509433,0.17230392156862748,0.39068840712170516,0.0969985588069428,0.020202020202020204,0.3999999999999986,0.0,1.0,0.0,0.35000000000000003,0.0,0.0,1.0081229506750644e-07,0.0,0.0,3.975268050517706e-07,0.0036354330375410375,0.0,0.0,0.0011882828404794882,0.0010825576210823542,0.03312156029362849,0,0
92,0.6000000000000227,0.0,0.0,0.138996138996139,0.0,0.6000000000000001,0.5294117647058824,0.0,0.0,0.0,0.0,1.0,0.0,0.0,0.00040477636106051404,0.0,0.009770786935533304,0.0,0.0008043294090493882,9.89901386388269e-06,0.0,0.000311462406578937,0.0,0.6541251018680962,0.4940226429881438,0.3922641509433962,0.19129901960784315,0.3967876771591173,0.10552039601478791,0.25252525252525254,0.0,0.0,0.0,1.0,0.55,0.0,0.0022142514869084562,0.0,0.0,0.0,0.0,0.003652366823759839,0.015795595210685815,0.0,9.634172609786334e-05,0.0010925213115488726,0.03312156029362849,0,1
8890,0.8000000000000114,1.0,0.0,0.02316602316602317,0.14814814814814814,0.2,0.5,0.0,0.0,0.0,0.0,1.0,0.0,0.0,0.0,0.0,0.009770786935533304,0.0,0.0008043294090493882,9.89901386388269e-06,0.0,0.0006126202938366924,0.00018114236434912964,0.6540992689228794,0.4939929316776395,0.580754716981132,0.24436274509803926,0.40287476084280827,0.13384297261733194,0.020202020202020204,0.19999999999999574,0.0,1.0,0.0,0.35000000000000003,0.0,0.0,7.581084589076484e-05,0.0,0.0,2.717637794535741e-05,0.0036354330375410375,0.0,0.0,0.00046216399991609114,0.001089843194876988,0.03312156029362849,0,0
2527,0.6000000000000227,0.0,0.0,0.15830115830115832,0.0,0.6000000000000001,0.5294117647058824,0.0,0.0,0.0,0.0,1.0,0.0,0.0,0.0,0.0,0.009770786935533304,0.0,0.0008043294090493882,9.89901386388269e-06,0.005677028279582798,0.0013050175114502737,0.00010817650621594079,0.6541263410012899,0.4940196819884635,0.4309433962264151,0.1769607843137255,0.3980367784155303,0.09731186164546651,0.020202020202020204,0.44999999999999574,0.0,1.0,0.0,0.35000000000000003,1.8737313998299018e-05,0.0,0.0,0.0,4.2353072207496126e-05,0.0,0.003671872070222732,0.0,0.0,0.0002492707857401966,0.0011171144912975053,0.03312156029362849,0,1
7203,0.6000000000000227,1.0,0.0,0.015444015444015444,0.35185185185185186,0.6000000000000001,0.5,0.0,0.0,0.0,0.0,1.0,0.0,0.0,0.0,0.0,0.009770786935533304,0.0,0.0008043294090493882,9.89901386388269e-06,0.03665775443599172,0.008652887696113077,4.02562752323495e-05,0.6543092897404031,0.49483426200616526,0.27962264150943394,0.09889705882352942,0.39258947830219726,0.05213359233034652,0.020202020202020204,0.7999999999999972,1.0,1.0,0.0,0.45,1.416160760885933e-05,0.0,0.0,0.0,0.0016543836235789165,0.0,0.0036354330375410375,0.0,0.0038501026694045177,0.006684800877564146,0.0018345352991251782,0.03326789278279036,0,0
12168,0.4000000000000341,0.0,0.0,0.03474903474903475,0.0,0.6000000000000001,0.0,0.0,0.0,0.0,0.0,0.0,0.0,0.0,0.0,0.0,0.009848517398643578,0.0,0.0008043294090493882,9.89901386388269e-06,0.00019629561613687335,0.0021027867492191626,0.0,0.6540647776173015,0.49394163705509775,0.2788679245283019,0.2450980392156863,0.3931256778659258,0.1285794849301335,0.020202020202020204,0.7999999999999972,0.0,1.0,0.0,0.25000000000000006,0.0,0.0,0.0,0.0,0.0,0.0,0.0036354330375410375,0.0,0.0,0.0031751326809246966,0.001107044278912612,0.03312156029362849,1,2
668,0.8000000000000114,0.0,0.0,0.02316602316602317,0.0,0.6000000000000001,0.5294117647058824,0.0,0.0,0.0,0.0,1.0,0.0,0.0,0.0,0.0,0.009780900172940874,0.0,0.0008043294090493882,9.89901386388269e-06,0.0,0.0,9.641062566450854e-05,0.6540931802729595,0.49403694374708723,0.580754716981132,0.2450980392156863,0.4003704651531216,0.13409361488815089,0.020202020202020204,0.44999999999999574,0.0,1.0,0.0,0.45,2.556692917304134e-05,0.0,0.00011835363440925256,0.0005159781830008483,7.559694706659507e-06,0.0,0.0036604667861014732,0.0,0.0,0.0002485800723560643,0.0011195258322761865,0.03312156029362849,0,1
4475,0.6000000000000227,1.0,0.0,0.015444015444015444,0.35185185185185186,0.6000000000000001,0.5,0.0,0.0,0.0,0.0,1.0,0.0,0.0,0.0,0.0,0.009770786935533304,0.0,0.0008043294090493882,9.89901386388269e-06,0.015309973552509619,0.003519408852994813,0.001687022836182253,0.6536398473698816,0.49429299180805897,0.580377358490566,0.24497549019607845,0.39634896842515754,0.130897925935209,0.020202020202020204,0.3999999999999986,0.0,1.0,0.0,0.25000000000000006,2.7610382619957285e-05,0.0,0.0,0.0,0.00018980624784194585,0.0,0.0037255868866606545,0.0,0.0,0.0001488871072462997,0.001310344557275793,0.03312156029362849,0,0
10421,0.8000000000000114,0.0,1.0,0.05791505791505792,0.0,0.6000000000000001,0.23529411764705882,0.0,0.0,0.0,0.0,0.0,0.0,0.0,0.0,0.0,0.009885945406727846,0.0,0.0008043294090493882,2.2095651600057166e-05,0.0003043847307315789,0.0013476483050935489,0.0,0.6540098296804998,0.4938386514832348,0.580754716981132,0.24117647058823533,0.40267977918327064,0.1274515947114481,0.020202020202020204,0.14999999999999858,0.0,1.0,0.0,0.25000000000000006,0.0003441080560260081,0.0,0.0,0.0,0.0018267070991903475,0.0,0.005194300611902622,0.0,0.0,0.0014172671183079466,0.0013772347703843346,0.03313169443855587,1,4
6523,0.0,0.0,0.0,0.01756756756756757,0.0,0.0,0.7941176470588235,0.3333333333333333,0.0,0.0,0.0,0.0,0.0,0.0,0.0,0.0,0.009770786935533304,0.0,0.0008043294090493882,9.89901386388269e-06,0.0,0.0,0.0,0.6541023210338366,0.4939965075466818,0.20339622641509433,0.24534313725490198,0.39068840712170516,0.13434425715896986,0.25252525252525254,0.29999999999999716,0.0,0.0,0.0,0.2,0.0,0.0,0.0,0.0,0.0,0.0,0.0036397078104342157,0.0009930946018766537,0.0,1.77283101927295e-05,0.0010825576210823542,0.03312156029362849,0,2
10354,0.20000000000004547,0.0,1.0,0.03474903474903475,0.0,1.0,0.2647058823529412,0.0,0.0,0.0,0.0,0.0,0.0,0.0,0.0,0.0,0.009770786935533304,0.0,0.0008043294090493882,9.89901386388269e-06,0.004392611476388855,0.0010097597925135173,5.3283562571181125e-06,0.6525961042764298,0.49413839486277084,0.459811320754717,0.24497549019607845,0.39092604101926665,0.13409361488815089,0.020202020202020204,0.0,0.0,1.0,0.0,0.35000000000000003,0.001419202179969715,0.0,7.056860654725451e-07,3.0765309037529285e-06,0.0013956010308668909,0.0,0.0036354542406030594,0.0,0.0,0.008935503230747899,0.0013342586535987687,0.03312156029362849,1,4
3972,0.4000000000000341,0.0,0.0,0.20463320463320464,0.0,0.6000000000000001,0.5294117647058824,0.0,0.0,0.0,0.0,1.0,0.0,0.0,0.0,0.0,0.012732114412318946,2.2216921878646326e-05,0.0010008542013568197,1.4332314551388433e-05,0.0,0.0,0.0,0.6538461935279799,0.49527970264041926,0.580754716981132,0.24411764705882358,0.3952521965902583,0.08810075819286925,0.030303030303030304,0.3999999999999986,1.0,1.0,0.0,0.2,0.00264081395272186,0.0,0.014123399289777381,0.0,0.0,0.005191302547171072,0.004420995098620083,0.0,0.0,0.0,0.0016732889224282674,0.033291504397990716,0,1
10520,0.6000000000000227,0.0,1.0,0.03861003861003861,0.0,0.6000000000000001,0.23529411764705882,0.0,0.0,0.0,0.0,0.0,0.0,0.0,0.0,0.0,0.010332523095466327,0.0,0.0008043294090493882,9.89901386388269e-06,0.0,0.0,0.0,0.6540895543174323,0.49402036789386927,0.580754716981132,0.23504901960784316,0.3986095370404222,0.12895544833636194,0.020202020202020204,0.0,0.0,1.0,0.0,0.10000000000000002,0.0,0.0,0.0,0.0,3.696894181600364e-05,0.0,0.0036354330375410375,0.0,0.0,0.0001672038029144012,0.001098617795394741,0.03312156029362849,1,4
12324,0.0,0.0,1.0,0.03474903474903475,0.0,0.6000000000000001,0.23529411764705882,0.0,0.0,0.0,0.0,0.0,0.0,0.0,0.0,0.0,0.009770786935533304,0.0,0.0008043294090493882,0.02340943697891004,0.004865456164983754,0.0013577866224901952,0.0,0.6521798728102932,0.49204010736019654,0.580754716981132,0.2450980392156863,0.3925224533567312,0.10921736950936778,0.020202020202020204,0.9499999999999957,0.0,1.0,0.0,0.25000000000000006,0.00019953881631811765,0.0,0.0,0.0,0.0001588161950071926,0.0,0.0037197953095343224,0.0,0.0,0.005751621513624194,0.0012214841117581855,0.03312156029362849,1,4
3131,0.8000000000000114,0.0,0.0,0.02316602316602317,0.0,0.6000000000000001,0.5588235294117647,0.0,0.0,0.0,0.0,0.0,0.0,0.0,0.0,0.0,0.009795979732289663,0.0,0.0008043294090493882,9.89901386388269e-06,0.004189085819141967,0.005101983578418846,0.0,0.6539702267848384,0.4938414327578427,0.3920754716981132,0.14448529411764707,0.3967815839822567,0.08264928880255656,0.25252525252525254,0.14999999999999858,0.0,0.0,0.0,0.55,0.0,0.0,0.0,0.0,0.0,0.0,0.003645691785715931,0.008606588176304336,0.0,0.0025328203976360208,0.0010879608450164535,0.03312156029362849,0,2
10901,0.8000000000000114,0.0,1.0,0.04247104247104247,0.0,0.6000000000000001,0.23529411764705882,0.0,0.0,0.0,0.0,0.0,0.0,0.0,0.0,0.0,0.009770786935533304,0.0,0.0008043294090493882,9.89901386388269e-06,0.0,3.6813726284543514e-05,0.0,0.653962574640389,0.49383253423179785,0.20339622641509433,0.21580882352941178,0.39068840712170516,0.11911773920671723,0.25252525252525254,0.5,0.0,1.0,0.0,0.55,0.0,0.0,0.0,0.0,0.0,0.0,0.0036354330375410375,0.0,0.001842659137577002,9.094392891075523e-05,0.0010825576210823542,0.03312156029362849,1,4
3984,0.6000000000000227,0.0,1.0,0.03861003861003861,0.0,0.8,0.2647058823529412,0.0,0.0,0.0,0.0,0.0,0.0,0.0,0.0,0.0,0.009770786935533304,0.0,0.0009446819825112897,9.89901386388269e-06,0.009608363133152775,0.0022137265338463986,1.544135894919943e-06,0.6541918530455463,0.4940973888213152,0.2994339622641509,0.12671568627450983,0.3937898341437259,0.07331286421454979,0.020202020202020204,0.6000000000000014,0.0,1.0,0.0,0.05,6.9586039305277145e-06,0.0,0.0,0.0,0.00019007232405315335,0.0,0.0037111519205660546,0.0,0.0,0.0005568940614509791,0.001198555182083745,0.03316620410388126,0,4
12327,0.20000000000004547,1.0,1.0,0.02316602316602317,0.0,0.6000000000000001,0.23529411764705882,0.0,0.0,0.0,0.0,0.0,0.0,0.0,0.0,0.0,0.009770786935533304,0.0,0.0008043294090493882,9.89901386388269e-06,0.003221344816566627,0.0007161640928221128,0.0,0.6539023673452139,0.49375275997835133,0.3915094339622641,0.24019607843137258,0.4003339060919583,0.12945673287799989,0.020202020202020204,0.9499999999999957,0.0,1.0,0.0,0.05,0.0,0.0,0.0,0.0,0.0,0.0,0.0036592523218267788,0.0,0.0,0.00038633901952467666,0.0010843973423482853,0.03318347133760237,1,4
9441,0.20000000000004547,1.0,0.0,0.02316602316602317,0.14814814814814814,0.6000000000000001,0.5,0.0,0.0,0.0,0.0,1.0,0.0,0.0,0.0,0.0,0.009774790092007133,0.0,0.0008043294090493882,9.89901386388269e-06,0.0,0.007267843957999112,0.0,0.6538979439047676,0.493757058241259,0.20339622641509433,0.17279411764705885,0.39068840712170516,0.09724920107776178,0.04040404040404041,0.5,0.0,1.0,0.0,0.35000000000000003,0.0,0.0,9.940092293656134e-05,0.0,0.0,3.725910327348868e-05,0.0036354330375410375,0.0,0.00043834702258726903,0.00187408448499131,0.0010825576210823542,0.03312156029362849,1,0
2815,0.6000000000000227,1.0,0.0,0.03861003861003861,0.0,0.6000000000000001,0.1764705882352941,0.0,0.0,0.0,0.0,0.0,0.0,0.0,0.0,0.0,0.009770786935533304,0.0,0.0008043294090493882,9.89901386388269e-06,0.02180905750630098,0.008676155965548002,0.0,0.654095168187174,0.4941883879341946,0.58,0.23750000000000002,0.3915353587053218,0.019424775988470457,0.020202020202020204,0.3999999999999986,1.0,1.0,0.0,0.45,0.0,0.0,0.0,0.0,0.00024867169668614134,0.0,0.0036537308874165764,0.0,0.0,0.001181375706638165,0.0012808163741798316,0.03312156029362849,0,3
5252,0.20000000000004547,0.0,0.0,0.03581081081081081,0.0,0.0,0.7941176470588235,0.3333333333333333,0.0,0.0,0.0,0.0,0.0,0.0,0.0,0.0,0.009770786935533304,0.0,0.0008043294090493882,9.89901386388269e-06,0.0003311358828386298,0.0055935257702316565,0.0,0.6541023793459869,0.49398561612966174,0.3920754716981132,0.2192401960784314,0.3967815839822567,0.09236167679679179,0.25252525252525254,0.6999999999999957,0.0,0.0,0.0,0.55,0.0,0.0017809049562353646,0.0,0.0,0.0,0.0,0.0036360899398144176,0.010448269680562294,0.0,0.0009673824674430967,0.001086871932265006,0.03312156029362849,0,2
5672,0.6000000000000227,1.0,0.0,0.06756756756756757,0.2962962962962963,0.6000000000000001,0.5,0.0,0.0,0.0,0.0,1.0,0.0,0.0,0.0,0.0,0.009770786935533304,0.0,0.0008043294090493882,9.89901386388269e-06,0.00011459615159371796,0.0010668501535913534,0.0,0.6541088735304065,0.4940031538807832,0.2790566037735849,0.13014705882352942,0.39313177104278635,0.06911460617833198,0.24242424242424243,0.29999999999999716,0.0,0.0,0.0,0.05,0.0,0.00021446553191972512,0.0,0.0,0.0,0.0,0.0036354330375410375,0.0027308170663052455,0.0002566735112936345,9.053461727571386e-05,0.0010847007488919676,0.03312156029362849,0,0
1286,0.6000000000000227,1.0,1.0,0.15830115830115832,0.0,0.6000000000000001,0.23529411764705882,0.0,0.0,0.0,0.0,0.0,0.0,0.0,0.0,0.0,0.010791606885820421,0.0,0.0008043294090493882,9.89901386388269e-06,0.0,0.0005197965189837916,0.0,0.6540601162897877,0.49410250691003893,0.580754716981132,0.2450980392156863,0.3961905458267832,0.13378031204962718,0.020202020202020204,0.5,0.0,1.0,0.0,0.25000000000000006,0.00019484769893665947,0.0,0.0,0.0,0.00030301384993980965,0.0,0.0036792715462190526,0.0,0.0,0.0008292653725938232,0.0011221547773598776,0.03312156029362849,0,4
4896,0.0,0.0,0.0,0.02316602316602317,0.0,0.8,0.029411764705882346,0.0,0.0,0.0,0.0,0.0,0.0,0.0,0.0,0.0,0.009770786935533304,0.0,0.0008043294090493882,9.89901386388269e-06,0.02182460209468751,0.005016971294019099,0.0,0.6537990786358212,0.49411560471434035,0.28056603773584904,0.059926470588235296,0.39096869325729056,0.0318942289617144,0.24242424242424243,0.7999999999999972,1.0,1.0,0.0,0.45,0.0001719012781706266,0.0,0.0,0.0,0.0,0.0,0.0036354330375410375,0.0,0.0,0.0009702476488883864,0.0011718613048475692,0.03312156029362849,0,2
4487,0.4000000000000341,0.0,1.0,0.05791505791505792,0.0,0.6000000000000001,0.32352941176470584,0.0,0.0,0.0,0.0,0.0,0.0,0.0,0.0,0.0,0.012152710185843529,4.964980085846797e-06,0.0008405715624633281,9.89901386388269e-06,0.016012372046347454,0.0037486013069288333,0.0,0.6542022667341586,0.49419300372433594,0.2850943396226415,0.07181372549019609,0.3932962868180212,0.045616893289053204,0.020202020202020204,0.3999999999999986,0.0,1.0,0.0,0.45,0.0002747732053504183,0.0,0.0,0.0,3.574812155281639e-05,0.0,0.003967220907954349,0.0,0.0,0.004665180524338438,0.0020195735371284465,0.033132651800264624,0,4
2624,0.8000000000000114,1.0,0.0,0.05791505791505792,0.7037037037037037,0.6000000000000001,0.5,0.0,0.0,0.0,0.0,1.0,0.0,0.0,0.0,0.0,0.009770786935533304,9.078820728405571e-06,0.0008043294090493882,9.89901386388269e-06,0.06183564959750361,0.014214585797796246,0.0,0.6537346089212512,0.4947519164808412,0.580754716981132,0.24068627450980395,0.39679986351283836,0.12964471458111412,0.030303030303030304,0.14999999999999858,0.0,1.0,0.0,0.25000000000000006,0.0014353325633247723,0.0,0.004872762282087923,0.02124344589041397,0.00013610580780354262,0.0,0.0043649593321893635,0.0,0.0,0.0052048323331632985,0.0014258847531115973,0.03312156029362849,0,0
11843,0.20000000000004547,0.0,1.0,0.03474903474903475,0.0,0.6000000000000001,0.23529411764705882,0.0,0.0,0.0,0.0,0.0,0.0,0.0,0.0,0.0,0.009770786935533304,0.0,0.0008043294090493882,9.89901386388269e-06,0.00040596680832727215,0.0161399519925741,0.0,0.6539351795259186,0.49379753714092567,0.20339622641509433,0.2450980392156863,0.39068840712170516,0.13227645842471336,0.020202020202020204,0.6499999999999986,0.0,1.0,0.0,0.45,0.0,0.0,7.772627949704746e-05,0.0,0.0,2.8802623966023743e-05,0.0036354330375410375,0.0,0.003765400410677618,0.00014052180070514163,0.0010825576210823542,0.03312156029362849,1,4
877,0.8000000000000114,1.0,0.0,0.05791505791505792,0.7037037037037037,0.4,0.5,0.0,0.0,0.0,0.0,1.0,0.0,0.0,0.0,0.0,0.013013072789048025,0.0,0.0008043294090493882,9.89901386388269e-06,0.030237839432355012,0.00981605186497257,0.0,0.6536253843000143,0.49412730974637475,0.33584905660377357,0.09963235294117649,0.3929611620906909,0.04004010276333104,0.020202020202020204,0.29999999999999716,1.0,1.0,0.0,0.05,0.0013335536461282146,0.0,0.005107654929595214,0.022267491176948873,0.0003745257445872782,0.0,0.0038827683266228234,0.0,0.0,0.0007729850227756344,0.002145569188880838,0.033161739722855986,0,0
5566,0.8000000000000114,1.0,0.0,0.03861003861003861,0.537037037037037,0.4,0.5,0.0,0.0,0.0,0.0,1.0,0.0,0.0,0.0,0.0,0.010257787474981213,0.0,0.0008043294090493882,9.89901386388269e-06,0.0014246796007282097,0.0012703644101846876,0.0,0.6541054201920969,0.493999969292244,0.3920754716981132,0.19301470588235298,0.3967815839822567,0.10740021304593021,0.24242424242424243,0.0,0.0,0.0,0.0,0.55,0.0,0.0019066406308314385,0.0,0.0,0.0,0.0,0.003656315305087459,0.024012993489738912,0.0,0.0006333585912721457,0.0010961674442951845,0.03312156029362849,0,0
2133,0.0,0.0,0.0,0.0,0.0,0.0,0.7941176470588235,0.2222222222222222,0.0,0.0,0.0,0.0,0.0,0.0,0.0,0.0,0.009770786935533304,0.0,0.0008043294090493882,9.89901386388269e-06,0.0037343162333221026,0.0009785969316631702,3.164391164941573e-05,0.654095223517453,0.494049693746497,0.580754716981132,0.24460784313725495,0.39802459206180923,0.0984397518641519,0.24242424242424243,0.3999999999999986,1.0,1.0,0.0,0.45,0.00027623960383724167,0.0,0.0,0.0,0.0,0.0,0.0036354330375410375,0.0,0.0,0.0001948323382796939,0.00114116361121548,0.03312204641511791,0,2
9954,1.0,0.0,0.0,0.015444015444015444,0.0,0.6000000000000001,0.0,0.0,0.0,0.0,0.0,0.0,0.0,0.0,0.0,0.0,0.009770786935533304,0.0,0.0008043294090493882,9.89901386388269e-06,0.0004074128165492749,0.00026991192544514067,0.0,0.6540483296150911,0.4939332509201879,0.20339622641509433,0.2450980392156863,0.39068840712170516,0.1342189360235604,0.020202020202020204,0.14999999999999858,0.0,1.0,0.0,0.55,0.0,0.0,1.4113721309450902e-06,6.153061807505857e-06,0.0,2.1683280275551124e-07,0.0036354330375410375,0.0,0.0,0.0009057299024149898,0.0010825576210823542,0.03312156029362849,1,2
4266,0.6000000000000227,1.0,0.0,0.10231660231660232,0.4444444444444444,0.6000000000000001,0.5,0.0,0.0,0.0,0.0,1.0,0.0,0.0,0.0,0.0,0.009770786935533304,0.0,0.0008043294090493882,9.89901386388269e-06,0.0018729421495490622,0.002848617885570806,0.0,0.654131125910804,0.4940302554900748,0.30433962264150943,0.23247549019607844,0.39394825674210027,0.1277648975499718,0.24242424242424243,0.0,0.0,1.0,0.0,0.35000000000000003,0.000514169547206222,0.0,0.0,0.0,0.0,0.0,0.0036354330375410375,0.0,0.001026694045174538,0.0005131488804559323,0.001100496576349681,0.03312156029362849,0,0
12161,0.20000000000004547,0.0,1.0,0.0637065637065637,0.0,0.6000000000000001,0.32352941176470584,0.0,0.0,0.0,0.0,0.0,0.0,0.0,0.0,0.0,0.009770786935533304,0.0,0.0008043294090493882,9.89901386388269e-06,0.001978500749755263,0.0012326365733152007,0.0,0.6537488145562278,0.49357991763873027,0.2788679245283019,0.12107843137254905,0.3931256778659258,0.07049313866783634,0.020202020202020204,0.7999999999999972,0.0,1.0,0.0,0.35000000000000003,1.9905001682250984e-05,0.0,0.0,0.0,3.4746422875329416e-06,0.0,0.003638394005887456,0.0,0.0015111909650924026,0.00016728054884597145,0.001092674675353178,0.03312156029362849,1,4
1822,0.4000000000000341,0.0,0.0,0.02316602316602317,0.0,0.6000000000000001,0.5294117647058824,0.0,0.0,0.0,0.0,1.0,0.0,0.0,0.0,0.0,0.009770786935533304,0.0,0.0008043294090493882,9.89901386388269e-06,0.0,0.0017614079962238922,0.0,0.6540756104244941,0.4940194110422421,0.580754716981132,0.24473039215686276,0.4016500322938374,0.1339682937527414,0.020202020202020204,0.29999999999999716,0.0,1.0,0.0,0.45,5.9905093739489325e-05,0.0,5.141427048442828e-06,2.2414725155914194e-05,0.0,1.445552018370075e-07,0.0036717601651731725,0.0,0.0,0.0009627521295716913,0.0011641291221722663,0.03312156029362849,0,1
257,0.6000000000000227,1.0,0.0,0.15830115830115832,0.4444444444444444,0.6000000000000001,0.5,0.0,0.0,0.0,0.0,1.0,0.0,0.0,0.0,0.0,0.009929679138731419,0.0,0.004335194694360829,9.89901386388269e-06,0.00022810779702093386,0.0017142066496558996,0.0,0.6541084285689415,0.4940254052421717,0.40867924528301885,0.17058823529411768,0.39225435357486693,0.030202393633686323,0.24242424242424243,0.14999999999999858,0.0,1.0,1.0,0.55,1.2219987390195011e-06,0.0,0.0,0.0,0.0,0.0,0.0036355374822539597,0.0,0.0,0.0005127139868437008,0.0010976293076812775,0.03312156029362849,0,0
6303,0.6000000000000227,0.0,0.0,0.10424710424710425,0.0,0.4,0.029411764705882346,0.0,0.0,0.0,0.005809839484562958,0.0,0.0,0.0,0.0,0.0,0.029971226184134815,6.176216985910521e-06,0.0009181553461269904,0.0003399572378795786,0.0,0.009420408183616563,0.0,0.6535199059031144,0.4978414634516244,0.579622641509434,0.2416666666666667,0.3953009420051427,0.08653424400025066,0.030303030303030304,0.3999999999999986,1.0,1.0,0.0,0.2,0.001036119153050868,0.0,0.006135637902398577,0.026749117694887248,0.0,0.00042249871616911364,0.00586903819428655,0.0,0.0,0.009937344621466043,0.002796711008251194,0.03320136358466701,0,2
6632,0.0,1.0,0.0,0.10424710424710425,0.2962962962962963,0.6000000000000001,0.5,0.0,0.0,0.0,0.0,1.0,0.0,0.0,0.0,0.0,0.009770786935533304,0.0,0.0008043294090493882,9.89901386388269e-06,0.0,0.0,0.0,0.6541091037971364,0.4940043265577672,0.4379245283018868,0.2450980392156863,0.3982622259593707,0.13359233034651294,0.24242424242424243,0.3500000000000014,0.0,1.0,0.0,0.10000000000000002,8.70402546276057e-05,0.0,0.0,0.0,0.0,0.0,0.0036354330375410375,0.0,0.0,7.871574381389419e-05,0.0010873270172964626,0.03312156029362849,0,0
5719,0.4000000000000341,1.0,0.0,0.10231660231660232,0.4444444444444444,0.6000000000000001,0.5,0.0,0.0,0.0,0.0,1.0,0.0,0.0,0.0,0.0,0.009770786935533304,0.0,0.0008043294090493882,9.89901386388269e-06,0.0017735290842863733,0.0011298406829901887,0.0,0.6541097505318941,0.49400496200040966,0.36377358490566036,0.16151960784313726,0.395867607453174,0.09123378657810642,0.24242424242424243,0.0,0.0,1.0,1.0,0.05,0.0,0.0,0.0,0.0,0.0,0.0,0.0036354330375410375,0.0,0.0,0.00042993070865658293,0.0010947351235165142,0.03312156029362849,0,0
6295,0.0,0.0,0.0,0.02316602316602317,0.0,0.8,0.5588235294117647,0.0,0.0,0.0,0.0,0.0,0.0,0.0,0.0,0.0,0.009770786935533304,0.0,0.0008043294090493882,9.89901386388269e-06,0.0,0.00030880317578637403,0.0,0.6540851023835491,0.4940772297237281,0.559433962264151,0.22794117647058829,0.3927539940774321,0.11466883889968044,0.020202020202020204,0.6000000000000014,0.0,1.0,0.0,0.45,1.0930099832341094e-05,0.0,0.00010464316228007169,0.0004562055825850771,1.793666694375113e-05,0.0,0.003637655825209659,0.0,0.0,0.0003547964416493008,0.0010995355493820431,0.03312156029362849,0,2
10269,0.20000000000004547,0.0,1.0,0.06756756756756757,0.0,0.8,0.32352941176470584,0.0,0.0,0.0,0.0,0.0,0.0,0.0,0.0,0.0,0.009770786935533304,0.0,0.0008043294090493882,9.89901386388269e-06,0.00027835658273552943,0.019473547093938573,0.0,0.6541001154430157,0.49399392346502585,0.20339622641509433,0.2450980392156863,0.39068840712170516,0.1342189360235604,0.020202020202020204,0.14999999999999858,0.0,1.0,0.0,0.75,1.9131069147538634e-05,0.0,0.0032611769331387657,0.0,0.0,0.001169054056056339,0.0036354330375410375,0.0,0.0,0.006026858006212328,0.0010825576210823542,0.03312156029362849,1,4
4369,0.8000000000000114,1.0,0.0,0.10231660231660232,0.0,0.6000000000000001,0.0,0.0,0.0,0.0,0.0,0.0,0.0,0.0,0.0,0.0,0.009770786935533304,0.0,0.0008043294090493882,9.89901386388269e-06,0.016039846202565506,0.003687106594850815,0.0003252254672201806,0.6543441199853546,0.4942798144278616,0.2939622641509434,0.08848039215686275,0.3936131320147699,0.05413873049689831,0.020202020202020204,0.14999999999999858,0.0,1.0,0.0,0.75,0.0006610198512269488,0.0,0.0,0.0,0.0004444724850511733,0.0,0.003685404728233514,0.0,0.0,0.0009499099770222682,0.0012426911436194531,0.03312156029362849,0,3
4241,0.4000000000000341,0.0,0.0,0.06756756756756757,0.0,0.4,0.5588235294117647,0.0,0.0,0.0,0.0,0.0,0.0,0.0,0.0,0.0,0.009770786935533304,0.0,0.0008043294090493882,9.89901386388269e-06,0.0011394544789381672,0.0011137190963102757,0.0,0.6541095533970679,0.49400494686158064,0.4239622641509434,0.18848039215686277,0.3978113308716899,0.10526975374396894,0.25252525252525254,0.6999999999999957,0.0,1.0,1.0,0.55,0.00021248521406984092,0.0,0.0,0.0,0.0,0.0,0.0036354330375410375,0.0,0.0,0.0003872855526807098,0.0010941167114859672,0.03312156029362849,0,2
3282,0.8000000000000114,0.0,0.0,0.015444015444015444,0.0,0.6000000000000001,0.029411764705882346,0.0,0.0,0.0,0.0,0.0,0.0,0.0,0.0,0.0,0.009770786935533304,0.0,0.0008043294090493882,9.89901386388269e-06,0.0019698247004232465,0.00045281714339611193,0.0,0.6541022657035577,0.49399435084581345,0.3920754716981132,0.2450980392156863,0.3967815839822567,0.12043361112851685,0.24242424242424243,0.75,0.0,1.0,0.0,0.6,0.0,0.0,0.0,0.0,0.0,0.0,0.0036354330375410375,0.0,0.0,0.00012100275210910612,0.0010847406512392416,0.03312156029362849,0,2
312,0.0,0.0,1.0,0.33976833976833976,0.0,0.6000000000000001,0.2647058823529412,0.0,0.0,0.0,0.0,0.0,0.0,0.0,0.0,0.0,0.011823533337903354,0.0,0.0017348825658321798,6.299740520327797e-05,0.09334995278783155,0.021805110792280417,0.0,0.651878940699914,0.4956786860902563,0.3092452830188679,0.18272058823529413,0.3907554320671712,0.020865969045679555,0.030303030303030304,0.29999999999999716,1.0,1.0,0.0,0.05,0.0,0.0,0.018768124160422606,0.08182209740296842,0.0,0.008712667263920575,0.005279992001765238,0.0,0.0,0.007346555463517287,0.004404778577481505,0.03395159785554152,0,4
2640,0.20000000000004547,0.0,0.0,0.06756756756756757,0.0,0.0,0.4411764705882353,0.0,0.0,0.0,0.0,0.0,0.0,0.0,0.0,0.0,0.009770786935533304,0.0,0.0008043294090493882,9.89901386388269e-06,0.0,0.0,0.0,0.6540725931020356,0.49396167814745384,0.3920754716981132,0.1504901960784314,0.3967815839822567,0.08584497775549847,0.04040404040404041,0.8999999999999986,0.0,1.0,0.0,0.45,0.0,0.0,0.0,0.0,0.0,0.0,0.0036354330375410375,0.0,0.0,0.00015236625614415138,0.0010827794880468244,0.03312156029362849,0,2
39,0.4000000000000341,0.0,0.0,0.06756756756756757,0.0,0.0,0.4411764705882353,0.0,0.0,0.0,0.0,0.0,0.0,0.0,0.0,0.0,0.009770786935533304,0.0,0.0008043294090493882,9.89901386388269e-06,0.0,0.0,0.0,0.6540746429729097,0.49396407978681167,0.580566037735849,0.24485294117647063,0.4028686676659477,0.13409361488815089,0.25252525252525254,0.3999999999999986,0.0,0.0,1.0,0.8,0.0,0.0,0.0,0.0,0.0,0.0,0.0036354330375410375,0.0006471566082691307,0.0,2.6451764414548778e-05,0.0010829378086644557,0.03312156029362849,0,2
5586,0.6000000000000227,1.0,0.0,0.10231660231660232,0.4444444444444444,0.4,0.5,0.0,0.0,0.0,0.0,1.0,0.0,0.0,0.0,0.0,0.009788590447219548,0.0,0.0008043294090493882,9.89901386388269e-06,0.0,0.0002653413725204231,0.0003021939191536987,0.654175073061662,0.4940777995647782,0.3943396226415094,0.20551470588235296,0.39685470210458335,0.11197443448837648,0.25252525252525254,0.10000000000000142,0.0,1.0,1.0,0.55,0.0,0.0,0.0,0.0,0.0,0.0,0.0036354330375410375,0.0,0.0,0.0007739571379088576,0.0011231347393544204,0.03312156029362849,0,0
2416,0.20000000000004547,0.0,0.0,0.03474903474903475,0.0,0.0,0.4411764705882353,0.0,0.0,0.0,0.0,0.0,0.0,0.0,0.0,0.0,0.009770786935533304,0.0,0.0008043294090493882,9.89901386388269e-06,0.0,0.0002696626225583379,0.0014114924467070313,0.6539840494150096,0.4942781712826536,0.580754716981132,0.2450980392156863,0.39137084293008695,0.04242120433611128,0.020202020202020204,0.6000000000000014,1.0,1.0,0.0,0.8,0.00011922634363700266,0.0,0.0,0.0,0.0,9.858664765283911e-05,0.0036886283789594253,0.0,0.0,0.001086364243354186,0.0012137621896864672,0.03312156029362849,0,2
12203,0.4000000000000341,0.0,1.0,0.03474903474903475,0.0,0.8,0.23529411764705882,0.0,0.0,0.0,0.0,0.0,0.0,0.0,0.0,0.0,0.009770786935533304,0.0,0.0008043294090493882,9.89901386388269e-06,0.0,0.0013746561178305163,0.0,0.6541032013485146,0.493919851503832,0.580754716981132,0.2450980392156863,0.40759697290973573,0.1042045240929883,0.020202020202020204,0.7999999999999972,0.0,1.0,0.0,0.25000000000000006,5.27496122343418e-06,0.0,0.0,0.0,0.0,0.0,0.003721311328468883,0.0,0.0,0.00042729576500600414,0.0011031136746495228,0.03364240474657752,1,4
9613,0.20000000000004547,0.0,0.0,0.04247104247104247,0.0,0.8,0.5588235294117647,0.0,0.0,0.0,0.0,0.0,0.0,0.0,0.0,0.0,0.009770786935533304,0.0,0.0008043294090493882,9.89901386388269e-06,0.0,0.0,0.0,0.6540420776248866,0.4939259260560077,0.20339622641509433,0.2450980392156863,0.39068840712170516,0.1342189360235604,0.020202020202020204,0.3999999999999986,0.0,1.0,0.0,0.25000000000000006,0.0,0.0,0.0,0.0,0.0,0.0,0.0036354330375410375,0.0,0.0,0.0009480169107102018,0.0010825576210823542,0.03312156029362849,1,2
6446,0.20000000000004547,0.0,0.0,0.0637065637065637,0.0,0.0,0.4411764705882353,0.0,0.0,0.0,0.0,0.0,0.0,0.0,0.0,0.0,0.010335156751041215,0.0,0.0008043294090493882,1.3664282940942363e-05,0.0,0.0,2.6924510393111118e-05,0.6540622860981528,0.4943452956858667,0.580754716981132,0.239093137254902,0.3926625964245239,0.12826618209160975,0.24242424242424243,0.29999999999999716,0.0,1.0,0.0,0.25000000000000006,0.0010402943154091849,0.0,0.0,0.0,0.0,0.0,0.0036354330375410375,0.0,0.0,0.0006130209194060275,0.0011451584557792736,0.03312156029362849,0,2
10991,0.8000000000000114,1.0,1.0,0.33976833976833976,0.0,0.8,0.23529411764705882,0.0,0.0,0.0,0.0,0.0,0.0,0.0,0.0,0.0,0.012693226606573169,0.0,0.0012428844169266764,9.89901386388269e-06,0.12209659624124622,0.028067183803954857,0.0,0.6474149885499422,0.495591152216515,0.580754716981132,0.2450980392156863,0.39349736165441945,0.11899241807130774,0.030303030303030304,0.3999999999999986,1.0,1.0,0.0,0.5,0.0069172867953850884,0.0,0.0,0.0,0.006553895325211572,0.0,0.0038534091534099353,0.0,0.0,0.012374386096502382,0.002986802915712815,0.03312156029362849,1,4
9807,0.6000000000000227,1.0,0.0,0.015444015444015444,0.0,0.2,0.5294117647058824,0.0,0.0,0.0,0.0,1.0,0.0,0.0,0.0,0.0,0.009770786935533304,0.0,0.0008043294090493882,9.89901386388269e-06,0.0004338024666008251,0.015150302632929338,0.0,0.6540039206054973,0.4938812210940024,0.20339622641509433,0.24436274509803926,0.39068840712170516,0.13384297261733194,0.020202020202020204,0.6000000000000014,0.0,1.0,0.0,0.75,0.0,0.0,0.0,0.0,0.0,1.001044772721277e-05,0.0036354330375410375,0.0,0.0013692248459958934,0.004801558044738786,0.0010825576210823542,0.03312156029362849,1,0
481,0.0,0.0,1.0,0.1027992277992278,0.0,0.6000000000000001,0.32352941176470584,0.3333333333333333,0.0,0.0,0.0,0.0,0.0,0.0,0.0,0.0,0.009772020991288394,0.0,0.0008043294090493882,9.89901386388269e-06,0.005311188199416102,0.0016252886200295755,0.0,0.6541569651510826,0.4940564274199964,0.3632075471698113,0.2087009803921569,0.3958493279225923,0.11397957265492827,0.24242424242424243,0.3500000000000014,0.0,1.0,0.0,0.35000000000000003,0.000247624466698535,0.0,0.0,0.0,0.0,0.0,0.0036354330375410375,0.0,0.0,0.0012351746046689155,0.0011270895824346734,0.03312156029362849,0,4
4378,0.20000000000004547,0.0,0.0,0.10231660231660232,0.0,0.6000000000000001,0.5588235294117647,0.0,0.0,0.0,0.0,0.0,0.0,0.0,0.0,0.0,0.009770786935533304,0.0,0.0008043294090493882,9.89901386388269e-06,0.0003998212733837605,0.00018265591506416847,0.0,0.6541187620783473,0.4940157699597827,0.2788679245283019,0.07830882352941176,0.3931256778659258,0.0489379033774046,0.25252525252525254,0.6000000000000014,0.0,0.0,0.0,0.5,0.0,0.0,0.0,0.0,0.0,0.0,0.0036354330375410375,0.01579181066911699,0.0,0.00010127904769554992,0.001095100291954238,0.03312156029362849,0,2
7333,0.20000000000004547,0.0,0.0,0.030405405405405407,0.0,0.0,0.7941176470588235,0.3333333333333333,0.0,0.0,0.0,0.0,0.0,0.0,0.0,0.0,0.009770786935533304,4.3975537903214485e-06,0.0009691501144848145,3.5628352557123786e-05,0.1867002670777186,0.04291807366983406,0.0,0.6590081238943838,0.4994542180426798,0.2990566037735849,0.1632352941176471,0.3937776477900048,0.09160974998433487,0.030303030303030304,0.5,0.0,1.0,0.0,0.05,2.2851376419664673e-05,0.0,0.0011081287473820307,0.0,0.0001256505778572723,0.0,0.007467658368744685,0.0,0.010430980492813142,0.006823404029980031,0.005806921433965071,0.03376683696659873,0,2
5892,0.6000000000000227,0.0,0.0,0.03474903474903475,0.0,0.8,0.029411764705882346,0.0,0.0,0.0,0.0,0.0,0.0,0.0,0.0,0.0,0.010046688693558598,0.0,0.0008043294090493882,9.89901386388269e-06,0.0,0.0,0.0,0.6540902716231447,0.4940103060070429,0.3924528301886792,0.23223039215686275,0.39071277982914737,0.02243248323829814,0.020202020202020204,0.29999999999999716,1.0,1.0,0.0,0.45,3.712160613865907e-05,0.0,0.0,0.0,4.981885766314123e-05,0.0,0.0036375498098995497,0.0,0.0,0.0001962905109795288,0.0011020515782581687,0.03312156029362849,0,2
3270,0.4000000000000341,1.0,1.0,0.10231660231660232,0.0,0.6000000000000001,0.2647058823529412,0.0,0.0,0.0,0.0,0.0,0.0,0.0,0.0,0.0,0.009770786935533304,0.0,0.0008043294090493882,9.89901386388269e-06,0.00036764759044419926,0.002760863269416228,0.0,0.6541118829012081,0.49400745835449245,0.370377358490566,0.1700980392156863,0.3960747754664327,0.09543204461432422,0.020202020202020204,0.14999999999999858,0.0,1.0,0.0,0.35000000000000003,1.8289247793991866e-05,0.0,0.0,0.0,3.122482596228927e-05,0.0,0.0036414904382412357,0.0,0.0,0.0010296489999237657,0.001094999866916254,0.03312156029362849,0,4
453,0.0,0.0,0.0,0.0918918918918919,0.0,0.0,0.7941176470588235,0.3333333333333333,0.0,0.0,0.0,0.0,0.0,0.0,0.0,0.0,0.009770786935533304,0.0,0.0008043294090493882,9.89901386388269e-06,0.0002928166649555569,0.00014800281379858237,0.0,0.6540994637384724,0.4939965498577679,0.20339622641509433,0.2450980392156863,0.39068840712170516,0.12864214549783823,0.020202020202020204,0.5,0.0,1.0,0.0,0.6,1.683642707093535e-06,0.0,9.829198769081878e-05,0.0,0.0,2.081594906452908e-05,0.00363747481388388,0.0,0.0,8.667173872001089e-05,0.0010830184064491357,0.03312156029362849,0,2
10168,0.8000000000000114,0.0,1.0,0.06756756756756757,0.0,0.6000000000000001,0.2647058823529412,0.0,0.0,0.0,0.0,0.0,0.0,0.0,0.0,0.0,0.009770786935533304,0.0,0.0008043294090493882,9.89901386388269e-06,4.8079773381591446e-05,0.002153145932353324,0.0,0.6535648168610473,0.4933664341422498,0.580754716981132,0.24375000000000005,0.40287476084280827,0.13346700921110347,0.020202020202020204,0.14999999999999858,0.0,1.0,0.0,0.10000000000000002,0.0,0.0,0.0,0.0,0.00044347078637368634,0.0,0.0036354330375410375,0.0,0.0,0.00893225431964476,0.0010861337636245035,0.03312156029362849,1,4
7352,0.8000000000000114,1.0,0.0,0.0501930501930502,0.0,0.6000000000000001,0.1764705882352941,0.0,0.0,0.0,0.0,0.0,0.0,0.0,0.0,0.0,0.009770786935533304,0.0,0.0008043294090493882,9.89901386388269e-06,0.00950135852472457,0.006796744602904129,0.0,0.6542438893506618,0.4941586420761062,0.4092452830188679,0.14387254901960786,0.3973360630765669,0.08239864653173759,0.020202020202020204,0.6000000000000014,0.0,1.0,0.0,0.5,1.2939608869839829e-05,0.0,5.847113113915373e-06,2.549125605966712e-05,7.61134479471743e-05,0.0,0.0037746978900947636,0.0,0.0,0.0019105388024871822,0.0015361179367599591,0.03312156029362849,0,3
10484,0.4000000000000341,0.0,1.0,0.03474903474903475,0.0,0.6000000000000001,0.2647058823529412,0.0,0.0,0.0,0.0,0.0,0.0,0.0,0.0,0.0,0.009770786935533304,0.0,0.0008043294090493882,9.89901386388269e-06,0.0019090923550991311,0.0004388561817351564,0.0,0.6539991569004014,0.49387512402767075,0.20339622641509433,0.2450980392156863,0.39068840712170516,0.13371765148192244,0.020202020202020204,0.0,0.0,1.0,0.0,0.9,1.5159573245725257e-05,0.0,0.0,0.0,5.510907880361931e-05,0.0,0.0036354330375410375,0.0,0.0,0.0016108203577281364,0.0010825576210823542,0.03312156029362849,1,4
5176,0.8000000000000114,1.0,0.0,0.06756756756756757,0.0,0.6000000000000001,0.1764705882352941,0.0,0.0,0.0,0.0,0.0,0.0,0.0,0.0,0.0,0.009770786935533304,0.0,0.0008043294090493882,9.89901386388269e-06,0.0008007270529340229,0.00018406863142271757,4.071299148295962e-05,0.6541018452597013,0.49399508255588126,0.44169811320754715,0.17757352941176474,0.3983840894965818,0.0975625039162855,0.25252525252525254,0.6999999999999957,0.0,0.0,0.0,0.55,0.0,0.00040916659325076967,0.0,0.0,0.0,0.0,0.0036381705884376333,0.007048747289708279,0.0,0.0001072908123352201,0.0010874587693946668,0.03312156029362849,0,3
6177,0.6000000000000227,0.0,0.0,0.05791505791505792,0.0,0.6000000000000001,0.029411764705882346,0.0,0.0,0.0,0.0,0.0,0.0,0.0,0.0,0.0,0.024534563456162766,7.583870680579174e-06,0.033787792367081244,9.89901386388269e-06,0.02117209088450877,0.0048668909561638265,0.0,0.6531188183674635,0.49685921896199103,0.580754716981132,0.24411764705882358,0.39652567055411353,0.11253837959771917,0.030303030303030304,0.5,1.0,1.0,0.0,0.10000000000000002,0.0052202971465087076,0.0,0.00026422902537193436,0.0011519410712480607,0.0008588157520685587,0.0,0.0046360538302144955,0.0,0.0,0.0005968275278447031,0.0024879198286848663,0.033220768760856875,0,2
4186,1.0,1.0,0.0,0.15830115830115832,0.4444444444444444,0.6000000000000001,0.5,0.0,0.0,0.0,0.0,1.0,0.0,0.0,0.0,0.0,0.009770786935533304,0.0,0.0008043294090493882,9.89901386388269e-06,0.012879233731322996,0.02554756262800145,0.0005594339102116295,0.65415168491961,0.4940539570736454,0.31169811320754715,0.08529411764705884,0.39418589063966175,0.05244689516887023,0.020202020202020204,0.6999999999999957,0.0,1.0,0.0,0.35000000000000003,0.0,0.0,4.0324918027002574e-07,1.7580176592873876e-06,0.00011417799769167931,0.0,0.0036354330375410375,0.0,0.005903490759753594,0.001791557026576093,0.0011368746789170573,0.03312156029362849,0,0
8023,0.4000000000000341,1.0,0.0,0.03474903474903475,0.0,0.4,0.5294117647058824,0.0,0.0,0.0,0.00815612081486723,1.0,0.0,0.0,0.0,0.0,0.010176836427339362,0.0,0.0008043294090493882,9.89901386388269e-06,0.0008516988427596199,0.00307905685393884,0.0,0.6542309013131418,0.4945780101532648,0.39811320754716983,0.14975490196078434,0.3955934144944492,0.08540635378156528,0.24242424242424243,0.5,0.0,1.0,1.0,0.05,0.0041554678119727646,0.0,0.0,0.0,0.0,0.0,0.0036354330375410375,0.0,0.0,0.0015945758022124319,0.001353214350415517,0.03312617348735461,0,0
9091,0.20000000000004547,0.0,0.0,0.02316602316602317,0.0,0.4,0.5588235294117647,0.0,0.0,0.0,0.0,0.0,0.0,0.0,0.0,0.0,0.010458998760902677,0.0,0.0008043294090493882,9.89901386388269e-06,0.005774995336623484,0.0013275378722247915,0.0,0.6539584450799275,0.49382707687803473,0.20339622641509433,0.2450980392156863,0.39068840712170516,0.13359233034651294,0.020202020202020204,1.0,0.0,1.0,0.0,0.25000000000000006,0.0,0.0,0.0,0.0,0.0,0.0,0.003695706275181748,0.0,0.0006846252566735113,0.0004741363652410513,0.0010825576210823542,0.03312156029362849,1,2
9337,0.0,1.0,1.0,0.02316602316602317,0.0,0.6000000000000001,0.23529411764705882,0.0,0.0,0.0,0.0,0.0,0.0,0.0,0.0,0.0,0.009770786935533304,0.0,0.0009815167356798465,9.89901386388269e-06,0.0060403378453609885,0.01637595872541406,0.0,0.6530208354011092,0.49273174261862585,0.580754716981132,0.21286764705882358,0.4024055862245458,0.11755122501409865,0.020202020202020204,0.29999999999999716,0.0,1.0,0.0,0.75,0.0,0.0,0.0,0.0,0.0,1.8430788234218456e-06,0.0036499335760681864,0.0,0.0,0.018323219072284947,0.001099061281483015,0.033124888737704,1,4
7211,0.4000000000000341,0.0,0.0,0.02316602316602317,0.0,0.6000000000000001,0.5588235294117647,0.0,0.0,0.0,0.0,0.0,0.0,0.0,0.0,0.0,0.009770786935533304,0.0,0.0008043294090493882,9.89901386388269e-06,0.0003770466438872171,0.00034337317608969253,0.0,0.6540888012292642,0.49398040876066457,0.3920754716981132,0.22953431372549024,0.3967815839822567,0.12519581427407733,0.24242424242424243,0.9499999999999957,0.0,0.0,1.0,0.25000000000000006,0.0,0.002564545189044007,0.0,0.0,0.0,0.0,0.0036354330375410375,0.005328711764448279,0.0,0.0003538243265160775,0.001084087392811013,0.03312156029362849,0,2
4926,0.6000000000000227,1.0,1.0,0.03861003861003861,0.0,0.4,0.2941176470588235,0.0,0.0,0.0,0.0,0.0,0.0,0.0,0.0,0.0,0.009819020456204829,0.0,0.0008043294090493882,9.89901386388269e-06,0.000386445697330235,9.938875087204072e-05,0.0,0.6541298231643555,0.4940208406911439,0.39264150943396225,0.1647058823529412,0.39679986351283836,0.08816341876057399,0.24242424242424243,0.10000000000000142,0.0,1.0,1.0,0.55,0.0,0.0,0.0,0.0,0.0,0.0,0.0036568127917463787,0.0,0.0,8.355073750282042e-05,0.0011047082814964852,0.03312156029362849,0,4
12241,0.6000000000000227,0.0,0.0,0.03861003861003861,0.0,0.6000000000000001,0.029411764705882346,0.0,0.0,0.0,0.0,0.0,0.0,0.0,0.0,0.0,0.009770786935533304,0.0,0.0008043294090493882,9.89901386388269e-06,0.0,0.0,0.0,0.6540908915210606,0.49398311667017814,0.580754716981132,0.24473039215686276,0.40287476084280827,0.13403095432044615,0.020202020202020204,0.7999999999999972,0.0,1.0,0.0,0.45,0.0002303196067776422,0.0,0.0,0.0,0.00018054053507519135,0.0,0.0036640556006733156,0.0,0.0,0.00018772054862085003,0.0011300701638557082,0.03312156029362849,1,2
7627,1.0,0.0,0.0,0.06756756756756757,0.0,0.6000000000000001,0.029411764705882346,0.0,0.0,0.0,0.0,0.0,0.0,0.0,0.0,0.0,0.009770786935533304,0.0,0.0008043294090493882,9.89901386388269e-06,0.009897203275497824,0.0025536925704831197,0.0,0.654119696066709,0.49401686422539604,0.47396226415094334,0.24473039215686276,0.3994260227397361,0.13403095432044615,0.25252525252525254,0.6000000000000014,0.0,0.0,0.0,0.35000000000000003,0.0,0.0,0.0,0.0,0.0,0.0,0.0036369196077783456,0.012778929402620926,0.0,0.00013867989834745546,0.0010944954120240707,0.03312156029362849,0,2
8853,0.0,0.0,0.0,0.03581081081081081,0.0,0.0,0.7941176470588235,0.2222222222222222,0.0,0.0,0.0,0.0,0.0,0.0,0.0,0.0,0.009770786935533304,0.0,0.0008043761932405422,9.89901386388269e-06,0.0037852880231476994,0.0010225573407027266,2.066097324188656e-05,0.6541339974528868,0.4940274648992644,0.44339622641509435,0.24289215686274512,0.3985973506867011,0.1265743467635817,0.24242424242424243,0.25,0.0,1.0,0.0,0.35000000000000003,0.00014517345019551673,0.0,0.0,0.0,0.0,0.0,0.0036354330375410375,0.0,0.0,0.00010703499256331923,0.0010980313052420133,0.0331495618835037,0,2
4915,0.4000000000000341,1.0,0.0,0.06756756756756757,0.2962962962962963,0.4,0.5,0.0,0.0,0.0,0.0,1.0,0.0,0.0,0.0,0.0,0.009770786935533304,0.0,0.0008043294090493882,9.89901386388269e-06,0.0,3.614891858640277e-05,0.0,0.6541023932613864,0.49399474212631656,0.5358490566037736,0.21617647058823533,0.401424584749997,0.11347828811329033,0.24242424242424243,0.29999999999999716,0.0,1.0,0.0,0.5,2.2742754309529606e-05,0.0,0.0,0.0,0.0,0.0,0.0036354330375410375,0.0,0.0,2.6119198711077664e-05,0.0010872399756544587,0.03312156029362849,0,0
3380,1.0,0.0,0.0,0.03474903474903475,0.0,0.6000000000000001,0.5294117647058824,0.0,0.0,0.0,0.0,1.0,0.0,0.0,0.0,0.0,0.00998296927810673,0.0,0.0008043294090493882,9.89901386388269e-06,0.00799678696973071,0.0018384425882459505,4.7237509348818536e-05,0.6539139671559743,0.49405208141155116,0.580754716981132,0.24448529411764708,0.3921507695682375,0.06121937464753431,0.020202020202020204,0.3999999999999986,1.0,1.0,0.0,0.10000000000000002,0.0,0.0,0.0,0.0,0.0,0.00022846949650339035,0.0036980205501365004,0.0,0.0,0.0006160651746916477,0.0011899639836590527,0.03313441771098129,0,1
4851,0.4000000000000341,0.0,0.0,0.02316602316602317,0.0,0.6000000000000001,0.5294117647058824,0.0,0.0,0.0,0.0,1.0,0.0,0.0,0.0,0.0,0.009770786935533304,0.0,0.0008043294090493882,9.89901386388269e-06,0.006329900991817039,0.001455097849305546,0.0,0.6540918612918782,0.49398359567825434,0.580566037735849,0.2450980392156863,0.4028686676659477,0.1275769158468576,0.030303030303030304,0.29999999999999716,0.0,1.0,0.0,0.10000000000000002,0.0007598659714498596,0.0,0.002723141714363484,0.012913079211880684,0.0,0.0008953387813779651,0.003658736773300211,0.0,0.0,0.00017922733219374152,0.0010822776602657039,0.03312156029362849,0,1
11577,0.6000000000000227,0.0,0.0,0.05791505791505792,0.0,0.8,0.029411764705882346,0.0,0.0,0.0,0.0,0.0,0.0,0.0,0.0,0.0,0.009770786935533304,0.0,0.0008043294090493882,9.89901386388269e-06,0.006165417556564226,0.0,0.0,0.6510453363735628,0.4910032862275316,0.580754716981132,0.2450980392156863,0.40097368966231617,0.1342189360235604,0.020202020202020204,0.6000000000000014,0.0,1.0,0.0,0.45,0.0003360768087578966,0.0,0.00016654191145152063,0.000726061293285691,0.001577346734663434,0.0,0.0036609729110449202,0.0,0.0,0.033269821811296084,0.001644876468443847,0.03312156029362849,1,2
2096,0.4000000000000341,0.0,0.0,0.10424710424710425,0.0,0.4,0.0,0.0,0.0,0.0,0.0,0.0,0.0,0.0,0.0,0.0,0.04030650333085946,0.05316758200166566,0.05934858471973736,0.0001863808193144538,0.0,0.0,0.0,0.42749664897797846,0.23196179005212503,0.580566037735849,0.24411764705882358,0.4026675928295495,0.13258976126323704,0.030303030303030304,0.14999999999999858,0.0,0.0,0.0,0.7,0.11909457822852694,0.0,0.08777827343822853,0.0,0.011598590728912495,0.0,0.0036354330375410375,0.0,0.0,0.0,0.1229488590529693,0.3413805421718924,0,2
2460,0.8000000000000114,1.0,0.0,0.06756756756756757,0.2962962962962963,0.4,0.5,0.0,0.0,0.0,0.0,1.0,0.0,0.0,0.0,0.0,0.009770786935533304,0.0,0.0008043294090493882,9.89901386388269e-06,0.00019087308530436303,0.000999039768380998,0.0,0.6541008300981758,0.4939947607587215,0.3939622641509434,0.23958333333333337,0.3968364225740017,0.13139921047684694,0.24242424242424243,0.29999999999999716,0.0,0.0,0.0,0.55,0.0,0.00029268237297280135,0.0,0.0,0.0,0.0,0.0036354330375410375,0.0014629956407487615,0.0,0.00036664089708831054,0.0010832973263349877,0.03312156029362849,0,0
1031,0.8000000000000114,0.0,0.0,0.03861003861003861,0.0,0.6000000000000001,0.0,0.0,0.0,0.0,0.0,0.0,0.0,0.0,0.0,0.0,0.009770786935533304,0.0,0.0008043294090493882,9.89901386388269e-06,0.0007230041110013752,0.00020451146814054534,0.0,0.6541323610681693,0.4940288875610143,0.40188679245283015,0.2215686274509804,0.3970984291790054,0.1169246193370512,0.24242424242424243,0.6000000000000014,0.0,1.0,0.0,0.55,0.0002831031634214012,0.0,0.0,0.0,0.0,0.0,0.0036354330375410375,0.0,0.0,6.712710814678529e-05,0.0010955490818327707,0.03312156029362849,0,2
9568,0.20000000000004547,0.0,0.0,0.04247104247104247,0.0,0.8,0.5588235294117647,0.0,0.0,0.0,0.0,0.0,0.0,0.0,0.0,0.0,0.009770786935533304,0.0,0.0008043294090493882,9.89901386388269e-06,0.0,0.0,0.0,0.6540537251455881,0.4939395723517287,0.20339622641509433,0.2450980392156863,0.39068840712170516,0.1342189360235604,0.020202020202020204,0.3999999999999986,0.0,1.0,0.0,0.25000000000000006,0.0,0.0,0.0,0.0,0.0,0.0,0.0036354330375410375,0.0,0.0,0.0007681500290867081,0.0010825576210823542,0.03312156029362849,1,2
1823,0.4000000000000341,1.0,0.0,0.03861003861003861,0.537037037037037,0.6000000000000001,0.5,0.0,0.0,0.0,0.0,1.0,0.0,0.0,0.0,0.0,0.009822918266455663,0.0,0.0008043294090493882,9.89901386388269e-06,0.0,0.0,0.0,0.654110306485236,0.494001312766273,0.4132075471698113,0.1392156862745098,0.39747011296749907,0.07951626041731939,0.020202020202020204,1.0,0.0,1.0,0.0,0.45,0.00010531592465783067,0.0,0.0002962873352034014,0.0,0.0,0.00019142722603265717,0.003681156262843215,0.0,0.0,2.8370412703805217e-05,0.0011638736975815795,0.03312540462173359,0,0
959,1.0,0.0,0.0,0.06756756756756757,0.0,0.2,0.029411764705882346,0.0,0.0,0.0,0.0,0.0,0.0,0.0,0.0,0.0,0.010324682326583375,0.0,0.0008043294090493882,9.89901386388269e-06,0.009656081404478866,0.0022197098031296655,5.206565256955413e-05,0.654161743765535,0.49408962182569355,0.3956603773584906,0.19583333333333336,0.3964159933706236,0.10432984522839779,0.020202020202020204,0.6000000000000014,0.0,1.0,0.0,0.35000000000000003,0.00010698598960115732,0.0,0.0,0.0,0.0001678001800209039,0.0,0.0037039817517590073,0.0,0.0,0.001555000483499369,0.0011711864842813727,0.03320404221328217,0,2
9089,0.4000000000000341,0.0,0.0,0.015444015444015444,0.0,1.0,0.5588235294117647,0.0,0.0,0.0,0.0,0.0,0.0,0.0,0.0,0.0,0.009770786935533304,0.0,0.0008043294090493882,9.89901386388269e-06,0.0,0.0,0.0,0.6540965673474619,0.49398942839734133,0.20339622641509433,0.2450980392156863,0.39068840712170516,0.1292060906071809,0.020202020202020204,1.0,0.0,1.0,0.0,0.55,0.0,0.0,0.0,0.0,0.0,0.0,0.0036354330375410375,0.0,0.0,0.00010657451697389769,0.0010825576210823542,0.03312156029362849,1,2
11805,0.4000000000000341,0.0,1.0,0.03474903474903475,0.0,0.6000000000000001,0.23529411764705882,0.0,0.0,0.0,0.0,0.0,0.0,0.0,0.0,0.0,0.009770786935533304,0.0,0.0008043294090493882,9.89901386388269e-06,0.0006268445642381923,0.003766052509005028,0.0,0.6536640253765148,0.4934829980791908,0.20339622641509433,0.2450980392156863,0.39068840712170516,0.1342189360235604,0.020202020202020204,0.75,0.0,1.0,0.0,0.10000000000000002,0.0,0.0,2.0464895898703808e-05,8.921939620883492e-05,0.0,0.0,0.0036354330375410375,0.0,0.003978439425051335,0.0039358639366262795,0.0010825576210823542,0.03312156029362849,1,4
5915,1.0,1.0,0.0,0.08687258687258688,0.0,0.6000000000000001,0.029411764705882346,0.0,0.0,0.0,0.0,0.0,0.0,0.0,0.0,0.0,0.014310155684410708,0.000119977925371177,0.0008043294090493882,1.600239357750361e-05,0.06373425839299322,0.01465103205162564,0.0,0.6508161792311725,0.4950903558717991,0.580754716981132,0.24178921568627454,0.39389951132721585,0.09355222758318192,0.030303030303030304,0.5,1.0,1.0,1.0,0.10000000000000002,0.0032774074069321854,0.0,0.0,0.0,0.0026509642468856057,0.0,0.0043177691691147135,0.0,0.0,0.025460820946113613,0.002549724103480303,0.0331912195188929,0,3
3794,0.0,0.0,0.0,0.0694980694980695,0.0,0.6000000000000001,0.5294117647058824,0.0,0.0,0.0,0.0,1.0,0.0,0.0,0.0,0.0,0.011231592910891468,0.0,0.0008043294090493882,9.89901386388269e-06,0.005717878011854375,0.0026035531478436754,0.0,0.6540682753523618,0.49431381157967025,0.580754716981132,0.24497549019607845,0.3912794452771787,0.017920922363556614,0.25252525252525254,0.14999999999999858,1.0,1.0,0.0,0.10000000000000002,1.7318437684659707e-05,0.0,0.0,0.0,0.0,0.0,0.0036354330375410375,0.0,0.0,0.0009129951839369743,0.0014315443929990488,0.03312156029362849,0,1
488,0.6000000000000227,0.0,0.0,0.13706563706563707,0.0,0.6000000000000001,0.5588235294117647,0.0,0.0,0.0,0.0,0.0,0.0,0.0,0.0014493366041635621,0.0,0.00980109654883516,0.0,0.004128860816641449,9.89901386388269e-06,0.0018075102775034378,0.00048406310520872673,0.0,0.6540836753924621,0.4940572006648002,0.2788679245283019,0.17058823529411768,0.39084073654321894,0.09543204461432422,0.04040404040404041,0.7999999999999972,0.0,1.0,0.0,0.9,3.833002711391169e-05,0.0,0.0,0.0,0.0,0.0,0.0037230499795546726,0.0,0.0,2.2205156200994527e-05,0.0010938672846394046,0.03312156029362849,0,2
8099,1.0,0.0,1.0,0.20463320463320464,0.0,0.6000000000000001,0.23529411764705882,0.0,0.0,0.0,0.0,0.0,0.0,0.0,0.0,0.0,0.009770786935533304,0.0,0.0008043294090493882,9.89901386388269e-06,0.06470344540379057,0.014873825731465057,0.00015093384663020286,0.6545983765326165,0.49454561150652737,0.39584905660377356,0.22671568627450983,0.39690344751946777,0.12294003383670657,0.020202020202020204,0.6000000000000014,0.0,1.0,0.0,0.35000000000000003,0.0009624258402061088,0.0,0.0,0.0,0.0005703108814104744,0.0,0.003984130742566052,0.0,0.0,0.006920641125279547,0.0014381075608195567,0.033121585095745296,0,4
11373,0.4000000000000341,0.0,0.0,0.06756756756756757,0.0,0.6000000000000001,0.5294117647058824,0.0,0.0,0.0,0.0,1.0,0.0,0.0,0.0,0.0,0.009770786935533304,0.0,0.0014104809843705716,9.89901386388269e-06,0.00026100448407149644,0.002011541892649346,0.0,0.653517066167659,0.4933259078852206,0.20339622641509433,0.2450980392156863,0.39068840712170516,0.1342189360235604,0.020202020202020204,0.6999999999999957,0.0,1.0,0.0,0.8,0.00010849991026116482,0.0,0.0005618269204112134,0.0,7.340573120959233e-05,0.0,0.0036354330375410375,0.0,0.009034907597535936,0.0006514194671683463,0.0010844842848540229,0.03312156029362849,1,1
4815,0.6000000000000227,1.0,0.0,0.03861003861003861,0.0,0.6000000000000001,0.5588235294117647,0.0,0.0,0.0,0.0,0.0,0.0,0.0,0.0,0.0,0.009876915730471086,0.0,0.0008043294090493882,9.89901386388269e-06,0.0020070594121398173,0.000461376542509674,0.0,0.6541350447523588,0.4940340269993686,0.420566037735849,0.23897058823529416,0.3977016536882,0.1298953568519331,0.25252525252525254,0.6499999999999986,0.0,1.0,1.0,0.35000000000000003,0.0,0.0,0.0,0.0,0.0,0.0,0.0036354330375410375,0.0,0.0,0.00014753126245522515,0.0010993941314978535,0.03312156029362849,0,3
7949,0.0,0.0,0.0,0.0,0.0,0.0,0.7941176470588235,0.3333333333333333,0.0,0.0,0.0,0.0,0.0,0.0,0.0,0.0,0.009770786935533304,1.4294777829580888e-06,0.0008043294090493882,9.89901386388269e-06,0.0,0.0,0.0001153099790826132,0.6537290079729521,0.4939489036930126,0.580754716981132,0.2450980392156863,0.3986582824553066,0.13415627545585562,0.020202020202020204,0.7999999999999972,0.0,1.0,0.0,0.45,8.892077490931904e-05,0.0,0.0,0.0,1.95800788365032e-05,0.0,0.0036354330375410375,0.0,0.0,0.0018466350234663477,0.0012455484490930713,0.03312156029362849,0,2
12089,0.0,0.0,1.0,0.02316602316602317,0.0,0.8,0.23529411764705882,0.0,0.0,0.0,0.0,0.0,0.0,0.0,0.0,0.0,0.009770786935533304,0.0,0.0008043294090493882,9.89901386388269e-06,0.0004012672816057632,0.00021373567495224812,0.0,0.6534500641816989,0.4932315584330334,0.20339622641509433,0.2450980392156863,0.39068840712170516,0.13409361488815089,0.25252525252525254,0.7999999999999972,0.0,1.0,0.0,0.05,0.0,0.0,0.0,0.0,0.0,0.0,0.0036354330375410375,0.0,0.01007461498973306,0.0001148886595606756,0.0010825576210823542,0.03312156029362849,1,4
5630,0.8000000000000114,1.0,0.0,0.06756756756756757,0.2962962962962963,0.6000000000000001,0.5,0.0,0.0,0.0,0.0,1.0,0.0,0.0,0.0,0.0,0.009770786935533304,0.0,0.0009144593950258269,9.89901386388269e-06,6.145534943511688e-05,0.00016478920817663607,0.0,0.6541051044450559,0.49400140709282286,0.3992452830188679,0.20159313725490197,0.3966109750301613,0.10928003007707252,0.24242424242424243,0.14999999999999858,0.0,0.0,0.0,0.55,0.0,0.0016379279349555478,0.0,0.0,0.0,0.0,0.003638703413533256,0.00770934288232385,0.0,0.00016543864648828525,0.0010885232450564173,0.03312156029362849,0,0
11521,0.0,0.0,1.0,0.03861003861003861,0.0,0.2,0.23529411764705882,0.0,0.0,0.0,0.0,0.0,0.0,0.0,0.0,0.0,0.009770786935533304,0.0,0.0008043294090493882,9.89901386388269e-06,0.009417851549903912,0.0021649462689953217,0.0002378404246034436,0.6540794590264133,0.49396962176274706,0.3922641509433962,0.14987745098039218,0.3967876771591173,0.08553167491697476,0.020202020202020204,0.6000000000000014,0.0,1.0,0.0,0.35000000000000003,0.0,0.0,0.0,0.0,4.3965181016576725e-05,0.0,0.003736697291160091,0.0,0.0,0.0027314644505170376,0.001296230378307046,0.03312156029362849,1,4
352,0.8000000000000114,1.0,0.0,0.015444015444015444,0.0,0.6000000000000001,0.1764705882352941,0.0,0.0,0.0,0.0,0.0,0.0,0.0,0.0,0.0,0.009770786935533304,0.0,0.0008043294090493882,9.89901386388269e-06,0.0,0.0,0.0,0.6540532440703483,0.49393844586758184,0.3920754716981132,0.23872549019607847,0.3967815839822567,0.12983269628422836,0.020202020202020204,0.6499999999999986,0.0,1.0,0.0,0.55,0.0,0.0,0.0,0.0,0.0,3.613880045925187e-08,0.0036354330375410375,0.0,0.0006237166324435319,0.00015825011089787112,0.0010831115449715307,0.03312156029362849,0,3
2497,0.6000000000000227,0.0,0.0,0.06756756756756757,0.0,0.6000000000000001,0.5294117647058824,0.0,0.0,0.0,0.0,1.0,0.0,0.0,0.0,0.0,0.009770786935533304,0.0,0.0008043294090493882,9.89901386388269e-06,0.0,0.0,0.0,0.6540969251720206,0.49398902120165905,0.41113207547169806,0.22647058823529415,0.398055057946112,0.1246945297324394,0.24242424242424243,0.44999999999999574,0.0,0.0,0.0,0.5,0.0,0.0,0.0,0.0,0.0,0.0,0.0036354330375410375,0.002393683924510908,0.0,0.00015750823355935865,0.0010844061654760057,0.033136441563712746,0,1
7442,0.0,0.0,0.0,0.0,0.0,0.0,0.7941176470588235,0.3333333333333333,0.0,0.0,0.0,0.0,0.0,0.0,0.0,0.0,0.009770786935533304,0.0,0.0008043294090493882,9.89901386388269e-06,0.0,0.0033049252693821566,0.0,0.653822000280671,0.49424799028027555,0.580754716981132,0.2421568627450981,0.39529484882828214,0.13177517388307539,0.020202020202020204,0.44999999999999574,0.0,1.0,0.0,0.15000000000000002,0.0,0.0,0.0,0.0,0.0,0.0003369220366816052,0.0038813642127378226,0.0,0.0,0.0020688912412938137,0.0012117796130604818,0.03312156029362849,0,2
6639,0.6000000000000227,1.0,0.0,0.15830115830115832,0.4444444444444444,0.6000000000000001,0.5,0.0,0.0,0.0,0.0,1.0,0.0,0.0,0.0,0.0,0.00989589310007071,0.0,0.0008043294090493882,9.89901386388269e-06,0.0019322284866511751,0.0006672176260465008,0.0,0.6541323173340566,0.4940248850875346,0.39169811320754716,0.2229166666666667,0.39676939762853564,0.11886709693589827,0.24242424242424243,0.14999999999999858,0.0,1.0,0.0,0.35000000000000003,0.00019758361833568645,0.0,0.0,0.0,0.0,0.0,0.0036523868488739708,0.0,0.0,0.0008554613172364711,0.001113524618382443,0.03312156029362849,0,0
5207,0.6000000000000227,0.0,1.0,0.015444015444015444,0.0,0.6000000000000001,0.23529411764705882,0.0,0.0,0.0,0.0,0.0,0.0,0.0,0.0,0.0,0.009822481832103254,0.0,0.0008043294090493882,9.89901386388269e-06,0.0,0.0005565271443060674,0.00030741353344638584,0.6545025126828148,0.49508156603478287,0.2788679245283019,0.12169117647058825,0.3922299808674247,0.05683313490820227,0.04040404040404041,0.6000000000000014,0.0,1.0,0.0,0.9,0.00029524847311087834,0.0,0.0,0.0,0.0,0.0,0.00421221247338413,0.0,0.0,0.003264669601089997,0.0014908879073869446,0.039170618007638415,0,4
10879,0.20000000000004547,0.0,0.0,0.015444015444015444,0.0,0.6000000000000001,0.5588235294117647,0.0,0.0,0.0,0.0,0.0,0.0,0.0,0.0,0.0,0.009770786935533304,0.0,0.0008043294090493882,9.89901386388269e-06,0.0,1.8947019397011107e-05,0.0,0.6539382690759269,0.4938043034211337,0.20339622641509433,0.2450980392156863,0.39068840712170516,0.1342189360235604,0.020202020202020204,0.5,0.0,1.0,0.0,0.25000000000000006,9.802466551501432e-05,0.0,0.0,0.0,0.0,0.0,0.0036354330375410375,0.0,0.0,0.001320541662552232,0.0010825576210823542,0.03312156029362849,1,2
7355,0.4000000000000341,0.0,0.0,0.0,0.0,0.0,0.7941176470588235,0.4444444444444444,0.0,0.0,0.0,0.0,0.0,0.0,0.0,0.0,0.016894328633411924,0.0,0.0008714491286249465,9.89901386388269e-06,0.14083650129634637,0.03439224734502813,0.0,0.6533878169552207,0.4944430618553043,0.580754716981132,0.2450980392156863,0.39694000658063106,0.11222507675919545,0.020202020202020204,0.29999999999999716,1.0,1.0,0.0,0.10000000000000002,0.0016018298915161794,0.0,0.0,0.0,0.0019447353761736174,0.0,0.004044621900566431,0.0,0.0,0.01065184924438514,0.0016283515433140178,0.03319299039003293,0,2
10298,0.0,0.0,0.0,0.02316602316602317,0.0,0.6000000000000001,0.029411764705882346,0.0,0.0,0.0,0.0,0.0,0.0,0.0,0.0,0.0,0.009770786935533304,0.0,0.0008043294090493882,9.89901386388269e-06,0.0,0.0006073849332138341,0.0,0.6541028468371464,0.49399712358056913,0.20339622641509433,0.2450980392156863,0.39068840712170516,0.1342189360235604,0.020202020202020204,0.14999999999999858,0.0,1.0,0.0,0.75,0.0003586769965478739,0.0,0.00030909049667697476,1.0987610370546173e-05,0.00033581948162750806,0.0,0.003635483296651015,0.0,0.0,0.00019657191272861975,0.0010825576210823542,0.03312156029362849,1,2
7089,0.8000000000000114,1.0,0.0,0.10231660231660232,0.4444444444444444,0.6000000000000001,0.5,0.0,0.0,0.0,0.0,1.0,0.0,0.0,0.0,0.0,0.009770786935533304,0.0,0.0008043294090493882,9.89901386388269e-06,0.0,0.0015194179941006626,0.0,0.6540978160889076,0.4939907435345879,0.580754716981132,0.2450980392156863,0.4028564813122266,0.1335296697788082,0.25252525252525254,0.9499999999999957,0.0,0.0,0.0,0.5,0.0,0.012615619524689713,0.0,0.0,0.0,0.0,0.0036354330375410375,0.03237489946828736,0.0,0.0005547451753670119,0.0011024247271653473,0.03312156029362849,0,0
3659,0.8000000000000114,1.0,0.0,0.10231660231660232,0.4444444444444444,0.4,0.5,0.0,0.0,0.0,0.0,1.0,0.0,0.0,0.0,0.0,0.009770786935533304,0.0,0.0008043294090493882,9.89901386388269e-06,0.0015305997029899112,0.0016410778028604182,0.0,0.6541379153004845,0.4940382099742709,0.2788679245283019,0.07806372549019609,0.3931256778659258,0.048812582241995126,0.24242424242424243,0.29999999999999716,0.0,1.0,0.0,0.75,0.00027739371375742677,0.0,0.0,0.0,0.0,0.0,0.0036354330375410375,0.0,0.0,0.0005407006698896547,0.0011091475539430845,0.03312156029362849,0,0
2108,0.8000000000000114,1.0,0.0,0.10231660231660232,0.4444444444444444,0.6000000000000001,0.5,0.0,0.0,0.0,0.0,1.0,0.0,0.0,0.0,0.0,0.009770786935533304,0.0,0.002288760604903997,9.89901386388269e-06,0.0,7.479086604083331e-07,0.0003245512670407086,0.6540186427668505,0.4938877148752886,0.580566037735849,0.2450980392156863,0.39762244238901284,0.10370323955135036,0.020202020202020204,0.5,0.0,1.0,0.0,0.75,0.0,0.0,1.0081229506750644e-07,0.0007959424952423647,2.8282336097171285e-05,0.0,0.0036354330375410375,0.0,0.0,0.0008523658979964708,0.0010947541081115528,0.03312156029362849,0,0
7780,0.20000000000004547,0.0,0.0,0.03861003861003861,0.0,0.6000000000000001,0.5588235294117647,0.0,0.0,0.0,0.0,0.0,0.0,0.0,0.0,0.0,0.010089399062253071,0.0,0.0008048752246128511,0.00018178557156987022,0.03229695514048693,0.0074243230699489885,0.0,0.6536302275216788,0.4935059031274516,0.580754716981132,0.2450980392156863,0.39413714522477733,0.07005451469390313,0.020202020202020204,0.29999999999999716,1.0,1.0,0.0,0.25000000000000006,0.0003480863408097049,0.0,0.0,0.0,0.0,0.0,0.0038518656490246056,0.0,0.0,0.0026319761412247934,0.0012891521975819705,0.03312156029362849,0,2
2505,0.0,1.0,0.0,0.03861003861003861,0.0,0.6000000000000001,0.47058823529411764,0.0,0.0,0.0,0.0,0.0,0.0,0.0,0.0,0.0,0.009770786935533304,0.0,0.0008043294090493882,9.89901386388269e-06,0.029623647440059343,0.006809791453980142,0.0,0.6541436345296795,0.49404266583627005,0.2792452830188679,0.08455882352941178,0.39313786421964686,0.05213359233034652,0.25252525252525254,0.8999999999999986,0.0,1.0,0.0,0.05,0.0,0.0,0.0,0.0,0.0,0.0,0.0036354330375410375,0.0,0.0,0.002799870657523327,0.001293455950752238,0.033144616341412365,0,3
5500,0.20000000000004547,0.0,0.0,0.06756756756756757,0.0,0.4,0.0,0.0,0.0,0.0,0.0,0.0,0.0,0.0,0.0,0.0,0.009770786935533304,0.0,0.0008043294090493882,9.89901386388269e-06,0.0,0.0,0.0,0.6541028948784066,0.493997179865959,0.580566037735849,0.24497549019607845,0.4028686676659477,0.13415627545585562,0.25252525252525254,0.6000000000000014,0.0,0.0,0.0,0.10000000000000002,0.0,0.0,0.0,0.0,0.0,0.0,0.0036354330375410375,0.00028916987007514326,0.0,3.965206464463308e-06,0.0010827757208686966,0.03312156029362849,0,2
7088,0.6000000000000227,1.0,0.0,0.10424710424710425,0.2962962962962963,0.6000000000000001,0.5,0.0,0.0,0.0,0.0,1.0,0.0,0.0,0.0,0.0,0.009770786935533304,0.0,0.0008043294090493882,9.89901386388269e-06,5.928633710211276e-05,0.0006838378185000194,0.0,0.6541046955973658,0.4939992895976399,0.3920754716981132,0.24497549019607845,0.3967815839822567,0.13415627545585562,0.24242424242424243,0.0,0.0,0.0,1.0,0.55,0.0,0.0007569371714813828,0.0,0.0,0.0,0.0,0.0036354330375410375,0.0009363264783442739,0.0,0.00021660260086845697,0.0010831812377668935,0.03312156029362849,0,0
4269,0.4000000000000341,0.0,1.0,0.5752895752895753,0.0,0.2,0.2647058823529412,0.0,0.0,0.0,0.0,0.0,0.0,0.0,0.0,0.0,0.015225268224652025,0.00012771456466978222,0.0015689234450786736,3.434289779156847e-05,0.02412700868617139,0.005546241322701396,0.0,0.6526168153606731,0.49705632845630676,0.5767924528301887,0.24411764705882358,0.39770774686506055,0.11115984710821482,0.030303030303030304,0.3999999999999986,1.0,1.0,0.0,0.2,0.00206828038796369,0.0,0.0030262842856314757,0.01338334893574006,0.0003571525331496135,0.0,0.005868604709462993,0.0,0.0,0.009794520442813794,0.003635419288261726,0.03324820486246889,0,4
3992,0.6000000000000227,1.0,1.0,0.06756756756756757,0.0,0.6000000000000001,0.23529411764705882,0.0,0.0,0.0,0.0,0.0,0.0,0.0,0.0,0.0,0.009770786935533304,0.0,0.0008043294090493882,9.89901386388269e-06,8.676049332016502e-06,0.00040810882569614716,0.0,0.654105439408601,0.49399791506960267,0.4318867924528301,0.19178921568627455,0.3980672442998331,0.09662259540071434,0.24242424242424243,0.14999999999999858,0.0,0.0,1.0,0.55,0.0,0.0028427195995634155,0.0,0.0,0.0,0.0,0.0036354330375410375,0.005684613143002302,0.00012833675564681725,1.204911125653044e-05,0.00108561151377248,0.03312156029362849,0,4
5355,0.20000000000004547,1.0,0.0,0.06756756756756757,0.0,0.4,0.0,0.0,0.0,0.0,0.0,0.0,0.0,0.0,0.0,0.0,0.009770786935533304,0.0,0.0008043294090493882,1.0668262385002408e-05,0.00221347708583071,0.0005088271919644694,0.0,0.6540993196146918,0.4940261699471232,0.580754716981132,0.23786764705882357,0.3938812317966342,0.1218121436180212,0.24242424242424243,0.3999999999999986,0.0,1.0,0.0,0.25000000000000006,0.0002332659815150559,0.0,0.0,0.0,0.0,0.0,0.0036354330375410375,0.0,0.0,2.9623929586119425e-05,0.001088840134132346,0.033121585095745296,0,3
7119,0.6000000000000227,0.0,0.0,0.0250965250965251,0.0,0.6000000000000001,0.029411764705882346,0.0,0.0,0.0,0.0,0.0,0.0,0.0,0.0,0.0,0.009842949098285241,0.0,0.0008043294090493882,9.89901386388269e-06,0.0031638659897420176,0.0016321028989355181,0.0,0.6540926418795264,0.49398420977126617,0.3920754716981132,0.2270833333333334,0.3967815839822567,0.11886709693589827,0.020202020202020204,0.04999999999999716,0.0,1.0,0.0,0.55,0.0,0.0,0.0,0.0,0.0,3.613880045925187e-08,0.0036385369302314547,0.0,0.0,0.00045840344926914854,0.0010831800481316955,0.03312156029362849,0,2
6812,0.4000000000000341,0.0,0.0,0.10231660231660232,0.0,1.0,0.5588235294117647,0.0,0.0,0.0,0.0,0.0,0.0,0.0,0.0,0.0,0.009770786935533304,0.0,0.0008043294090493882,9.89901386388269e-06,3.723471171657082e-05,8.559399113562035e-06,0.0,0.6540506912571779,0.4939358120995128,0.580754716981132,0.2450980392156863,0.40287476084280827,0.13403095432044615,0.25252525252525254,0.6000000000000014,0.0,0.0,1.0,0.5,0.0,0.0,0.0,0.0,0.0,0.0,0.0036386331293091463,0.030935924081169304,0.0,0.0008150162112989454,0.001097005839701138,0.03312156029362849,0,2
5090,0.6000000000000227,1.0,0.0,0.09266409266409267,0.7037037037037037,0.6000000000000001,0.5,0.0,0.0,0.0,0.0,1.0,0.0,0.0,0.0017458760628159533,0.0,0.02111195496780055,0.0,0.0008043294090493882,1.5020589543969234e-05,0.17780117097745818,0.04177152969342809,0.0,0.6534171396838411,0.4952045899817762,0.3937735849056604,0.2192401960784314,0.39350345483127996,0.11109718654051007,0.030303030303030304,0.3500000000000014,1.0,1.0,0.0,0.05,0.0023609219304313264,0.0,0.010782479831240218,0.04700763419168546,0.0,0.0067784463857404964,0.004497858161695685,0.0,0.0,0.014674691903457712,0.0016426424822459688,0.03314393180298849,0,0
2498,0.4000000000000341,0.0,1.0,0.33976833976833976,0.0,0.6000000000000001,0.23529411764705882,0.0,0.0,0.0,0.0,0.0,0.0,0.0,0.0,0.0,0.011813871584308619,6.328985603936577e-07,0.001019536688357637,9.89901386388269e-06,0.04524162074385555,0.010399919225864676,0.0,0.6533045690716621,0.49365323110577425,0.29132075471698116,0.16813725490196083,0.39140130881438967,0.036155147565636946,0.030303030303030304,0.0,1.0,1.0,0.0,0.05,0.003747517110714871,0.0,0.011119898582831163,0.0,0.0,0.004014731620619209,0.004403843392041612,0.0,0.0,0.004310051516985666,0.002716541888787463,0.03345669641677271,0,4
10360,0.4000000000000341,0.0,0.0,0.04247104247104247,0.0,0.6000000000000001,0.0,0.0,0.0,0.0,0.0,0.0,0.0,0.0,0.0,0.0,0.009770786935533304,0.0,0.0008043294090493882,9.89901386388269e-06,0.0,7.72838949088611e-06,0.0,0.653331653740196,0.493093589744602,0.580754716981132,0.2450980392156863,0.40287476084280827,0.1342189360235604,0.020202020202020204,0.0,0.0,0.0,0.0,0.05,1.2152098571360594e-06,0.0,0.0,0.0,5.869328188400239e-06,0.0,0.0036377221829408013,0.0,0.0,0.011840413486613719,0.0010837948416885146,0.03312156029362849,1,2
6733,0.20000000000004547,1.0,0.0,0.0694980694980695,0.0,0.6000000000000001,0.5294117647058824,0.0,0.0,0.0,0.0,1.0,0.0,0.0,0.0,0.0,0.012389227505928923,1.1697711323137948e-05,0.0010741338394343169,9.89901386388269e-06,0.07861512900562352,0.021222988551595934,0.0008134116423366308,0.6539957675066658,0.4953359659042703,0.580754716981132,0.24117647058823533,0.39190704249381547,0.028949182279591458,0.020202020202020204,0.5,1.0,1.0,0.0,0.25000000000000006,0.0010575244976293598,0.0,0.0,0.0,0.0,0.0007737678566330418,0.004052149380233476,0.0,0.0,0.000850651905524735,0.0017958046929532998,0.03320738057820441,0,0
8757,0.0,1.0,0.0,0.06756756756756757,0.2962962962962963,0.6000000000000001,0.5,0.0,0.0,0.0,0.0,1.0,0.0,0.0,0.0,0.0,0.009770786935533304,0.0,0.0008043294090493882,9.89901386388269e-06,0.0,0.001326374458753045,0.0,0.6540967936383634,0.4939900316214503,0.580754716981132,0.2450980392156863,0.40287476084280827,0.1342189360235604,0.24242424242424243,0.7999999999999972,0.0,0.0,0.0,0.5,0.0,0.006253352338063279,0.0,0.0,0.0,0.0,0.0036406505613955937,0.017752589379479614,0.0,0.00043338427557724455,0.0010921339365874486,0.03312156029362849,0,0
4139,0.8000000000000114,1.0,0.0,0.10231660231660232,0.0,0.4,0.0,0.0,0.0,0.0,0.0,0.0,0.0,0.0,0.0,0.0,0.011672903288480172,0.0,0.001038250364819224,9.89901386388269e-06,0.038851348908769893,0.009862837706729225,0.0,0.6537915351640154,0.4940555804219232,0.580754716981132,0.2450980392156863,0.3974762061443596,0.13327902750798926,0.020202020202020204,0.7999999999999972,0.0,1.0,0.0,0.25000000000000006,6.082159279375395e-05,0.0,0.0,0.0,0.0,0.0006361151656837515,0.0038012225280347712,0.0,0.0,0.0048154490583530015,0.0012209899670377203,0.03319596664404978,0,3
2076,0.0,1.0,0.0,0.10231660231660232,0.4444444444444444,0.4,0.5,0.0,0.0,0.0,0.0,1.0,0.0,0.0,0.0,0.0,0.009770786935533304,0.0,0.0008043294090493882,9.89901386388269e-06,0.0,0.0,0.0,0.6541250915972061,0.4940231856569368,0.3920754716981132,0.19669117647058826,0.3967815839822567,0.10946801178018675,0.24242424242424243,0.3999999999999986,0.0,1.0,0.0,0.55,0.00011340827186289314,0.0,0.0,0.0,0.0,0.0,0.0036354330375410375,0.0,0.0,0.0001529034776651432,0.00109738558117004,0.03312156029362849,0,0
218,0.4000000000000341,1.0,0.0,0.06756756756756757,0.0,0.6000000000000001,0.0,0.0,0.0,0.0,0.0,0.0,0.0,0.0,0.0,0.0,0.009770786935533304,0.0,0.0008043294090493882,9.89901386388269e-06,3.2535184995061883e-06,0.0007347787083700535,0.0,0.6540998924653046,0.4939935570277293,0.3920754716981132,0.21286764705882358,0.3967815839822567,0.11717526160787019,0.24242424242424243,0.6999999999999957,0.0,0.0,1.0,0.55,0.0,0.0007123619824941458,0.0,0.0,0.0,0.0,0.0036354330375410375,0.005113456308278561,0.0,0.0003510358910023582,0.0010847881870790375,0.03312156029362849,0,3
10460,0.4000000000000341,0.0,0.0,0.03861003861003861,0.0,0.6000000000000001,0.1176470588235294,0.0,0.0,0.0,0.0,0.0,0.0,0.0,0.0,0.0,0.009770786935533304,0.0,0.0008043294090493882,9.89901386388269e-06,0.0010498019691739966,0.00021556389612213515,0.0,0.6541012873184451,0.49399329306865974,0.5760377358490566,0.2450980392156863,0.4027224314212945,0.1336549909142177,0.020202020202020204,0.14999999999999858,0.0,1.0,0.0,0.35000000000000003,0.0,0.0,0.0,0.0,0.0,1.5358990195182045e-05,0.0036681485769421217,0.0,0.0,9.606032434877241e-05,0.0011473786620361057,0.03312156029362849,1,2
6531,0.4000000000000341,1.0,0.0,0.03861003861003861,0.537037037037037,0.4,0.5,0.0,0.0,0.0,0.0,1.0,0.0,0.0,0.0,0.0,0.009770786935533304,0.0,0.0008043294090493882,9.89901386388269e-06,0.004875578222537773,0.0032250652446430004,0.0,0.6541278190155083,0.49402585591346543,0.2788679245283019,0.056617647058823536,0.3931256778659258,0.03778432232596028,0.020202020202020204,0.8999999999999986,0.0,1.0,0.0,0.45,9.892079792362861e-05,0.0,0.0,0.0,7.465785455645103e-05,0.0,0.0036354330375410375,0.0,0.0,0.0009745198390791307,0.0012060934542217365,0.03312156029362849,0,0
2343,0.0,0.0,0.0,0.0694980694980695,0.0,0.6000000000000001,0.5588235294117647,0.0,0.0,0.0,0.0,0.0,0.0,0.0,0.0,0.0,0.014623244659153423,1.5942496495433343e-05,0.0008615464748306901,1.539509211346173e-05,0.0,0.0,0.0005404258148290938,0.6536141568918501,0.49551907896892283,0.580754716981132,0.24375000000000005,0.3939665362726819,0.0646657058712952,0.030303030303030304,0.44999999999999574,1.0,1.0,0.0,0.10000000000000002,0.0,0.0,0.0013522961260355314,0.0,0.00011450668007022972,0.0,0.005273338166783352,0.0,0.0,0.0010740081483713746,0.0020290453630086294,0.03323722744557007,0,2
1495,0.6000000000000227,1.0,0.0,0.10231660231660232,0.4444444444444444,0.6000000000000001,0.5,0.0,0.0,0.0,0.0,1.0,0.0,0.0,0.0,0.0,0.009770786935533304,0.0,0.0008043294090493882,9.89901386388269e-06,0.0007280651397783848,0.0004943676245299083,0.0,0.6540786098557247,0.4939621043637161,0.580754716981132,0.2450980392156863,0.4032220719238597,0.13296572466946552,0.25252525252525254,0.9499999999999957,0.0,1.0,1.0,0.25000000000000006,0.00017090331253376067,0.0,0.0,0.0,0.0,0.0,0.0036354330375410375,0.0,0.0,0.0004845482299574163,0.001108223009121526,0.03318067365882653,0,0
3819,0.20000000000004547,1.0,0.0,0.10424710424710425,0.2962962962962963,0.4,0.5,0.0,0.0,0.0,0.0,1.0,0.0,0.0,0.0,0.0,0.00980576188156782,0.0,0.0008043294090493882,9.89901386388269e-06,0.00034198094450365045,0.00015057894362887773,0.0,0.6541001131237825,0.4939936905599645,0.3920754716981132,0.23921568627450984,0.3967815839822567,0.1295820540134094,0.24242424242424243,0.5,0.0,0.0,0.0,0.55,0.0,0.0006637918473240904,0.0,0.0,0.0,0.0,0.0036354330375410375,0.0033940386673563284,0.0,8.035299035405968e-05,0.0010844120640838635,0.03312156029362849,0,0
717,0.6000000000000227,0.0,1.0,0.03474903474903475,0.0,0.6000000000000001,0.23529411764705882,0.0,0.0,0.0,0.0,0.0,0.0,0.0,0.0,0.0,0.009770786935533304,0.0,0.0008043294090493882,9.89901386388269e-06,0.15055801457287085,0.03460980566424469,0.0,0.654328532087361,0.4950842980111528,0.430566037735849,0.2229166666666667,0.39722029271621645,0.12093489567015478,0.030303030303030304,0.9499999999999957,0.0,1.0,0.0,0.35000000000000003,0.0007449711645975886,0.0,0.0,0.002328054885311323,0.0004292748379286756,0.0,0.0052473632378587255,0.0,0.0,0.028020911731434266,0.0023072804155314574,0.033288845611069,0,4
9156,0.6000000000000227,0.0,1.0,0.03861003861003861,0.0,0.8,0.23529411764705882,0.0,0.0,0.0,0.0,0.0,0.0,0.0,0.0,0.0,0.009774880388769702,0.0,0.0008043294090493882,9.89901386388269e-06,0.0,0.0,0.0,0.6540665452043571,0.4939534201103277,0.580754716981132,0.2450980392156863,0.40287476084280827,0.1336549909142177,0.020202020202020204,0.3999999999999986,0.0,1.0,0.0,0.75,0.0,0.0,0.0,0.0,0.0,0.0,0.0036354330375410375,0.0,0.0,0.0005701711076126336,0.0011147074627464175,0.03312156029362849,1,4
1421,0.6000000000000227,0.0,0.0,0.10231660231660232,0.0,0.6000000000000001,0.5294117647058824,0.0,0.0,0.0,0.0,1.0,0.0,0.0,0.0,0.0,0.009770786935533304,0.0,0.0008043294090493882,9.89901386388269e-06,0.005019094538571546,0.0013209728962056517,0.0,0.654112381867676,0.49400791601293803,0.3920754716981132,0.21580882352941178,0.3967815839822567,0.11874177580048878,0.24242424242424243,0.29999999999999716,0.0,1.0,1.0,0.55,0.0,0.0,0.0,0.0,0.0,0.0,0.0036354330375410375,0.0,0.0,0.0003189049276516103,0.0010948792180799,0.03312156029362849,0,1
10335,0.0,0.0,0.0,0.06756756756756757,0.0,1.0,0.0,0.0,0.0,0.0,0.0,0.0,0.0,0.0,0.0,0.0,0.009770786935533304,0.0,0.0008043294090493882,9.89901386388269e-06,0.0,0.007761048169057274,0.0,0.6540695340333786,0.49395728555799634,0.580754716981132,0.2450980392156863,0.40287476084280827,0.1339682937527414,0.020202020202020204,0.14999999999999858,0.0,1.0,0.0,0.5,1.1276332808396618e-05,0.0,0.0,0.0,0.00012673053424393796,0.0,0.0037353241965695297,0.0,0.0,0.0029131988164754073,0.0011459561557478207,0.03312156029362849,1,2
2018,0.6000000000000227,1.0,1.0,0.05791505791505792,0.0,0.6000000000000001,0.2941176470588235,0.0,0.0,0.0,0.0,0.0,0.0,0.0,0.0,0.0,0.009770786935533304,0.0,0.0012812630484033143,9.89901386388269e-06,0.003608875020063364,0.0008295969063173767,0.0,0.6535824287870303,0.4935329961968909,0.5783018867924529,0.2450980392156863,0.40202171608233106,0.1336549909142177,0.020202020202020204,0.6000000000000014,0.0,1.0,0.0,0.4,5.811282892226072e-06,0.0,0.0,0.0,2.7546713630891787e-05,0.0,0.0036785718451723326,0.0,0.0,0.008242487468668474,0.0014581804737918438,0.03312156029362849,0,4
6234,0.6000000000000227,1.0,0.0,0.05791505791505792,0.7037037037037037,0.6000000000000001,0.5,0.0,0.0,0.0,0.0,1.0,0.0,0.0,0.0,0.0,0.009770786935533304,0.0,0.0015182561660589272,9.89901386388269e-06,0.0,0.0,0.0,0.6540777921603445,0.4940141512696061,0.5654716981132075,0.2450980392156863,0.40225325680303203,0.13428159659126512,0.030303030303030304,0.9499999999999957,0.0,1.0,0.0,0.4,0.00021858163000117154,0.0,0.0,0.0,0.0,0.00046666033033031945,0.003843216762966184,0.0,0.0,0.0025576604974875943,0.0017022705672869083,0.03312156029362849,0,0
10572,0.6000000000000227,1.0,0.0,0.06756756756756757,0.0,0.6000000000000001,0.029411764705882346,0.0,0.0,0.0,0.0,0.0,0.0,0.0,0.0,0.0,0.009770786935533304,0.0,0.0008043294090493882,9.89901386388269e-06,0.0,0.0,0.0,0.653228918333593,0.49297322440888425,0.20339622641509433,0.2450980392156863,0.39068840712170516,0.1342189360235604,0.020202020202020204,0.10000000000000142,0.0,1.0,0.0,0.55,0.0,0.0,0.0,0.0,0.0,0.0,0.0036354330375410375,0.0,0.0,0.013505237398190127,0.0010825576210823542,0.03312156029362849,1,3
4192,0.0,0.0,0.0,0.047972972972972976,0.0,0.0,0.7941176470588235,0.2222222222222222,0.0,0.0,0.0,0.0,0.0,0.0,0.0,0.0,0.009770786935533304,0.0,0.0008043294090493882,9.89901386388269e-06,0.0020779138150179522,0.0005698232982688823,0.0,0.6541392664195123,0.49403350451568095,0.37867924528301883,0.17058823529411768,0.39625757077224927,0.09079516260417321,0.24242424242424243,0.14999999999999858,0.0,1.0,0.0,0.55,0.0,0.0,0.0,0.0,0.0,0.0,0.0036354330375410375,0.0,0.0,7.953436708397693e-05,0.0011018760574982964,0.03312156029362849,0,2
2171,0.4000000000000341,0.0,0.0,0.06756756756756757,0.0,0.4,0.47058823529411764,0.0,0.0,0.0,0.0,0.0,0.0,0.0,0.0,0.0,0.009770786935533304,0.0,0.0024048789673481435,9.89901386388269e-06,0.0029202136043345542,0.0024591236754225995,0.0,0.6540408772560201,0.4942504978914363,0.5767924528301887,0.2450980392156863,0.3993955568554333,0.12782755811767657,0.25252525252525254,0.7999999999999972,0.0,1.0,0.0,0.4,0.000994000929845996,0.0,0.0,0.0,0.0,0.0,0.0036354330375410375,0.0,0.0,0.0016535166776583895,0.0012838713573688893,0.03312156029362849,0,2
7904,0.6000000000000227,0.0,0.0,0.10231660231660232,0.0,0.4,0.5294117647058824,0.0,0.0,0.0,0.0,1.0,0.0,0.0,0.0,0.0,0.010899496467628273,0.0,0.0008043294090493882,9.89901386388269e-06,0.0,0.010532215957794683,0.0,0.6540761683657503,0.4939650455664662,0.20339622641509433,0.2450980392156863,0.39068840712170516,0.13108590763832323,0.020202020202020204,0.6999999999999957,0.0,1.0,0.0,0.8,0.0,0.0,0.001065384334273408,0.002159285190019734,0.0,0.0003476913992184623,0.0036354330375410375,0.0,0.0,0.0036634158795518655,0.0010825576210823542,0.03312156029362849,0,1
11566,0.20000000000004547,1.0,0.0,0.03474903474903475,0.0,0.6000000000000001,0.029411764705882346,0.0,0.0,0.0,0.0,0.0,0.0,0.0,0.0,0.0,0.009770786935533304,0.0,0.0008043294090493882,9.89901386388269e-06,0.0,0.0026045503593908866,0.0014189303970741105,0.6539300357978887,0.4937946572698418,0.580754716981132,0.2450980392156863,0.40287476084280827,0.1342189360235604,0.020202020202020204,0.6000000000000014,0.0,1.0,0.0,0.8,2.4053008513033846e-05,0.0,0.0,0.0,0.0,6.215873678991322e-06,0.0036354330375410375,0.0,0.0,0.005132563247601306,0.0011264485177672266,0.03312156029362849,1,3
2455,0.0,0.0,0.0,0.03581081081081081,0.0,0.0,0.7941176470588235,0.3333333333333333,0.0,0.0,0.0,0.0,0.0,0.0,0.0,0.0,0.009770786935533304,0.0,0.0008043294090493882,9.89901386388269e-06,0.0008788114969221714,0.00046586399447212396,0.0,0.6541069581750609,0.4940019404454134,0.38773584905660374,0.19546568627450983,0.396641440914464,0.1088414061031393,0.25252525252525254,0.8500000000000014,0.0,1.0,0.0,0.5,6.612370954472189e-06,0.0,0.0,0.0,0.0,0.0,0.0036354330375410375,0.0,0.0,0.00010092090001488871,0.0010847138348791482,0.03312156029362849,0,2
1635,0.20000000000004547,1.0,0.0,0.15830115830115832,0.4444444444444444,0.6000000000000001,0.5,0.0,0.0,0.0,0.0,1.0,0.0,0.0,0.0,0.0,0.009770786935533304,0.0,0.0008043294090493882,9.89901386388269e-06,0.0028829788926179835,0.0006627301740840508,0.0,0.6540826307435424,0.49414932082737495,0.580754716981132,0.24485294117647063,0.3907371525365896,0.011842847296196505,0.020202020202020204,0.5,1.0,1.0,0.0,0.10000000000000002,0.0003289145383708656,0.0,0.0,0.0,0.0,0.0010658777807451747,0.003762375769865709,0.0,0.0,0.00014576610602910924,0.0012642771238594904,0.033135439558193744,0,0
7135,0.0,0.0,0.0,0.06756756756756757,0.0,0.0,0.7941176470588235,0.3333333333333333,0.0,0.0,0.0,0.0,0.0,0.0,0.0,0.0,0.009770801984993732,0.0,0.0008043294090493882,9.89901386388269e-06,0.0,0.00016321028989355182,0.0001741393818397744,0.6539540759758031,0.4938214421282499,0.39169811320754716,0.2377450980392157,0.39676939762853564,0.1298953568519331,0.24242424242424243,0.29999999999999716,0.0,1.0,0.0,0.55,0.0,0.0,0.0,0.0,0.0,0.0,0.0036354330375410375,0.0,0.0029163501026694045,0.00020780240071506742,0.0010966080554317293,0.03312156029362849,0,2
8320,0.6000000000000227,1.0,0.0,0.15830115830115832,0.4444444444444444,0.6000000000000001,0.5,0.0,0.0,0.0,0.0,1.0,0.0,0.0,0.0,0.0,0.009770786935533304,0.0,0.0008043294090493882,9.89901386388269e-06,0.0053054041665280905,0.006608687125292567,2.8512143073803453e-05,0.6541228449228247,0.4940204226265587,0.3379245283018868,0.15698529411764708,0.39503284222327845,0.08897800614073564,0.24242424242424243,0.3999999999999986,0.0,1.0,1.0,0.5,0.00017723055044912832,0.0,0.0,0.0,0.0,0.0,0.0036354330375410375,0.0,0.0012833675564681726,0.000510974412394775,0.0010931883003500143,0.03312156029362849,0,0
7454,0.0,1.0,0.0,0.06756756756756757,0.2962962962962963,0.6000000000000001,0.5,0.0,0.0,0.0,0.0,1.0,0.0,0.0,0.0,0.0,0.009770786935533304,0.0,0.0008043294090493882,9.89901386388269e-06,0.0033825747333199336,0.0013578697234524627,0.0,0.654101443369711,0.4939954493813529,0.580754716981132,0.24460784313725495,0.40287476084280827,0.13390563318503665,0.25252525252525254,0.3999999999999986,0.0,0.0,0.0,0.5,0.0,0.021919638924148378,0.0,0.0,0.0,0.0,0.003644295917466161,0.0216927605658801,0.0,0.00021941661835936642,0.001090861522606674,0.03312156029362849,0,0
12372,0.4000000000000341,0.0,1.0,0.06756756756756757,0.0,0.6000000000000001,0.23529411764705882,0.0,0.0,0.0,0.0,0.0,0.0,0.0,0.0,0.0,0.009770786935533304,0.0,0.0008043294090493882,9.89901386388269e-06,0.002147683711729585,0.0011506159235570867,0.0,0.654018917099012,0.4938987910636573,0.20339622641509433,0.2450980392156863,0.39068840712170516,0.1342189360235604,0.030303030303030304,0.9499999999999957,0.0,1.0,0.0,0.8,0.0,0.0,2.318682786552648e-06,0.0,0.0,1.0480252133183042e-06,0.0036354330375410375,0.0,0.0,0.001507904063492421,0.0010825576210823542,0.03312156029362849,1,4
6296,0.8000000000000114,0.0,1.0,0.10231660231660232,0.0,0.6000000000000001,0.23529411764705882,0.0,0.0,0.0,0.0,0.0,0.0,0.0,0.0,0.0,0.009770786935533304,0.0,0.0008043294090493882,9.89901386388269e-06,0.0028309225966258846,0.0005718177213633046,0.0,0.6541295905783925,0.4940284566866508,0.3920754716981132,0.22340686274509808,0.3967815839822567,0.1231280155398208,0.25252525252525254,0.29999999999999716,0.0,0.0,0.0,0.55,0.0,0.007268068668499155,0.0,0.0,0.0,0.0,0.0036443395015380944,0.019572876638542375,0.0,0.0001606292347765491,0.0010956874264926983,0.03312156029362849,0,4
664,0.6000000000000227,1.0,0.0,0.05791505791505792,0.7037037037037037,0.2,0.5,0.0,0.0,0.0,0.0,1.0,0.0,0.0,0.0,0.0,0.016678308678429375,0.0,0.0008043294090493882,9.89901386388269e-06,0.0,0.0,0.0,0.6548177309386962,0.4947908259885693,0.4007547169811321,0.22193627450980394,0.3971837336550531,0.12193746475343067,0.030303030303030304,0.44999999999999574,0.0,1.0,0.0,0.85,0.0,0.0,1.5928342620666017e-05,6.944169754185181e-05,0.0,1.5901072202070824e-06,0.0046323048147296,0.0,0.0,0.000556842897496599,0.0013776514401125151,0.03362116917416729,0,0
8226,0.0,1.0,0.0,0.06756756756756757,0.0,0.6000000000000001,0.5294117647058824,0.0,0.0,0.0,0.0,1.0,0.0,0.0,0.0,0.0,0.009770786935533304,0.0,0.0008043294090493882,9.89901386388269e-06,4.988728365909488e-05,0.00020118742964984163,0.0,0.6541049126113342,0.49399928222231293,0.340188679245283,0.17083333333333334,0.3951851716447922,0.0956826868851432,0.24242424242424243,0.10000000000000142,0.0,0.0,0.0,0.05,0.0,0.00020542433792703082,0.0,0.0,0.0,0.0,0.0036354330375410375,0.001980319302544517,0.0,9.288815917720176e-05,0.0010841118794688433,0.03312411987208298,0,0
2472,0.6000000000000227,1.0,0.0,0.06756756756756757,0.0,0.6000000000000001,0.0,0.0,0.0,0.0,0.0,0.0,0.0,0.0,0.0,0.0,0.009770786935533304,0.0,0.0008236668747263614,9.89901386388269e-06,0.00018689656269385547,4.296319749234536e-05,0.0,0.6540977965410846,0.4939916879646118,0.2788679245283019,0.1903186274509804,0.39305255974359915,0.10620966225954008,0.24242424242424243,0.10000000000000142,0.0,0.0,1.0,0.35000000000000003,0.0,0.0,0.0,0.0,0.0,0.0,0.0036408013387255263,0.017033217539233918,0.0,0.00018605772010349446,0.0010846811199111967,0.03312156029362849,0,3
4085,0.6000000000000227,1.0,0.0,0.10231660231660232,0.4444444444444444,0.4,0.5,0.0,0.0,0.0,0.0,1.0,0.0,0.0,0.0,0.0,0.009770786935533304,0.0,0.0008043294090493882,9.89901386388269e-06,0.007892312875691011,0.002887176732062969,0.0,0.654044463121944,0.4939281437003671,0.31754716981132075,0.0968137254901961,0.39437477912233887,0.05833698853311611,0.020202020202020204,0.0,0.0,1.0,0.0,0.35000000000000003,0.0,0.0,0.0,0.0,0.0,0.0,0.003657827004879756,0.0,0.0,0.0011342025406996467,0.0011318617544642444,0.03312156029362849,0,0
2270,0.8000000000000114,1.0,0.0,0.06756756756756757,0.0,0.8,0.029411764705882346,0.0,0.0,0.0,0.0,0.0,0.0,0.0,0.0,0.0,0.010099406953437647,0.0,0.0008043294090493882,9.89901386388269e-06,0.0,1.2298942415603702e-05,6.568014651631307e-06,0.6541009195543155,0.4939893329062662,0.580754716981132,0.2450980392156863,0.40287476084280827,0.0728742402406166,0.24242424242424243,0.14999999999999858,0.0,0.0,0.0,0.35000000000000003,0.0,0.0,0.0,0.0,0.0,0.0,0.0036354330375410375,0.0008423308234614082,0.0,5.078022472232043e-05,0.0010829849479591855,0.03312156029362849,0,3
8711,0.4000000000000341,1.0,1.0,0.08687258687258688,0.0,0.6000000000000001,0.23529411764705882,0.0,0.0,0.0,0.0,0.0,0.0,0.0,0.0,0.0,0.0244276370398223,0.0,0.0034806502534728495,9.89901386388269e-06,0.2469568756967952,0.1272250802028162,0.0,0.6557018084069525,0.49825241278716453,0.48698113207547167,0.23026960784313727,0.39821348054448635,0.12306535497211606,0.030303030303030304,0.7999999999999972,0.0,1.0,0.0,0.35000000000000003,0.019924546873193415,0.0,0.0,0.0,0.0,1.4816908188293269e-06,0.0047322811786554755,0.0,0.0,0.029116894798211924,0.0034484612268891783,0.05104637253763592,0,4
10443,0.20000000000004547,0.0,1.0,0.05791505791505792,0.0,0.8,0.23529411764705882,0.0,0.0,0.0,0.0,0.0,0.0,0.0,0.0,0.0,0.010820065415489643,0.0,0.0008043294090493882,9.89901386388269e-06,0.019381571203613862,0.004540636578301258,0.0,0.6539699319108967,0.49398114784605934,0.580754716981132,0.2450980392156863,0.40163175276325574,0.1342189360235604,0.020202020202020204,0.14999999999999858,0.0,1.0,0.0,0.45,0.0,0.0,0.0,0.0,0.0,0.0003669533798632435,0.0036354330375410375,0.0,0.0,0.0009544124050077233,0.0012890272858861562,0.03312156029362849,1,4
8300,0.20000000000004547,0.0,0.0,0.03581081081081081,0.0,0.0,0.7941176470588235,0.3333333333333333,0.0,0.0,0.0,0.0,0.0,0.0,0.0,0.0,0.009770786935533304,0.0,0.0008043294090493882,9.89901386388269e-06,0.0010682385740045318,0.00310805908977023,0.0,0.6540186556882929,0.4938985290454633,0.580754716981132,0.24485294117647063,0.4028686676659477,0.16561188044363684,0.020202020202020204,0.10000000000000142,0.0,1.0,0.0,0.5,0.0,0.0,0.0,0.0,1.3335113644045343e-05,0.0,0.003648375151009582,0.0,0.0,0.0017062922966015368,0.0011189652662571532,0.03312156029362849,0,2
3744,0.8000000000000114,0.0,0.0,0.06756756756756757,0.0,0.8,0.029411764705882346,0.0,0.0,0.0,0.0,0.0,0.0,0.0,0.0,0.0,0.009770786935533304,0.0,0.0008043294090493882,9.89901386388269e-06,0.0,0.0,0.0,0.6541001204128012,0.4939939292876524,0.5615094339622642,0.2450980392156863,0.40225325680303203,0.1342189360235604,0.25252525252525254,0.5,0.0,0.0,0.0,0.35000000000000003,0.0,0.004238848160295744,0.0,0.0,0.0,0.0,0.0036531144280207567,0.014547777790564551,0.0,8.298793400463853e-05,0.0010895989231162846,0.03312156029362849,0,2
2948,0.8000000000000114,1.0,0.0,0.10231660231660232,0.0,0.8,0.029411764705882346,0.0,0.0,0.0,0.0,0.0,0.0,0.0,0.0,0.0,0.009923584107258106,0.0,0.0012948928427595034,9.89901386388269e-06,0.001626759249753094,0.02140639237532051,0.0,0.6540723770820243,0.49394154971569976,0.48754716981132074,0.23112745098039217,0.39984035876625357,0.12237608872736389,0.020202020202020204,0.29999999999999716,0.0,1.0,0.0,0.75,0.0005201573410274175,0.0,0.0006004380294220683,0.00049971651965244,0.0007741878653627451,0.0,0.0036354330375410375,0.0,0.0,0.008118773026977218,0.0011558437591297857,0.03343620490786668,0,3
7682,0.6000000000000227,1.0,0.0,0.05791505791505792,0.7037037037037037,0.6000000000000001,0.5,0.0,0.0,0.0,0.0,1.0,0.0,0.0,0.0,0.0,0.009798267250274708,0.00016441176912846965,0.0008043294090493882,9.89901386388269e-06,0.0,0.012112630058199758,0.0,0.654182738458873,0.49408941842193993,0.390188679245283,0.15318627450980393,0.3967206522136512,0.08716084967729809,0.020202020202020204,0.6499999999999986,0.0,1.0,0.0,0.45,0.00017682321753612182,0.0,0.0012925144350605,0.0020797348909369798,1.2004732588007956e-05,0.0,0.0037818503896834598,0.0,0.0,0.005275924647774547,0.0014250567174454952,0.03312156029362849,0,0
10377,0.0,1.0,0.0,0.02316602316602317,0.0,0.6000000000000001,0.029411764705882346,0.0,0.0,0.0,0.0,0.0,0.0,0.0,0.0,0.0,0.009770786935533304,0.0,0.0008043294090493882,9.89901386388269e-06,0.0,9.889014509843516e-05,0.0,0.6540774784012177,0.49396740178933707,0.5809433962264151,0.2450980392156863,0.40288085401966883,0.1342189360235604,0.25252525252525254,0.14999999999999858,0.0,0.0,0.0,0.75,0.0,0.0,0.0,0.0,0.0,0.0,0.0036354330375410375,0.00011392242477586438,0.0003844199178644764,4.863133863835322e-05,0.0010827419649699467,0.03312156029362849,1,3
11666,0.6000000000000227,0.0,0.0,0.06756756756756757,0.0,0.4,0.029411764705882346,0.0,0.0,0.0,0.0,0.0,0.0,0.0,0.0,0.0,0.009770786935533304,0.0,0.0008043294090493882,9.89901386388269e-06,0.008229594293473152,0.002511643483575718,0.0,0.654058952697334,0.4939456969784926,0.20339622641509433,0.15674019607843137,0.39068840712170516,0.0890406667084404,0.04040404040404041,0.6000000000000014,0.0,1.0,0.0,0.8,0.0,0.0,0.0,0.0,8.592696467817949e-06,0.0,0.0036354330375410375,0.0,0.0,0.0006302631720321453,0.0010825576210823542,0.03312156029362849,1,2
10389,0.20000000000004547,0.0,1.0,0.10424710424710425,0.0,0.6000000000000001,0.23529411764705882,0.0,0.0,0.0,0.0,0.0,0.0,0.0,0.0,0.0,0.009844905528140874,0.00041160230513877184,0.002209305453594176,0.0010550547117888956,0.0,0.0,0.0,0.6516456738762044,0.4979956264171482,0.580754716981132,0.2425245098039216,0.3965622296152769,0.11047058086346265,0.030303030303030304,0.14999999999999858,1.0,0.0,0.0,0.10000000000000002,0.007863174919323134,0.0,0.0,0.0,0.003662648608063778,0.0,0.006380309592065322,0.0,0.0,0.0,0.0036387938867740418,0.03312181823564329,1,4
3505,0.6000000000000227,1.0,0.0,0.09266409266409267,0.7037037037037037,0.6000000000000001,0.5,0.0,0.0,0.0,0.0,1.0,0.0,0.0,0.0,0.0,0.011518872061000279,0.0,0.0009206505029885352,9.89901386388269e-06,0.10104452403916368,0.03247718566957146,0.0,0.654066524993896,0.4939240837769722,0.28735849056603774,0.08995098039215688,0.39341815035523225,0.054765336173945744,0.020202020202020204,0.5,0.0,1.0,0.0,0.45,0.0004916033038256619,0.0,0.0038952862691133813,0.0,0.0,0.004339511020346506,0.003784278532934255,0.0,0.0,0.009136833391233876,0.0015135318698632756,0.033911472990971,0,0
1877,0.0,1.0,0.0,0.10424710424710425,0.2962962962962963,0.6000000000000001,0.5,0.0,0.0,0.0,0.0,1.0,0.0,0.0,0.0,0.0,0.009863988243963492,0.0,0.0008043294090493882,9.89901386388269e-06,9.254452620817602e-05,0.0015342930663465616,0.0,0.6541049046596773,0.49399917508598473,0.32660377358490567,0.14730392156862746,0.39466725161164534,0.08239864653173759,0.24242424242424243,0.0,0.0,0.0,0.0,0.5,0.0,0.00021614761452301708,0.0,0.0,0.0,0.0,0.0036354330375410375,0.003160092209969147,0.0002651180698151951,0.00024704515372465913,0.0010847692520521324,0.03312156029362849,0,0
8913,0.4000000000000341,1.0,0.0,0.03861003861003861,0.0,0.6000000000000001,0.5588235294117647,0.0,0.0,0.0,0.0,0.0,0.0,0.0,0.0,0.0,0.009770786935533304,0.0,0.001074944765414319,9.89901386388269e-06,0.0033117203304417987,0.0007612879153334155,0.0005835093811366489,0.6539901698715569,0.49358849436761537,0.580754716981132,0.2241421568627451,0.43742307364213556,0.11780186728491761,0.020202020202020204,0.5499999999999972,0.0,1.0,0.0,0.35000000000000003,0.0,0.0,0.0008573077572540747,0.003737545543644986,0.0,0.00012214914555227133,0.003676510436364655,0.0,0.0,0.0019037851605089996,0.0011356183250114586,0.03642579254271381,0,3
12369,0.0,0.0,1.0,0.02316602316602317,0.0,0.6000000000000001,0.32352941176470584,0.0,0.0,0.0,0.0,0.0,0.0,0.0,0.0,0.0,0.009770786935533304,0.0,0.0008043294090493882,9.89901386388269e-06,0.016421953875229735,0.008706903321587012,0.0,0.645630346515573,0.48406166383225474,0.580754716981132,0.24460784313725495,0.40287476084280827,0.13384297261733194,0.020202020202020204,0.9499999999999957,0.0,1.0,0.0,0.25000000000000006,0.00045507233041086224,0.0,0.0018171416185918034,0.005801897780063201,0.0,0.00042571506940998705,0.0036974072319350543,0.0,0.07105259240246407,9.030437948100309e-06,0.0010856951847814224,0.03312156029362849,1,4
7129,0.0,1.0,0.0,0.10231660231660232,0.0,0.4,0.5588235294117647,0.0,0.0,0.0,0.0,0.0,0.0,0.0,0.0,0.0,0.009770786935533304,0.0,0.0008043294090493882,9.89901386388269e-06,0.0017973882199494185,0.0009962974366261675,0.0,0.6541133168499949,0.4940023918930574,0.3920754716981132,0.1825980392156863,0.3967815839822567,0.09442947553104833,0.25252525252525254,0.6000000000000014,0.0,0.0,0.0,0.55,0.0,0.007624670180397051,0.0,0.0,0.0,0.0,0.0036382267372870613,0.019096873991834813,0.0,0.00035054983343574654,0.0010949237798317003,0.03312156029362849,0,3
3883,0.20000000000004547,1.0,0.0,0.06756756756756757,0.2962962962962963,0.6000000000000001,0.5,0.0,0.0,0.0,0.0,1.0,0.0,0.0,0.0,0.0,0.009770786935533304,0.0,0.0008043294090493882,9.89901386388269e-06,0.00013845528725676333,6.0746803417610175e-05,0.0,0.6540988216421811,0.4939924076412514,0.2790566037735849,0.24191176470588235,0.39313177104278635,0.13258976126323704,0.020202020202020204,0.3999999999999986,0.0,1.0,0.0,0.05,2.885274800462711e-06,0.0,0.0,0.0,2.3946859008672976e-06,0.0,0.0036354974320256966,0.0,9.106776180698153e-05,3.891018730612059e-05,0.0010826989893984106,0.03312156029362849,0,0
9756,0.20000000000004547,1.0,1.0,0.02316602316602317,0.0,1.0,0.5882352941176471,0.0,0.12436281999999999,0.0,0.0,0.0,0.0,0.0,0.0,0.0,0.009770786935533304,0.0,0.0008043294090493882,9.89901386388269e-06,0.0,0.0,0.0,0.6535749032064524,0.4933785820820759,0.20339622641509433,0.2450980392156863,0.39068840712170516,0.1342189360235604,0.020202020202020204,0.5499999999999972,0.0,1.0,0.0,0.45,0.0,0.0,0.0,0.0,0.0,0.0,0.0036354330375410375,0.0,0.00412140657084189,0.00010780245187902181,0.0010825576210823542,0.03312156029362849,1,4
6664,0.0,1.0,1.0,0.06756756756756757,0.0,0.6000000000000001,0.23529411764705882,0.0,0.0,0.0,0.0,0.0,0.0,0.0,0.0,0.0,0.009770786935533304,0.0,0.0008043294090493882,9.89901386388269e-06,0.0,0.0009967129414375053,0.0,0.6540866019335049,0.4939774625116382,0.580754716981132,0.24497549019607845,0.40287476084280827,0.13359233034651294,0.25252525252525254,0.6000000000000014,0.0,0.0,0.0,0.4,0.0,0.01024283175242099,0.0,0.0,0.0,0.0,0.0036354330375410375,0.03160725541415358,0.0,0.0005664361389428811,0.0010997295590556215,0.03312156029362849,0,4
6311,0.4000000000000341,1.0,0.0,0.06756756756756757,0.2962962962962963,0.4,0.5,0.0,0.0,0.0,0.0,1.0,0.0,0.0,0.0,0.0,0.00985417599576448,0.0,0.0008043294090493882,9.89901386388269e-06,0.0,1.6620192453518515e-05,3.1382930934781376e-05,0.6541031947221339,0.49399948368519103,0.580754716981132,0.24497549019607845,0.402429958931988,0.13415627545585562,0.25252525252525254,0.3500000000000014,0.0,1.0,0.0,0.5,0.0,0.0,0.0,0.0,0.0,0.0,0.0036354330375410375,0.0,0.0,4.579173917025369e-05,0.0010907505395563056,0.03312156029362849,0,0
2504,1.0,0.0,0.0,0.10231660231660232,0.0,0.6000000000000001,0.029411764705882346,0.0,0.0,0.0,0.0,0.0,0.0,0.0,0.0,0.0,0.009770786935533304,0.0,0.0008043294090493882,9.89901386388269e-06,0.002519669326839792,0.0005792137070051202,0.0,0.6540926213377463,0.49398436853488303,0.579811320754717,0.2450980392156863,0.4028442949585055,0.13327902750798926,0.020202020202020204,0.6000000000000014,0.0,1.0,0.0,0.5,2.6184717424434532e-05,0.0,0.00024033651144093535,0.001047778524935283,6.351395676940845e-05,0.0,0.0036589397729866052,0.0,0.0,0.0001702224762228313,0.0010960002014135666,0.03312156029362849,0,2
10917,0.4000000000000341,0.0,0.0,0.20463320463320464,0.0,0.8,0.0,0.0,0.0,0.0,0.0,0.0,0.0,0.0,0.0,0.0,0.009770786935533304,0.0,0.0008437061032706439,9.89901386388269e-06,0.0035286215637422113,0.03509785761564226,0.0,0.6536808275587744,0.49372918765708973,0.580754716981132,0.24497549019607845,0.4019242252525622,0.1336549909142177,0.020202020202020204,0.29999999999999716,0.0,1.0,0.0,0.10000000000000002,0.0008258810588844465,0.0,0.0,0.0,0.0006910781782149977,0.0,0.003762711485014388,0.0,0.0,0.017052664593162143,0.0015480618245820666,0.03312156029362849,1,2
9,0.8000000000000114,1.0,0.0,0.06756756756756757,0.0,0.6000000000000001,0.0,0.0,0.0,0.0,0.0,0.0,0.0,0.0,0.0,0.0,0.009770786935533304,0.0,0.0008043294090493882,9.89901386388269e-06,0.0010342573807874671,0.00026351315135053605,5.682855061163114e-05,0.6541011345803697,0.49399523083877034,0.580754716981132,0.2450980392156863,0.402838201781645,0.1342189360235604,0.24242424242424243,0.29999999999999716,0.0,0.0,0.0,0.45,0.0,0.0,0.0,0.0,0.0,0.0,0.0036354330375410375,0.008302743553207217,0.0,0.00011529797119571696,0.0010886187628492087,0.03312156029362849,0,3
3560,0.6000000000000227,1.0,0.0,0.03861003861003861,0.537037037037037,0.6000000000000001,0.5,0.0,0.0,0.0,0.0,1.0,0.0,0.0,0.0,0.0,0.009770786935533304,0.0,0.0008043294090493882,9.89901386388269e-06,0.000506825881811964,0.0015027147006848765,0.0,0.6541082195066299,0.49400171763290474,0.37433962264150944,0.2450980392156863,0.39620882535736485,0.13045930196127578,0.24242424242424243,0.8999999999999986,0.0,0.0,0.0,0.5,0.0,0.003921355068924386,0.0,0.0,0.0,0.0,0.0036354330375410375,0.012947302884662544,0.00033367556468172485,6.651314069422323e-05,0.0010910436359282698,0.03312156029362849,0,0
3055,0.4000000000000341,1.0,0.0,0.06756756756756757,0.0,0.0,0.4411764705882353,0.0,0.0,0.0,0.0,0.0,0.0,0.0,0.0,0.0,0.009770786935533304,0.0,0.0008043294090493882,9.89901386388269e-06,0.0007978350364900175,0.000541735173022436,0.0,0.6541022700107051,0.49400954401931707,0.20339622641509433,0.24056372549019608,0.39068840712170516,0.11974434488376468,0.25252525252525254,0.5,0.0,0.0,1.0,0.45,0.0,8.137074593424864e-05,0.0,0.0,0.0,0.0,0.0036354330375410375,0.002819792410943751,0.00010266940451745381,2.5709887076036288e-05,0.0010842493319023721,0.03312156029362849,0,3
7510,0.0,1.0,0.0,0.06756756756756757,0.2962962962962963,0.6000000000000001,0.5,0.0,0.0,0.0,0.0,1.0,0.0,0.0,0.0,0.0,0.009770786935533304,0.0,0.0008043294090493882,9.89901386388269e-06,6.832388848962995e-05,0.00016437370336529813,0.0,0.6541039985021145,0.4939984728772247,0.3920754716981132,0.21286764705882358,0.3967815839822567,0.11773920671721289,0.25252525252525254,0.29999999999999716,0.0,1.0,0.0,0.55,3.953165920728086e-05,0.0,0.0,0.0,0.0,0.0,0.0036354330375410375,0.0,4.9768993839835734e-05,0.0,0.0010828743614538833,0.03312156029362849,0,0
4570,0.6000000000000227,1.0,0.0,0.06756756756756757,0.2962962962962963,0.6000000000000001,0.5,0.0,0.0,0.0,0.0,1.0,0.0,0.0,0.0,0.0,0.009770786935533304,0.0,0.0008043294090493882,9.89901386388269e-06,0.0,0.0,0.0,0.6541009132592538,0.49399691823594,0.580754716981132,0.24497549019607845,0.40096759648545566,0.12688764960210538,0.24242424242424243,0.5,0.0,0.0,1.0,0.10000000000000002,0.0,0.0,0.0,0.0,0.0,0.0,0.003648377899554659,0.005872527217225812,0.0,2.9368109814218568e-05,0.001085829514422556,0.03312156029362849,0,0
6954,0.8000000000000114,0.0,0.0,0.10424710424710425,0.0,0.6000000000000001,0.029411764705882346,0.0,0.0,0.0,0.0,0.0,0.0,0.0,0.0,0.0,0.009770786935533304,0.0,0.0008043294090493882,9.89901386388269e-06,4.482625488208526e-05,2.2852764623587957e-05,0.0,0.6540924540216332,0.49398494730396053,0.580754716981132,0.24154411764705885,0.40287476084280827,0.13240177956012283,0.24242424242424243,0.6999999999999957,0.0,0.0,0.0,0.8,0.0,0.0,0.0,0.0,0.0,0.0,0.0036354330375410375,0.004026134344892379,0.0,0.00017116900937886448,0.0010828127978323749,0.03312156029362849,0,2
3582,0.6000000000000227,1.0,0.0,0.06756756756756757,0.2962962962962963,0.4,0.5,0.0,0.0,0.0,0.0,1.0,0.0,0.0,0.0,0.0,0.009770786935533304,0.0,0.0008043294090493882,9.89901386388269e-06,0.0003488494835581635,8.28516593807898e-05,0.0,0.6541067116736983,0.4940015487767352,0.3920754716981132,0.22696078431372552,0.3967815839822567,0.12431856632621094,0.24242424242424243,0.14999999999999858,0.0,0.0,1.0,0.55,0.0,0.0006513864881248122,0.0,0.0,0.0,0.0,0.0036354330375410375,0.005969226116086411,0.0,8.216931073455578e-05,0.0010857536256105354,0.03312156029362849,0,0
12078,0.4000000000000341,0.0,1.0,0.04247104247104247,0.0,0.8,0.23529411764705882,0.0,0.0,0.0,0.0,0.0,0.0,0.0,0.0,0.0,0.009765203585714541,0.0,0.0008043294090493882,9.89901386388269e-06,0.0,1.9113221321546293e-06,0.0,0.6541035227279792,0.49399791545777777,0.20339622641509433,0.2450980392156863,0.39068840712170516,0.1342189360235604,0.020202020202020204,0.7999999999999972,0.0,1.0,0.0,0.10000000000000002,0.0001618673107468998,0.0,0.0,0.0,0.0,0.0,0.0036354330375410375,0.0,0.0,0.0008495007165511811,0.0010825576210823542,0.03312156029362849,1,4
10893,0.6000000000000227,1.0,0.0,0.02316602316602317,0.0,0.6000000000000001,0.029411764705882346,0.0,0.0,0.0,0.0,0.0,0.0,0.0,0.0,0.0,0.009770786935533304,0.0,0.0008043294090493882,9.89901386388269e-06,0.0,0.00020542557872548886,0.0,0.6539830471749265,0.4938567520882545,0.20339622641509433,0.12916666666666668,0.39068840712170516,0.07494203897487312,0.24242424242424243,0.5,0.0,0.0,0.0,0.55,0.0,0.0,0.0,0.0,0.0,0.0,0.0036354330375410375,0.006126863857759318,0.0,0.0010436679234239329,0.0010825576210823542,0.03312156029362849,1,3
12325,0.0,1.0,1.0,0.03861003861003861,0.0,0.6000000000000001,0.23529411764705882,0.0,0.0,0.0,0.0,0.0,0.0,0.0,0.0,0.0,0.009770786935533304,0.0,0.0008043294090493882,9.89901386388269e-06,0.0,0.0010037765232302506,0.0,0.653965995840752,0.4934156295138384,0.580566037735849,0.2421568627450981,0.40021204255474724,0.1579046306159534,0.020202020202020204,0.9499999999999957,1.0,1.0,0.0,0.25000000000000006,0.0,0.0,0.00013982665325863142,0.0006095926233579017,0.0,2.50803275187208e-05,0.0036722454797038944,0.0,0.010549512320328542,0.0,0.001114533825575609,0.03334187749722593,1,4
10870,0.8000000000000114,0.0,0.0,0.08687258687258688,0.0,1.0,0.5588235294117647,0.0,0.0,0.0,0.0,0.0,0.0,0.0,0.0,0.0,0.030799533436627814,0.0,0.0008043294090493882,0.002488377262147345,0.5774015666053077,0.2966967783003443,0.0,0.6517348977612109,0.49419165403950527,0.580754716981132,0.23321078431372552,0.39225435357486693,0.0490632245128141,0.030303030303030304,0.5,1.0,1.0,0.0,0.2,0.0020633516597163113,0.0,6.996373277684946e-05,0.0,0.0010393875902274215,0.0,0.004843916478148279,0.0,0.0,0.08252287924129996,0.0029552930977854,0.04158436001530509,1,2
11620,0.8000000000000114,0.0,1.0,0.05791505791505792,0.0,0.6000000000000001,0.32352941176470584,0.0,0.0,0.0,0.0,0.0,0.0,0.0,0.0,0.0,0.009770786935533304,0.0,0.0008212185020559703,9.89901386388269e-06,0.002480988606901219,0.0020301565081972867,0.0,0.6539972736830022,0.4939075277206845,0.580754716981132,0.2450980392156863,0.4027833631899,0.13403095432044615,0.020202020202020204,0.6000000000000014,0.0,1.0,0.0,0.4,0.00016902958113393078,0.0,0.0006475173712185939,0.000275569268093298,0.0,0.00021466447472795613,0.003643392038785156,0.0,0.0,0.0020888707654792707,0.0019672913503003178,0.03312156029362849,1,4
441,1.0,1.0,0.0,0.20463320463320464,0.6666666666666666,0.6000000000000001,0.5,0.0,0.0,0.0,0.0,1.0,0.0,0.0,0.0,0.0,0.010564585775265053,0.0,0.0008043294090493882,9.89901386388269e-06,0.009903348810441337,0.002276550861320699,0.0,0.6537945034512567,0.49358080888876515,0.28283018867924525,0.05625000000000001,0.39208374462277146,0.026129456732878004,0.020202020202020204,0.29999999999999716,1.0,1.0,0.0,0.45,6.688406431566737e-05,0.0,8.064983605400515e-07,3.5160353185747753e-06,0.0,0.0,0.003729173345336717,0.0,0.0,0.0011994621645115557,0.0013500482354716914,0.03312156029362849,0,0
2437,0.20000000000004547,0.0,0.0,0.20463320463320464,0.0,0.0,0.7941176470588235,0.4444444444444444,0.0,0.0,0.0,0.0,0.0,0.0,0.0,0.0,0.009770786935533304,0.0,0.0008628564321830011,9.89901386388269e-06,0.026865748258644597,0.006175814212840677,0.0,0.6533216465800404,0.4951600189401812,0.580377358490566,0.21433823529411766,0.3938324863817498,0.1169246193370512,0.030303030303030304,0.14999999999999858,0.0,1.0,0.0,0.25000000000000006,0.0016298679736947933,0.0,0.0,0.0,0.0,0.0004392671195822065,0.004580374981994478,0.0,0.0,0.0007232536591181074,0.001463847350626751,0.03319905698780395,0,2
11496,0.6000000000000227,0.0,0.0,0.20463320463320464,0.0,0.6000000000000001,0.029411764705882346,0.0,0.0,0.0,0.0,0.0,0.0,0.0,0.0,0.0,0.009770786935533304,0.0,0.0008043294090493882,9.89901386388269e-06,0.05218173720535775,0.02382853612253403,0.0,0.6510785580645957,0.49047804300304865,0.579811320754717,0.23296568627450986,0.4026675928295495,0.12726361300833386,0.020202020202020204,0.6000000000000014,0.0,1.0,0.0,0.05,7.886644083994192e-05,0.0,0.002720016533216391,0.009242338339288619,0.001354938325177654,0.0,0.0038082929639204565,0.0,0.0,0.04378774940509112,0.0019233912835107925,0.03312156029362849,1,2
3739,0.4000000000000341,1.0,1.0,0.06756756756756757,0.0,0.6000000000000001,0.23529411764705882,0.0,0.0,0.0,0.0,0.0,0.0,0.0,0.0,0.0,0.009770786935533304,0.0,0.0008043294090493882,9.89901386388269e-06,5.4586810380603824e-05,2.0442836717827773e-05,0.0,0.6541032391188847,0.49402316702453186,0.20339622641509433,0.24473039215686276,0.39068840712170516,0.018798170311423022,0.25252525252525254,0.0,1.0,1.0,1.0,0.45,0.00012236959594903615,0.0,0.0,0.0,0.0,0.0,0.0036354330375410375,0.0,0.0,5.9606006852900054e-06,0.0010862237793545031,0.03312156029362849,0,4
758,0.8000000000000114,1.0,0.0,0.10231660231660232,0.0,0.4,0.0,0.0,0.0,0.0,0.0,0.0,0.0,0.0,0.0,0.0,0.009770786935533304,0.0,0.0008043294090493882,9.89901386388269e-06,0.00610396220712911,0.003760734047419902,0.0,0.6537375921178491,0.49356915276679364,0.48,0.2033088235294118,0.3996210043992737,0.11285168243624288,0.020202020202020204,0.0,0.0,1.0,0.0,0.75,0.0,0.0,0.0,0.0,0.0,0.0,0.0036354330375410375,0.0,0.0,0.0057687870203187415,0.0011237216260522145,0.03312156029362849,0,3
410,0.20000000000004547,0.0,0.0,0.02316602316602317,0.0,0.6000000000000001,0.5294117647058824,0.0,0.0,0.0,0.0,1.0,0.0,0.0,0.0,0.0,0.009770786935533304,0.0,0.0008043294090493882,9.89901386388269e-06,0.010649850555050256,0.0024342764877045894,0.0,0.654061723187111,0.4939542069412601,0.2839622641509434,0.15686274509803924,0.3932658209337185,0.08866470330221193,0.020202020202020204,0.6499999999999986,0.0,1.0,0.0,0.05,5.2681723415507384e-06,0.0,0.0023359216890091916,0.00616097288697265,0.0,0.000583677766217377,0.0037088211543408406,0.0,0.0015746149897330596,0.0003510358910023582,0.0012610334347871134,0.03312540462173359,0,1
7386,0.6000000000000227,1.0,0.0,0.05791505791505792,0.7037037037037037,0.6000000000000001,0.5,0.0,0.0,0.0,0.0,1.0,0.0,0.0,0.0,0.0,0.011793554812730912,0.0,0.0009072546295881159,9.89901386388269e-06,0.054699960523975535,0.012574255903596235,0.0,0.6552196351757702,0.49560195396508644,0.4162264150943396,0.20526960784313728,0.39717154730133203,0.11253837959771917,0.030303030303030304,0.29999999999999716,0.0,1.0,0.0,0.35000000000000003,0.0008565939605251365,0.0,0.0030403980069409267,0.013255013646612081,0.0006649557548911578,0.0,0.004247249355427307,0.0,0.0,0.006731308912095722,0.002154707272519784,0.05233869675471643,0,0
2633,0.4000000000000341,0.0,0.0,0.03474903474903475,0.0,0.6000000000000001,0.5588235294117647,0.0,0.0,0.0,0.0,0.0,0.0,0.0,0.0,0.0,0.010754434718563426,0.0,0.0008043294090493882,0.0001276648894326711,0.0,0.0,0.0,0.6538008621261906,0.4937846834987636,0.580754716981132,0.2442401960784314,0.39765900145017613,0.09981828435365626,0.020202020202020204,0.29999999999999716,1.0,1.0,0.0,0.2,0.0,0.0,0.0,0.0,0.0,2.1683280275551124e-07,0.003778719011542273,0.0,0.0,0.0041827044345334186,0.0012643276833554152,0.03314000810810961,0,2
132,0.6000000000000227,1.0,0.0,0.015444015444015444,0.0,0.8,0.029411764705882346,0.0,0.0,0.0,0.0,0.0,0.0,0.0,0.0,0.0,0.009770786935533304,0.0,0.0008043294090493882,9.89901386388269e-06,0.0945844823073664,0.020767678379331793,0.0,0.6538958300893196,0.49343672411342204,0.580754716981132,0.2450980392156863,0.39708014964842375,0.0728742402406166,0.020202020202020204,0.5,1.0,1.0,0.0,0.6,0.00019332020051288508,0.0,0.0,0.0,0.0,0.0,0.00429868405739929,0.0,0.0,0.003333792103457609,0.0014303194652899368,0.03312156029362849,0,3
10068,0.6000000000000227,0.0,0.0,0.03861003861003861,0.0,0.8,0.5588235294117647,0.0,0.0,0.0,0.0,0.0,0.0,0.0,0.0,0.0,0.010788521746432696,0.0,0.0009548185572613159,9.89901386388269e-06,0.0,0.0,4.1126210947797356e-05,0.6540808134586314,0.49400464175595027,0.580754716981132,0.2450980392156863,0.40250307705431465,0.13334168807569396,0.020202020202020204,0.14999999999999858,0.0,1.0,0.0,0.35000000000000003,0.0,0.0,2.4497387701404065e-05,0.0001067995728017088,0.0,1.8069400229625938e-07,0.0036625780613698316,0.0,0.0,0.00039503689176930584,0.0012941450469408132,0.03312156029362849,1,2
3964,0.8000000000000114,0.0,0.0,0.02316602316602317,0.0,0.6000000000000001,0.5294117647058824,0.0,0.0,0.0,0.0,1.0,0.0,0.0,0.0,0.0,0.009933667245744822,3.226691453593182e-05,0.0008043294090493882,9.89901386388269e-06,0.003383297737430935,0.000777741905862399,0.0,0.6528572959937478,0.49270878167315035,0.580754716981132,0.2450980392156863,0.3937167160213993,0.12438122689391568,0.020202020202020204,0.5499999999999972,0.0,1.0,0.0,0.10000000000000002,0.0,0.0,0.0,0.0,0.0,5.464186629438883e-05,0.0038222657817928397,0.0,0.0,0.008971497072654351,0.0011367926932246458,0.03312156029362849,0,1
11653,0.0,0.0,0.0,0.03861003861003861,0.0,0.8,0.1176470588235294,0.0,0.0,0.0,0.0,0.0,0.0,0.0,0.0,0.0,0.009848517398643578,0.0,0.0008043294090493882,9.89901386388269e-06,0.0015027640447163582,0.003256976014153756,0.0,0.6540887621336179,0.4939769862207877,0.5643396226415094,0.2410539215686275,0.4023446544559403,0.13146187104455168,0.020202020202020204,0.6000000000000014,0.0,1.0,0.0,0.45,0.0,0.0,0.0,0.0,0.00019938499144541504,0.0,0.003636333382378372,0.0,0.0,0.001113711376970388,0.001182702351272783,0.03312156029362849,1,2
5953,0.8000000000000114,1.0,0.0,0.06756756756756757,0.0,0.6000000000000001,0.029411764705882346,0.0,0.0,0.0,0.0,0.0,0.0,0.0,0.0,0.0,0.009770786935533304,0.0,0.0008043294090493882,9.89901386388269e-06,0.0,0.0,0.0,0.6541032172518283,0.4940058881862037,0.5375471698113208,0.22169117647058825,0.39316223692708907,0.0827119493702613,0.020202020202020204,0.9499999999999957,0.0,1.0,0.0,0.6,0.0,0.0,0.00010111473195270895,0.00044082292806631244,0.0,0.0,0.003642721001137095,0.0,0.0,0.0,0.0010842992470125646,0.03312156029362849,0,3
9632,0.20000000000004547,0.0,0.0,0.04247104247104247,0.0,0.8,0.5588235294117647,0.0,0.0,0.0,0.0,0.0,0.0,0.0,0.0,0.0,0.009770786935533304,0.0,0.0008043294090493882,9.89901386388269e-06,0.0,0.0,0.0,0.6540503470166997,0.49393561451838575,0.20339622641509433,0.2450980392156863,0.39068840712170516,0.1342189360235604,0.020202020202020204,0.3999999999999986,0.0,1.0,0.0,0.8,0.0,0.0,0.0,0.0,0.0,0.0,0.0036354330375410375,0.0,0.0,0.0008203116805772932,0.0010825576210823542,0.03312156029362849,1,2
7280,0.4000000000000341,1.0,0.0,0.015444015444015444,0.35185185185185186,0.2,0.5,0.0,0.0,0.0,0.0,1.0,0.0,0.0,0.0,0.0,0.010460819745614455,0.0,0.0009450406613101368,3.7399648493912614e-05,0.18767343061112646,0.052565430581403415,0.0,0.6534394308285658,0.4965369136809847,0.580754716981132,0.24473039215686276,0.39675111809795394,0.09749984334858075,0.030303030303030304,0.3999999999999986,1.0,1.0,0.0,0.2,0.0008053107467776181,0.0,0.0,0.001064919197113335,0.0,0.00020494313740441737,0.005492261745405187,0.0,0.0,0.00974015874128486,0.00280108514817069,0.03312239364475321,0,0
12428,0.4000000000000341,0.0,1.0,0.0637065637065637,0.0,0.6000000000000001,0.23529411764705882,0.0,0.0,0.0,0.0,0.0,0.0,0.0,0.0,0.0,0.009770786935533304,0.0,0.0008043294090493882,9.89901386388269e-06,6.181685149061758e-05,0.008154780528281128,0.0,0.6539378748062744,0.49380384149276196,0.2788679245283019,0.2450980392156863,0.3931256778659258,0.1342189360235604,0.04040404040404041,0.9499999999999957,0.0,1.0,0.0,0.9,3.4759075243221366e-06,0.0,4.939802458307815e-05,0.0,0.0,1.7708012225033418e-05,0.0036354330375410375,0.0,0.0,0.005287666775304797,0.0010826194821126622,0.03312156029362849,1,4
3587,0.8000000000000114,1.0,0.0,0.10231660231660232,0.0,0.6000000000000001,0.0,0.0,0.0,0.0,0.0,0.0,0.0,0.0,0.0,0.0,0.009770786935533304,0.0,0.0008043294090493882,9.89901386388269e-06,0.0,0.0,0.0,0.6541306454982022,0.49402862243741946,0.3920754716981132,0.23590686274509806,0.3967815839822567,0.12795287925308604,0.020202020202020204,0.9499999999999957,0.0,1.0,0.0,0.35000000000000003,0.0,0.0,0.00011623657621283492,0.0,1.0220456818734282e-05,0.0,0.0036905641399921584,0.0,0.0,0.0002762853536529273,0.0010982306187058502,0.03312156029362849,0,3
3083,0.8000000000000114,1.0,0.0,0.10231660231660232,0.4444444444444444,0.6000000000000001,0.5,0.0,0.0,0.0,0.0,1.0,0.0,0.0,0.0,0.0,0.009781998783552114,0.0,0.0008043294090493882,9.89901386388269e-06,0.002530514388504813,0.0006313180103469008,0.0,0.6540790584616991,0.49412310425731654,0.580566037735849,0.241421568627451,0.3907980843051951,0.12663700733128644,0.020202020202020204,0.10000000000000142,0.0,1.0,0.0,0.45,0.00013419582818999156,0.0,0.0008677922359410954,0.0037832540027864583,0.00013979957167677582,0.0,0.0037179247282848413,0.0,0.0,0.0003863134375474866,0.0011026112520508033,0.03312156029362849,0,0
4599,0.6000000000000227,1.0,0.0,0.06756756756756757,0.2962962962962963,0.6000000000000001,0.5,0.0,0.0,0.0,0.0,1.0,0.0,0.0,0.0,0.0,0.009770786935533304,0.0,0.0008043294090493882,9.89901386388269e-06,0.0,0.002408681391326171,0.0,0.6541152676564773,0.49401512558911287,0.47867924528301886,0.2450980392156863,0.39915792295787184,0.1335296697788082,0.25252525252525254,0.7999999999999972,0.0,1.0,1.0,0.10000000000000002,0.0,0.0,0.0,0.0,0.0,0.0,0.0036354330375410375,0.0,0.0,0.000830109577841096,0.001094163503803764,0.03312156029362849,0,0
6603,0.0,0.0,0.0,0.07335907335907337,0.0,0.6000000000000001,0.5588235294117647,0.0,0.0,0.0,0.0,0.0,0.0,0.0,0.0,0.0,0.009770786935533304,0.0,0.0008055925822105453,9.89901386388269e-06,0.00030799975128658583,0.00037104579652480084,0.0,0.6540715961630571,0.4939571007866476,0.5786792452830188,0.2442401960784314,0.4028077358973422,0.1325271006955323,0.020202020202020204,0.6000000000000014,0.0,1.0,0.0,0.5,0.0,0.0,0.0003882281483049673,0.000226784278048073,2.8689276184900368e-05,0.0,0.003640769141483197,0.0,0.0,0.0004804551136070025,0.0011289080389714362,0.03312156029362849,0,2
6615,0.6000000000000227,1.0,0.0,0.03861003861003861,0.537037037037037,0.2,0.5,0.0,0.0,0.0,0.0,1.0,0.0,0.0,0.0,0.0,0.009770786935533304,0.0,0.0008043294090493882,9.89901386388269e-06,0.009074063095122759,0.0020918174221998403,0.0,0.6541470192849487,0.49403604628625075,0.3920754716981132,0.18357843137254906,0.3967815839822567,0.10013158719217997,0.24242424242424243,0.29999999999999716,0.0,1.0,1.0,0.55,0.0,0.0,0.0,0.0,0.0,0.0,0.0037515944054769073,0.0,0.0,0.0011139671967422887,0.001151688710359297,0.03312156029362849,0,0
8377,0.4000000000000341,0.0,0.0,0.03474903474903475,0.0,0.0,0.4411764705882353,0.0,0.0,0.0,0.0,0.0,0.0,0.0,0.0,0.0,0.009770786935533304,0.0,0.0008043294090493882,9.89901386388269e-06,0.0014940879953843416,0.0020418737438770173,0.0,0.6540887097852103,0.49402480784068925,0.580754716981132,0.2433823529411765,0.39184611072521,0.06385111849113353,0.020202020202020204,0.14999999999999858,0.0,1.0,0.0,0.45,1.4107296553791796e-05,0.0,5.383376556604844e-05,0.0,0.0,2.316497109438045e-05,0.0036399163072107638,0.0,0.0,0.0005806085543061887,0.001093856677058887,0.03312156029362849,0,2
9753,0.20000000000004547,0.0,0.0,0.06756756756756757,0.0,0.6000000000000001,0.0,0.0,0.0,0.0,0.0,0.0,0.0,0.0,0.0,0.0,0.009770786935533304,0.0,0.0008043294090493882,9.89901386388269e-06,0.0,0.001230559049258511,0.0,0.6540774585220754,0.49396737849883093,0.20339622641509433,0.1399509803921569,0.39068840712170516,0.08045616893289055,0.25252525252525254,0.5499999999999972,0.0,0.0,0.0,0.0,0.0,0.0,0.0,0.0,0.0,0.0,0.0036354330375410375,0.0,0.0,0.00031412109791706426,0.0010825576210823542,0.03312156029362849,1,2
9359,0.4000000000000341,0.0,0.0,0.05791505791505792,0.0,1.0,0.5588235294117647,0.0,0.0,0.0,0.0,0.0,0.0,0.0,0.0,0.0,0.009770786935533304,0.0,0.0008043294090493882,9.89901386388269e-06,0.0,0.0016899411686737626,0.0,0.6537997790442628,0.4939978118150255,0.580754716981132,0.2450980392156863,0.40168049817814017,0.13415627545585562,0.020202020202020204,0.29999999999999716,0.0,0.0,0.0,0.45,0.0,0.0,0.0014138924383217777,0.0,0.0,0.0005068466764410075,0.0036354330375410375,0.0,0.0,0.000877180415870854,0.0016305145975132017,0.03312156029362849,1,2
2420,0.6000000000000227,1.0,0.0,0.15830115830115832,0.4444444444444444,0.4,0.5,0.0,0.0,0.0,0.0,1.0,0.0,0.0,0.0,0.0,0.009770786935533304,0.0,0.0008043294090493882,9.89901386388269e-06,0.0,0.0,0.0005635443564671206,0.6540604051999868,0.49394739873814103,0.580754716981132,0.2450980392156863,0.40287476084280827,0.1342189360235604,0.020202020202020204,0.29999999999999716,0.0,1.0,0.0,0.8,0.0006622282722022015,0.0,0.0002484014950463359,0.0010829388781210308,0.0,0.00016074538444275232,0.0036354330375410375,0.0,0.0,0.0013277046161654562,0.001176029142196439,0.03312156029362849,0,0
12348,0.4000000000000341,0.0,0.0,0.02316602316602317,0.0,0.2,0.029411764705882346,0.0,0.0,0.0,0.0,0.0,0.0,0.0,0.0,0.0,0.009770786935533304,0.0,0.0008043294090493882,9.89901386388269e-06,5.494831243610451e-05,0.00041716683058331476,0.0,0.6541034577894482,0.4939978393754577,0.20339622641509433,0.23713235294117652,0.39068840712170516,0.15038536249138418,0.24242424242424243,0.9499999999999957,0.0,1.0,0.0,0.05,0.0,0.0,0.0,0.0,0.0,0.0,0.0036354330375410375,0.0,0.00012448665297741274,6.395494297521464e-07,0.0010825576210823542,0.03312156029362849,1,2
1161,0.0,0.0,0.0,0.02316602316602317,0.0,0.4,1.0,0.0,0.0,0.0,0.0,1.0,0.0,0.0,0.0,0.0,0.009861730824899302,0.0,0.0008043294090493882,9.89901386388269e-06,0.0,0.0,0.0,0.654101267770622,0.4939952285097198,0.3871698113207547,0.17512254901960786,0.39662316138388237,0.09825177016103767,0.24242424242424243,0.5,0.0,1.0,0.0,0.55,0.0,0.0,0.0,0.0,0.0,0.0,0.0036354330375410375,0.0,0.0,7.802503042976187e-05,0.0010850665617154237,0.03312156029362849,0,1
7077,0.6000000000000227,0.0,1.0,0.05791505791505792,0.0,0.6000000000000001,0.23529411764705882,0.0,0.0,0.0,0.0,0.0,0.0,0.0,0.0,0.0,0.012369648157912182,0.0,0.0008566653242202928,9.89901386388269e-06,0.0,0.0,0.002459047286856452,0.6539180675603605,0.4941779809597022,0.580754716981132,0.24485294117647063,0.3978357035791321,0.10094617457234163,0.020202020202020204,0.3999999999999986,1.0,1.0,0.0,0.4,0.000646912554673157,0.0,0.0025548859938958157,0.015041599092862889,2.6059817156497063e-05,0.0,0.003704700299971969,0.0,0.0,0.003055588101515425,0.001422157427763006,0.03312156029362849,0,4
8939,0.8000000000000114,0.0,0.0,0.05791505791505792,0.0,0.4,0.5294117647058824,0.0,0.0,0.0,0.0,1.0,0.0,0.0,0.0,0.0,0.011662323517799335,0.0,0.0008043294090493882,9.89901386388269e-06,0.015225382071522459,0.003499880126861929,0.0004476254223836939,0.6540098568486608,0.4941956297289029,0.580754716981132,0.2450980392156863,0.4015281687566264,0.13315370637257973,0.020202020202020204,0.14999999999999858,0.0,1.0,0.0,0.25000000000000006,0.0,0.0,0.0,0.0,0.0,0.001764657626425269,0.003808358143703709,0.0,0.0,0.0019654377255371065,0.0015318652883350825,0.033121575174898575,0,1
2862,0.6000000000000227,1.0,0.0,0.05791505791505792,0.7037037037037037,0.6000000000000001,0.5,0.0,0.0,0.0,0.0,1.0,0.0,0.0,0.0,0.0,0.010316465321189723,0.0007583761560137726,0.0008419906829283318,9.89901386388269e-06,0.0,0.0,2.181363806485497e-05,0.6548828248583295,0.49492176793129916,0.580754716981132,0.24485294117647063,0.40273461777501557,0.1326524218309418,0.020202020202020204,0.6000000000000014,0.0,1.0,0.0,0.5,0.001037422618372489,0.0,0.0,0.0,0.0005314167999486755,0.0,0.004400150132756847,0.0,0.0,0.0046738272326286865,0.0018654927793436812,0.03312156029362849,0,0
6140,0.0,0.0,0.0,0.015444015444015444,0.0,0.6000000000000001,0.5294117647058824,0.0,0.0,0.0,0.0,1.0,0.0,0.0,0.0,0.0,0.010048780568558081,0.0,0.0008043294090493882,1.5789838065088952e-05,0.0,0.00041675132577197676,0.0,0.6540907063137197,0.4940045113291159,0.580754716981132,0.24497549019607845,0.39859125750984054,0.1312112287737327,0.24242424242424243,0.0,0.0,1.0,0.0,0.25000000000000006,4.538367539080759e-05,0.0,0.0,0.0,0.0,0.0,0.0036354330375410375,0.0,0.0,0.0003251980940403714,0.001092024638853611,0.03312439269536786,0,1
1654,0.8000000000000114,1.0,1.0,0.05791505791505792,0.0,0.4,0.23529411764705882,0.0,0.0,0.0,0.0,0.0,0.0,0.0,0.0,0.0,0.009770786935533304,0.0,0.0008043294090493882,9.89901386388269e-06,0.0,0.0024416724733464052,0.0,0.6539627628296013,0.49417451300333837,0.580754716981132,0.2450980392156863,0.4007604284721969,0.1335296697788082,0.020202020202020204,0.6000000000000014,0.0,1.0,0.0,0.6,0.001188149373948661,0.0,0.0,0.0,0.0001454497782794758,0.0,0.0036354330375410375,0.0,0.0,0.0027830888804866306,0.001383700288982321,0.03312156029362849,0,4
6559,0.8000000000000114,1.0,0.0,0.06756756756756757,0.0,0.6000000000000001,0.0,0.0,0.0,0.0,0.0,0.0,0.0,0.0,0.0,0.0,0.010018982636910773,0.0,0.0008043294090493882,9.89901386388269e-06,0.0,0.0,1.4788907162613538e-05,0.6540964212357672,0.49398881896243074,0.580754716981132,0.2450980392156863,0.40422135292899014,0.1342189360235604,0.24242424242424243,0.6000000000000014,0.0,0.0,0.0,0.6,0.0,0.0,0.0,0.0,0.0,0.0,0.0036354330375410375,0.0018556611373999443,0.0,0.00010882573096662524,0.001083750428641114,0.03313148114035133,0,3
6020,0.6000000000000227,0.0,0.0,0.10231660231660232,0.0,0.6000000000000001,0.0,0.0,0.0,0.0,0.0,0.0,0.0,0.0,0.0,0.0,0.009770786935533304,0.0,0.0008043294090493882,9.89901386388269e-06,0.010886272899347706,0.0025023361758017477,0.0005037145276371943,0.6540572520367236,0.49407826188132503,0.4030188679245283,0.23872549019607847,0.3951912648216528,0.11542076571213737,0.020202020202020204,0.6000000000000014,0.0,1.0,0.0,0.85,0.0,0.0,0.0,0.0,0.0,0.0,0.003720404308593505,0.0,0.0,0.004210358551875901,0.0011803493024188153,0.03312156029362849,0,2
1135,0.8000000000000114,1.0,0.0,0.05791505791505792,0.0,0.6000000000000001,0.1764705882352941,0.0,0.0,0.0,0.0,0.0,0.0,0.0,0.0,0.0,0.009770786935533304,0.00027213546892512807,0.023993693491032447,0.00013716915734492659,0.030747918832666483,0.007068152345670087,0.0,0.6522530946485112,0.49572816677054504,0.580566037735849,0.2410539215686275,0.3918400175483494,0.058775612507049324,0.030303030303030304,0.5,1.0,1.0,0.0,0.10000000000000002,0.0003052213405976542,0.0,0.00709204414570401,0.030918696078302107,0.0014106265110291956,0.0,0.004216526118557682,0.0,0.010266940451745381,0.011989965725266961,0.0022858729797074215,0.03313549412285072,0,3
10364,0.6000000000000227,0.0,0.0,0.19305019305019305,0.0,0.8,0.5588235294117647,0.0,0.0,0.0,0.0,0.0,0.0,0.0,7.78416078962527e-05,0.0,0.009770786935533304,0.0,0.0008043294090493882,9.89901386388269e-06,0.0,0.006462263229777069,0.0,0.6533241165634519,0.49308449402560517,0.580754716981132,0.2450980392156863,0.40287476084280827,0.1342189360235604,0.020202020202020204,0.0,0.0,1.0,0.0,0.2,0.0007965666669117453,0.0,0.0,0.0,0.0,0.0,0.0036354330375410375,0.0,0.0,0.01402450037119449,0.0011065228221507205,0.03312156029362849,1,2
2269,0.6000000000000227,1.0,0.0,0.06756756756756757,0.2962962962962963,0.6000000000000001,0.5,0.0,0.0,0.0,0.0,1.0,0.0,0.0,0.0,0.0,0.00985045877903878,0.0,0.0008043294090493882,9.89901386388269e-06,0.0,0.0,1.159189340834267e-05,0.6541131041431739,0.4940088713118648,0.47188679245283016,0.2450980392156863,0.39935899779427003,0.13302838523717025,0.24242424242424243,0.5,0.0,0.0,1.0,0.35000000000000003,0.0,0.004194693491959329,0.0,0.0,0.0,0.0,0.0036357632555995625,0.007754911852234196,0.0,1.4684054907109284e-05,0.001088303806930477,0.03312156029362849,0,0
7164,0.20000000000004547,0.0,1.0,0.03474903474903475,0.0,0.6000000000000001,0.23529411764705882,0.0,0.0,0.0,0.0,0.0,0.0,0.0,0.0,0.0,0.009827628747569607,0.0,0.0008043294090493882,9.89901386388269e-06,0.03208800695240753,0.0073762907137583196,0.0,0.6539229859914462,0.4944306557790351,0.580754716981132,0.23872549019607847,0.39115148856310705,0.11867911523278403,0.020202020202020204,0.14999999999999858,0.0,1.0,0.0,0.8,0.0005272109893043135,0.0,0.0,0.0,0.0,0.0012113003137932043,0.0037906838209113302,0.0,0.0,0.00139738992203125,0.0011722882847474679,0.033122210109088834,0,4
6976,0.4000000000000341,0.0,0.0,0.0694980694980695,0.0,0.6000000000000001,0.5588235294117647,0.0,0.0,0.0,0.0,0.0,0.0,0.0,5.485979985069238e-05,0.0,0.010473370995611351,0.0,0.0008043294090493882,9.89901386388269e-06,0.005189000504656869,0.0017841776598852125,0.0,0.6540724416892363,0.493955288397095,0.580754716981132,0.24473039215686276,0.4034048672296763,0.13403095432044615,0.020202020202020204,0.44999999999999574,0.0,1.0,0.0,0.5,0.0,0.0,0.0,0.0,0.0,7.733703298279901e-06,0.0036354330375410375,0.0,0.0,0.0007557427701495164,0.0011058619797981032,0.03323961836963027,0,2
539,0.20000000000004547,0.0,1.0,0.2808880308880309,0.0,0.6000000000000001,0.23529411764705882,0.3333333333333333,0.0,0.0,0.0,0.0,0.0,0.0,0.0,0.0,0.016851226978746324,0.00032209080701964813,0.0008043294090493882,9.89901386388269e-06,0.1867002670777186,0.04291807366983406,0.0,0.652510983777681,0.4953860890143534,0.580754716981132,0.24497549019607845,0.39074324571345015,0.024688263675668905,0.030303030303030304,0.5,1.0,1.0,0.0,0.10000000000000002,0.0038181554267120816,0.0,0.0,0.0,0.0,0.007112838706389953,0.00410324836705678,0.0,0.0,0.012228466498610133,0.0032313944404439333,0.03318295545357278,0,4
12467,0.6000000000000227,0.0,0.0,0.02316602316602317,0.0,0.6000000000000001,0.029411764705882346,0.0,0.0,0.0,0.0,0.0,0.0,0.0,0.0,0.0,0.009770786935533304,0.0,0.0008043294090493882,9.89901386388269e-06,0.004096179790878291,0.0015210800133460146,0.0,0.6539907768480304,0.4938658217995195,0.20339622641509433,0.2450980392156863,0.39068840712170516,0.1342189360235604,0.24242424242424243,1.0,0.0,1.0,1.0,0.55,0.0,0.0,0.0,0.0,0.0,0.0,0.0036354330375410375,0.0,0.001540041067761807,0.0003878227742017016,0.0010825576210823542,0.03312156029362849,1,2
10827,0.8000000000000114,0.0,1.0,0.03861003861003861,0.0,1.0,0.23529411764705882,0.0,0.0,0.0,0.0,0.0,0.0,0.0,0.0,0.0,0.011357737488198402,0.0,0.0012183227165708437,9.89901386388269e-06,0.007974373842289667,0.0018331241266608246,1.9138585739852814e-06,0.6539985618514133,0.49374731232896585,0.580754716981132,0.2433823529411765,0.4028686676659477,0.11278902186853813,0.020202020202020204,0.29999999999999716,0.0,1.0,0.0,0.5,0.0,0.0,0.0,0.0,0.0,1.5214434993345039e-05,0.0036637516901176694,0.0,0.0,0.0015610889940706094,0.0011640647827352952,0.03325053130102539,1,4
12349,0.20000000000004547,0.0,0.0,0.02316602316602317,0.0,0.2,0.5294117647058824,0.0,0.0,0.0,0.0,1.0,0.0,0.0,0.0,0.0,0.009770786935533304,0.0,0.0008043294090493882,9.89901386388269e-06,0.00013845528725676333,0.006499492460872951,0.0,0.6540520142140875,0.49393756781550047,0.20339622641509433,0.2450980392156863,0.39068840712170516,0.1342189360235604,0.020202020202020204,0.9499999999999957,0.0,1.0,0.0,0.6,0.0,0.0,0.0,0.0,0.0,0.0,0.0036354330375410375,0.0,0.001437705338809035,5.7303628905792325e-06,0.0010825576210823542,0.03312156029362849,1,1
9389,0.4000000000000341,0.0,0.0,0.05791505791505792,0.0,0.6000000000000001,0.5588235294117647,0.0,0.0,0.0,0.0,0.0,0.0,0.0,0.0,0.0,0.009770786935533304,0.0,0.0008047192773090046,9.89901386388269e-06,0.000409581828882279,0.00010703403940065924,0.0,0.6541017286354007,0.4939912000285082,0.580754716981132,0.2450980392156863,0.39068840712170516,0.06504166927752367,0.020202020202020204,0.14999999999999858,0.0,1.0,0.0,0.45,0.0,0.0,0.0,0.0,0.0,2.9380844773371773e-05,0.0036354330375410375,0.0,3.0929158110882956e-05,0.0,0.0010827031035534713,0.03313371333086397,1,2
11217,0.20000000000004547,1.0,1.0,0.10231660231660232,0.0,1.0,0.23529411764705882,0.0,0.0,0.0,0.0,0.0,0.0,0.0,0.0,0.0,0.009770786935533304,0.0,0.0008043294090493882,9.89901386388269e-06,0.0,0.0,4.38665084514581e-05,0.653949059474283,0.49381694550786503,0.580754716981132,0.2450980392156863,0.40287476084280827,0.1342189360235604,0.020202020202020204,0.3999999999999986,0.0,1.0,0.0,0.8,0.0,0.0,0.0,0.0,0.0,0.0,0.0036354330375410375,0.0,0.0,0.0013871315491780255,0.0014069791201094413,0.03312156029362849,1,4
8799,0.4000000000000341,1.0,0.0,0.10424710424710425,0.0,0.6000000000000001,0.38235294117647056,0.0,0.0,0.0,0.0,0.0,0.0,0.0,0.0,0.0,0.009816958680126203,0.0,0.0008043294090493882,9.89901386388269e-06,0.0,0.0,9.395305726836836e-06,0.6541153325950083,0.49400571156653217,0.3920754716981132,0.1832107843137255,0.3967815839822567,0.0890406667084404,0.24242424242424243,0.5499999999999972,0.0,1.0,1.0,0.55,1.667349390573275e-05,0.0,0.0,0.0,0.0,0.0,0.0036354330375410375,0.0,0.0,3.609616981521115e-05,0.0010895384499937078,0.03312156029362849,0,3
4856,0.8000000000000114,1.0,0.0,0.15830115830115832,0.4444444444444444,0.4,0.5,0.0,0.0,0.0,0.0,1.0,0.0,0.0,0.0,0.0,0.01070672792900688,0.0,0.0008043294090493882,9.89901386388269e-06,0.004943179106916402,0.001136322558047061,0.0,0.6542060159403671,0.49411694508296855,0.3820754716981132,0.20367647058823532,0.39645255243178695,0.11266370073312865,0.020202020202020204,0.5499999999999972,0.0,1.0,0.0,0.5,1.0699277848304078e-05,0.0,0.001026168351492148,0.00447371543847158,7.974460565306458e-05,0.0,0.0037376117713721064,0.0,0.0,0.0006291887289901617,0.0011402018407258435,0.03312156029362849,0,0
2279,0.8000000000000114,1.0,0.0,0.06756756756756757,0.0,0.6000000000000001,0.1764705882352941,0.0,0.0,0.0,0.0,0.0,0.0,0.0,0.0,0.0,0.009770786935533304,0.0,0.0008043294090493882,9.89901386388269e-06,0.0,0.0012549907321651832,0.0,0.6540949962325945,0.4939879257715204,0.580754716981132,0.2450980392156863,0.40287476084280827,0.1342189360235604,0.24242424242424243,0.14999999999999858,0.0,0.0,0.0,0.5,0.0,0.01093353692139775,0.0,0.0,0.0,0.0,0.0036354330375410375,0.008995546366928914,0.0,0.0005171652508747757,0.0010847203778727385,0.03312156029362849,0,3
3052,0.20000000000004547,0.0,1.0,0.03861003861003861,0.0,0.6000000000000001,0.23529411764705882,0.0,0.0,0.0,0.0,0.0,0.0,0.0,0.0,0.0,0.009770786935533304,0.0,0.0008043294090493882,9.89901386388269e-06,0.0007819289460479872,0.0007488227709932767,0.0,0.654090718903843,0.4939828822124164,0.20339622641509433,0.2450980392156863,0.39068840712170516,0.1339682937527414,0.25252525252525254,0.8999999999999986,0.0,1.0,0.0,0.10000000000000002,0.0,0.0,0.0,0.0,0.0,0.0,0.0036354330375410375,0.0,0.0,0.0001921462306747349,0.0010825576210823542,0.03312156029362849,0,4
7744,0.6000000000000227,1.0,1.0,0.03474903474903475,0.0,0.4,0.32352941176470584,0.0,0.0,0.0,0.0,0.0,0.0,0.0,0.0,0.0,0.009770786935533304,5.027178737471691e-05,0.004241595122592126,2.1012630655849146e-05,0.0,0.0,0.0,0.649407223495941,0.49701110916229096,0.580377358490566,0.24325980392156868,0.39699484517237604,0.13284040353405605,0.030303030303030304,0.14999999999999858,0.0,0.0,0.0,0.10000000000000002,8.597440017190535e-05,0.0,0.07339971822963529,0.5643935498332081,0.0,0.012072238571014006,0.006263400227219237,0.0,0.0,0.0,0.003595148451485071,0.03401576589214484,0,4
7187,0.6000000000000227,0.0,0.0,0.08687258687258688,0.0,0.6000000000000001,0.6470588235294117,0.0,0.0,0.0,0.0,1.0,0.0,0.0,0.0,0.0,0.020352574244067483,0.005400065109985003,0.0008043294090493882,9.89901386388269e-06,0.0,0.0,0.0,0.6527332166835432,0.4953069509798996,0.580754716981132,0.24460784313725495,0.39618445264992264,0.09198571339056333,0.030303030303030304,0.5,1.0,1.0,0.0,0.10000000000000002,0.0005282496882324801,0.0,0.008355524639785068,0.036427004909264316,0.00039845695205411544,0.0,0.00404302146203308,0.0,0.0,0.0,0.002704714039965317,0.03312580641602587,0,1
5105,0.6000000000000227,0.0,1.0,0.03861003861003861,0.0,0.6000000000000001,0.32352941176470584,0.0,0.0,0.0,0.0,0.0,0.0,0.0,0.0,0.0,0.010683747402933427,0.0,0.0008043294090493882,9.89901386388269e-06,0.001299238387469471,0.00029858175742746013,7.938163403461678e-06,0.653975377139249,0.49384188032373566,0.580754716981132,0.2450980392156863,0.4028625744890872,0.13371765148192244,0.020202020202020204,0.0,0.0,1.0,0.0,0.4,0.0001328991517502542,0.0,0.0,0.0,1.978354888036774e-05,0.0,0.0037057879385238293,0.0,0.0,0.0019866196026504974,0.0013565665936997326,0.03312156029362849,0,4
6846,0.0,1.0,0.0,0.10231660231660232,0.0,0.4,0.5588235294117647,0.0,0.0,0.0,0.0,0.0,0.0,0.0,0.0,0.0,0.009770786935533304,0.0,0.0008043294090493882,9.89901386388269e-06,0.0,0.0,0.0,0.6541034548075769,0.4939930570581975,0.580754716981132,0.2450980392156863,0.40285038813536606,0.1312112287737327,0.25252525252525254,0.29999999999999716,0.0,1.0,0.0,0.6,6.471162211296603e-05,0.0,0.0,0.0,0.0,0.0,0.0036354330375410375,0.0,0.0,2.0465581752068688e-07,0.001115219005881657,0.03312156029362849,0,3
10406,0.6000000000000227,0.0,1.0,0.03861003861003861,0.0,0.6000000000000001,0.2647058823529412,0.0,0.0,0.0,0.0,0.0,0.0,0.0,0.0,0.0,0.009770786935533304,0.0,0.0008043294090493882,9.89901386388269e-06,0.0,0.003699737941115489,0.0,0.6541339957962916,0.49402858788983534,0.3920754716981132,0.1655637254901961,0.39679377033597785,0.09348956701547717,0.020202020202020204,0.14999999999999858,0.0,1.0,0.0,0.05,8.926700788537456e-05,0.0,0.0,0.0,0.0004585588727033339,0.0,0.003643967662654119,0.0,0.0,0.005061701170784768,0.001340129800710839,0.033158763468839135,1,4
6375,0.0,0.0,0.0,0.03474903474903475,0.0,0.6000000000000001,0.5294117647058824,0.0,0.0,0.0,0.0,1.0,0.0,0.0,0.00010107547448166756,0.0,0.009770786935533304,0.0,0.0008091637754686315,9.89901386388269e-06,0.002152021736395593,0.0003874997870537842,0.0,0.6540866519626792,0.4939780898026035,0.27999999999999997,0.15330882352941178,0.39316223692708907,0.08722351024500283,0.04040404040404041,0.3500000000000014,0.0,1.0,0.0,0.0,1.099798865117551e-06,0.0,0.0,0.0,0.0,0.0,0.003659955949366466,0.0,0.0005700205338809035,0.0001431311623785304,0.0011017361266581044,0.03312241348644666,0,1
10121,0.8000000000000114,1.0,0.0,0.06756756756756757,0.0,1.0,0.029411764705882346,0.0,0.0,0.0,0.0,0.0,0.0,0.0,0.0,0.0,0.009770786935533304,0.0,0.0009212898869343061,9.89901386388269e-06,0.0,0.00010936086634415184,0.0,0.6540374083457159,0.4939147858187471,0.580566037735849,0.2450980392156863,0.4014611438111603,0.12588508051882952,0.25252525252525254,0.14999999999999858,0.0,1.0,0.0,0.85,0.0,0.0,0.0,0.0,0.0,0.0,0.0036354330375410375,0.0,0.0,0.0010537728044140166,0.0010824778163878062,0.03316368420881367,1,3
11431,0.20000000000004547,0.0,1.0,0.02316602316602317,0.0,0.4,0.2647058823529412,0.0,0.0,0.0,0.0,0.0,0.0,0.0,0.0,0.0,0.009770786935533304,0.0,0.0008043294090493882,9.89901386388269e-06,0.0002505209244619765,0.002911442213045106,0.0,0.65384344126075,0.49369320266058225,0.20339622641509433,0.2450980392156863,0.39068840712170516,0.1342189360235604,0.020202020202020204,0.6000000000000014,0.0,1.0,0.0,0.55,0.0072129222347633234,0.0,0.0,0.0,0.0,0.0,0.0036354330375410375,0.0,0.0020538501026694045,0.0004805062775613827,0.0010825576210823542,0.03312156029362849,1,4
1527,0.20000000000004547,0.0,0.0,0.15830115830115832,0.0,0.6000000000000001,0.5588235294117647,0.0,0.0,0.0,0.0,0.0,0.0,0.0,0.0,0.0,0.009770786935533304,0.0,0.0008043294090493882,9.89901386388269e-06,0.0,0.0,0.0,0.6540957629048432,0.4939892187827861,0.580754716981132,0.2450980392156863,0.3985790711561194,0.09474277836957204,0.020202020202020204,0.5,1.0,1.0,0.0,0.45,0.0,0.0,6.9560483596579444e-06,0.0,0.0,4.7956188209427237e-05,0.003652014224691402,0.0,0.0,6.137116327901598e-05,0.0010951154598030153,0.03319380885988756,0,2
8920,0.4000000000000341,0.0,0.0,0.10231660231660232,0.0,0.6000000000000001,0.029411764705882346,0.0,0.0,0.0,0.0,0.0,0.0,0.0,0.0,0.0,0.009770786935533304,0.0,0.0008043294090493882,9.89901386388269e-06,0.0018042567590039317,0.0007393492612947711,0.0,0.6541241069170318,0.49402063573468985,0.28320754716981134,0.14803921568627454,0.3932658209337185,0.08333855504730875,0.24242424242424243,0.9499999999999957,0.0,0.0,1.0,0.05,0.0,8.830933667282799e-05,0.0,0.0,0.0,0.0,0.0036511331196696062,0.019304096951613555,0.0,0.00047551779200931594,0.0010971851772072713,0.03312156029362849,0,2
3986,0.6000000000000227,1.0,0.0,0.10231660231660232,0.4444444444444444,0.6000000000000001,0.5,0.0,0.0,0.0,0.0,1.0,0.0,0.0,0.0,0.0,0.009770786935533304,0.0,0.0008043294090493882,9.89901386388269e-06,0.005819460089450068,0.0013377592905837053,0.00016787584468854985,0.6541850759146701,0.494093262908153,0.30283018867924527,0.08897058823529412,0.39389951132721585,0.054389372767717284,0.020202020202020204,0.44999999999999574,0.0,1.0,0.0,0.35000000000000003,2.1052322720552627e-05,0.0,0.0,0.0,0.0,0.0017582610587439814,0.0036354330375410375,0.0,0.0,0.00041112795542186983,0.0011515005497254435,0.03312156029362849,0,0
3195,0.0,0.0,0.0,0.0,0.0,0.0,0.7941176470588235,0.3333333333333333,0.0,0.0,0.0,0.0,0.0,0.0,0.0,0.0,0.009770786935533304,0.0,0.0008043294090493882,9.89901386388269e-06,0.00013050224203574822,0.00034636481073132587,0.0,0.6541036731468215,0.4939980916892742,0.3920754716981132,0.23394607843137258,0.39671455903679065,0.12851682436242873,0.24242424242424243,0.5,0.0,0.0,0.0,0.55,0.0,0.0006026060926293453,0.0,0.0,0.0,0.0,0.003635504499713037,0.005157248860717826,0.0,0.0002451265054354027,0.0010860499934792947,0.03312156029362849,0,2
11595,0.4000000000000341,0.0,0.0,0.02316602316602317,0.0,0.6000000000000001,0.029411764705882346,0.0,0.0,0.0,0.0,0.0,0.0,0.0,0.0,0.0,0.009770786935533304,0.0,0.0008043294090493882,9.89901386388269e-06,0.0,0.0,0.0,0.6540632426162089,0.49395064038842024,0.20339622641509433,0.14669117647058827,0.39068840712170516,0.08377717902124195,0.020202020202020204,0.6000000000000014,0.0,1.0,0.0,0.35000000000000003,0.0,0.0,0.0,0.0,0.0,4.589627658324988e-06,0.0036354330375410375,0.0,0.00012833675564681725,0.00024382182459870832,0.0010825576210823542,0.03312156029362849,1,2
4308,0.0,0.0,0.0,0.0694980694980695,0.0,0.8,0.5294117647058824,0.0,0.0,0.0,0.008039924025175971,1.0,0.0,0.0,0.0,0.0,0.010569025366091294,0.0,0.001205768958611196,9.89901386388269e-06,0.007063027160372434,0.0016236266007842238,0.0,0.6540106457192848,0.4943923925828523,0.5679245283018868,0.16875,0.39071277982914737,0.013346700921110346,0.020202020202020204,0.10000000000000142,1.0,1.0,0.0,0.5,0.00047206490176511675,0.0,0.0,0.0,0.0,0.0016049964059962941,0.004029149555029949,0.0,0.0,0.0008292142086394431,0.00141664217984774,0.03313821243485278,0,1
4335,0.8000000000000114,1.0,1.0,0.31660231660231664,0.0,0.6000000000000001,0.23529411764705882,0.0,0.0,0.0,0.0,1.0,0.0,0.0,0.0,0.0,0.009770786935533304,0.000591563737173465,0.0008909581363361508,6.879713418487796e-05,0.02804026843696633,0.006445809239248086,0.0,0.653664972948957,0.4943497659103447,0.580754716981132,0.2450980392156863,0.39784788993285325,0.13102324707061846,0.020202020202020204,0.3999999999999986,0.0,1.0,0.0,0.15000000000000002,3.7522150169782124e-05,0.0,0.0,0.0,0.0,0.0001956916044868489,0.00387243458243226,0.0,0.0,0.0010540542061631077,0.0013983665082511806,0.03313247322502361,0,0
6175,0.8000000000000114,0.0,0.0,0.10231660231660232,0.0,0.6000000000000001,0.029411764705882346,0.0,0.0,0.0,0.0,0.0,0.0,0.0,0.0,0.0,0.009770786935533304,0.0,0.0008043294090493882,9.89901386388269e-06,0.0,0.0001275599770807546,0.0,0.6541453133232336,0.4940431409625953,0.47056603773584904,0.18602941176470592,0.3993163455562462,0.10351525784823612,0.04040404040404041,0.9499999999999957,0.0,1.0,0.0,0.45,0.0,0.0,0.0003348984442142564,0.0,0.0,0.00012005309512563473,0.0036811067890318307,0.0,0.0,5.067789681356009e-05,0.001191911019933491,0.03312156029362849,0,2
7319,0.8000000000000114,1.0,0.0,0.10231660231660232,0.4444444444444444,0.6000000000000001,0.5,0.0,0.0,0.0,0.0,1.0,0.0,0.0,0.0,0.0,0.010213557110783518,0.0,0.0008823030609726669,9.89901386388269e-06,0.005195507541655882,0.0011943270297098405,0.0,0.6541891186695442,0.4940954859869638,0.29981132075471695,0.1806372549019608,0.3934851753006983,0.10119681684316062,0.24242424242424243,0.5,0.0,1.0,0.0,0.35000000000000003,0.00035575098845611053,0.0,0.0,0.0,0.0,0.0,0.0036354330375410375,0.0,0.0,0.0007771037211032381,0.0011178149881567302,0.03317905160038734,0,0
3310,0.6000000000000227,1.0,1.0,0.5405405405405406,0.0,0.6000000000000001,0.23529411764705882,0.0,0.0,0.0,0.0,0.0,0.0,0.0,0.0,0.0,0.01284916911552741,0.0009980264695200745,0.0012097923990504371,0.0003742394055247429,0.0903755138751719,0.027356753677529207,0.0,0.6517597185267735,0.49644458118662893,0.580754716981132,0.24325980392156868,0.3929246030295276,0.07788708565699606,0.030303030303030304,0.0,1.0,0.0,0.0,0.2,0.01055487154176139,0.0,0.029842556398178323,0.13010253637997796,0.014294396643157478,0.0,0.006498048624875334,0.0,0.0,0.014243840243622286,0.002547276627332476,0.03333372752164312,0,4
6837,0.4000000000000341,1.0,0.0,0.10231660231660232,0.4444444444444444,0.6000000000000001,0.5,0.0,0.0,0.0,0.0,1.0,0.0,0.0,0.0,0.0,0.009770786935533304,0.0,0.0008043294090493882,1.077960098674342e-05,0.0021516602343400926,0.0004959465428129925,0.0,0.653746184214403,0.4939233411980016,0.4171698113207547,0.10882352941176474,0.3916998744805567,0.06447772416818097,0.020202020202020204,0.7999999999999972,0.0,1.0,0.0,0.05,7.42703678048519e-06,0.0,0.0004268392573158222,0.0018586641702815906,0.0,8.087863542780569e-05,0.0037117000589842485,0.0,0.0,0.0023530558439212876,0.0011349122269531753,0.03312156029362849,0,0
3045,0.0,0.0,0.0,0.02364864864864865,0.0,0.0,0.7941176470588235,0.3333333333333333,0.0,0.0,0.0,0.0,0.0,0.0,0.0,0.0,0.009770786935533304,0.0,0.0008043294090493882,9.89901386388269e-06,0.00031848331089610573,0.0009161881090002081,0.0,0.6541024923257781,0.4939967082332097,0.20339622641509433,0.2450980392156863,0.39068840712170516,0.1342189360235604,0.04040404040404041,0.9499999999999957,0.0,1.0,0.0,0.9,0.0,0.0,0.0,0.0,0.0,0.0,0.0036363137499135366,0.0,0.00013257186858316224,0.00014246603097158814,0.0010825576210823542,0.03312156029362849,0,2
2114,0.6000000000000227,1.0,0.0,0.03861003861003861,0.537037037037037,0.6000000000000001,0.5,0.0,0.0,0.0,0.0,1.0,0.0,0.0,0.0,0.0,0.009850067493067655,5.019540306570388e-06,0.0008043294090493882,4.131674293698276e-05,0.017720469258588206,0.004123968353491549,0.0009007096913818231,0.6540829746527016,0.49407721497307416,0.580754716981132,0.24473039215686276,0.400419210568006,0.13002067798734257,0.020202020202020204,0.7999999999999972,0.0,1.0,0.0,0.10000000000000002,0.0,0.0,0.0,0.0,0.0,0.0,0.003771100437238394,0.0,0.0,0.0013827314491013309,0.0011707666917607968,0.03312156029362849,0,0
11484,0.8000000000000114,0.0,1.0,0.02316602316602317,0.0,0.8,0.23529411764705882,0.0,0.0,0.0,0.0,0.0,0.0,0.0,0.0,0.0,0.009770786935533304,0.0,0.0008043294090493882,9.89901386388269e-06,0.0,0.0,0.0,0.6539709404460414,0.4938236256132003,0.20339622641509433,0.2450980392156863,0.39068840712170516,0.12055893226392633,0.020202020202020204,0.6000000000000014,0.0,1.0,0.0,0.8,4.983039302446188e-06,0.0,0.0,0.0,1.729495372848604e-05,0.0,0.0036354330375410375,0.0,0.0,0.002046558175206869,0.0010825576210823542,0.03312156029362849,1,4
4081,0.8000000000000114,0.0,0.0,0.15830115830115832,0.0,0.6000000000000001,0.029411764705882346,0.0,0.0,0.0,0.0,0.0,0.0,0.0,0.0,0.0,0.009770786935533304,0.0,0.0008043294090493882,9.89901386388269e-06,0.003386551255930441,0.0009845802009464369,0.0,0.6541316086426391,0.4940207991564079,0.3920754716981132,0.18578431372549023,0.3967815839822567,0.10063287173381792,0.020202020202020204,0.9499999999999957,0.0,1.0,0.0,0.55,4.472515384811374e-05,0.0,0.00042068970731670436,0.0,0.0003186340886918722,0.0,0.0037319069697403454,0.0,0.0,0.0008060369373052253,0.0011268615194535458,0.03312156029362849,0,2
2763,0.6000000000000227,1.0,0.0,0.08687258687258688,0.8888888888888888,0.6000000000000001,0.5,0.0,0.0,0.0,0.0,1.0,0.0,0.0,0.0,0.0,0.009924321530819076,0.0005257968471132482,0.0017094319658444218,7.023441431644373e-05,0.07230041110013752,0.03701682503632551,0.0,0.6595690125647158,0.5003153045430365,0.37169811320754714,0.1692401960784314,0.3961296140581777,0.09518140234350525,0.030303030303030304,0.14999999999999858,0.0,1.0,0.0,0.05,0.011045028813745878,0.0,0.0,0.0,0.0,0.0034994284648707367,0.008231143723116747,0.0,0.0,0.008235810572621861,0.00421439159092259,0.03424276478601011,0,0
2950,0.4000000000000341,1.0,1.0,0.015444015444015444,0.0,0.6000000000000001,0.32352941176470584,0.0,0.0,0.0,0.0,0.0,0.0,0.0,0.0,0.0,0.009970688918397537,0.0,0.0008043294090493882,9.89901386388269e-06,0.0,0.0,0.0,0.6540908819128086,0.4939841263136192,0.580754716981132,0.2450980392156863,0.4026188474146651,0.13415627545585562,0.020202020202020204,0.14999999999999858,0.0,1.0,0.0,0.5,4.051604708037991e-05,0.0,2.0162459013501287e-07,8.790088296436938e-07,1.9799200422203473e-05,0.0,0.0036363667575685914,0.0,0.0,0.00017920175021655146,0.0010902021672980543,0.03312156029362849,0,4
6412,0.20000000000004547,0.0,0.0,0.03474903474903475,0.0,0.6000000000000001,0.029411764705882346,0.0,0.0,0.0,0.0,0.0,0.0,0.0,0.0,0.0,0.009770786935533304,0.0,0.0008043294090493882,9.89901386388269e-06,0.0,1.063692317025185e-05,0.0001014562528141061,0.654084805190374,0.49397113254024516,0.43207547169811317,0.1920343137254902,0.3981220828915781,0.10439250579610253,0.24242424242424243,0.44999999999999574,0.0,1.0,0.0,0.45,4.141217948899421e-06,0.0,0.0,0.0,0.0,0.0,0.0036354330375410375,0.0,0.0,0.0003562034503947555,0.001103964214248125,0.03312156029362849,0,2
1986,0.8000000000000114,1.0,0.0,0.10231660231660232,0.4444444444444444,0.6000000000000001,0.5,0.0,0.0,0.0,0.0,1.0,0.0,0.0,0.0,0.0,0.009770786935533304,0.0,0.0008043294090493882,9.89901386388269e-06,0.0030807205169768597,0.0007081864004444239,0.0,0.6541076121988374,0.4940139754262848,0.2916981132075471,0.11715686274509807,0.3932353550494157,0.06861332163669404,0.020202020202020204,0.5,0.0,1.0,0.0,0.10000000000000002,0.0,0.0,0.0007794806654619598,0.0033982481354025203,0.0,0.0001703944441653726,0.0036840905310374576,0.0,0.0,0.0002762597716757372,0.0010970991764960658,0.03312156029362849,0,0
303,0.6000000000000227,0.0,1.0,0.0637065637065637,0.0,0.6000000000000001,0.23529411764705882,0.0,0.0,0.0,0.0,0.0,0.0,0.0,0.0,0.0,0.009770786935533304,0.0,0.0008658662151472397,9.89901386388269e-06,0.0022590263448237966,0.0006643921933294026,0.0,0.6540933061741931,0.49398554936354416,0.580754716981132,0.2450980392156863,0.402838201781645,0.13378031204962718,0.020202020202020204,0.14999999999999858,0.0,1.0,0.0,0.4,0.00011209801765938891,0.0,0.0,0.0,0.00010475576950656747,0.0,0.0036354330375410375,0.0,0.0,0.0002015603982806865,0.0011668418869692993,0.03312156029362849,0,4
12179,0.6000000000000227,0.0,1.0,0.06756756756756757,0.0,0.2,0.23529411764705882,0.0,0.0,0.0,0.0,0.0,0.0,0.0,0.0,0.0,0.009770786935533304,0.0,0.0008043294090493882,9.89901386388269e-06,0.0010244968252889487,0.0007109287321992545,0.0,0.6540792642108203,0.49396929802471173,0.3918867924528302,0.23713235294117652,0.39677549080539615,0.12933141174259039,0.25252525252525254,0.7999999999999972,0.0,1.0,1.0,0.35000000000000003,8.608302228204041e-06,0.0,0.0,0.0,0.0,0.0,0.0036354330375410375,0.0,0.0,0.0005177792183273378,0.001082781916885354,0.03312156029362849,1,4
8427,0.8000000000000114,0.0,1.0,0.03474903474903475,0.0,0.6000000000000001,0.23529411764705882,0.0,0.0,0.0,0.0,0.0,0.0,0.0,0.0,0.0,0.009770786935533304,0.0,0.0008043294090493882,9.89901386388269e-06,0.0,0.0,0.0,0.654064921741082,0.4939526903411354,0.3122641509433962,0.2450980392156863,0.3942041701702434,0.1342189360235604,0.24242424242424243,0.9499999999999957,0.0,1.0,0.0,0.35000000000000003,2.065177868942957e-05,0.0,0.0,0.0,0.0,0.0,0.0036354330375410375,0.0,0.0,0.001537707066918871,0.00109613239962497,0.03312156029362849,0,4
7289,0.20000000000004547,0.0,0.0,0.02364864864864865,0.0,0.0,0.7941176470588235,0.3333333333333333,0.0,0.0,0.0,0.0,0.0,0.0,0.0,0.0,0.010043347713343597,1.6193473510761863e-05,0.0008043294090493882,9.89901386388269e-06,0.00264981006682004,0.0005944211831000897,0.0,0.6537432802030547,0.4939004800135274,0.580754716981132,0.24497549019607845,0.39336940494034783,0.08233598596403285,0.020202020202020204,0.14999999999999858,1.0,1.0,0.0,0.45,0.0001408149880263472,0.0,0.0,0.0,0.00023112631828828354,0.0,0.0036659536673735657,0.0,0.0010604979466119096,0.0007897412178351406,0.0012424325466682375,0.03312156029362849,0,2
4482,0.8000000000000114,1.0,0.0,0.10231660231660232,0.4444444444444444,0.6000000000000001,0.5,0.0,0.0,0.0,0.0,1.0,0.0,0.0,0.0,0.0,0.009770786935533304,0.0,0.0008043294090493882,9.89901386388269e-06,0.00047284468859489935,0.001161585250576409,0.0,0.6541044911735208,0.4939980357920595,0.569811320754717,0.24460784313725495,0.4025335429386174,0.13315370637257973,0.020202020202020204,0.9499999999999957,0.0,1.0,0.0,0.5,9.097101723811842e-07,0.0,8.064983605400514e-06,0.0,6.730162989365607e-07,0.0,0.0036422576749669884,0.0,0.0,0.00033404945814814117,0.0011052733086475118,0.03315871882502888,0,0
892,0.20000000000004547,0.0,0.0,0.02316602316602317,0.0,0.6000000000000001,0.0,0.0,0.0,0.0,0.0,0.0,0.0,0.0,0.0,0.0,0.010074214156681287,3.7100950092042e-05,0.0008043294090493882,4.475811789988676e-05,0.028411169545910036,0.006531070826534636,0.0,0.6539985201052148,0.4944496456932142,0.580754716981132,0.24375000000000005,0.3957640234465446,0.1290807694717714,0.030303030303030304,0.5499999999999972,1.0,1.0,0.0,0.2,0.0,0.0,2.238032950498643e-05,0.0,0.0,8.022813701953916e-06,0.003966480764030069,0.0,0.0,0.0007535938840655493,0.0012238586731819882,0.03314333655218512,0,2
4539,0.6000000000000227,0.0,0.0,0.06756756756756757,0.0,0.6000000000000001,0.47058823529411764,0.0,0.0,0.0,0.0,0.0,0.0,0.0,0.0,0.0,0.009770786935533304,0.0,0.0008043294090493882,9.89901386388269e-06,0.0,0.0,0.0,0.6541102435346193,0.49400578958972774,0.2788679245283019,0.07977941176470589,0.3931256778659258,0.04968983018986152,0.24242424242424243,0.75,0.0,0.0,0.0,0.05,0.0,0.0,0.0,0.0,0.0,0.0,0.0036361998816174935,0.0032065107708439226,0.0,1.5605006085952374e-06,0.0010854170579857026,0.03312156029362849,0,2
1729,0.6000000000000227,1.0,0.0,0.33976833976833976,1.0,0.4,0.5,0.0,0.0,0.0,0.0,1.0,0.0,0.0,0.0,0.0,0.04577493546979487,0.0,0.0008043294090493882,9.89901386388269e-06,0.06308066267664798,0.0145006193099213,0.0013509884176976328,0.6543833740020712,0.4942128965338029,0.4132075471698113,0.1526960784313726,0.39747011296749907,0.08659690456795541,0.020202020202020204,0.6499999999999986,0.0,1.0,0.0,0.5,0.00013465068327618216,0.0,0.0018430503784241526,0.008035019711773006,0.0021075740174325936,0.0,0.005465251007635865,0.0,0.0,0.01816883183994278,0.00419348880826327,0.03314631280620197,0,0
4701,0.8000000000000114,1.0,0.0,0.10424710424710425,0.2962962962962963,0.6000000000000001,0.5,0.0,0.0,0.0,0.0,1.0,0.0,0.0,0.0,0.0,0.009770786935533304,0.0,0.0008043294090493882,9.89901386388269e-06,0.00031522979239659955,7.246403909734072e-05,0.0,0.6541003423965551,0.49399390560897116,0.4560377358490566,0.17340686274509806,0.3988471709379837,0.09662259540071434,0.24242424242424243,0.0,0.0,0.0,0.0,0.35000000000000003,0.0,0.023154077294639263,0.0,0.0,0.0,0.0,0.0036354330375410375,0.01738919615333016,0.0,4.5433591489592484e-05,0.0010857962542051387,0.03312156029362849,0,0
11399,0.8000000000000114,0.0,0.0,0.10424710424710425,0.0,0.8,0.5588235294117647,0.0,0.0,0.0,0.0,0.0,0.0,0.0,0.0,0.0,0.009770786935533304,0.0,0.0008043294090493882,9.89901386388269e-06,0.0011965718037072759,0.0010125852252306155,0.0,0.6537032578574942,0.493528768970027,0.5077358490566037,0.2450980392156863,0.4005045150440537,0.13415627545585562,0.020202020202020204,0.6999999999999957,0.0,1.0,0.0,0.55,0.0,0.0,0.0,0.0,0.0,0.0,0.003636181034451252,0.0,0.005030800821355237,0.006445583808859653,0.0010829513407648354,0.03312156029362849,1,2
12204,0.6000000000000227,1.0,1.0,0.02316602316602317,0.0,0.6000000000000001,0.23529411764705882,0.0,0.0,0.0,0.0,0.0,0.0,0.0,0.0,0.0,0.009770786935533304,0.0,0.0008043294090493882,9.89901386388269e-06,0.00021039419630140016,0.0053362451910511895,0.0,0.6539840729386611,0.4938579674644998,0.2788679245283019,0.24264705882352944,0.3931256778659258,0.13296572466946552,0.04040404040404041,0.7999999999999972,0.0,1.0,0.0,0.35000000000000003,2.8173859816282945e-06,0.0,0.0,0.0,0.0,0.0,0.0036354330375410375,0.0,0.0017967145790554417,0.0017028643116580651,0.0010830731296682544,0.03312156029362849,1,4
4948,0.6000000000000227,0.0,0.0,0.03474903474903475,0.0,0.8,0.5588235294117647,0.0,0.0,0.0,0.0,0.0,0.0,0.0,0.0,0.0,0.009770786935533304,0.0,0.0008043294090493882,9.89901386388269e-06,0.0,0.0,0.0,0.6541048413777415,0.4939966507832945,0.5175471698113208,0.2450980392156863,0.4008335465945235,0.12087223510245006,0.25252525252525254,0.29999999999999716,0.0,1.0,1.0,0.5,0.0,0.0,0.0,0.0,0.0,0.0,0.0036354330375410375,0.0,0.0,3.440775932066548e-05,0.0010863077477722448,0.03312156029362849,0,2
6338,0.6000000000000227,0.0,0.0,0.10231660231660232,0.0,0.2,0.0,0.0,0.0,0.0,0.0,0.0,0.0,0.0,0.0,0.0,0.009941357520023496,0.0,0.0008043294090493882,9.89901386388269e-06,0.0010845061665020626,0.0003842588495253481,0.0,0.654145391183207,0.4940467599190739,0.2858490566037736,0.11470588235294119,0.3933511254097662,0.06742277085030392,0.24242424242424243,0.6000000000000014,0.0,0.0,1.0,0.05,0.0,4.268284605853353e-05,0.0,0.0,0.0,0.0,0.0036943210084629885,0.025879467603049783,0.0,0.00013103088716761977,0.0010984550632132499,0.03312156029362849,0,2
10118,1.0,0.0,0.0,0.02316602316602317,0.0,0.6000000000000001,0.0,0.0,0.0605324,0.0,0.0,0.0,0.0,0.0,0.0,0.0,0.009770786935533304,0.0,0.0008043294090493882,9.89901386388269e-06,0.0,0.0004778305330386573,0.0,0.6538335987661552,0.49368095690063035,0.580754716981132,0.2450980392156863,0.40287476084280827,0.1339682937527414,0.25252525252525254,0.14999999999999858,0.0,1.0,0.0,0.75,0.0,0.0,0.0,0.0,0.0,0.0,0.0036354330375410375,0.0,0.0038842659137577006,0.0004432077548182375,0.0010845113490547825,0.03312156029362849,1,2
8695,0.8000000000000114,1.0,0.0,0.03861003861003861,0.0,0.6000000000000001,0.029411764705882346,0.0,0.0,0.0,0.0,0.0,0.0,0.0,0.0,0.0,0.01025533441293146,0.0,0.0008043605985101575,1.1346415686515843e-05,0.008583504805808325,0.001973149248081718,0.00024599607193576725,0.6537393964813177,0.4942629641348463,0.580754716981132,0.24411764705882358,0.39291241667580645,0.13208847672159912,0.020202020202020204,0.14999999999999858,0.0,1.0,0.0,0.2,0.0,0.0,0.0028408904750023313,0.014668459844679141,4.030272022701497e-05,0.0,0.0038821663952509815,0.0,0.0,0.00307193498493989,0.0011957906185874557,0.03312156029362849,0,3
11548,0.6000000000000227,1.0,1.0,0.15830115830115832,0.0,0.8,0.23529411764705882,0.0,0.0,0.0,0.0,0.0,0.0,0.0,0.0,0.0,0.009770786935533304,0.0,0.0008043294090493882,9.89901386388269e-06,0.0,0.0001544846888554546,0.0,0.6541023939240245,0.4939963018138776,0.580754716981132,0.24497549019607845,0.39068840712170516,0.13415627545585562,0.020202020202020204,0.6000000000000014,0.0,1.0,0.0,0.4,0.0,0.0,0.0,0.0,0.0,0.0,0.003635825686837738,0.0,6.434804928131418e-05,0.0,0.001082602232402288,0.033125280611149555,1,4
1407,0.8000000000000114,0.0,0.0,0.03861003861003861,0.0,0.6000000000000001,0.029411764705882346,0.0,0.0,0.0,0.0,0.0,0.0,0.0,0.0,0.0,0.009770786935533304,0.0,0.0008083996336797834,9.89901386388269e-06,0.0,0.0,0.0,0.6540881256697503,0.4939694156417677,0.580754716981132,0.2450980392156863,0.4024360521088486,0.12707563130521962,0.020202020202020204,0.29999999999999716,0.0,1.0,0.0,0.4,4.990507072517974e-05,0.0,0.0,0.0,6.127578628689849e-05,0.0,0.0036386786766275637,0.0,0.0,0.00023691469075738514,0.0011464259129467223,0.03312156029362849,0,2
5825,0.20000000000004547,0.0,0.0,0.03581081081081081,0.0,0.0,0.7941176470588235,0.3333333333333333,0.0,0.0,0.0,0.0,0.0,0.0,0.0,0.0,0.010166030914752105,0.0,0.0008043294090493882,9.89901386388269e-06,0.00033041287872762846,7.595427951257961e-05,0.0,0.654137790724527,0.4940366665900642,0.40641509433962264,0.24485294117647063,0.3972873176616825,0.13371765148192244,0.24242424242424243,0.5,0.0,1.0,0.0,0.35000000000000003,0.000342370102263847,0.0,0.0,0.0,0.0,0.0,0.0036354330375410375,0.0,0.0,0.0002480940147894527,0.0011060587157190106,0.03313436810674768,0,2
3238,0.4000000000000341,1.0,0.0,0.015444015444015444,0.35185185185185186,0.4,0.5,0.0,0.0,0.0,0.0,1.0,0.0,0.0,0.0,0.0,0.010059029251109504,0.0,0.0008043294090493882,9.89901386388269e-06,0.0,0.00012897269343930368,2.1400418600017237e-05,0.6541134927804029,0.4940095964229559,0.46735849056603773,0.24497549019607845,0.39921276154961677,0.13415627545585562,0.24242424242424243,0.29999999999999716,0.0,1.0,1.0,0.35000000000000003,0.00023172490532751464,0.0,0.0,0.0,0.0,0.0,0.0036354330375410375,0.0,0.0,0.00013036575576067755,0.0010906635970505682,0.03312156029362849,0,0
5911,0.8000000000000114,0.0,0.0,0.05791505791505792,0.0,0.4,0.5294117647058824,0.0,0.0,0.0,0.0,1.0,0.0,0.0,0.0,0.0,0.0127335441110596,0.0,0.0021033704500912098,9.89901386388269e-06,0.0,0.005175278627138863,0.0005186991703357836,0.6529086411673548,0.4940610723232704,0.580566037735849,0.24497549019607845,0.3986948415164699,0.13014599912275207,0.030303030303030304,0.3999999999999986,0.0,1.0,0.0,0.8,0.0020793734209612336,0.0,0.0,0.0,0.0,0.0,0.004743085316703486,0.0,0.0,0.020050616500068306,0.0017664157467436646,0.03361761751104051,0,1
4682,0.6000000000000227,1.0,0.0,0.10424710424710425,0.2962962962962963,0.6000000000000001,0.5,0.0,0.0,0.0,0.0,1.0,0.0,0.0,0.0,0.0,0.009770786935533304,0.0,0.0008043294090493882,9.89901386388269e-06,0.0005350230421410176,0.0050792970157197935,0.0,0.6541000283061092,0.49399382137497394,0.580754716981132,0.2450980392156863,0.40287476084280827,0.1342189360235604,0.24242424242424243,0.44999999999999574,0.0,1.0,1.0,0.35000000000000003,2.138497793284127e-05,0.0,0.0,0.0,0.0,0.0,0.0036354330375410375,0.0,0.0,0.0015787917222861488,0.0010905315475435646,0.03312156029362849,0,0
9590,0.20000000000004547,0.0,0.0,0.04247104247104247,0.0,0.8,0.5588235294117647,0.0,0.0,0.0,0.0,0.0,0.0,0.0,0.0,0.0,0.009770786935533304,0.0,0.0008043294090493882,9.89901386388269e-06,0.0,0.0,0.0,0.654060351526303,0.4939473358537744,0.20339622641509433,0.2450980392156863,0.39068840712170516,0.1342189360235604,0.020202020202020204,0.3999999999999986,0.0,1.0,0.0,0.10000000000000002,0.0,0.0,0.0,0.0,0.0,0.0,0.0036354330375410375,0.0,0.0,0.0006658221203263647,0.0010825576210823542,0.03312156029362849,1,2
1775,0.6000000000000227,1.0,0.0,0.03861003861003861,0.537037037037037,0.6000000000000001,0.5,0.0,0.0,0.0,0.0,1.0,0.0,0.0,0.0,0.0,0.009770786935533304,0.0008216223638765596,0.0008043294090493882,9.89901386388269e-06,0.00011568065776022002,0.0010142472444759675,0.0,0.6540922247488604,0.4940484069460329,0.580754716981132,0.2450980392156863,0.401424584749997,0.13302838523717025,0.020202020202020204,0.14999999999999858,0.0,1.0,0.0,0.45,0.0005445837380440407,0.0,0.0,0.0,0.0005221667387237568,0.0,0.0036354330375410375,0.0,0.0,0.00047735969436700216,0.0011691911190770063,0.03312156029362849,0,0
12075,0.6000000000000227,0.0,0.0,0.15830115830115832,0.0,0.8,0.5588235294117647,0.0,0.0,0.0,0.0,0.0,0.0,0.0,0.0,0.0,0.009770786935533304,0.0,0.0008043294090493882,9.89901386388269e-06,0.023145530605487023,0.005320622210144882,0.0,0.654154133035965,0.49396943078059674,0.38452830188679243,0.22659313725490196,0.3965561364384163,0.11379159095181403,0.020202020202020204,0.7999999999999972,0.0,1.0,0.0,0.35000000000000003,0.0,0.0,0.0,0.0,0.0001929678592927641,0.0,0.003716964308105112,0.0,0.0,0.0025601419492750324,0.0012041936068101613,0.033162731807528274,1,2
12284,0.4000000000000341,0.0,1.0,0.02316602316602317,0.0,0.6000000000000001,0.23529411764705882,0.0,0.0,0.0,0.0,0.0,0.0,0.0,0.0,0.0,0.012509999425863085,0.0,0.0008043294090493882,9.89901386388269e-06,0.001618806204532079,0.0009053018829431536,0.0,0.6536683404756363,0.4934870696478387,0.42150943396226415,0.23872549019607847,0.39773211957250276,0.13083526536750426,0.020202020202020204,0.8999999999999986,0.0,1.0,0.0,0.75,0.0011035734834447446,0.0,0.0011160929186923637,0.0,0.0,0.00029995204381179054,0.0037240751868683575,0.0,0.004363449691991787,0.002491172938770561,0.0011336430844691957,0.03312156029362849,1,4
8139,0.4000000000000341,1.0,0.0,0.06756756756756757,0.0,0.6000000000000001,0.029411764705882346,0.0,0.0,0.0,0.0,0.0,0.0,0.0,0.0,0.0,0.009770786935533304,0.0,0.0008043294090493882,9.89901386388269e-06,0.0,1.2049639528800923e-05,0.0,0.6541010762682193,0.4939950491728225,0.3920754716981132,0.17218137254901963,0.3967815839822567,0.09693589823923807,0.25252525252525254,0.6000000000000014,0.0,0.0,1.0,0.5,0.0,0.0,0.0,0.0,0.0,0.0,0.0036354330375410375,0.0028279793784191693,0.0,5.8224580084635414e-05,0.0010840591885431883,0.03312156029362849,0,3
6668,0.6000000000000227,1.0,1.0,0.03861003861003861,0.0,0.6000000000000001,0.23529411764705882,0.0,0.0,0.0,0.0,0.0,0.0,0.0,0.0,0.0,0.009996348248427163,0.0,0.003955182304347538,9.89901386388269e-06,0.0,0.00041101735937551287,0.0,0.6541353051691209,0.4941702442417385,0.5641509433962264,0.2450980392156863,0.4013575598045309,0.13371765148192244,0.020202020202020204,0.7999999999999972,0.0,1.0,0.0,0.4,2.5872428857796215e-05,0.0,0.0016672337358264214,0.007268524012323704,0.0,0.00039109409857002376,0.0037602268002648676,0.0,0.0,0.0005277817714086614,0.0013345738077900336,0.03312156029362849,0,4
9742,0.4000000000000341,0.0,0.0,0.03474903474903475,0.0,0.6000000000000001,0.0,0.0,0.0,0.0,0.0,0.0,0.0,0.0,0.0,0.0,0.009770786935533304,0.0,0.0008043294090493882,9.89901386388269e-06,0.005824159616171577,0.002284860957547458,0.0,0.6539459033291485,0.49381245626280706,0.20339622641509433,0.22083333333333335,0.39068840712170516,0.12131085907638325,0.020202020202020204,0.5499999999999972,0.0,1.0,0.0,0.0,0.0,0.0,0.0,0.0,0.0,5.420820068887781e-05,0.003638682603120531,0.0,0.0,0.002483191361887254,0.0010825576210823542,0.03312156029362849,1,2
5888,0.20000000000004547,0.0,0.0,0.02364864864864865,0.0,0.0,0.7941176470588235,0.3333333333333333,0.0,0.0,0.0,0.0,0.0,0.0,0.0,0.0,0.009770786935533304,0.0,0.0008043294090493882,9.89901386388269e-06,0.01570437229506087,0.005267769998142694,0.0,0.6541792393985365,0.49405467209218384,0.5122641509433963,0.24411764705882358,0.40124178944418043,0.1335296697788082,0.020202020202020204,0.14999999999999858,0.0,1.0,0.0,0.35000000000000003,4.256628940917929e-06,0.0,0.0,0.0,1.0752609241149237e-05,0.0,0.003689417604045793,0.0,0.0,0.00036937816864764973,0.0011663201327986085,0.033518136220527246,0,2
8044,0.8000000000000114,1.0,0.0,0.10231660231660232,0.0,0.6000000000000001,0.029411764705882346,0.0,0.0,0.0,0.0,0.0,0.0,0.0,0.0,0.0,0.009770786935533304,0.0,0.0008043294090493882,9.89901386388269e-06,0.01567834414706482,0.00360408873354549,0.0,0.6540171743608841,0.4938871225200825,0.4088679245283019,0.24240196078431378,0.3973726221377302,0.13052196252898052,0.04040404040404041,0.5,0.0,1.0,0.0,0.35000000000000003,0.0,0.0,0.0,0.0,0.0,0.0,0.003723434775865439,0.0,0.0,0.0030674581389316252,0.0011248536630795978,0.0331484309069773,0,3
7198,0.6000000000000227,1.0,0.0,0.10231660231660232,0.0,0.6000000000000001,0.0,0.0,0.0,0.0,0.0,0.0,0.0,0.0,0.0,0.0,0.009777619390567585,0.0,0.0008043294090493882,9.89901386388269e-06,0.0,0.00040677921029986565,0.0,0.6540999617109831,0.4939935387834995,0.580754716981132,0.24497549019607845,0.40287476084280827,0.13309104580487502,0.24242424242424243,0.0,0.0,0.0,1.0,0.5,0.0,0.0057451531315436954,0.0,0.0,0.0,0.0,0.003636982039016521,0.02450297576958846,0.0,0.00017922733219374152,0.0010856167184264724,0.03312156029362849,0,3
10916,0.20000000000004547,0.0,0.0,0.03861003861003861,0.0,1.0,0.5588235294117647,0.0,0.0,0.0,0.0,0.0,0.0,0.0,0.0,0.0,0.009822346386959401,0.0,0.0008043294090493882,9.89901386388269e-06,0.02159360228122257,0.010037931434227043,0.0,0.6512745703819692,0.4909264628812127,0.580754716981132,0.2450980392156863,0.400595912696962,0.13403095432044615,0.020202020202020204,0.29999999999999716,0.0,1.0,0.0,0.10000000000000002,6.435860025502706e-06,0.0,0.0,0.0,0.0,0.00024325026589122435,0.0036475058254666873,0.0,0.0,0.023368266375918968,0.0012799384729716703,0.03312156029362849,1,2
1867,0.0,1.0,0.0,0.10424710424710425,0.2962962962962963,0.6000000000000001,0.5,0.0,0.0,0.0,0.0,1.0,0.0,0.0,0.0,0.0,0.010559769947928115,0.0,0.0008043294090493882,9.89901386388269e-06,0.0,7.27964429464111e-05,0.0,0.6540664014118956,0.49395412037821224,0.3943396226415094,0.23982843137254906,0.39692782022691,0.13114856820602797,0.25252525252525254,0.0,0.0,1.0,0.0,0.55,0.0,0.0,0.0,0.0,0.0,0.0,0.0036354330375410375,0.0,0.0,0.0006550009439749583,0.0010841979793163152,0.03312335596688532,0,0
1221,0.0,1.0,0.0,0.10231660231660232,0.4444444444444444,0.4,0.5,0.0,0.0,0.0,0.0,1.0,0.0,0.0,0.0,0.0,0.009943313949879127,0.0,0.0008043294090493882,9.89901386388269e-06,0.0,0.003635251594395837,0.0,0.6541102319384531,0.4940362892838648,0.3060377358490566,0.1116421568627451,0.39378374096686536,0.06579359608998059,0.24242424242424243,0.14999999999999858,0.0,1.0,0.0,0.45,0.0005663013711891706,0.0,0.0,0.0,0.0,0.0,0.0036354330375410375,0.0,0.0,0.0016013550261678045,0.0011474741302607637,0.03312181823564329,0,0
609,0.20000000000004547,1.0,0.0,0.10231660231660232,0.0,0.6000000000000001,0.5588235294117647,0.0,0.0,0.0,0.0,0.0,0.0,0.0,0.0,0.0,0.009770786935533304,0.0,0.0008043294090493882,9.89901386388269e-06,0.0,2.8836033906854625e-05,5.132620721142345e-05,0.6540932770181179,0.4940052255713041,0.580754716981132,0.24411764705882358,0.3999683154803252,0.13014599912275207,0.25252525252525254,1.0,0.0,1.0,0.0,0.6,3.0970879152260916e-05,0.0,0.0,0.0,0.0,0.0,0.0036354330375410375,0.0,0.0,0.00011371188860993165,0.0010959368533392608,0.03312156029362849,0,3
7887,0.8000000000000114,1.0,1.0,0.06756756756756757,0.0,0.6000000000000001,0.23529411764705882,0.0,0.0,0.0,0.0,0.0,0.0,0.0,0.0,0.0,0.009770786935533304,0.0,0.0008043294090493882,9.89901386388269e-06,7.410792137764096e-05,0.00010994257308002498,0.0,0.6540996187957812,0.4939921665845129,0.20339622641509433,0.24362745098039218,0.39068840712170516,0.10771351588445392,0.25252525252525254,0.5,0.0,0.0,0.0,0.55,0.0,0.0,0.0,0.0,0.0,0.0,0.0036354330375410375,0.001030013191058256,0.0,9.293932313158193e-05,0.0010825576210823542,0.03312156029362849,0,4
7508,0.4000000000000341,0.0,1.0,0.02316602316602317,0.0,0.6000000000000001,0.2941176470588235,0.0,0.0,0.0,0.0,0.0,0.0,0.0,0.0,0.0,0.014362181669110071,0.0,0.0009393485847197375,1.2247246191511303e-05,0.04307116240262942,0.01460383070505765,0.0021163361117557695,0.6541096710153256,0.49385846859855687,0.5771698113207546,0.2450980392156863,0.4020887410277971,0.12481985086784889,0.020202020202020204,0.3500000000000014,0.0,1.0,0.0,0.4,0.00212323638681015,0.0,0.006393112504000988,0.027871611970342245,0.0,0.002122648583774618,0.003975563920210641,0.0,0.0,0.004652159297948683,0.002146112951302696,0.035161405430004816,0,4
9029,0.8000000000000114,0.0,0.0,0.015444015444015444,0.0,1.0,0.0,0.0,0.0,0.0,0.0,0.0,0.0,0.0,0.0,0.0,0.010303763576588548,0.0,0.0008043294090493882,9.89901386388269e-06,0.003887593104854394,0.000838488709280009,0.0,0.6539799566309611,0.49383617453790707,0.580754716981132,0.2422794117647059,0.41972848803909385,0.13171251331537065,0.020202020202020204,0.3999999999999986,0.0,1.0,0.0,0.8,0.0,0.0,0.0,0.0,0.0,0.0,0.0036452779333572085,0.0,0.0017967145790554417,9.00997236634824e-05,0.0010866574509523915,0.03331997722808527,1,2
4274,0.8000000000000114,1.0,1.0,0.10231660231660232,0.0,0.8,0.23529411764705882,0.0,0.0,0.0,0.0,0.0,0.0,0.0,0.0,0.0,0.009770786935533304,0.0,0.0008043294090493882,9.89901386388269e-06,0.01394349578271702,0.0032052872156233133,0.00023570908210059636,0.6540522060478093,0.49399730330564146,0.580754716981132,0.2450980392156863,0.39970630887532144,0.13177517388307539,0.020202020202020204,0.9499999999999957,0.0,1.0,0.0,0.25000000000000006,1.5831672552185982e-05,0.0,0.0,0.0,0.0,0.0,0.003674818903194469,0.0,0.0,0.0010248651701892197,0.0011187715044242415,0.03312156029362849,0,4
5639,0.8000000000000114,0.0,0.0,0.33976833976833976,0.0,0.6000000000000001,0.5294117647058824,0.0,0.0,0.0,0.0,1.0,0.0,0.0,0.0,0.0,0.010214505226790477,3.682814898842404e-05,0.0008373434532737044,9.89901386388269e-06,0.08777956761462145,0.022659554886315807,0.0,0.6497006664708364,0.49621868385037726,0.2833962264150943,0.09080882352941178,0.3923457512277752,0.0513816655178896,0.030303030303030304,0.5499999999999972,1.0,1.0,0.0,0.05,0.00666813483026278,0.0,0.014029442230774465,0.015382654518764641,0.0,0.0037668555882692007,0.004662908686213029,0.0,0.0,0.01234980181642271,0.004526793610724349,0.03312156029362849,0,1
4020,0.8000000000000114,0.0,0.0,0.05791505791505792,0.0,0.6000000000000001,0.029411764705882346,0.0,0.0,0.0,0.0,0.0,0.0,0.0,0.0,0.0,0.010021149759212396,0.0,0.0010070609040499126,9.89901386388269e-06,0.06644154728663787,0.022835562724398566,0.0,0.6546056907316495,0.49529837308648916,0.469811320754717,0.2297794117647059,0.39828659866681293,0.12588508051882952,0.030303030303030304,0.14999999999999858,0.0,1.0,0.0,0.35000000000000003,0.000566661181928993,0.0,0.002992713791373996,0.013047128058401348,0.0019978723607059342,0.0,0.004715806792113813,0.0,0.0,0.01094698851522716,0.001985596614072433,0.0334871434953651,0,2
8187,0.6000000000000227,0.0,0.0,0.06756756756756757,0.0,0.6000000000000001,0.5588235294117647,0.0,0.0,0.0,0.0,0.0,0.0,0.0,0.0,0.0,0.009770786935533304,0.0,0.0008043294090493882,9.89901386388269e-06,0.0,0.0004229007969797786,0.0,0.6540820545797393,0.49397276326384987,0.5773584905660377,0.1269607843137255,0.40276508365931835,0.07381414875618773,0.020202020202020204,0.7999999999999972,0.0,1.0,0.0,0.0,0.0,0.0,0.0,0.0,0.0,0.0,0.0036436382298941873,0.0,0.0,0.0002674595715223477,0.0010833945790124431,0.03312156029362849,0,2
146,0.8000000000000114,0.0,0.0,0.10231660231660232,0.0,0.6000000000000001,0.0,0.0,0.0,0.0,0.0,0.0,0.0,0.0,0.0,0.0,0.009770786935533304,0.0,0.0008043294090493882,9.89901386388269e-06,0.0005892483504661208,0.0010988440240643767,0.0,0.6540746211058533,0.4939625131120988,0.580754716981132,0.24497549019607845,0.40287476084280827,0.13315370637257973,0.24242424242424243,0.6499999999999986,0.0,1.0,0.0,0.5,0.00020972892802516361,0.0,0.0,0.0,0.0,0.0,0.0036356030546865086,0.0,0.0,0.0007413912809458783,0.0011055081128947626,0.03312156029362849,0,2
11565,0.0,1.0,0.0,0.03474903474903475,0.0,0.6000000000000001,0.029411764705882346,0.0,0.0,0.0,0.0,0.0,0.0,0.0,0.0,0.0,0.011966488162508287,0.0,0.0008043294090493882,9.89901386388269e-06,0.0,0.0,0.0,0.6540515463916091,0.493937019712256,0.20339622641509433,0.2450980392156863,0.39068840712170516,0.1342189360235604,0.020202020202020204,0.6000000000000014,0.0,1.0,0.0,0.8,6.129002564371143e-05,0.0,0.0,0.0,8.899466687798336e-05,0.0,0.0036354330375410375,0.0,0.0,0.000801790329091671,0.0010825576210823542,0.03312156029362849,1,3
5714,0.6000000000000227,0.0,0.0,0.06756756756756757,0.0,0.0,0.4411764705882353,0.0,0.0,0.0,0.0,0.0,0.0,0.0,0.0,0.0,0.009770786935533304,0.0,0.0008043294090493882,9.89901386388269e-06,0.0020728527862409426,0.0032066999319818623,0.0,0.6534551386640504,0.49323775603671655,0.580754716981132,0.2450980392156863,0.40287476084280827,0.13415627545585562,0.020202020202020204,0.5,0.0,1.0,0.0,0.30000000000000004,5.587249790072497e-06,0.0,0.0,0.0,0.0,1.9767923851210775e-05,0.0036354330375410375,0.0,0.0,0.010852335199623843,0.0010817896619937629,0.03312156029362849,0,2
5867,0.8000000000000114,0.0,0.0,0.05791505791505792,0.0,0.4,0.0,0.0,0.0,0.0,0.0,0.0,0.0,0.0,0.0,0.0,0.009770786935533304,0.0,0.0008043294090493882,9.89901386388269e-06,0.0,0.0006663866164238249,8.518845493523122e-05,0.6540498805194974,0.4939350679678417,0.550377358490566,0.23308823529411768,0.4018937593682595,0.12807820038849552,0.020202020202020204,0.6000000000000014,0.0,1.0,0.0,0.45,0.00029442701840298193,0.0,0.0053915423525053114,0.00602296850071859,0.0,0.0014374930658676618,0.0036474618487454566,0.0,0.0,0.002504833714590067,0.0015937417343325454,0.03312156029362849,0,2
7824,0.20000000000004547,1.0,0.0,0.06756756756756757,0.2962962962962963,0.6000000000000001,0.5,0.0,0.0,0.0,0.0,1.0,0.0,0.0,0.0,0.0,0.009814309975090885,0.0,0.0008043294090493882,9.89901386388269e-06,0.0,0.0,0.0,0.6541012044886861,0.4939951407821466,0.3920754716981132,0.2319852941176471,0.3967815839822567,0.12688764960210538,0.25252525252525254,0.14999999999999858,0.0,0.0,0.0,0.55,0.0,0.0,0.0,0.0,0.0,0.0,0.0036371473443704318,0.0026599148385464365,0.0,4.348936122314596e-05,0.001083778682477072,0.03312156029362849,0,0
10112,0.6000000000000227,0.0,1.0,0.03474903474903475,0.0,1.0,0.23529411764705882,0.0,0.0,0.0,0.0,0.0,0.0,0.0,0.0,0.0,0.009770786935533304,0.0,0.0008043294090493882,9.89901386388269e-06,0.010213879076116426,0.00235175723217287,0.0,0.653781631375399,0.4936042907652279,0.580754716981132,0.2450980392156863,0.40287476084280827,0.13390563318503665,0.24242424242424243,0.14999999999999858,0.0,1.0,1.0,0.45,0.001970554433251547,0.0,0.0,0.0,0.0,0.0,0.003656870118543697,0.0,0.0,0.004971140971531864,0.0021679358672197146,0.03312156029362849,1,4
83,0.6000000000000227,0.0,0.0,0.10231660231660232,0.0,0.6000000000000001,0.5588235294117647,0.0,0.0,0.0,0.0,0.0,0.0,0.0,0.0,0.0,0.009770786935533304,0.0,0.0008043294090493882,9.89901386388269e-06,0.0,0.0,0.0,0.6540791025271309,0.4939693046236885,0.4364150943396226,0.1737745098039216,0.39821348054448635,0.09775048561939972,0.020202020202020204,0.7999999999999972,0.0,1.0,0.0,0.5,1.7318437684659707e-05,0.0,0.0,0.0,2.0660035223168842e-05,0.0,0.003638310764236555,0.0,0.0,0.0003600151649960783,0.0010936398660440095,0.03312156029362849,0,2
7218,0.8000000000000114,1.0,0.0,0.05791505791505792,0.7037037037037037,0.4,0.5,0.0,0.0,0.0,0.0,1.0,0.0,0.0,0.0,0.0,0.010523064313944386,0.0,0.0008043294090493882,1.3441605737460339e-05,0.06760088437862857,0.020080350320416534,0.0,0.6552700917517233,0.49530769938149677,0.36245283018867924,0.19620098039215692,0.3958737006300345,0.10758819474904445,0.020202020202020204,0.5499999999999972,0.0,1.0,0.0,0.35000000000000003,0.0004940201457761671,0.0,0.0,0.0,0.0,0.00012384766917385617,0.004071990341845048,0.0,0.0,0.0023868496357893907,0.0015096844904959295,0.03349532819391144,0,0
8953,0.8000000000000114,0.0,0.0,0.10231660231660232,0.0,0.6000000000000001,0.5294117647058824,0.0,0.0,0.0,0.0,1.0,0.0,0.0,0.0,0.0,0.009770786935533304,0.0,0.0008043294090493882,9.89901386388269e-06,0.0,0.0,0.0,0.6540978710878675,0.49399127921622904,0.580754716981132,0.2450980392156863,0.40287476084280827,0.1342189360235604,0.25252525252525254,0.75,0.0,0.0,0.0,0.4,0.0,0.0,0.0,0.0,0.0,0.0,0.0036356297548386846,0.033414953279834333,0.0,8.644150092530012e-05,0.0011071072800099848,0.03312156029362849,0,1
8499,0.8000000000000114,0.0,0.0,0.10231660231660232,0.0,0.6000000000000001,0.029411764705882346,0.0,0.0,0.0,0.0,0.0,0.0,0.0,0.0,0.0,0.009770786935533304,0.0,0.0008043294090493882,9.89901386388269e-06,0.00025088242651747717,5.767206781370925e-05,0.0,0.6541074349431533,0.49400216791602336,0.3920754716981132,0.1556372549019608,0.3967815839822567,0.08816341876057399,0.25252525252525254,0.14999999999999858,0.0,0.0,0.0,0.55,0.0,0.0041530619475278535,0.0,0.0,0.0,0.0,0.0036640414652986345,0.027932002137570865,0.0,0.00012197486724232938,0.0010952630737038626,0.03312156029362849,0,2
12063,0.20000000000004547,0.0,0.0,0.03861003861003861,0.0,0.6000000000000001,0.5588235294117647,0.0,0.0,0.0,0.0,0.0,0.0,0.0,0.0,0.0,0.009770786935533304,0.0,0.0008043294090493882,9.89901386388269e-06,0.003733954731266602,0.0016453159519360654,0.0,0.653732196587352,0.49410073605522226,0.580754716981132,0.2450980392156863,0.39112102267880433,0.13327902750798926,0.020202020202020204,0.7999999999999972,0.0,1.0,0.0,0.10000000000000002,1.874410288018246e-05,0.0,0.0,0.0,1.1910823336993551e-05,0.0,0.0036354330375410375,0.0,0.0030808008213552363,1.5605006085952374e-05,0.0011547411160054252,0.03312156029362849,1,2
11692,0.20000000000004547,0.0,0.0,0.06756756756756757,0.0,0.6000000000000001,0.029411764705882346,0.0,0.0,0.0,0.0,0.0,0.0,0.0,0.0,0.0,0.009770786935533304,0.0,0.0008043294090493882,9.89901386388269e-06,0.0,0.0,0.0,0.6540187911977785,0.49389864355711843,0.580754716981132,0.2450980392156863,0.40287476084280827,0.1342189360235604,0.020202020202020204,0.6000000000000014,0.0,1.0,0.0,0.45,0.0,0.0,0.0,0.0,0.0,0.0,0.0036354330375410375,0.0,0.0,0.0006753386158410766,0.0011300031973076744,0.03312156029362849,1,2
8836,0.4000000000000341,0.0,0.0,0.03474903474903475,0.0,0.6000000000000001,0.029411764705882346,0.0,0.0,0.0,0.0,0.0,0.0,0.0,0.0,0.0,0.011388664129377803,0.0,0.0008043294090493882,1.4109637347906409e-05,0.004531789767756619,0.0011578457072743673,0.0,0.6541783388733974,0.4941067135636224,0.42660377358490564,0.24325980392156868,0.397348249430288,0.1287674666332477,0.020202020202020204,0.14999999999999858,0.0,1.0,0.0,0.35000000000000003,0.00010272257177835596,0.0,0.0006723171958052005,0.002931054942446897,0.0,0.00018488610314953258,0.0037204333646414607,0.0,0.0,0.0009842154084341733,0.0011433901126252362,0.03312156029362849,0,2
4778,0.4000000000000341,1.0,0.0,0.06756756756756757,0.2962962962962963,0.6000000000000001,0.5,0.0,0.0,0.0,0.0,1.0,0.0,0.0,0.0,0.0,0.009770786935533304,0.0,0.0008043294090493882,9.89901386388269e-06,0.00047031417420639453,0.00012008089047667127,0.0,0.6540934264430031,0.49398590881368887,0.3920754716981132,0.22303921568627452,0.3967815839822567,0.12156150134720223,0.24242424242424243,0.0,0.0,0.0,0.0,0.55,0.0,0.00024053781227075053,0.0,0.0,0.0,0.0,0.0036354330375410375,0.0021455261273550757,0.0,0.00015732915971902804,0.0010828826889002709,0.03312156029362849,0,0
9405,0.0,0.0,1.0,0.1274131274131274,0.0,0.6000000000000001,0.32352941176470584,0.0,0.0,0.0,0.0,0.0,0.0,0.0,0.0,0.0,0.009770786935533304,0.0014267061237453304,0.0008043294090493882,9.89901386388269e-06,0.0,0.0,0.00028231588805571517,0.6500623436071856,0.4891301457187363,0.0,0.12536764705882356,0.38393716716021403,0.07080644150636006,0.030303030303030304,0.14999999999999858,0.0,1.0,0.0,0.25000000000000006,0.0036640274413123055,0.0,0.0,0.0,0.00969174773552319,0.0,0.004766072577129519,0.0,0.0,0.018810709229619225,0.0010234451933317146,0.03312156029362849,1,4
9079,0.20000000000004547,0.0,0.0,0.03861003861003861,0.0,0.4,0.5588235294117647,0.0,0.0,0.0,0.0,0.0,0.0,0.0,0.0,0.0,0.009770786935533304,0.0,0.0008043294090493882,9.89901386388269e-06,0.0363309565778191,0.004494349342318209,0.0,0.6542337466810206,0.4941506165558664,0.38075471698113206,0.24056372549019608,0.3964159933706236,0.1319004950184849,0.25252525252525254,1.0,0.0,1.0,0.0,0.35000000000000003,2.5580506936808224e-05,0.0,0.0,0.0,0.0,0.0,0.0036354330375410375,0.0,0.0,0.0009330258720768115,0.001183203088554972,0.03312156029362849,1,2
1076,0.6000000000000227,1.0,0.0,0.03474903474903475,0.0,0.2,0.029411764705882346,0.0,0.0,0.0,0.0,0.0,0.0,0.0,0.0,0.0,0.009770786935533304,0.0,0.0008043294090493882,9.89901386388269e-06,0.0,0.0,2.781619450144517e-05,0.6541145596276979,0.4940067215981483,0.40452830188679245,0.24485294117647063,0.3971837336550531,0.12275205213359236,0.04040404040404041,0.9499999999999957,0.0,1.0,0.0,0.35000000000000003,0.0,0.0,0.0,0.0,6.010192064921845e-06,0.0,0.0036354330375410375,0.0,0.0,0.00019542072375506588,0.0010902440523706586,0.03312156029362849,0,3
6971,0.6000000000000227,1.0,0.0,0.03861003861003861,0.537037037037037,0.6000000000000001,0.5,0.0,0.0,0.0,0.0,1.0,0.0,0.0,0.0,0.0,0.009770786935533304,0.0,0.0008043294090493882,9.89901386388269e-06,0.002971546896215652,0.0006695444529899934,0.0,0.6537647695557129,0.4936009303333674,0.4049056603773585,0.23664215686274512,0.39719592000877424,0.12983269628422836,0.020202020202020204,0.8500000000000014,0.0,1.0,0.0,0.55,0.0,0.0,9.073106556075579e-07,3.955539733396622e-06,0.0,0.0,0.0036967098867841143,0.0,0.0025667351129363453,0.0008837805659858962,0.0010950624219004275,0.03312156029362849,0,0
261,0.6000000000000227,0.0,0.0,0.06756756756756757,0.0,0.0,0.4411764705882353,0.0,0.0,0.0,0.0,0.0,0.0,0.0,0.0,0.0,0.009770786935533304,0.0,0.0008043294090493882,9.89901386388269e-06,0.0,8.476298151294443e-06,0.0,0.6539758873705641,0.49384821999950623,0.20339622641509433,0.2450980392156863,0.39068840712170516,0.13409361488815089,0.04040404040404041,0.25,0.0,1.0,0.0,0.35000000000000003,0.0,0.0,0.0,0.0,0.0,7.318107092998505e-05,0.0036354330375410375,0.0,0.001979312114989733,0.0,0.0010825576210823542,0.03312156029362849,0,2
6225,0.20000000000004547,0.0,1.0,0.015444015444015444,0.0,0.6000000000000001,0.23529411764705882,0.0,0.0,0.0,0.0,0.0,0.0,0.0,0.0,0.0,0.009770786935533304,0.0,0.0008043294090493882,9.89901386388269e-06,0.0,0.0,0.0,0.6541025953659982,0.49399672298386355,0.20339622641509433,0.24522058823529416,0.39068840712170516,0.12250140986277337,0.020202020202020204,1.0,0.0,1.0,0.0,0.2,0.0,0.0,0.0,0.0,0.0,0.0,0.0036385023770933453,0.0,0.0,6.958297795703354e-06,0.0010825576210823542,0.03312156029362849,0,4
3209,0.0,0.0,0.0,0.10231660231660232,0.0,0.8,0.5588235294117647,0.0,0.0,0.0,0.0,0.0,0.0,0.0,0.0,0.0,0.009774790092007133,0.0,0.0008043294090493882,9.89901386388269e-06,0.0,0.0,0.0,0.6540966220151028,0.49398344584266485,0.3616981132075472,0.18676470588235297,0.39580058250770794,0.09787580675480921,0.020202020202020204,0.44999999999999574,0.0,1.0,0.0,0.35000000000000003,2.1093056011853277e-05,0.0,0.0,0.0,4.268175458604654e-05,0.0,0.0036463070671638605,0.0,0.0,0.0004407263030307992,0.0010936009550594006,0.03312156029362849,0,2
4726,1.0,1.0,0.0,0.15830115830115832,0.0,0.6000000000000001,0.1764705882352941,0.0,0.0,0.0,0.0,0.0,0.0,0.0,0.0,0.0,0.009770786935533304,0.0,0.000874505695780339,9.89901386388269e-06,0.0,0.00010819745287240553,0.0,0.6540843261030483,0.4940992311003507,0.580754716981132,0.24436274509803926,0.39756760379726785,0.1298953568519331,0.25252525252525254,0.0,0.0,1.0,0.0,0.2,0.0006145906880260912,0.0,0.0,0.0,0.0,0.0,0.0036354330375410375,0.0,0.0,0.00032084915791805684,0.0011251783343524484,0.03314388219875488,0,3
1434,0.6000000000000227,1.0,1.0,0.13706563706563707,0.0,0.4,0.9411764705882353,0.0,0.0,0.0,0.0,0.0,0.0,0.0,0.0,0.0,0.009770786935533304,0.0,0.0008043294090493882,9.89901386388269e-06,0.0014799894152198148,0.0005164724804930878,0.0,0.654154920581313,0.4940577588605973,0.3920754716981132,0.20073529411764707,0.3967815839822567,0.11122250767591955,0.24242424242424243,0.44999999999999574,0.0,1.0,1.0,0.55,0.0,0.0,0.0,0.0,0.0,0.0,0.0036695805689271883,0.0,0.0,0.00041107679146748966,0.0011101257314848302,0.03312156029362849,0,4
5305,0.8000000000000114,1.0,0.0,0.05791505791505792,0.7037037037037037,0.4,0.5,0.0,0.0,0.0,0.0,1.0,0.0,0.0,0.0,0.0,0.01584711192953421,0.0,0.0008043294090493882,0.000588910351372481,0.16585533555343795,0.04487726195625482,0.0,0.652359331766003,0.4947170370070251,0.580754716981132,0.24497549019607845,0.39367406378337544,0.12143618021179274,0.020202020202020204,0.5,1.0,1.0,0.0,0.25000000000000006,0.0015987748946686305,0.0,0.0,0.0,0.0,0.0015212266665317483,0.00395623929242423,0.0,0.017255338809034907,0.010232790876034344,0.0016343224710783396,0.03314168473120577,0,0
8232,0.0,0.0,0.0,0.20463320463320464,0.0,0.0,0.4411764705882353,0.1111111111111111,0.0,0.0,0.0,0.0,0.0,0.0,0.0,0.0,0.009770786935533304,0.0,0.0010944537731255232,0.00047393806253828534,0.010707690883930365,0.0024614505023660923,0.0013679086673630938,0.6543468185789008,0.4939505833266802,0.3983018867924528,0.17303921568627453,0.39694000658063106,0.08822607932827872,0.020202020202020204,0.29999999999999716,0.0,1.0,0.0,0.10000000000000002,0.0,0.0,0.00014829488604430196,0.0,0.0,8.886531032930035e-05,0.004091687201164731,0.0,0.0,0.003656227343961451,0.0015641017255279503,0.033127964200188084,0,2
6769,0.4000000000000341,1.0,0.0,0.03861003861003861,0.537037037037037,0.6000000000000001,0.5,0.0,0.0,0.0,0.0,1.0,0.0,0.0,0.0,0.0,0.009770786935533304,0.0,0.0008043294090493882,9.89901386388269e-06,0.0007595158186069446,0.0002328488962737944,0.0,0.6541101590482652,0.4940011330412007,0.3920754716981132,0.22941176470588237,0.3967815839822567,0.11548342627984212,0.25252525252525254,0.3999999999999986,0.0,0.0,1.0,0.55,0.0,0.0,0.0,0.0,0.0,0.0,0.003636835188179555,0.010648078028287827,0.0,0.0002263493341778797,0.0010900133622784684,0.03312156029362849,0,0
4825,0.0,0.0,1.0,0.03861003861003861,0.0,0.2,0.23529411764705882,0.0,0.0,0.0,0.0,0.0,0.0,0.0,0.0,0.0,0.009770786935533304,0.0,0.0008043294090493882,9.89901386388269e-06,0.0003033002245650769,0.0016803845580129894,0.0,0.6541343937104536,0.4940582708635572,0.28132075471698115,0.09620098039215687,0.39280273949231653,0.053073500845917665,0.04040404040404041,0.6000000000000014,1.0,1.0,0.0,0.0,5.204356851846386e-05,0.0,1.0081229506750644e-07,0.0,0.0,0.0,0.0036393183023318886,0.0,0.0,0.0009836014409816112,0.0011244250969994353,0.03312156029362849,0,4
9388,0.6000000000000227,1.0,1.0,0.03861003861003861,0.0,0.6000000000000001,0.23529411764705882,0.0,0.0,0.0,0.0,0.0,0.0,0.0,0.0,0.0,0.01049188183193771,0.0,0.0008643847157606974,9.949622319219513e-06,0.010516456296570503,0.0024013685066466227,0.0003440595754596267,0.6536364745420976,0.49418875126609035,0.580754716981132,0.24350490196078436,0.3935461070693038,0.1132903064101761,0.020202020202020204,0.14999999999999858,1.0,1.0,0.0,0.45,0.0005193426752014046,0.0,0.0,0.0,0.0,1.3443633770841696e-05,0.0037274339089523336,0.0,0.0008983572895277208,0.0005146070531557672,0.0012394116663548625,0.03315231491846929,1,4
5666,0.20000000000004547,0.0,0.0,0.0694980694980695,0.0,0.4,0.5588235294117647,0.0,0.0,0.0,0.0,0.0,0.0,0.0,0.0,0.0,0.010079195528082932,0.0,0.0008043294090493882,9.89901386388269e-06,0.02415918236911095,0.007900491583742293,0.0006064104388458137,0.6540655896802581,0.494677087966373,0.580754716981132,0.24460784313725495,0.3936618774296543,0.0565824926373833,0.020202020202020204,0.29999999999999716,1.0,0.0,0.0,0.10000000000000002,7.469127848162529e-05,0.0,0.0,0.0,0.0005442980188794846,0.0,0.0038977742047948257,0.0,0.0,0.0018394976518303137,0.0013777220251342767,0.03312156029362849,0,2
7343,0.4000000000000341,0.0,1.0,0.03474903474903475,0.0,0.6000000000000001,0.23529411764705882,0.0,0.0,0.0,0.0,0.0,0.0,0.0,0.0,0.0,0.009770786935533304,8.096736755380931e-06,0.0008043294090493882,9.89901386388269e-06,0.055351387227987776,0.011783051641846487,0.0,0.6534696782686149,0.4941376487902242,0.2818867924528302,0.08075980392156863,0.3911880476242704,0.0318942289617144,0.030303030303030304,0.9499999999999957,1.0,1.0,0.0,0.45,0.0005378899005069672,0.0,0.0,0.0,0.00014133342277667776,0.0,0.003661817107032826,0.0,0.0,0.001655409743970456,0.00137648911695571,0.03312156029362849,0,4
7639,0.6000000000000227,0.0,0.0,0.02316602316602317,0.0,0.4,0.47058823529411764,0.0,0.0,0.0,0.0,0.0,0.0,0.0,0.0,0.0,0.009770786935533304,0.0,0.0008043294090493882,9.89901386388269e-06,0.000961595467631829,0.00022104855963179626,0.0,0.6537847454430159,0.49362440056457707,0.20339622641509433,0.2450980392156863,0.39068840712170516,0.1342189360235604,0.020202020202020204,0.6999999999999957,0.0,1.0,0.0,0.25000000000000006,0.0,0.0,0.0,0.0,0.0,0.0,0.0036354330375410375,0.0,0.0026950718685831623,0.00030179058491144287,0.0010825576210823542,0.03312156029362849,0,2
10954,0.6000000000000227,1.0,1.0,0.05791505791505792,0.0,0.8,0.23529411764705882,0.0,0.0,0.0,0.0,0.0,0.0,0.0,0.0,0.0,0.009770786935533304,0.0,0.0009306467251650996,9.89901386388269e-06,0.0,0.0017156193660144488,0.0,0.6539983988424476,0.4941012616443108,0.580754716981132,0.2450980392156863,0.4008701056556868,0.12356663951375402,0.24242424242424243,0.3999999999999986,0.0,1.0,1.0,0.4,0.00032687787380583313,0.0,0.0,0.0,0.0,0.0,0.0036354330375410375,0.0,0.0,0.001943795372834294,0.001488208055830396,0.03317116452724268,1,4
1857,0.6000000000000227,0.0,0.0,0.015444015444015444,0.0,0.6000000000000001,0.5588235294117647,0.0,0.0,0.0,0.0,0.0,0.0,0.0,0.0,0.0,0.009770786935533304,0.0,0.0008043294090493882,9.89901386388269e-06,0.004995958407019502,0.002463278723535979,0.0,0.6541001210754392,0.4939939300640026,0.5641509433962264,0.23517156862745103,0.40233856127907974,0.12914343003947618,0.020202020202020204,0.6000000000000014,0.0,1.0,0.0,0.35000000000000003,0.0,0.0,0.0,0.0001358068641799507,4.836326427241797e-06,0.0,0.0036432235922368716,0.0,0.0,0.00045704760447807396,0.0010917363505905731,0.03312156029362849,0,2
1001,0.20000000000004547,0.0,0.0,0.02364864864864865,0.0,0.0,0.7941176470588235,0.3333333333333333,0.0,0.0,0.0,0.0,0.0,0.0,0.0,0.0,0.009770786935533304,0.0,0.0008043294090493882,9.89901386388269e-06,0.000293901171122059,6.756108232355276e-05,0.0,0.654017293635737,0.49389686260974913,0.3616981132075472,0.22193627450980394,0.39580058250770794,0.12237608872736389,0.25252525252525254,0.6999999999999957,0.0,1.0,0.0,0.05,0.0,0.0,0.0,0.0,0.0,0.0,0.0036354330375410375,0.0,0.0006161447638603696,0.00013688915994414943,0.0010879419595576816,0.03312156029362849,0,2
7183,0.8000000000000114,1.0,0.0,0.05791505791505792,0.7037037037037037,0.2,0.5,0.0,0.0,0.0,0.0,1.0,0.0,0.0,0.0,0.0,0.009770786935533304,0.0,0.0015202678862785478,9.89901386388269e-06,0.0,0.0013379254925082406,0.00037724762300396237,0.6545373840113267,0.4945176279634034,0.32037735849056603,0.11973039215686275,0.3944296177140838,0.0698665329907889,0.020202020202020204,0.29999999999999716,0.0,1.0,0.0,0.75,0.0008798934031491084,0.0,0.0026404756324081287,0.011511499633013815,0.0,0.003251841542924402,0.0037217978209474947,0.0,0.0,0.001794524535930143,0.001332288072461032,0.033126649687997306,0,0
1945,0.6000000000000227,1.0,1.0,0.03861003861003861,0.0,0.6000000000000001,0.23529411764705882,0.0,0.0,0.0,0.0,0.0,0.0,0.0,0.0,0.0,0.009770786935533304,0.0,0.0008871530221222948,9.89901386388269e-06,0.004345977711229266,0.0021393511726169032,0.0,0.6540396811943011,0.4939200001748962,0.580754716981132,0.2450980392156863,0.40251526340803573,0.1297700357165236,0.020202020202020204,0.9499999999999957,0.0,1.0,0.0,0.5,0.00037670147794841154,0.0,0.0006545742318733193,0.0005845408717130564,0.0,0.00012236597835502683,0.0036472144796885356,0.0,0.0,0.0013358141029347133,0.001093170108845108,0.03312156029362849,0,4
8215,0.6000000000000227,1.0,0.0,0.06756756756756757,0.2962962962962963,0.4,0.5,0.0,0.0,0.0,0.0,1.0,0.0,0.0,0.0,0.0,0.009770786935533304,0.0,0.0008043294090493882,9.89901386388269e-06,0.0,0.0,0.0,0.6542547195073022,0.49414943805625583,0.27999999999999997,0.14362745098039217,0.39316223692708907,0.07813772792781504,0.020202020202020204,0.6000000000000014,0.0,1.0,0.0,0.35000000000000003,2.982355811395927e-05,0.0,3.7199736879909875e-05,0.00016217712906926152,0.0004388222784484733,0.0,0.0038273003310751335,0.0,0.0,0.0,0.0011628347495084574,0.03312156029362849,0,0
2854,0.8000000000000114,1.0,0.0,0.015444015444015444,0.0,0.8,0.029411764705882346,0.0,0.0,0.0,0.0,0.0,0.0,0.0,0.0,0.0,0.009770786935533304,0.0,0.0008043294090493882,0.012551737023890836,0.02198872402788482,0.004673182613118068,0.0,0.6538898186367351,0.494229184361095,0.580754716981132,0.24485294117647063,0.39282101902289823,0.13378031204962718,0.24242424242424243,0.9499999999999957,0.0,1.0,0.0,0.25000000000000006,4.418204329743841e-05,0.0,0.0,0.0,0.0,0.0,0.0037709563349465048,0.0,0.0,0.001402736555263978,0.0011598720621835293,0.03312156029362849,0,3
6772,0.4000000000000341,1.0,0.0,0.10231660231660232,0.4444444444444444,0.6000000000000001,0.5,0.0,0.0,0.0,0.0,1.0,0.0,0.0,0.0,0.0,0.009890174305108095,0.0,0.0008043294090493882,9.89901386388269e-06,0.0,5.817067358731481e-07,0.00015534877038610073,0.6540940771535892,0.4940299150605101,0.580754716981132,0.23970588235294119,0.3954288987192143,0.12688764960210538,0.24242424242424243,0.5,0.0,1.0,1.0,0.10000000000000002,0.00012947076639911615,0.0,0.0,0.0,0.0,0.0,0.0036354330375410375,0.0,0.0,0.00020555118672233987,0.001092636706163101,0.033125280611149555,0,0
6645,0.4000000000000341,1.0,1.0,0.03474903474903475,0.0,0.6000000000000001,0.32352941176470584,0.0,0.0,0.0,0.0,0.0,0.0,0.0,0.0,0.0,0.009832339228683548,1.3650967225042512e-05,0.0010229675290422614,9.89901386388269e-06,0.0,0.000943362123661711,0.0,0.6537808680163406,0.49614552526519906,0.58,0.2450980392156863,0.3987192142239121,0.11598471082148006,0.020202020202020204,0.14999999999999858,0.0,1.0,0.0,0.4,0.0,0.0,0.00017813532538428386,0.0007766043009902035,8.90572730453263e-06,0.0,0.0038585552150924916,0.0,0.0,0.0037906862160725424,0.0027302936751339496,0.03312156029362849,0,4
10938,0.6000000000000227,0.0,0.0,0.05791505791505792,0.0,0.6000000000000001,0.5588235294117647,0.0,0.0,0.0,0.0,0.0,0.0,0.0,0.0,0.0,0.009784331449918443,0.0,0.0008043294090493882,9.89901386388269e-06,0.0,0.0,0.0,0.6540751833542571,0.49396421060182116,0.580754716981132,0.2450980392156863,0.40287476084280827,0.1342189360235604,0.25252525252525254,0.3999999999999986,0.0,1.0,0.0,0.45,0.0003031235760956707,0.0,0.0,0.0,0.0,0.0,0.0036375305700840116,0.0,0.0,0.000436786678543526,0.0024650190537101172,0.03312156029362849,1,2
6229,0.8000000000000114,1.0,0.0,0.03861003861003861,0.0,0.4,0.0,0.0,0.0,0.0,0.0,0.0,0.0,0.0,0.0,0.0,0.01005744905776457,0.0,0.0008043294090493882,9.89901386388269e-06,0.01497341513883848,0.0034420418571236844,0.0,0.654266860362048,0.4941868721104202,0.2909433962264151,0.1553921568627451,0.3935156411850011,0.08772479478664078,0.24242424242424243,0.6999999999999957,0.0,1.0,0.0,0.55,0.00019695225232052636,0.0,0.0,0.0,0.0,0.0,0.0037857572501856294,0.0,0.0,0.0009317723551944973,0.0011463606317152193,0.033123296441804985,0,3
2933,0.6000000000000227,1.0,1.0,0.10424710424710425,0.0,0.6000000000000001,0.23529411764705882,0.0,0.0,0.0,0.0,0.0,0.0,0.0,0.0,0.0,0.009770786935533304,0.0,0.0008043294090493882,9.89901386388269e-06,0.0014597453001117765,0.0009834998884369582,0.0,0.6541026255160305,0.49399686427960077,0.580754716981132,0.2450980392156863,0.40287476084280827,0.1342189360235604,0.25252525252525254,0.44999999999999574,0.0,1.0,1.0,0.8,0.0,0.0,0.0,0.0,0.0,0.0,0.0036354330375410375,0.0,0.0,0.00021248390254085316,0.0010829859393218506,0.03312156029362849,0,4
9093,0.6000000000000227,1.0,0.0,0.05791505791505792,0.0,0.6000000000000001,0.029411764705882346,0.0,0.0,0.0,0.0,0.0,0.0,0.0,0.0,0.0,0.009770786935533304,0.0,0.0008043294090493882,9.89901386388269e-06,0.0,0.006022160533607899,0.0007439037786723472,0.6542831917399577,0.49420830908044405,0.31679245283018864,0.13002450980392158,0.39435040641489666,0.07531800238110159,0.020202020202020204,1.0,0.0,1.0,0.0,0.35000000000000003,0.0030470131224538256,0.0,0.0,0.0,0.0013167955177239704,0.0,0.0036354330375410375,0.0,0.0,0.007668939540066749,0.0013699454294115732,0.03312156029362849,1,3
4417,0.6000000000000227,1.0,1.0,0.15830115830115832,0.0,0.6000000000000001,0.2647058823529412,0.0,0.0,0.0,0.0,0.0,0.0,0.0,0.0,0.0,0.009770786935533304,0.0,0.0008043294090493882,9.89901386388269e-06,0.0011549990673246967,0.0024213958385531126,0.0002585448946311025,0.6540710160234254,0.49404368867766457,0.559433962264151,0.22475490196078435,0.39977942699764807,0.12337865781063978,0.24242424242424243,0.0,0.0,1.0,0.0,0.25000000000000006,0.00019566236476267247,0.0,0.0,0.0,0.0,0.0,0.0036354330375410375,0.0,0.0,0.0013888199596725711,0.0011424953086836334,0.03312156029362849,0,4
10355,0.0,0.0,1.0,0.03474903474903475,0.0,1.0,0.2647058823529412,0.0,0.072589052,0.0,0.0,0.0,0.0,0.0,0.0,0.0,0.00982780934109474,0.0,0.0008043294090493882,9.89901386388269e-06,0.0,0.00042747134990449623,0.00032716107418705214,0.6538407479683085,0.49396825072828576,0.5173584905660378,0.2422794117647059,0.39500846951583624,0.1322137978570086,0.020202020202020204,0.0,0.0,1.0,0.0,0.35000000000000003,4.381544367573256e-05,0.0,5.040614753375321e-07,0.0,0.0,2.529716032147631e-07,0.003635415368322686,0.0,0.004657931211498973,0.00031084660483673325,0.0011494013392818981,0.03312156029362849,1,4
6497,0.6000000000000227,1.0,0.0,0.08687258687258688,0.0,0.6000000000000001,0.1764705882352941,0.0,0.0,0.0,0.0,0.0,0.0,0.0,0.0,0.0,0.02231260092074104,0.0004459206839739107,0.0044235388419899034,0.00012800902692896153,0.18581205652735341,0.08267423882634849,0.0,0.6485611476584464,0.5049915409231067,0.580188679245283,0.2421568627450981,0.3942833814694306,0.08202268312550913,0.030303030303030304,0.14999999999999858,1.0,1.0,0.0,0.10000000000000002,0.0006125404456972919,0.0,0.0446693230706417,0.0,0.0,0.0062141028777688186,0.01103366237234455,0.0,0.0,0.04121456064744915,0.007220434476696397,0.05118049742490534,0,3
9028,0.4000000000000341,0.0,0.0,0.02316602316602317,0.0,1.0,0.0,0.0,0.0,0.0,0.0,0.0,0.0,0.0,0.0,0.0,0.009770786935533304,0.0,0.0008043294090493882,9.89901386388269e-06,0.0,0.0,0.0,0.6540353190478765,0.4939180076720961,0.20339622641509433,0.2450980392156863,0.39068840712170516,0.1342189360235604,0.020202020202020204,0.3999999999999986,0.0,1.0,0.0,0.10000000000000002,0.0,0.0,0.0,0.0,0.0,0.0,0.0036354330375410375,0.0,0.0009753593429158112,8.027624442248943e-05,0.0010825576210823542,0.03312156029362849,1,2
3615,0.0,1.0,0.0,0.06756756756756757,0.0,0.6000000000000001,0.1764705882352941,0.0,0.0,0.0,0.0,0.0,0.0,0.0,0.0,0.0,0.009831586755662152,0.0,0.0008043294090493882,9.89901386388269e-06,0.0,0.0005083285861908638,0.0,0.6541048937261492,0.4939995217263511,0.3920754716981132,0.20183823529411765,0.3967815839822567,0.11209975562378596,0.24242424242424243,0.0,0.0,0.0,0.0,0.55,0.0,0.00038225327159809833,0.0,0.0,0.0,0.0,0.0036354330375410375,0.002446358564305579,0.0,0.00018337161249853544,0.0010840411457426818,0.03312156029362849,0,3
7017,0.0,0.0,0.0,0.0694980694980695,0.0,0.6000000000000001,0.5294117647058824,0.0,0.0,0.0,0.0,1.0,0.0,0.0,0.0,0.0,0.012694159673119699,0.0003379678312502132,0.0009624443804194126,5.810862841774081e-05,0.0,0.008923464429256359,0.0,0.6530117625606344,0.4962176054999431,0.580754716981132,0.24436274509803926,0.39645864560864746,0.10990663575411995,0.020202020202020204,0.14999999999999858,1.0,1.0,0.0,0.5,0.00011175178468333337,0.0,0.0,0.0028528231566086085,0.0016857493134177274,0.0,0.005298475967407413,0.0,0.0,0.013319998301356715,0.0023665523039667936,0.033199523267599916,0,1
4500,0.6000000000000227,1.0,1.0,0.05791505791505792,0.0,0.6000000000000001,0.2941176470588235,0.0,0.0,0.0,0.0,0.0,0.0,0.0,0.0,0.0,0.009770786935533304,0.0,0.00045514780100656195,9.89901386388269e-06,0.011517093986196405,0.0027508080529818494,0.0,0.6542039826354448,0.49412055899317087,0.28603773584905656,0.15257352941176472,0.3933389390560451,0.08647158343254592,0.020202020202020204,0.6499999999999986,0.0,1.0,0.0,0.05,0.0,0.0,0.0,0.0,0.0,0.0008933511473527063,0.0037872292923989592,0.0,0.0012833675564681726,0.0029387296297111133,0.0014004053447084159,0.03316407112183586,0,4
10813,0.6000000000000227,0.0,1.0,0.06756756756756757,0.0,0.6000000000000001,0.2647058823529412,0.0,0.0,0.0,0.0,0.0,0.0,0.0,0.0,0.0,0.009770786935533304,0.0,0.0008043294090493882,9.89901386388269e-06,0.00010122057554019251,0.0,0.0,0.653937825108419,0.4938037832664966,0.580754716981132,0.2450980392156863,0.40287476084280827,0.1342189360235604,0.25252525252525254,0.5,0.0,0.0,1.0,0.75,0.0,0.0,0.0,0.0,0.0,0.0,0.0036354330375410375,0.0386177711104625,0.0,0.0042463523937823515,0.0010825605951703498,0.03312156029362849,1,4
7624,0.20000000000004547,1.0,0.0,0.10231660231660232,0.4444444444444444,0.6000000000000001,0.5,0.0,0.0,0.0,0.0,1.0,0.0,0.0,0.0,0.0,0.009770786935533304,0.0,0.0008043294090493882,9.89901386388269e-06,0.00011206563720521315,0.0006143654140443119,5.7415757219558444e-05,0.6540151874406268,0.4939050251558001,0.580754716981132,0.24411764705882358,0.4017901753616301,0.12851682436242873,0.020202020202020204,0.6999999999999957,0.0,1.0,0.0,0.10000000000000002,5.179916877065997e-05,0.0,6.048737704050386e-07,2.6370264889310813e-06,6.235574267356414e-05,0.0,0.0037287473208497965,0.0,0.0,0.0008220256730490289,0.001128239017876831,0.03312156029362849,0,0
2407,0.4000000000000341,0.0,0.0,0.05405405405405406,0.0,0.6000000000000001,0.5588235294117647,0.0,0.0,0.0,0.0,0.0,0.0,0.0,0.0,0.0,0.009817951944514446,0.0,0.0008043294090493882,9.89901386388269e-06,0.00017532849691783347,8.692360653190183e-05,0.0,0.6540966690624059,0.4939885379236567,0.580754716981132,0.2450980392156863,0.40287476084280827,0.13139921047684694,0.25252525252525254,0.25,0.0,0.0,0.0,0.5,0.0,0.0016084914893979385,0.0,0.0,0.0,0.0,0.0036354330375410375,0.012924132221996265,0.0,0.00011933992359175054,0.0010902861852839292,0.03312156029362849,0,2
9239,0.6000000000000227,1.0,1.0,0.33976833976833976,0.0,0.6000000000000001,0.23529411764705882,0.0,0.0,0.0,0.0,0.0,0.0,0.0,0.0,0.0,0.0118625114404117,0.0,0.0035259217557795045,1.2338341411117584e-05,0.1867002670777186,0.08141467754125858,0.0,0.6491952975939618,0.4950468829775685,0.5777358490566038,0.2450980392156863,0.3979514739394826,0.13240177956012283,0.020202020202020204,0.3500000000000014,0.0,1.0,0.0,0.4,1.0936888714224535e-05,0.0,0.0,0.0,0.0,1.4961463390130275e-05,0.004358111921104204,0.0,0.0,0.0844242341139759,0.0036179281315102665,0.03469036858802779,1,4
5552,0.0,0.0,0.0,0.03474903474903475,0.0,0.4,0.5294117647058824,0.0,0.0,0.0,0.0,1.0,0.0,0.0,0.0,0.0,0.00986422903533034,1.785210422075903e-05,0.0008043294090493882,9.89901386388269e-06,0.0,0.000850953853620148,0.0,0.6540547866917786,0.4941807082779709,0.580754716981132,0.2450980392156863,0.3934851753006983,0.05131900495018485,0.020202020202020204,0.44999999999999574,1.0,1.0,0.0,0.25000000000000006,2.625260624326895e-05,0.0,0.0,0.0,5.618903519028495e-05,0.0,0.003707507349794081,0.0,0.0,0.0008215907794367975,0.0012282198262505704,0.03312156029362849,0,1
9687,0.20000000000004547,1.0,1.0,0.04247104247104247,0.0,0.8,0.23529411764705882,0.0,0.0,0.0,0.0,0.0,0.0,0.0,0.0,0.0,0.009770786935533304,0.0,0.0008043294090493882,9.89901386388269e-06,0.0,0.0,0.0,0.6540437855745159,0.49392792709866,0.20339622641509433,0.2450980392156863,0.39068840712170516,0.1342189360235604,0.020202020202020204,0.3999999999999986,0.0,1.0,0.0,0.2,0.0,0.0,0.0,0.0,0.0,0.0,0.0036354330375410375,0.0,0.0,0.0009216418922272233,0.0010825576210823542,0.03312156029362849,1,4
4744,0.0,0.0,0.0,0.015444015444015444,0.0,0.6000000000000001,0.5588235294117647,0.0,0.0,0.0,0.0,0.0,0.0,0.0,0.0,0.0,0.009770786935533304,0.0,0.0008043294090493882,9.89901386388269e-06,0.0,0.0,0.0,0.6541023130821798,0.49399643534611276,0.580754716981132,0.2450980392156863,0.40287476084280827,0.12951939344570462,0.24242424242424243,0.3999999999999986,0.0,0.0,0.0,0.85,0.0,0.00045794698874623656,0.0,0.0,0.0,0.0,0.0036354330375410375,0.0008345300336970947,0.0,1.7830638101489843e-05,0.0010825998531318914,0.03312156029362849,0,2
6827,0.8000000000000114,0.0,0.0,0.10231660231660232,0.0,0.6000000000000001,0.5588235294117647,0.0,0.0,0.0,0.0,0.0,0.0,0.0,0.006952367608105313,0.0,0.009770786935533304,0.0,0.0008043294090493882,9.89901386388269e-06,0.0,0.0,0.0,0.6541034680603384,0.4939978514088859,0.20339622641509433,0.0,0.39068840712170516,0.008897800614073564,0.25252525252525254,0.6999999999999957,0.0,1.0,0.0,0.55,0.0,0.0,0.0,0.0,0.0,0.0,0.0036354330375410375,0.0,0.0,0.0,0.0010825576210823542,0.03312156029362849,0,2
12090,0.20000000000004547,0.0,1.0,0.02316602316602317,0.0,0.6000000000000001,0.23529411764705882,0.0,0.0,0.0,0.0,0.0,0.0,0.0,0.0,0.0,0.009770786935533304,0.0,0.0008043294090493882,9.89901386388269e-06,0.0006474501814017315,0.00037320642154375824,0.0,0.6535009282800661,0.4932882890597076,0.5811320754716981,0.2450980392156863,0.4028869471965294,0.13359233034651294,0.25252525252525254,0.7999999999999972,0.0,1.0,0.0,0.05,0.0,0.0,0.0,0.0,0.0,0.0,0.0036354330375410375,0.0,0.0023276950718685834,6.47735662452974e-05,0.001082624191085322,0.03312156029362849,1,4
255,0.4000000000000341,0.0,0.0,0.03861003861003861,0.0,0.6000000000000001,0.029411764705882346,0.0,0.0,0.0,0.0,0.0,0.0,0.0,0.0,0.0,0.009770786935533304,0.0,0.0008043294090493882,1.6761520407555964e-05,0.017537549218504856,0.0013244631366208905,0.0,0.654094565849167,0.4939969970354858,0.580754716981132,0.24436274509803926,0.40225325680303203,0.1316498527476659,0.020202020202020204,0.3999999999999986,0.0,1.0,0.0,0.2,0.0,0.0,0.0,0.0,0.0,0.0,0.003702870554249345,0.0,0.0,5.280120092033722e-05,0.0011269243222783857,0.03312156029362849,0,2
12111,0.6000000000000227,0.0,0.0,0.02316602316602317,0.0,0.6000000000000001,0.0,0.0,0.0,0.0,0.0,0.0,0.0,0.0,0.0,0.0,0.009770786935533304,0.0,0.0008043294090493882,9.89901386388269e-06,0.00025413594501698335,0.0006876604627643286,0.0,0.6534996126121752,0.493285045856728,0.20339622641509433,0.24460784313725495,0.39068840712170516,0.13309104580487502,0.020202020202020204,0.7999999999999972,0.0,1.0,0.0,0.05,0.0,0.0,2.721931966822674e-06,0.0,0.0,1.409413217910823e-06,0.0036354330375410375,0.0,0.009188911704312115,0.00034405201122946475,0.0010825576210823542,0.03312156029362849,1,2
2007,0.0,0.0,0.0,0.15405405405405406,0.0,0.0,0.7941176470588235,0.3333333333333333,0.0,0.0,0.0,0.0,0.0,0.0,0.0,0.0,0.01002802736262796,0.0,0.0008043294090493882,9.89901386388269e-06,0.0,0.0,0.0001441483480497096,0.6541625707378483,0.4940064149398175,0.3850943396226415,0.23137254901960785,0.3974152743757541,0.12362930008145875,0.24242424242424243,0.29999999999999716,0.0,1.0,0.0,0.35000000000000003,0.0003864027901598497,0.0,0.0,0.0,0.0,0.0,0.0036354330375410375,0.0,0.0,0.0007115626955422382,0.0011378764508902343,0.0337681266766727,0,2
2666,0.4000000000000341,0.0,0.0,0.03861003861003861,0.0,0.6000000000000001,0.5294117647058824,0.0,0.0,0.0,0.0,1.0,0.0,0.0,0.0,0.0,0.009770786935533304,0.0,0.0008043294090493882,9.89901386388269e-06,0.0009644874840758344,0.0028428008182120744,0.0,0.654072967823865,0.49394697873268034,0.580754716981132,0.24460784313725495,0.4024665179931513,0.12488251143555364,0.020202020202020204,0.14999999999999858,0.0,1.0,0.0,0.5,3.564162988806878e-05,0.0,0.001552106094859329,0.006766170466182333,0.0,2.89110403674015e-06,0.0036788816454674292,0.0,0.0,0.001261268221402803,0.0011274392360466868,0.03312571712840536,0,1
3566,0.6000000000000227,0.0,0.0,0.10231660231660232,0.0,0.6000000000000001,0.029411764705882346,0.0,0.0,0.0,0.0,0.0,0.0,0.0,0.0,0.0,0.010332011413811779,0.0,0.0008043294090493882,9.89901386388269e-06,0.012316013528852926,0.003459742362086682,0.0,0.654014327667729,0.49396636807903965,0.580754716981132,0.24350490196078436,0.39872530740077267,0.1270129707375149,0.020202020202020204,0.14999999999999858,0.0,1.0,0.0,0.10000000000000002,4.325875536129034e-05,0.0,0.0033069457150994136,0.005984292112214268,6.268442505211456e-05,0.0,0.0036829962174475535,0.0,0.0,0.0015461491193915992,0.001124282638184447,0.033571247473457966,0,2
3807,0.4000000000000341,0.0,0.0,0.03474903474903475,0.0,0.6000000000000001,0.47058823529411764,0.0,0.0,0.0,0.0,0.0,0.0,0.0,0.0,0.0,0.009770786935533304,0.0,0.0008043294090493882,9.89901386388269e-06,0.002495448689121246,0.000573562841570924,0.0,0.6540136809329712,0.4941331362546601,0.3918867924528302,0.20318627450980392,0.39070059347542624,0.03784698289366502,0.020202020202020204,0.10000000000000142,1.0,1.0,0.0,0.45,0.00024040788525643653,0.0,6.008412786023384e-05,0.00026194463123382076,0.00016562461570573687,0.0,0.003702381313225656,0.0,0.0,0.0001279354679276194,0.0011485678511211374,0.03312156029362849,0,2
464,0.0,0.0,0.0,0.0,0.0,0.0,0.7941176470588235,0.3333333333333333,0.0,0.0,0.0,0.0,0.0,0.0,0.0,0.0,0.009770786935533304,0.0,0.0008043294090493882,9.89901386388269e-06,0.0,0.00019113221321546292,0.0,0.6540990482644016,0.49399267315302137,0.20339622641509433,0.23553921568627453,0.39068840712170516,0.12933141174259039,0.24242424242424243,0.14999999999999858,0.0,1.0,0.0,0.10000000000000002,0.0,0.0,0.0,0.0,0.0,0.0,0.0036354330375410375,0.0,0.0,0.00012414933530348668,0.0010825576210823542,0.03312156029362849,0,2
8568,0.6000000000000227,1.0,0.0,0.05791505791505792,0.7037037037037037,0.6000000000000001,0.5,0.0,0.0,0.0,0.0,1.0,0.0,0.0,0.0,0.0,0.018066997639416885,0.0,0.0008565093769164463,6.90704198436968e-05,0.07148269345059496,0.01643221807686922,0.0,0.6551943098113161,0.4951564485055903,0.4522641509433962,0.23725490196078433,0.3987496801082149,0.12601040165423902,0.030303030303030304,0.14999999999999858,0.0,1.0,0.0,0.35000000000000003,0.001898789162861685,0.0,0.0075928796275993825,0.033102154011137044,0.0,0.0017066548516881698,0.004759223988096469,0.0,0.0,0.0010404701762751721,0.0017002657841372225,0.03333644583364518,0,0
6667,0.8000000000000114,1.0,0.0,0.05791505791505792,0.7037037037037037,0.6000000000000001,0.5,0.0,0.0,0.0,0.0,1.0,0.0,0.0,0.0,0.0,0.012554621076031905,0.0,0.0008043294090493882,9.89901386388269e-06,0.0642468683076932,0.014768869216121088,0.0,0.6525205360368005,0.49276377211084105,0.580754716981132,0.2450980392156863,0.3926565032476633,0.07838837019863401,0.24242424242424243,0.0,1.0,1.0,0.0,0.10000000000000002,0.0019939896535131874,0.0,0.0,0.0,0.0,0.0,0.003977608445098561,0.0,0.0,0.023704055408516035,0.0014748612411326413,0.03313109422732914,0,0
6067,0.8000000000000114,1.0,0.0,0.03861003861003861,0.537037037037037,0.6000000000000001,0.5,0.0,0.0,0.0,0.0,1.0,0.0,0.0,0.0,0.0,0.009770786935533304,0.0,0.0008043294090493882,9.89901386388269e-06,0.0009652104881868358,0.0015369522971391248,0.0,0.6541110555975759,0.4940047752881854,0.3920754716981132,0.18333333333333338,0.3967815839822567,0.10050755059840843,0.24242424242424243,0.04999999999999716,0.0,1.0,0.0,0.55,0.0,0.0,0.0,0.0,0.0,0.0,0.0036664444789944414,0.0,0.0,0.0006204396927911523,0.0010955820942095216,0.03312156029362849,0,0
6493,0.4000000000000341,1.0,1.0,0.33976833976833976,0.0,0.6000000000000001,0.9411764705882353,0.0,0.0,0.0,0.0,0.0,0.0,0.0,0.0,0.0,0.009770786935533304,0.0063852044553701645,0.0008043294090493882,3.468703528785887e-05,0.17352098664033003,0.039888461888444436,0.0,0.649810119702208,0.49526877551128984,0.580754716981132,0.2442401960784314,0.3987192142239121,0.13284040353405605,0.030303030303030304,0.29999999999999716,0.0,1.0,0.0,0.25000000000000006,0.019241463155845278,0.0,0.0,0.0,0.0,0.018386988008061843,0.004516485836980453,0.0,0.019244558521560574,0.011511889735538636,0.0038126929755986725,0.033221135832185625,0,4
872,0.20000000000004547,0.0,0.0,0.03581081081081081,0.0,0.0,0.7941176470588235,0.3333333333333333,0.0,0.0,0.0,0.0,0.0,0.0,0.0,0.0,0.009770786935533304,0.0,0.0008043294090493882,9.89901386388269e-06,0.0,0.0,5.424049185817377e-05,0.6540462770936647,0.49402887048130983,0.580754716981132,0.24485294117647063,0.39701921787981825,0.10057021116611319,0.020202020202020204,0.5,1.0,1.0,0.0,0.10000000000000002,0.0003656084449508679,0.0,0.0,0.0,0.0002865327763867818,0.0,0.003635510782101784,0.0,0.0,0.0009420307280477217,0.0011419614598884272,0.03312156029362849,0,2
5621,0.4000000000000341,0.0,0.0,0.05791505791505792,0.0,0.6000000000000001,0.029411764705882346,0.4444444444444444,0.0,0.0,0.0,0.0,0.0,0.0,0.0,0.0,0.009770786935533304,0.0,0.0010358487763399871,9.89901386388269e-06,0.0,0.0032052041146610455,0.0009764810921973312,0.653350953405347,0.49311101337224333,0.58,0.2450980392156863,0.3998830110042775,0.11172379221755752,0.020202020202020204,0.44999999999999574,0.0,1.0,0.0,0.4,3.938230380584514e-05,0.0,0.00012722511637519314,0.0005546545715051708,0.00015174169809744085,0.0,0.0037113003420002075,0.0,0.003978439425051335,0.00833056621613394,0.0014333661706007399,0.03312280039946885,0,2
1141,0.6000000000000227,1.0,0.0,0.15830115830115832,0.4444444444444444,0.6000000000000001,0.5,0.0,0.0,0.0,0.0,1.0,0.0,0.0,0.0,0.0,0.009770786935533304,0.0,0.0008254290792598275,9.89901386388269e-06,0.0,0.0,0.00014432233519279917,0.6542122791954188,0.49412471052588985,0.2824528301886792,0.09987745098039218,0.39324144822627627,0.05984084215802997,0.020202020202020204,0.29999999999999716,0.0,1.0,0.0,0.35000000000000003,0.0001454110610614372,0.0,0.0,0.0,0.0,9.829753724916509e-06,0.0036357722865333866,0.0,0.0,0.0006779479775144653,0.0011434713547956487,0.03312156029362849,0,0
7716,0.4000000000000341,1.0,1.0,0.08687258687258688,0.0,0.4,0.32352941176470584,0.0,0.0,0.0,0.0,0.0,0.0,0.0,0.0,0.0,0.026975856827861185,0.0006027704065100906,0.0013832213956581933,0.00017087438859925106,0.1867002670777186,0.46246998497119096,0.0,0.6477181603770029,0.5647698359090138,0.49,0.23492647058823535,0.391437867875553,0.053825427658374586,0.030303030303030304,0.14999999999999858,1.0,1.0,0.0,0.10000000000000002,0.14922275347259625,0.0,1.0,0.0,0.03992470418859833,0.0,0.01702735886534757,0.0,0.16683778234086244,0.03662318412730411,0.0160573231037937,0.03318451798693162,0,4
9382,0.4000000000000341,1.0,1.0,0.12162162162162163,0.0,1.0,0.2941176470588235,0.0,0.0,0.0,0.0,0.0,0.0,0.0,0.0,0.0,0.03844363597070863,0.0012143904808215478,0.00081602545683788,0.0022284724789195538,0.169557839605876,0.04058019429835988,0.0,0.6514180242354268,0.4943643950654246,0.580754716981132,0.24350490196078436,0.3955507622564253,0.10345259728053138,0.020202020202020204,0.14999999999999858,1.0,1.0,0.0,0.25000000000000006,0.0,0.0,0.0,0.0,0.0,2.7826876353623944e-06,0.004719335531343261,0.0,0.0,0.039829424492491945,0.002393443412805209,0.03312676873815798,1,4
1278,0.0,0.0,0.0,0.08378378378378379,0.0,0.0,0.7941176470588235,0.3333333333333333,0.0,0.0,0.0,0.0,0.0,0.0,0.0,0.0,0.009770786935533304,0.0,0.0012484829251347678,9.89901386388269e-06,0.0,0.014078050916790591,0.0,0.6539989610908513,0.4943622406936069,0.579811320754717,0.2450980392156863,0.40148551651860254,0.13478288113290307,0.020202020202020204,0.3999999999999986,0.0,1.0,0.0,0.4,0.0,0.0,0.0007810936621830399,3.0325804622707436e-05,0.0,0.00017780289825951922,0.0037861078860075828,0.0,0.0,0.006068607792986548,0.0017139727608912417,0.03312156029362849,0,2
8022,0.4000000000000341,1.0,0.0,0.06756756756756757,0.2962962962962963,0.4,0.5,0.0,0.0,0.0,0.0,1.0,0.0,0.0,0.0,0.0,0.009770786935533304,0.0,0.0008043294090493882,9.89901386388269e-06,0.0,4.163358209606388e-05,0.0,0.6540876243840492,0.49397928887549447,0.40830188679245283,0.2121323529411765,0.39730559719226416,0.11736324331098441,0.25252525252525254,0.29999999999999716,0.0,0.0,1.0,0.55,0.0,0.00021719891615007455,0.0,0.0,0.0,0.0,0.0036354330375410375,0.007608009850929997,0.0,0.00034369386354880354,0.0010865222786529925,0.03312156029362849,0,0
2902,0.6000000000000227,1.0,0.0,0.10231660231660232,0.4444444444444444,0.6000000000000001,0.5,0.0,0.0,0.0,0.0,1.0,0.0,0.0,0.0,0.0,0.009944728599159352,0.0,0.0008043294090493882,9.89901386388269e-06,0.0,4.911266870014721e-05,0.0,0.6541512942944668,0.49404215538601054,0.3662264150943396,0.11960784313725492,0.3959650982829428,0.06873864277210352,0.24242424242424243,0.0,0.0,1.0,0.0,0.45,0.00013170430853876847,0.0,0.0,0.0,0.0,0.0,0.0036354330375410375,0.0,0.0,2.0926057341490232e-05,0.001150287716640847,0.03314983470678858,0,0
10913,0.6000000000000227,1.0,0.0,0.06756756756756757,0.0,0.4,0.029411764705882346,0.0,0.0,0.0,0.0,0.0,0.0,0.0,0.0,0.0,0.009770786935533304,1.2657971207873154e-06,0.0008043294090493882,9.89901386388269e-06,0.0,0.000957821691096272,0.0,0.654044926637275,0.4939292639737123,0.20339622641509433,0.14203431372549022,0.39068840712170516,0.08152139858387118,0.020202020202020204,0.5,0.0,1.0,0.0,0.8,0.0,0.0,0.00036564619420984587,0.000226784278048073,0.0,0.00038585397250343224,0.0036354330375410375,0.0,0.0,0.0008188790898546484,0.0010825576210823542,0.03312156029362849,1,3
2333,0.8000000000000114,1.0,0.0,0.20463320463320464,0.6666666666666666,0.6000000000000001,0.5,0.0,0.0,0.0,0.0,1.0,0.0,0.0,0.0,0.0,0.011521535815496023,3.753743185783073e-06,0.0008043294090493882,9.89901386388269e-06,0.14712410654766983,0.035047498432508095,0.0,0.6526779679090571,0.49694245185559893,0.580754716981132,0.24497549019607845,0.3936131320147699,0.07093176264176955,0.020202020202020204,0.3999999999999986,1.0,1.0,0.0,0.25000000000000006,0.0030528447719917018,0.0,0.001348062009642696,0.005877053034997737,0.00023143934912499823,0.0,0.0054875362111193975,0.0,0.0,0.014309048703479816,0.0027228196432966625,0.03314576715963222,0,0
3079,0.6000000000000227,1.0,0.0,0.09266409266409267,0.7037037037037037,0.4,0.5,0.0,0.0,0.0,0.0,1.0,0.0,0.0,0.0,0.0,0.0163440150139437,0.0,0.0008043294090493882,9.89901386388269e-06,0.0,0.00011816956834451664,6.237439079761121e-05,0.6540858803206451,0.4939777190953808,0.580566037735849,0.24411764705882358,0.40285038813536606,0.13359233034651294,0.020202020202020204,0.6000000000000014,0.0,1.0,0.0,0.25000000000000006,0.00021954565122862026,0.0,0.0,0.0,0.0004928357493235913,0.0,0.004025176336796637,0.0,0.0,0.00026482462787176883,0.0014858048935937026,0.03312156029362849,0,0
1925,0.8000000000000114,0.0,0.0,0.03474903474903475,0.0,0.6000000000000001,0.5294117647058824,0.0,0.0,0.0,0.0,1.0,0.0,0.0,0.0,0.0,0.009770786935533304,1.4687611418790745e-05,0.0008043294090493882,9.89901386388269e-06,0.024417656338793944,0.005613054496364541,0.0,0.6537500623037164,0.4940814748066467,0.580754716981132,0.24203431372549022,0.39267478277824497,0.12626104392505796,0.020202020202020204,0.5,0.0,1.0,0.0,0.10000000000000002,0.0,0.0,8.93196934298107e-05,0.0003894009115321564,0.0,1.2467886158441897e-05,0.003770468271870706,0.0,0.0,0.0026567139131676064,0.0011654164065930189,0.03312156029362849,0,1
1062,0.6000000000000227,1.0,0.0,0.06756756756756757,0.0,0.2,0.5588235294117647,0.0,0.0,0.0,0.0,0.0,0.0,0.0,0.0,0.0,0.009770786935533304,0.0,0.0008043294090493882,9.89901386388269e-06,0.0001720749784183273,0.0,0.0,0.6541012694272171,0.49399527547890715,0.49207547169811316,0.2450980392156863,0.40001096771834904,0.1342189360235604,0.24242424242424243,0.6000000000000014,0.0,0.0,1.0,0.25000000000000006,0.0,0.0,0.0,0.0,0.0,0.0,0.0036354330375410375,0.0015746009992579982,0.0,6.433867263306594e-05,0.0010840028791438052,0.03312156029362849,0,3
5182,1.0,1.0,0.0,0.10424710424710425,0.0,0.6000000000000001,0.1764705882352941,0.0,0.0,0.0,0.0,0.0,0.0,0.0,0.0,0.0,0.009770786935533304,0.0,0.0008043294090493882,9.89901386388269e-06,0.00018219703597234654,0.0006991283955572564,0.0,0.6540993828966276,0.49399299223295545,0.580754716981132,0.2450980392156863,0.40287476084280827,0.13327902750798926,0.25252525252525254,0.6999999999999957,0.0,0.0,0.0,0.85,0.0,0.0,0.0,0.0,0.0,0.0,0.003637195247584629,0.0019902054519487958,0.0,0.0002654130133471408,0.0010833633510884896,0.03312156029362849,0,3
7590,0.0,0.0,0.0,0.03581081081081081,0.0,0.0,0.7941176470588235,0.3333333333333333,0.0,0.0,0.0,0.0,0.0,0.0,0.0,0.0,0.009770786935533304,0.0,0.0008043294090493882,9.89901386388269e-06,0.0,0.0042878434510832415,0.0,0.6540455823176468,0.49392962963465864,0.5747169811320755,0.2450980392156863,0.40267977918327064,0.13390563318503665,0.24242424242424243,0.8500000000000014,0.0,1.0,0.0,0.5,1.4962695671105447e-05,0.0,0.0,0.0,0.0,0.0,0.0036354330375410375,0.0,0.0,0.0022347903633715203,0.0010974714331768456,0.03312156029362849,0,2
82,0.20000000000004547,1.0,0.0,0.06756756756756757,0.2962962962962963,0.6000000000000001,0.5,0.0,0.0,0.0,0.0,1.0,0.0,0.0,0.0,0.0,0.009770786935533304,0.0,0.0008043294090493882,9.89901386388269e-06,0.0,0.0003282488009569907,0.0,0.6541027199419557,0.49399739607949095,0.5792452830188679,0.2450980392156863,0.4024665179931513,0.1342189360235604,0.24242424242424243,0.7999999999999972,0.0,0.0,0.0,0.5,0.0,0.0033662678098380383,0.0,0.0,0.0,0.0,0.0036354330375410375,0.004223625626351284,0.0,2.6349436505788435e-05,0.0010847256816629972,0.03312156029362849,0,0
6762,0.0,0.0,0.0,0.07335907335907337,0.0,0.6000000000000001,0.5588235294117647,0.0,0.0,0.0,0.0,0.0,0.0,0.0,0.06796943122990481,0.0,0.009770786935533304,0.0,0.000876813715877268,9.89901386388269e-06,0.0,0.0,0.0,0.6539878675355775,0.494195816052952,0.580754716981132,0.24289215686274512,0.4002242289084683,0.12951939344570462,0.24242424242424243,0.14999999999999858,0.0,1.0,0.0,0.25000000000000006,0.0,0.0,0.0,0.0,0.0,0.0,0.0036354330375410375,0.0,0.0,0.0016080063402372268,0.0013394915118588547,0.033144616341412365,0,2
1992,0.8000000000000114,1.0,0.0,0.06756756756756757,0.0,0.6000000000000001,0.1764705882352941,0.0,0.0,0.0,0.0,0.0,0.0,0.0,0.0,0.0,0.009770786935533304,0.0,0.0008043294090493882,9.89901386388269e-06,0.00042042689054729964,0.0001700245687994944,0.0,0.6540660465692084,0.49395300359844296,0.580754716981132,0.2450980392156863,0.40287476084280827,0.13208847672159912,0.24242424242424243,0.75,0.0,1.0,0.0,0.25000000000000006,3.382899842518986e-05,0.0,0.0,0.0,0.0,0.0,0.0036354330375410375,0.0,0.0,0.0006004601686056953,0.001084857185920535,0.03312156029362849,0,3
5304,0.6000000000000227,0.0,0.0,0.31660231660231664,0.0,0.4,0.5294117647058824,0.0,0.0,0.0,0.0,1.0,0.0,0.0,0.0,0.0,0.010279458697997436,0.0,0.0008043294090493882,9.89901386388269e-06,0.0,9.382098640011201e-05,0.0,0.6539712846865195,0.49388560009733135,0.570188679245283,0.24056372549019608,0.4018145480690723,0.12795287925308604,0.020202020202020204,0.3999999999999986,0.0,1.0,0.0,0.35000000000000003,0.00011817406694506921,0.0,0.0030514873593983525,0.009093346342664012,0.0,0.0003560033233240902,0.0038168523259392304,0.0,0.0,0.0021460464844991127,0.0013318656528293936,0.03357469496769415,0,1
4574,0.6000000000000227,0.0,0.0,0.03474903474903475,0.0,0.6000000000000001,0.5588235294117647,0.0,0.0,0.0,0.0,0.0,0.0,0.0,0.0,0.0,0.009770786935533304,0.0,0.0009263113901181653,9.89901386388269e-06,0.0,0.0014360677289462674,0.0008881826170793739,0.6540947586768459,0.49398558080572746,0.5767924528301887,0.2450980392156863,0.40174142994674567,0.1236919606491635,0.020202020202020204,0.9499999999999957,0.0,1.0,0.0,0.4,0.0,0.0,0.0012671097367034883,0.0017465905445020195,0.0,0.000327851197766333,0.003697052669620134,0.0,0.0,0.0017697100180557597,0.0012552809537860667,0.03312156029362849,0,2
7463,0.4000000000000341,0.0,0.0,0.03861003861003861,0.0,0.0,0.4411764705882353,0.0,0.0,0.0,0.0,0.0,0.0,0.0,0.0,0.0,0.009770786935533304,0.0,0.0008043294090493882,9.89901386388269e-06,0.008563260690700287,0.0032574746199273614,0.0,0.6540859661322753,0.49397736779691326,0.3943396226415094,0.14644607843137256,0.39685470210458335,0.08377717902124195,0.020202020202020204,0.6000000000000014,0.0,1.0,0.0,0.55,0.0,0.0,0.0,0.0,0.0,0.0,0.003661682035674761,0.0,0.0,0.0007036578645905016,0.00109957807884038,0.03312156029362849,0,2
9553,0.20000000000004547,0.0,1.0,0.04247104247104247,0.0,0.8,0.23529411764705882,0.0,0.0,0.0,0.0,0.0,0.0,0.0,0.0,0.0,0.009770786935533304,0.0,0.0008043294090493882,9.89901386388269e-06,0.0,0.0,0.0,0.654037159193801,0.4939201635966142,0.20339622641509433,0.2450980392156863,0.39068840712170516,0.1342189360235604,0.020202020202020204,0.3999999999999986,0.0,1.0,0.0,0.10000000000000002,0.0,0.0,0.0,0.0,0.0,0.0,0.0036354330375410375,0.0,0.0,0.0010239698009875666,0.0010825576210823542,0.03312156029362849,1,4
9398,0.4000000000000341,0.0,0.0,0.02316602316602317,0.0,0.6000000000000001,0.029411764705882346,0.0,0.0,0.0,0.0,0.0,0.0,0.0,0.0,0.0,0.009770786935533304,0.0,0.0008043294090493882,9.89901386388269e-06,0.0,0.0,0.0,0.6539394621557746,0.4937999523664121,0.580754716981132,0.24350490196078436,0.40287476084280827,0.12983269628422836,0.020202020202020204,0.14999999999999858,0.0,1.0,0.0,0.2,0.0,0.0,0.0,0.0,0.0,3.2524920413326684e-06,0.0036657153292504684,0.0,0.0,0.0025153734891923824,0.0010831498611385403,0.03312156029362849,1,2
4293,0.0,0.0,0.0,0.15830115830115832,0.0,0.4,0.5294117647058824,0.0,0.0,0.0,0.0,1.0,0.0,0.0,0.0,0.0,0.009982909080265018,1.0148201054587958e-06,0.0008043294090493882,9.89901386388269e-06,0.053627383925305,0.012327695348548289,0.0,0.6538459930799633,0.4943791266987316,0.580754716981132,0.24448529411764708,0.3956238803787519,0.10213672535873176,0.020202020202020204,0.14999999999999858,1.0,1.0,0.0,0.10000000000000002,9.932134195475167e-06,0.0,0.007548320593179544,0.03290789305978579,0.0,4.300517254650973e-06,0.0039106122661997445,0.0,0.0,0.0034900979840890335,0.0013202145144023175,0.03313797929495479,0,1
2945,0.20000000000004547,0.0,1.0,0.0694980694980695,0.0,0.6000000000000001,0.32352941176470584,0.4444444444444444,0.0,0.0,0.0,0.0,0.0,0.0,0.0,0.0,0.011085297106071531,0.00011835203079361398,0.0008671917672299354,1.5951785122166787e-05,0.06086790859492827,0.014972549674638957,0.0020335834768237925,0.6536481989288154,0.49454858065788476,0.580188679245283,0.2248774509803922,0.39691563387318884,0.11780186728491761,0.030303030303030304,0.5,0.0,1.0,0.0,0.25000000000000006,0.0005962539180589153,0.0,0.0,0.0,0.0,0.0053989560946099335,0.0042249629739958845,0.0,0.0,0.0010005622918586381,0.0014238137469358768,0.0331314464173878,0,4
6570,0.20000000000004547,1.0,0.0,0.06756756756756757,0.0,0.8,0.1764705882352941,0.0,0.0,0.0,0.0,0.0,0.0,0.0,0.0,0.0,0.009770786935533304,0.0,0.0008043294090493882,9.89901386388269e-06,0.0,3.9472957077106475e-05,0.0,0.6541074359371104,0.49400243459231863,0.3732075471698113,0.17598039215686276,0.39617226629620156,0.09850241243185666,0.24242424242424243,0.6000000000000014,0.0,0.0,0.0,0.55,0.0,0.0004343978323001491,0.0,0.0,0.0,0.0,0.0036354330375410375,0.004726660712836169,0.0,1.8828335211903194e-05,0.0010852503107854172,0.03312156029362849,0,3
10394,0.8000000000000114,1.0,1.0,0.10231660231660232,0.0,0.6000000000000001,0.23529411764705882,0.0,0.0,0.0,0.0,0.0,0.0,0.0,0.0,0.0,0.009793541719700339,0.0,0.0008043294090493882,9.89901386388269e-06,0.0036150205550068756,0.001133829529179033,0.0,0.654022791543816,0.493899351588505,0.580754716981132,0.2450980392156863,0.39068840712170516,0.13045930196127578,0.020202020202020204,0.14999999999999858,0.0,1.0,0.0,0.8,6.535656589189299e-05,0.0,0.0,0.0,5.5484715807676925e-05,0.0,0.0036492464397989604,0.0,0.0,0.0013390630140378541,0.0010827182218341154,0.03313495343670432,1,4
5254,0.6000000000000227,0.0,0.0,0.06756756756756757,0.0,0.0,0.4411764705882353,0.0,0.0,0.0,0.0,0.0,0.0,0.0,0.0,0.0,0.009770786935533304,0.0,0.0008043294090493882,9.89901386388269e-06,0.0,0.0,0.0,0.6540984555346466,0.4939918940855911,0.5809433962264151,0.15625000000000003,0.40288085401966883,0.08778745535434553,0.24242424242424243,0.14999999999999858,0.0,0.0,0.0,0.75,0.0,0.0,0.0,0.0,0.0,0.0,0.0036354330375410375,0.0013510041045284203,0.0,4.410332867570802e-05,0.0010827244178507728,0.03312156029362849,0,2
6676,0.8000000000000114,1.0,0.0,0.10231660231660232,0.4444444444444444,0.6000000000000001,0.5,0.0,0.0,0.0,0.0,1.0,0.0,0.0,0.0,0.0,0.009770786935533304,0.0,0.0008043294090493882,9.89901386388269e-06,0.0005382765606405238,0.002211981413638779,0.0,0.6541301511702009,0.4940283410104703,0.2788679245283019,0.08725490196078432,0.3931256778659258,0.0532614825490319,0.020202020202020204,0.6999999999999957,0.0,1.0,0.0,0.35000000000000003,9.129009468664018e-05,0.0,0.00030616694012001707,0.000580145827564838,0.0,6.205032038853546e-05,0.0036354330375410375,0.0,0.0,0.0008268095027835749,0.0011039091936202068,0.03312156029362849,0,0
4878,0.0,0.0,0.0,0.14594594594594593,0.0,0.0,0.7941176470588235,0.2222222222222222,0.0,0.0,0.0,0.0,0.0,0.0,0.0,0.0,0.009770786935533304,0.0,0.0008687668349987857,9.89901386388269e-06,0.0014478157322802537,0.0009184318349814331,0.0,0.6540985400210008,0.4940078934987821,0.6750943396226415,0.2450980392156863,0.39069450029856573,0.06522965098063789,0.020202020202020204,0.3999999999999986,0.0,1.0,0.0,0.45,0.0,0.0,0.0,0.0,3.338473873562056e-05,0.0,0.0036354330375410375,0.0,0.0,0.0002563569934218504,0.0010854823887853388,0.03312161981870883,0,2
10187,0.0,0.0,0.0,0.05791505791505792,0.0,1.0,0.0,0.0,0.0,0.0,0.0,0.0,0.0,0.0,0.0,0.0,0.009770786935533304,0.0,0.0008043294090493882,9.89901386388269e-06,0.03772599300999625,0.003980868496466755,0.0,0.6521290653674812,0.49286417748279904,0.580754716981132,0.24485294117647063,0.39091994784240613,0.1339682937527414,0.25252525252525254,0.14999999999999858,0.0,1.0,0.0,0.8,0.0,0.0,0.0,0.0,0.0,0.0,0.0036354330375410375,0.0,0.01325608316221766,0.015871160976638026,0.0012377326945450923,0.033200381420841446,1,2
7960,0.20000000000004547,0.0,1.0,0.03474903474903475,0.0,0.6000000000000001,0.5882352941176471,0.0,0.0,0.0,0.0,1.0,0.0,0.0,0.0,0.0,0.009770786935533304,0.0,0.0008043294090493882,9.89901386388269e-06,0.0,0.0,5.611085364638666e-06,0.6541019290834174,0.49400335650818655,0.580754716981132,0.24240196078431378,0.3952765692977005,0.07224763456356915,0.24242424242424243,0.29999999999999716,1.0,0.0,0.0,0.4,0.0,0.0006324630588377776,0.0,0.0,0.0,0.0,0.0036354330375410375,0.005259817660787214,0.0,1.458172699834894e-05,0.0010872892463789187,0.03312371807779071,0,1
6015,1.0,1.0,0.0,0.10231660231660232,0.0,0.6000000000000001,0.1764705882352941,0.0,0.0,0.0,0.0,0.0,0.0,0.0,0.0,0.0,0.009770786935533304,0.0,0.0008043294090493882,9.89901386388269e-06,0.0,0.0,0.0,0.65409601139412,0.4939803124932392,0.580754716981132,0.24497549019607845,0.40287476084280827,0.12713829187292439,0.25252525252525254,0.8999999999999986,0.0,1.0,0.0,0.2,0.0,0.0,0.0,0.0,0.0,0.0,0.0036354330375410375,0.0,0.0,0.00011432585606249371,0.0011038938274988963,0.03312156029362849,0,3
3523,1.0,0.0,0.0,0.03474903474903475,0.0,0.6000000000000001,0.029411764705882346,0.0,0.0,0.0,0.0,0.0,0.0,0.0,0.0,0.0,0.009770786935533304,0.0,0.0008043294090493882,9.89901386388269e-06,0.0020880358725719715,0.0014601670080038691,0.0,0.6540832857612762,0.49400012650316044,0.580754716981132,0.2450980392156863,0.39095041372670886,0.13227645842471336,0.25252525252525254,0.8999999999999986,0.0,0.0,0.0,0.6,0.0,0.0,0.0,0.0,0.0,0.0,0.0036428427224190723,0.005832519206355373,0.0,0.0006133790670866887,0.0010860791891097847,0.03312900092867062,0,2
9158,0.20000000000004547,0.0,1.0,0.015444015444015444,0.0,0.8,0.23529411764705882,0.0,0.0,0.0,0.0,0.0,0.0,0.0,0.0,0.0,0.009770786935533304,0.0,0.0008043294090493882,9.89901386388269e-06,0.0,2.0775240566898145e-05,0.0,0.6536354385074729,0.4934495055550151,0.20339622641509433,0.2450980392156863,0.39068840712170516,0.1342189360235604,0.020202020202020204,0.3999999999999986,0.0,1.0,0.0,0.75,0.0,0.0,0.0,0.0,0.0,0.0,0.0036354330375410375,0.0,0.0,0.003736043112794519,0.0010825576210823542,0.03312156029362849,1,4
10521,0.20000000000004547,0.0,0.0,0.03861003861003861,0.0,0.6000000000000001,0.5588235294117647,0.0,0.0,0.0,0.0,0.0,0.0,0.0,0.0,0.0,0.009770786935533304,0.0,0.0008043294090493882,9.89901386388269e-06,7.736143987714714e-05,0.00015490019366679256,0.0,0.6539905651351665,0.49386371051513817,0.580754716981132,0.2450980392156863,0.40287476084280827,0.13371765148192244,0.020202020202020204,0.0,0.0,1.0,0.0,0.75,0.0,0.0,1.5625905735463498e-05,0.0,0.0,5.60151407118404e-06,0.0036354330375410375,0.0,0.0,0.0009222558596797853,0.0011347946017729502,0.03312156029362849,1,2
6367,0.6000000000000227,1.0,0.0,0.03861003861003861,0.537037037037037,0.2,0.5,0.0,0.0,0.0,0.0,1.0,0.0,0.0,0.0,0.0,0.009770786935533304,0.0,0.0008043294090493882,9.89901386388269e-06,0.0011510225447141891,0.0002645934638600148,0.0,0.6541113955309066,0.49400413208204097,0.43,0.2394607843137255,0.39821957372134686,0.13133654990914218,0.25252525252525254,0.9499999999999957,0.0,1.0,0.0,0.35000000000000003,0.0,0.0,0.0,0.0,0.0,0.0,0.0036354330375410375,0.0,0.0,0.0004054743384628609,0.001097686311034526,0.03315998869340941,0,0
4762,0.8000000000000114,1.0,0.0,0.05791505791505792,0.7037037037037037,0.4,0.5,0.0,0.0,0.0,0.0,1.0,0.0,0.0,0.0,0.0,0.025412187790478102,0.0,0.0009705536402194335,0.0007999880968913047,0.06201965414375346,0.01425688418759045,0.0,0.653219259721063,0.4948685413612733,0.580754716981132,0.24289215686274512,0.3928697644377826,0.05526662071558369,0.030303030303030304,0.29999999999999716,1.0,1.0,0.0,0.2,0.003869533684805968,0.0,0.0007027625089155874,0.003063785275723095,0.0,7.3723152936873825e-06,0.004805535009395807,0.0,0.0,0.004107825987298037,0.0020135761895490973,0.03376111263803965,0,0
11748,0.4000000000000341,1.0,1.0,0.03861003861003861,0.0,0.8,0.23529411764705882,0.0,0.0,0.0,0.0,0.0,0.0,0.0,0.0,0.0,0.009770786935533304,0.0,0.0009530407579974652,9.89901386388269e-06,0.0,0.0,0.0,0.6541018402899158,0.4939806711670337,0.580754716981132,0.24473039215686276,0.3920106265004448,0.022557804373707628,0.020202020202020204,0.6000000000000014,0.0,1.0,0.0,0.4,4.9049671607866086e-05,0.0,0.0,0.0,5.2636135193573346e-05,0.0,0.0036354330375410375,0.0,0.0,2.4865681828763456e-05,0.0010962941900119294,0.03312156029362849,1,4
7408,0.20000000000004547,0.0,0.0,0.03474903474903475,0.0,1.0,0.5588235294117647,0.0,0.0,0.0,0.0,0.0,0.0,0.0,0.0,0.0,0.010213421665639667,0.0,0.0008043294090493882,9.89901386388269e-06,0.012224553508811251,0.001688196048466143,0.0,0.6541089113007765,0.49399702576044335,0.28547169811320755,0.11825980392156865,0.39339377764779004,0.06873864277210352,0.020202020202020204,0.3500000000000014,0.0,1.0,0.0,0.05,0.0,0.0,0.0,0.0,0.0,0.00038350495047358087,0.0036457078843370955,0.0,0.0,0.0007769758112172877,0.0011129059585112296,0.03318434933253734,0,2
3848,0.8000000000000114,0.0,0.0,0.03474903474903475,0.0,0.4,0.029411764705882346,0.0,0.0,0.0,0.0,0.0,0.0,0.0,0.0,0.0,0.009770786935533304,0.0,0.0008043294090493882,9.89901386388269e-06,0.0,0.0,4.26268500569449e-05,0.6541012290062949,0.4940058835281025,0.5115094339622641,0.21311274509803926,0.3985546984486772,0.10971865405100571,0.020202020202020204,0.3500000000000014,0.0,1.0,0.0,0.10000000000000002,2.174478867266368e-05,0.0,0.0,0.0,6.637818892534777e-05,0.0,0.0036599312124607737,0.0,0.0,0.00012110508001786646,0.0010932815380086756,0.03312156029362849,0,2
4665,0.20000000000004547,0.0,0.0,0.02316602316602317,0.0,0.6000000000000001,0.5294117647058824,0.0,0.0,0.0,0.0,1.0,0.0,0.0,0.0,0.0,0.011233052708552977,0.0,0.0008043294090493882,9.89901386388269e-06,0.00042042689054729964,0.0017974738138480273,0.0,0.6540772342190883,0.49396659865505044,0.4113207547169811,0.2386029411764706,0.3976650946270367,0.13058462309668528,0.25252525252525254,0.14999999999999858,0.0,1.0,0.0,0.0,0.0,0.0,0.0,0.0,0.0,0.0,0.0036354330375410375,0.0,0.00027132956878850106,0.00023453556687870716,0.0010840776278887609,0.03312668441096084,0,1
7196,1.0,0.0,0.0,0.06756756756756757,0.0,0.6000000000000001,0.0,0.0,0.0,0.0,0.0,0.0,0.0,0.0,0.0,0.0,0.013371746579426951,0.0,0.0010239655917868794,0.00020989350766394203,0.1866999055756631,0.08597991200439105,0.0,0.6531843439958004,0.49581581399141617,0.5749056603773585,0.24460784313725495,0.39846330079576897,0.13315370637257973,0.030303030303030304,0.29999999999999716,0.0,1.0,0.0,0.2,0.007357640829872649,0.0,0.0,0.0,0.00029097781426813023,0.0,0.0049431919630795445,0.0,0.0,0.028369210350877284,0.0022836231317069,0.03312156029362849,0,2
6651,0.0,1.0,1.0,0.05791505791505792,0.0,0.4,0.2941176470588235,0.0,0.0,0.0,0.0,0.0,0.0,0.0,0.0,0.0,0.010889774516191827,0.0050138333074827,0.000815526425465571,1.0303881506577278e-05,0.02915911729874096,0.006703006717466284,0.0010423134774638478,0.6538551106485079,0.4945470341682772,0.5716981132075472,0.24191176470588235,0.3974396470831963,0.13002067798734257,0.020202020202020204,0.3500000000000014,0.0,1.0,0.0,0.25000000000000006,3.695188409157303e-05,0.0,0.0,0.0,0.0,0.0006750366537783657,0.0039574871318891446,0.0,0.0,0.0,0.0013740292487745675,0.033669845808612896,0,4
7613,0.20000000000004547,0.0,0.0,0.10231660231660232,0.0,0.6000000000000001,0.5588235294117647,0.0,0.0,0.0,0.0,0.0,0.0,0.0,0.001980231196988938,0.0,0.009770786935533304,0.0,0.0008043294090493882,9.89901386388269e-06,0.0,0.0,0.0,0.6541032752326595,0.4939974915705661,0.5694339622641509,0.23995098039215687,0.40250917023117516,0.13070994423209475,0.24242424242424243,0.14999999999999858,0.0,0.0,0.0,0.85,0.0,5.971393241686464e-05,0.0,0.0,0.0,0.0,0.003637488163959968,0.0030759054689483384,0.0,1.3302628138844647e-06,0.001085344044125411,0.03312156029362849,0,2
10283,0.6000000000000227,0.0,0.0,0.03861003861003861,0.0,0.8,0.029411764705882346,0.0,0.0,0.0,0.0,0.0,0.0,0.0,0.0,0.0,0.009770786935533304,0.0,0.0008043294090493882,9.89901386388269e-06,0.0,0.0,0.0,0.654100785701425,0.4939947087432578,0.580754716981132,0.2450980392156863,0.40287476084280827,0.1342189360235604,0.020202020202020204,0.14999999999999858,0.0,1.0,0.0,0.45,0.0,0.0,0.0,0.0,0.0,3.613880045925187e-08,0.0036354330375410375,0.0,0.0,4.141722107074901e-05,0.0013870967966095374,0.03312156029362849,1,2
6920,0.6000000000000227,0.0,0.0,0.0694980694980695,0.0,0.2,0.5294117647058824,0.0,0.0,0.0,0.0,1.0,0.0,0.0,0.0,0.0,0.013545221709779735,2.0492818903780845e-05,0.0008518153630706649,1.3846473380154927e-05,0.06843233910628016,0.015731012157255274,0.0,0.6538741528787682,0.49473747364981036,0.580754716981132,0.24436274509803926,0.3944296177140838,0.0884767215990977,0.020202020202020204,0.29999999999999716,1.0,1.0,0.0,0.2,0.0,0.0,0.004699566759161947,0.017523041018947035,0.0,0.0002441175971022464,0.004328668328292525,0.0,0.0,0.001868712269781392,0.001386465942977542,0.03312156029362849,0,1
8675,0.4000000000000341,1.0,0.0,0.10231660231660232,0.4444444444444444,0.6000000000000001,0.5,0.0,0.0,0.0,0.0,1.0,0.0,0.0,0.0,0.0,0.009770786935533304,0.0,0.0008043294090493882,9.89901386388269e-06,0.0,0.0,0.0,0.6541029979186267,0.493997217907119,0.580754716981132,0.24497549019607845,0.40287476084280827,0.13403095432044615,0.25252525252525254,0.29999999999999716,0.0,0.0,1.0,0.5,0.0,0.01183765632066718,0.0,0.0,0.0,0.0,0.0036408091917114606,0.024068757551222418,0.0,6.779223955372753e-06,0.0010964513209943624,0.03312156029362849,0,0
3610,0.4000000000000341,1.0,0.0,0.0694980694980695,0.0,0.6000000000000001,0.47058823529411764,0.0,0.0,0.0,0.0,0.0,0.0,0.0,0.0,0.0,0.016105541264002675,0.0,0.001408328911577489,9.89901386388269e-06,0.06816988861398666,0.015670680858649002,0.0,0.6536315759901542,0.49458590641119554,0.580754716981132,0.24203431372549022,0.3968059566896989,0.10295131273889344,0.020202020202020204,0.5,1.0,1.0,0.0,0.25000000000000006,0.00016662631694719244,0.0,0.0,0.0,8.481570520784239e-05,0.0,0.004065071075938592,0.0,0.0,0.003937961658755867,0.0016287572089166147,0.03333048340476475,0,3
4826,0.4000000000000341,1.0,0.0,0.06756756756756757,0.0,0.6000000000000001,0.5588235294117647,0.0,0.0,0.0,0.0,0.0,0.0,0.0,0.0,0.0,0.009770786935533304,0.0,0.0008043294090493882,9.89901386388269e-06,4.084973227157769e-05,9.473509698505554e-06,0.0,0.6541034157119308,0.4939977900772198,0.20339622641509433,0.2481617647058824,0.39068840712170516,0.13578545021617897,0.25252525252525254,0.6499999999999986,0.0,0.0,1.0,0.55,0.0,0.0,0.0,0.0,0.0,0.0,0.003641535985559653,0.0012140654881707203,0.0,8.186232700827475e-07,0.0010825576210823542,0.03312156029362849,0,3
1829,0.0,0.0,0.0,0.02316602316602317,0.0,0.8,0.5588235294117647,0.0,0.0,0.0,0.0,0.0,0.0,0.0,0.0,0.0,0.009770786935533304,0.0,0.0008043294090493882,9.89901386388269e-06,0.0,0.002293835861472358,0.0,0.6540899071722054,0.493967697578765,0.20339622641509433,0.1368872549019608,0.39068840712170516,0.04574221442446269,0.04040404040404041,0.10000000000000142,0.0,1.0,0.0,0.35000000000000003,0.0,0.0,1.2903973768640824e-05,5.6256565097196404e-05,0.0,1.987634025258853e-06,0.0036354330375410375,0.0,0.0,0.0008230745341138224,0.0010825576210823542,0.03312156029362849,0,2
7462,0.4000000000000341,0.0,0.0,0.10231660231660232,0.0,0.0,0.4411764705882353,0.0,0.0,0.0,0.0,0.0,0.0,0.0,0.0,0.0,0.009874989399536311,0.0,0.0008043294090493882,9.89901386388269e-06,0.010979901931722384,0.003220411590756015,0.0,0.6540243245569944,0.49401607584176327,0.580754716981132,0.2450980392156863,0.39927978649508283,0.1315245316122564,0.020202020202020204,0.10000000000000142,0.0,1.0,0.0,0.45,0.0,0.0,3.830867212565245e-06,0.0,0.0,1.8430788234218456e-06,0.0036485750095016025,0.0,0.001026694045174538,0.00041263729207608493,0.0011414470418014586,0.03312156029362849,0,2
9755,0.0,1.0,1.0,0.02316602316602317,0.0,1.0,0.5882352941176471,0.0,0.01111188,0.0,0.0,0.0,0.0,0.0,0.0,0.0,0.009770786935533304,0.0,0.0008043294090493882,9.89901386388269e-06,0.0,0.0,0.0,0.6538068500551236,0.49365033221411037,0.580754716981132,0.2450980392156863,0.40287476084280827,0.1342189360235604,0.020202020202020204,0.44999999999999574,0.0,1.0,0.0,0.25000000000000006,0.00013500370513412112,0.0,0.0,0.0,7.680211578794659e-05,0.0,0.0036354330375410375,0.0,0.0,0.004580529761816443,0.0010844106761761323,0.03312156029362849,1,4
1922,0.0,0.0,0.0,0.03474903474903475,0.0,0.4,0.47058823529411764,0.0,0.0,0.0,0.0,0.0,0.0,0.0,0.0,0.0,0.010468028437159436,0.0,0.0008043294090493882,9.89901386388269e-06,0.0,2.542889445388333e-05,0.0,0.654003102578798,0.49384710748966304,0.20339622641509433,0.2450980392156863,0.39068840712170516,0.09599598972366691,0.020202020202020204,0.8999999999999986,0.0,1.0,0.0,0.6,0.0,0.0,1.0081229506750644e-07,0.0,0.0,7.491573335202914e-05,0.0036354330375410375,0.0,0.0,0.0015576354271499477,0.0010849129996385854,0.03312156029362849,0,2
7186,0.6000000000000227,1.0,0.0,0.03861003861003861,0.537037037037037,0.4,0.5,0.0,0.0,0.0,0.0,1.0,0.0,0.0,0.0,0.0,0.012832178274704273,0.0,0.0008043294090493882,1.6053002032840435e-05,0.06637792292486976,0.015258832489650813,0.00045791241221886477,0.6538084738497177,0.4941829220405793,0.580188679245283,0.24240196078431378,0.39481348785629855,0.09173507111974437,0.020202020202020204,0.0,1.0,1.0,0.0,0.2,0.0,0.0,0.0,0.0,0.0,0.001090452165057466,0.0040883469335977005,0.0,0.0,0.0018021735471099786,0.0012774808849246577,0.03317116452724268,0,0
11830,0.20000000000004547,0.0,1.0,0.03861003861003861,0.0,1.0,0.2941176470588235,0.0,0.0,0.0,0.0,0.0,0.0,0.0,0.0,0.0,0.00982621409828938,0.0,0.0008043294090493882,9.89901386388269e-06,0.024817116110122203,0.005874905628469725,0.0,0.6536374287409206,0.4940202347498092,0.36716981132075466,0.08541666666666667,0.3913342838689236,0.04242120433611128,0.25252525252525254,0.6499999999999986,1.0,1.0,0.0,0.05,0.0,0.0,0.0,0.0,0.0,0.0,0.0036354330375410375,0.0,0.0,0.001098515682519477,0.0011955391098792964,0.03315850056640098,1,4
1396,0.8000000000000114,1.0,0.0,0.10231660231660232,0.4444444444444444,0.6000000000000001,0.5,0.0,0.0,0.0,0.0,1.0,0.0,0.0,0.0,0.0,0.009770786935533304,0.0,0.0008043294090493882,9.89901386388269e-06,0.008018477093060751,0.004352080494916091,0.0,0.6541485539547222,0.4940506742768054,0.2788679245283019,0.09387254901960786,0.3931256778659258,0.05689579547590702,0.020202020202020204,0.14999999999999858,0.0,1.0,0.0,0.75,1.7223393338291524e-05,0.0,0.0,0.0,0.0,6.880827607441556e-05,0.0036354330375410375,0.0,0.0,0.001245125993795859,0.0011232315459186765,0.03312156029362849,0,0
1531,0.20000000000004547,0.0,0.0,0.06756756756756757,0.0,0.6000000000000001,0.5588235294117647,0.0,0.0,0.0,0.0,0.0,0.0,0.0,0.0,0.0,0.009770786935533304,0.0,0.0008043294090493882,9.89901386388269e-06,0.00018653506063835479,0.00021955274231097959,0.0,0.6541027802420202,0.49399704555737356,0.3920754716981132,0.23002450980392158,0.3967815839822567,0.12651168619587694,0.24242424242424243,0.3999999999999986,0.0,0.0,0.0,0.55,0.0,0.0,0.0,0.0,0.0,0.0,0.0036354330375410375,0.003046633198446608,0.0,5.489892304992426e-05,0.001083577634128571,0.03312156029362849,0,2
8012,0.8000000000000114,1.0,0.0,0.15830115830115832,0.0,0.4,0.0,0.0,0.0,0.0,0.0,0.0,0.0,0.0,0.0,0.0,0.010237726544230778,0.0,0.0008043294090493882,9.89901386388269e-06,0.0014716748679432991,0.003732645922173456,0.0,0.6541174590005797,0.494007403621803,0.3920754716981132,0.19546568627450983,0.3967815839822567,0.10432984522839779,0.24242424242424243,1.0,0.0,0.0,0.0,0.55,0.0,0.00045016735670601126,0.0,0.0,0.0,0.0,0.0036881968573823512,0.03654693175243506,0.0,0.001510308769348289,0.0011049907207197987,0.03312156029362849,0,3
8423,0.8000000000000114,1.0,0.0,0.03861003861003861,0.0,0.6000000000000001,0.029411764705882346,0.0,0.0,0.0,0.0,0.0,0.0,0.0,0.0,0.0,0.009770786935533304,0.0,0.0008043294090493882,9.89901386388269e-06,0.0,0.0007245572900111397,0.0,0.6541072570248311,0.49400224904461976,0.3439622641509434,0.2450980392156863,0.3952278238828161,0.13415627545585562,0.020202020202020204,0.0,0.0,1.0,0.0,0.75,0.0,0.0,0.0,0.0,3.900364225464905e-05,0.0,0.0036354330375410375,0.0,0.0,0.0007907900788999341,0.0010929461104509076,0.03312156029362849,0,3
3716,0.0,1.0,1.0,0.20463320463320464,0.0,0.6000000000000001,0.2941176470588235,0.0,0.0,0.0,0.0,0.0,0.0,0.0,0.0,0.0,0.009770786935533304,0.0,0.0009082215028719646,0.0006177875359876726,0.04390550914672501,0.01009286117028592,0.0,0.6533816070425339,0.49632133947340323,0.580754716981132,0.24240196078431378,0.3929002303220854,0.09424149382793409,0.030303030303030304,0.3500000000000014,1.0,1.0,0.0,0.25000000000000006,0.0,0.0,0.0008175877129974772,0.0035643808042051784,0.0,6.689291965007522e-05,0.005369757913379715,0.0,0.0,0.0020005106162647142,0.001722062627216146,0.033206611712583385,0,4
5671,0.6000000000000227,0.0,0.0,0.10231660231660232,0.0,0.6000000000000001,0.0,0.0,0.0,0.0,0.0,0.0,0.0,0.0,0.0,0.0,0.009770786935533304,0.0,0.0008043294090493882,9.89901386388269e-06,0.003581039361789811,0.0008417296468084452,0.0,0.6541089812090931,0.49399595517351125,0.39811320754716983,0.21960784313725495,0.397049683764121,0.11567140798295633,0.020202020202020204,0.6000000000000014,0.0,1.0,0.0,0.35000000000000003,1.797695922735355e-05,0.0,2.8731504094239336e-05,0.00012525875822422638,0.0,0.0001196917071210422,0.003706201398233255,0.0,0.0,0.0006137883787217301,0.001101805522044668,0.03314223037777553,0,2
10850,0.4000000000000341,1.0,0.0,0.2953667953667954,0.0,0.8,0.1764705882352941,0.0,0.0,0.0,0.0,0.0,1.0,0.0,0.0,0.0,0.009770786935533304,0.0,0.0008043294090493882,9.89901386388269e-06,0.00018761956680485685,4.3129399416880544e-05,0.0,0.6541034107421452,0.49399678664458035,0.20339622641509433,0.2479166666666667,0.39068840712170516,0.01691835328028072,0.020202020202020204,0.5,0.0,1.0,0.0,0.8,0.0,0.0,0.0,0.0,0.0,0.0,0.0036354330375410375,0.0,0.0,8.953692016530051e-07,0.0010825576210823542,0.03312156029362849,1,3
1289,0.8000000000000114,1.0,0.0,0.20463320463320464,0.6666666666666666,0.6000000000000001,0.5,0.0,0.0,0.0,0.0,1.0,0.0,0.0,0.0,0.0,0.012167308162458625,0.001976029338034591,0.0008043294090493882,9.89901386388269e-06,0.0027069273915891487,0.0021700985286559125,0.0,0.653908782675703,0.4943176409270543,0.2811320754716981,0.06115196078431374,0.3930099075055753,0.04004010276333104,0.24242424242424243,0.14999999999999858,0.0,1.0,0.0,0.45,0.0018369899710767154,0.0,0.0,0.0,0.0,0.0,0.0036354330375410375,0.0,0.0,0.0023247110131946725,0.002096437304762025,0.03312156029362849,0,0
4971,0.8000000000000114,0.0,0.0,0.015444015444015444,0.0,0.6000000000000001,0.5294117647058824,0.0,0.0,0.0,0.0,1.0,0.0,0.0,0.0,0.0,0.009770786935533304,0.0,0.0008043294090493882,9.89901386388269e-06,0.0,0.0,0.0,0.6525132980411457,0.4921347999591742,0.2788679245283019,0.2450980392156863,0.3931256778659258,0.1342189360235604,0.020202020202020204,0.44999999999999574,0.0,1.0,0.0,0.35000000000000003,0.0,0.0,0.0,0.0,0.0,7.227760091850375e-08,0.0036354330375410375,0.0,0.024383983572895278,0.0002942694836175576,0.0010830731296682544,0.03312156029362849,0,1
8996,0.4000000000000341,0.0,0.0,0.05791505791505792,0.0,0.6000000000000001,0.5294117647058824,0.0,0.0,0.0,0.0,1.0,0.0,0.0,0.0,0.0,0.009770786935533304,0.0,0.0008043294090493882,9.89901386388269e-06,0.0,0.00013744899159059813,0.0,0.6541132098339463,0.49400879134779374,0.4081132075471698,0.23700980392156865,0.3972995040154036,0.1270129707375149,0.24242424242424243,0.6000000000000014,0.0,1.0,1.0,0.55,1.5790939260885333e-05,0.0,0.0,0.0,0.0,0.0,0.0036354330375410375,0.0,0.0,6.326422959108233e-05,0.0010867670956631618,0.03312156029362849,0,1
7733,0.6000000000000227,0.0,0.0,0.20463320463320464,0.0,0.8,0.0,0.0,0.0,0.0,0.0,0.0,0.0,0.0,0.0,0.0,0.01019519676906144,0.0,0.0008043294090493882,9.89901386388269e-06,0.0061054082153511125,0.0038502337837820993,0.0018401097737081895,0.6539186795066196,0.4943144474104878,0.580754716981132,0.2450980392156863,0.3993407182636884,0.10263800990036973,0.25252525252525254,0.29999999999999716,1.0,1.0,1.0,0.45,0.00040905728900489456,0.0,0.0,0.0,0.0,0.0,0.0036354330375410375,0.0,0.0,0.003735377981387577,0.00225439637242929,0.03312156029362849,0,2
794,0.6000000000000227,0.0,0.0,0.03861003861003861,0.0,0.6000000000000001,0.029411764705882346,0.0,0.0,0.0,0.0,0.0,0.0,0.0,0.0,0.0,0.0146036201627554,0.0,0.0008049220088040052,9.89901386388269e-06,0.004877024230759776,0.0012655445543731673,0.0,0.6538146387030158,0.49365815782417255,0.3920754716981132,0.22794117647058829,0.3967815839822567,0.1251331537063726,0.020202020202020204,0.3999999999999986,0.0,1.0,0.0,0.55,0.0,0.0,1.9154336062826223e-06,0.0,0.0,8.311924105627931e-07,0.0038168782407928124,0.0,0.0,0.005188357539852883,0.001095349272687601,0.03312156029362849,0,2
10138,0.4000000000000341,0.0,0.0,0.03474903474903475,0.0,0.6000000000000001,0.5588235294117647,0.0,0.0,0.0,0.0,0.0,0.0,0.0,0.0,0.0,0.009770786935533304,0.00015658783347670668,0.0008043294090493882,9.89901386388269e-06,0.0,0.0,1.5397862163427035e-05,0.654054390434212,0.4939403192006255,0.580754716981132,0.2450980392156863,0.40287476084280827,0.13415627545585562,0.020202020202020204,0.0,0.0,1.0,0.0,0.75,3.93755149239617e-06,0.0,0.0,0.0,0.0,1.445552018370075e-07,0.0036354330375410375,0.0,0.0006416837782340863,0.00013627519249158739,0.0010835417468000909,0.03312156029362849,1,2
1330,0.6000000000000227,1.0,1.0,0.03861003861003861,0.0,0.6000000000000001,0.2941176470588235,0.0,0.0,0.0,0.0,0.0,0.0,0.0,0.0,0.0,0.009770786935533304,0.0,0.0008043294090493882,9.89901386388269e-06,0.0018794491865480748,0.0004320419028292138,0.0,0.6541607445073233,0.49406261764835263,0.39641509433962263,0.18921568627450983,0.3969217270500494,0.10426718466069304,0.24242424242424243,0.7999999999999972,0.0,1.0,1.0,0.55,3.010869115306382e-05,0.0,0.0,0.0,0.0,0.0,0.003691150758041429,0.0,0.0,0.00010217441689720292,0.0011147474146618248,0.03312156029362849,0,4
7208,1.0,1.0,0.0,0.06756756756756757,0.0,0.8,0.0,0.0,0.0,0.0,0.0,0.0,0.0,0.0,0.0,0.0,0.009770786935533304,0.0,0.0008043294090493882,9.89901386388269e-06,0.0,0.0,1.0939441621756779e-05,0.6540941053157073,0.49397464203134495,0.580754716981132,0.2450980392156863,0.4080600543511376,0.1342189360235604,0.24242424242424243,0.5,0.0,0.0,0.0,0.6,0.0,0.0,0.0,0.0,0.0,0.0,0.00363975610629771,0.005633251507425386,0.0,0.00015732915971902804,0.0010888365156586182,0.0332778136295132,0,3
5327,0.6000000000000227,1.0,0.0,0.05791505791505792,0.7037037037037037,0.6000000000000001,0.5,0.0,0.0,0.0,0.0,1.0,0.0,0.0,0.0,0.0,0.011648779003414196,0.0011198376183075643,0.0008491954483660427,9.89901386388269e-06,0.0,0.0,0.0003327721595516908,0.653520255444697,0.49387687586190737,0.5784905660377359,0.2442401960784314,0.3981525487758808,0.11755122501409865,0.020202020202020204,0.3500000000000014,0.0,1.0,0.0,0.10000000000000002,0.0,0.0,5.040614753375321e-07,2.1975220741092346e-06,0.0,3.613880045925187e-08,0.004019169587855713,0.0,0.0,0.004138217376199859,0.0014089300722664071,0.03312156029362849,0,0
433,0.20000000000004547,0.0,0.0,0.15830115830115832,0.0,0.6000000000000001,0.029411764705882346,0.0,0.0,0.0,0.0,0.0,0.0,0.0,0.0,0.0,0.009846184732277248,0.0,0.0008043294090493882,9.89901386388269e-06,0.0,0.00069347753012306,0.0,0.6541493047236572,0.49405155388158717,0.39283018867924524,0.18382352941176472,0.3968059566896989,0.10288865217118869,0.25252525252525254,0.9499999999999957,0.0,1.0,0.0,0.55,0.0,0.0,0.0,0.0,0.0,0.0,0.0036354330375410375,0.0,0.0,0.0002511126880978828,0.0011094967118737654,0.03312156029362849,0,2
1905,0.20000000000004547,0.0,0.0,0.06756756756756757,0.0,0.0,0.7941176470588235,0.4444444444444444,0.0,0.0,0.0,0.0,0.0,0.0,0.0,0.0,0.009770786935533304,0.0,0.0008043294090493882,9.89901386388269e-06,0.00021726273535591323,0.0003191076951075555,1.0874196443098189e-06,0.6541072729281449,0.4940023092117606,0.41811320754716985,0.18382352941176472,0.39762244238901284,0.10288865217118869,0.24242424242424243,0.5,0.0,0.0,0.0,0.55,0.0,0.0013769948711198823,0.0,0.0,0.0,0.0,0.0036354330375410375,0.005273488351760318,0.0,5.3594242213229876e-05,0.0010863586046769692,0.03312156029362849,0,2
11572,0.8000000000000114,0.0,0.0,0.20463320463320464,0.0,0.6000000000000001,0.029411764705882346,0.0,0.0,0.0,0.0,0.0,0.0,0.0,0.0,0.0,0.009770786935533304,0.0,0.0008043294090493882,9.89901386388269e-06,0.022694014538166662,0.013358479684515506,0.0,0.6539243878022865,0.494213807580768,0.580754716981132,0.2450980392156863,0.39960881804555265,0.12093489567015478,0.020202020202020204,0.6000000000000014,0.0,1.0,0.0,0.4,0.0002567283573042303,0.0,0.0,0.0,0.0,2.4068441105861748e-05,0.0036354330375410375,0.0,0.0,0.005255100918341817,0.001446158615296119,0.03312156029362849,1,2
10777,0.4000000000000341,0.0,1.0,0.03861003861003861,0.0,0.8,0.32352941176470584,0.0,0.0,0.0,0.0,0.0,0.0,0.0,0.0,0.0,0.009770786935533304,0.0,0.0008043294090493882,9.89901386388269e-06,0.0,0.0,0.0,0.6540838254799853,0.49397420222895405,0.580754716981132,0.24497549019607845,0.40287476084280827,0.13334168807569396,0.020202020202020204,0.5,0.0,1.0,0.0,0.4,2.3761086592045857e-06,0.0,0.0,0.0,7.51430523533588e-05,0.0,0.003671544600709284,0.0,0.0,0.0003026603721359058,0.001094035518883688,0.03312156029362849,1,4
7170,0.6000000000000227,0.0,0.0,0.31660231660231664,0.0,0.4,0.5294117647058824,0.0,0.0,0.0,0.0,1.0,0.0,0.0,0.0,0.0,0.015526889510548656,1.4294777829580888e-06,0.0008121267742417161,0.000574729862187103,0.03673945390053488,0.008445550795255434,0.0,0.6532922625573985,0.49465537189845055,0.580754716981132,0.24191176470588235,0.3945453880744343,0.09580800802055267,0.020202020202020204,0.14999999999999858,1.0,1.0,0.0,0.25000000000000006,2.3883286465947807e-05,0.0,0.0,0.0,0.00032995015343910785,0.0,0.004125749135004201,0.0,0.0,0.001955384008501403,0.0015817324661426687,0.03336541470607587,0,1
168,0.0,0.0,0.0,0.02316602316602317,0.0,0.0,0.4411764705882353,0.0,0.0,0.0,0.0,0.0,0.0,0.0,0.0,0.0,0.009770786935533304,0.0,0.0008043294090493882,9.89901386388269e-06,0.04854141150646583,0.01129450108467531,0.0,0.6539535485158983,0.49380342925080334,0.580754716981132,0.24203431372549022,0.40287476084280827,0.12983269628422836,0.020202020202020204,0.6499999999999986,0.0,1.0,0.0,0.4,2.8839170240860227e-05,0.0,0.0,0.0,5.354392462004591e-05,0.0,0.0036689299490425555,0.0,0.0,0.002833766777300191,0.0011787975720071225,0.03312156029362849,0,2
103,1.0,0.0,0.0,0.015444015444015444,0.0,0.6000000000000001,0.029411764705882346,0.0,0.0,0.0,0.0,0.0,0.0,0.0,0.0,0.0,0.011326178769681026,0.0,0.0010157939530653199,9.89901386388269e-06,0.0,0.003551735127316907,0.0007449694499237707,0.6537058368448684,0.49350031845225495,0.580566037735849,0.24497549019607845,0.4028564813122266,0.13334168807569396,0.030303030303030304,0.5,0.0,1.0,0.0,0.5,0.0004104693764366504,0.0,0.0,0.0,0.00011641616817418927,0.0,0.004176976910796822,0.0,0.0,0.007995314405057864,0.001896124745631068,0.03312321211460784,0,2
9134,0.20000000000004547,0.0,1.0,0.02316602316602317,0.0,0.6000000000000001,0.23529411764705882,0.0,0.0,0.0,0.0,0.0,0.0,0.0,0.0,0.0,0.009770786935533304,0.0,0.0008043294090493882,9.89901386388269e-06,0.008909579659869946,0.0020481063160470866,0.0,0.6527739593166876,0.49242631946099313,0.580754716981132,0.24497549019607845,0.40287476084280827,0.13309104580487502,0.020202020202020204,0.8999999999999986,0.0,1.0,0.0,0.25000000000000006,0.0,0.0,0.0,0.0,0.0,0.0,0.0037308354298096497,0.0,0.006846201232032854,0.003776232398960144,0.0010856967709616866,0.03312156029362849,1,4
5905,0.0,0.0,0.0,0.138996138996139,0.0,0.6000000000000001,0.5588235294117647,0.0,0.0,0.0,0.0,0.0,0.0,0.0,0.0,0.0,0.010030164386008728,0.0,0.004771769171479266,9.89901386388269e-06,0.0,0.013850354280177387,0.0005403170728646629,0.6540024329830268,0.49413289209252076,0.580566037735849,0.2450980392156863,0.4022410704493109,0.13371765148192244,0.020202020202020204,1.0,0.0,1.0,0.0,0.4,0.0001486222021923051,0.0,0.0,0.0,0.0,0.0009006873238459344,0.0038035136366810184,0.0,0.0,0.006389815098585266,0.001898848762394351,0.03401665380792653,0,2
5789,0.20000000000004547,0.0,0.0,0.05067567567567568,0.0,0.0,0.4411764705882353,0.3333333333333333,0.0,0.0,0.0,0.0,0.0,0.0,0.0,0.0,0.009803594759266197,0.0,0.0008043294090493882,9.89901386388269e-06,0.0,3.307418298250185e-05,4.3453288986620365e-05,0.6541188306613877,0.494015706687241,0.3920754716981132,0.16482843137254904,0.3967815839822567,0.09298828247383922,0.020202020202020204,0.5,0.0,1.0,0.0,0.55,0.0,0.0,0.0,0.0,0.0,0.0,0.0036567723488688184,0.0,0.0,5.2596545102816525e-05,0.0010955648940672805,0.03312156029362849,0,2
7814,0.0,1.0,1.0,0.06756756756756757,0.0,0.6000000000000001,0.23529411764705882,0.0,0.0,0.0,0.0,0.0,0.0,0.0,0.0,0.0,0.009919204714273579,0.0,0.0010692994730150736,9.89901386388269e-06,0.0016958061423537254,0.0004166682248097092,0.0,0.6540972323047667,0.49398515691851574,0.3920754716981132,0.19558823529411767,0.3967815839822567,0.08979259352089732,0.25252525252525254,0.3999999999999986,0.0,0.0,0.0,0.55,0.0,0.0016288867409628535,0.0,0.0,0.0,0.0,0.003638629595465476,0.0062143717270956265,0.00013123716632443532,1.5093366542150657e-05,0.0010855724540834715,0.03320584284696237,0,4
5725,0.20000000000004547,1.0,0.0,0.10231660231660232,0.4444444444444444,0.6000000000000001,0.5,0.0,0.0,0.0,0.0,1.0,0.0,0.0,0.0,0.0,0.009770786935533304,0.0,0.0008043294090493882,9.89901386388269e-06,0.003651893764667946,0.001812847491867532,0.00020158585366215423,0.6540869080722939,0.4939784488645731,0.28641509433962264,0.06899509803921569,0.39336940494034783,0.0441757002318441,0.020202020202020204,0.3999999999999986,0.0,1.0,0.0,0.75,0.00019859516173631925,0.0,0.0,0.0,5.298046911395949e-05,0.0,0.0036354330375410375,0.0,0.0,0.0008097974879521678,0.0011155632069990119,0.03312156029362849,0,0
875,0.0,1.0,0.0,0.1312741312741313,0.35185185185185186,0.6000000000000001,0.5,0.0,0.0,0.0,0.0,0.0,1.0,0.0,0.0,0.0,0.010808010797686868,0.0,0.0009734698548013642,9.89901386388269e-06,0.002595223256439436,0.0015744308311218089,0.0,0.6542062995494617,0.4941100561394282,0.4492452830188679,0.23247549019607844,0.39864609610158547,0.1254464565448963,0.24242424242424243,0.14999999999999858,0.0,1.0,0.0,0.35000000000000003,0.00013259365206549933,0.0,0.0,0.0,0.0,0.0,0.0036354330375410375,0.0,0.0,0.0008879504282678802,0.0011606854256821866,0.033175385847523255,0,3
7602,0.8000000000000114,0.0,0.0,0.06756756756756757,0.0,0.6000000000000001,0.5588235294117647,0.0,0.00087,0.0009519524435196768,0.0,0.0,0.0,0.0,0.0,0.0,0.009770786935533304,0.0,0.0008043294090493882,9.89901386388269e-06,0.0,0.0001344573569489648,0.0,0.653881261991318,0.4937374200746591,0.20339622641509433,0.1897058823529412,0.39068840712170516,0.10589635942101637,0.020202020202020204,0.9499999999999957,0.0,1.0,0.0,0.05,0.0,0.0,0.0,0.0,0.0,0.0,0.0036354330375410375,0.0,0.0025383213552361396,0.00016763869652663263,0.0010825576210823542,0.03312156029362849,0,2
11345,0.6000000000000227,1.0,1.0,0.0694980694980695,0.0,0.6000000000000001,0.23529411764705882,0.0,0.0,0.0,0.0,0.0,0.0,0.0,0.0,0.0,0.010149717299648227,0.00013843019201989552,0.0008114250113744066,9.89901386388269e-06,0.037310627148225965,0.009199110321097962,0.0,0.6536613986791995,0.4944669121099391,0.580754716981132,0.24497549019607845,0.3908590160738006,0.02706936524844915,0.020202020202020204,0.44999999999999574,1.0,0.0,0.0,0.2,0.0007196418462904676,0.0,0.00023277558931087235,0.0010148156938236444,0.00019741289717411256,0.0,0.00393680747137982,0.0,0.0,0.0036366827133882257,0.0016540627323083214,0.03312156029362849,1,4
1,0.20000000000004547,0.0,0.0,0.03474903474903475,0.0,0.6000000000000001,0.47058823529411764,0.0,0.0,0.0,0.0,0.0,0.0,0.0,0.0,0.0,0.009770786935533304,0.0,0.0008043294090493882,9.89901386388269e-06,0.0,4.022086573751481e-05,0.0,0.6538021605654917,0.49406484926701566,0.20339622641509433,0.051593137254901965,0.39068840712170516,0.030453035904505297,0.24242424242424243,0.7999999999999972,1.0,1.0,0.0,0.45,0.00011851351103924129,0.0,0.0,0.0,0.0,0.0,0.0036354330375410375,0.0,0.0005134496919917865,1.0232790876034344e-07,0.0011461861518861456,0.03312156029362849,0,2
4943,0.4000000000000341,1.0,1.0,0.04247104247104247,0.0,0.2,0.23529411764705882,0.0,0.0,0.0,0.0,0.0,0.0,0.0,0.0,0.0,0.009770786935533304,0.0,0.0008043294090493882,9.89901386388269e-06,0.0017977497220049194,0.007846808362117428,0.0,0.6540486480126845,0.4939336239564612,0.580754716981132,0.17022058823529415,0.40287476084280827,0.09593332915596217,0.25252525252525254,0.5,0.0,1.0,1.0,0.75,0.0,0.0,0.0,0.0,0.0,0.0,0.0036354330375410375,0.0,0.0,0.0028038358639877903,0.0010853235229182417,0.03312156029362849,0,4
8963,0.20000000000004547,1.0,0.0,0.02316602316602317,0.14814814814814814,0.6000000000000001,0.5,0.0,0.0,0.0,0.0,1.0,0.0,0.0,0.0,0.0,0.009770786935533304,0.027062775178565236,0.0008043294090493882,9.89901386388269e-06,0.12037295444061895,0.027671041516825243,0.0,0.6495278335645224,0.4961895947845619,0.2790566037735849,0.06066176470588236,0.3926565032476633,0.03935083651857886,0.020202020202020204,0.7999999999999972,0.0,1.0,0.0,0.05,0.007566928480575389,0.0,0.0,0.0,0.002813677675809896,0.0,0.0039109004707835225,0.0,0.0,0.009796208853308338,0.006701962608653709,0.03312463079568921,0,0
8450,0.20000000000004547,0.0,0.0,0.10231660231660232,0.0,0.0,0.7941176470588235,0.4444444444444444,0.0,0.0,0.0,0.0,0.0,0.0,0.0,0.0,0.012264949061715054,4.439019558071378e-05,0.0008397606364833261,9.89901386388269e-06,0.09337055840499509,0.021463732039285147,0.000516198105153871,0.6539108752867326,0.4946114646362805,0.580754716981132,0.24460784313725495,0.3951120535224656,0.13102324707061846,0.020202020202020204,0.29999999999999716,0.0,1.0,0.0,0.2,0.0009619506184742678,0.0,0.0,0.0,0.0,0.0001667805641194474,0.003937031674128236,0.0,0.0,0.0016985665394901308,0.0012668221005254397,0.033132830375505636,0,2
10106,0.6000000000000227,1.0,1.0,0.05791505791505792,0.0,0.8,0.23529411764705882,0.0,0.0,0.0,0.0,0.0,0.0,0.0,0.0,0.0,0.011672647447652897,0.0,0.0009203074189200729,0.006438134402291875,0.04157273638257907,0.025441858203997074,0.0,0.652971018933533,0.4940890453856666,0.580754716981132,0.2439950980392157,0.4007604284721969,0.13346700921110347,0.020202020202020204,0.14999999999999858,0.0,1.0,0.0,0.25000000000000006,7.246452522385642e-05,0.0,0.0,0.0,0.00010350364615970875,0.0,0.00405509189406295,0.0,0.0,0.020240511516750312,0.0023092818280480813,0.03312485897516383,1,4
10058,1.0,0.0,1.0,0.31660231660231664,0.0,0.4,0.23529411764705882,0.0,0.0,0.0,0.0,0.0,0.0,0.0,0.0,0.0,0.009770786935533304,0.0,0.0008043294090493882,9.89901386388269e-06,0.0,0.0,0.0,0.6523098562257147,0.49400522013685266,0.580754716981132,0.2450980392156863,0.3907980843051951,0.1342189360235604,0.25252525252525254,0.14999999999999858,0.0,0.0,0.0,0.45,0.0,0.0,0.0,0.0,0.0,0.0,0.0036354330375410375,0.42119916366265464,0.026437371663244353,0.0013484260176894257,0.0013548067266964826,0.03312156029362849,1,4
8357,0.8000000000000114,1.0,0.0,0.03861003861003861,0.537037037037037,0.6000000000000001,0.5,0.0,0.0,0.0,0.0,1.0,0.0,0.0,0.0,0.0,0.009770786935533304,0.0,0.0008043294090493882,9.89901386388269e-06,0.0033305184373278347,0.0009309800802838397,0.0,0.6541715484897598,0.494074690670384,0.3920754716981132,0.2325980392156863,0.3967815839822567,0.12695031016981015,0.020202020202020204,0.5,0.0,1.0,0.0,0.55,0.0,0.0,8.992456720021574e-05,0.0,0.0,3.715068687211093e-05,0.003716485275963137,0.0,0.001540041067761807,0.00032530042194913177,0.0011492211591174995,0.03312156029362849,0,0
11650,0.4000000000000341,0.0,0.0,0.10231660231660232,0.0,1.0,0.5588235294117647,0.0,0.0,0.0,0.0,0.0,0.0,0.0,0.0,0.0,0.009770786935533304,0.0,0.0008043294090493882,9.89901386388269e-06,0.012622205769862007,0.0032201622878692123,0.0,0.6540789759632591,0.49396761955556945,0.4313207547169811,0.16384803921568628,0.3980611511229725,0.09261231906761076,0.020202020202020204,0.6000000000000014,0.0,1.0,0.0,0.35000000000000003,0.0,0.0,0.0,0.0,1.0142199109555612e-05,0.0,0.003675708253851496,0.0,0.0,0.0007684570128129891,0.0011523755264137426,0.03313436810674768,1,2
5388,0.4000000000000341,0.0,0.0,0.03474903474903475,0.0,0.6000000000000001,0.029411764705882346,0.0,0.0,0.0,0.0,0.0,0.0,0.0,0.0,0.0,0.010159409152163816,9.187941169852755e-06,0.0010400749482742289,9.89901386388269e-06,0.07769329876409677,0.017859809507664193,0.0017113157910361345,0.6540664839103355,0.49401313852076423,0.580188679245283,0.2450980392156863,0.401302721212786,0.12131085907638325,0.020202020202020204,0.14999999999999858,0.0,1.0,0.0,0.4,0.0,0.0,0.0016998969194282935,0.00741048393831116,0.0,0.001123736000280437,0.003689983804331635,0.0,0.0,0.0020360184006045536,0.0014280618846606269,0.03314904103905075,0,2
5710,0.20000000000004547,0.0,0.0,0.03474903474903475,0.0,0.6000000000000001,0.029411764705882346,0.0,0.0,0.0,0.0,0.0,0.0,0.0,0.0,0.0,0.009770786935533304,0.0,0.0008043294090493882,9.89901386388269e-06,0.008762086821225666,0.0027593674520954114,0.0,0.653996752849478,0.4939463976345522,0.580754716981132,0.24497549019607845,0.4007604284721969,0.13409361488815089,0.020202020202020204,0.6499999999999986,0.0,1.0,0.0,0.10000000000000002,1.1995954288041437e-05,0.0,0.0,0.0,0.0,7.704792257912499e-05,0.00370258077906838,0.0,0.00019168377823408625,0.0008843689514612681,0.0011457881197760706,0.03312156029362849,0,2
7200,0.8000000000000114,1.0,0.0,0.05791505791505792,0.7037037037037037,0.4,0.5,0.0,0.0,0.0,0.0,1.0,0.0,0.0,0.0,0.0,0.009916766701684253,8.958788242813672e-06,0.0008043294090493882,9.89901386388269e-06,0.011192826642412288,0.002572971993729201,0.0,0.6537423952499103,0.49437417086720065,0.580754716981132,0.2450980392156863,0.3909321341961272,0.03026505420139107,0.030303030303030304,0.3500000000000014,1.0,1.0,0.0,0.10000000000000002,0.0,0.0,0.008912310945442906,0.038854387792325376,0.0002587199865446825,0.0,0.003893612907548394,0.0,0.0,0.0011635706505138653,0.0014982447601572058,0.03314336631472529,0,0
8814,0.6000000000000227,0.0,0.0,0.10231660231660232,0.0,0.6000000000000001,0.5588235294117647,0.0,0.0,0.0,0.0,0.0,0.0,0.0,0.0,0.0,0.009770786935533304,0.0,0.0008043294090493882,9.89901386388269e-06,0.0033576310914903863,0.0007720910404282026,0.0,0.6540939114940714,0.4939859095900391,0.3943396226415094,0.23615196078431375,0.3968607952814439,0.12889278776865717,0.020202020202020204,0.3999999999999986,0.0,1.0,0.0,0.35000000000000003,0.0,0.0,0.0,0.0,0.0,1.7708012225033418e-05,0.0036386374484514102,0.0,0.0007186858316221767,6.369912320331379e-05,0.001097441890569423,0.033122056335964635,0,2
5003,1.0,1.0,0.0,0.06756756756756757,0.2962962962962963,0.6000000000000001,0.5,0.0,0.0,0.0,0.0,1.0,0.0,0.0,0.0,0.0,0.009770786935533304,0.0,0.0008043294090493882,9.89901386388269e-06,0.0,0.0,0.0,0.6540888197831302,0.49398064748835246,0.3920754716981132,0.23725490196078433,0.3967815839822567,0.13002067798734257,0.25252525252525254,0.8999999999999986,0.0,0.0,0.0,0.55,0.0,0.0,0.0,0.0,0.0,0.0,0.003641682051098026,0.0027226300988298273,0.0,0.00028731118582185427,0.0010841149526931053,0.03312156029362849,0,0
170,0.8000000000000114,1.0,0.0,0.03861003861003861,0.0,0.6000000000000001,0.1764705882352941,0.0,0.0,0.0,0.0,0.0,0.0,0.0,0.0,0.0,0.011577489709367077,0.0,0.0011035610956701622,9.89901386388269e-06,0.018487938122416163,0.003924692245973862,0.0,0.6544046320940425,0.4943347807986959,0.45660377358490567,0.19779411764705884,0.3988349845842626,0.10871608496772982,0.020202020202020204,0.5,0.0,1.0,0.0,0.35000000000000003,0.00028299454131126616,0.0,0.0,0.0,0.00027189858477037055,0.0,0.003775683439829482,0.0,0.0,8.569962358678763e-05,0.0013933335582725307,0.033122056335964635,0,3
3893,0.8000000000000114,1.0,1.0,0.03861003861003861,0.0,0.6000000000000001,0.23529411764705882,0.0,0.0,0.0,0.0,0.0,0.0,0.0,0.0,0.0,0.010032662596439763,0.0,0.0008043294090493882,9.89901386388269e-06,0.0,0.0,0.0004879251944018158,0.6541462867385606,0.49404690005028584,0.4520754716981132,0.23639705882352943,0.39872530740077267,0.12926875117488565,0.020202020202020204,0.3999999999999986,0.0,1.0,0.0,0.85,0.0,0.0,0.0006302784687620502,0.0027477816014661867,0.0,0.0,0.003709727781566922,0.0,0.0,0.0009596055463773107,0.0011253992595223867,0.03370738629261212,0,4
4410,0.6000000000000227,1.0,0.0,0.05791505791505792,0.7037037037037037,0.4,0.5,0.0,0.0,0.0,0.0,1.0,0.0,0.0,0.0,0.0,0.010598642704213465,0.0,0.0008043294090493882,9.89901386388269e-06,0.03615020555006876,0.011798591521790526,0.0,0.6544299432117782,0.49437300051926725,0.29471698113207545,0.12181372549019609,0.3936375047222121,0.07105708377717902,0.020202020202020204,0.14999999999999858,0.0,1.0,0.0,0.35000000000000003,4.433818758075757e-05,0.0,0.002005963047253243,0.0004685117062000888,0.00028327725568494914,0.0,0.0038128983475214564,0.0,0.0,0.004477664631535108,0.0015046416268906277,0.03312156029362849,0,0
9773,0.0,0.0,1.0,0.02316602316602317,0.0,0.6000000000000001,0.2647058823529412,0.0,0.0,0.0,0.0,0.0,0.0,0.0,0.0,0.0,0.009770786935533304,0.0,0.0010056729730456783,9.89901386388269e-06,0.04117002309275131,0.009464036188807048,0.0,0.6518870580162897,0.49435444419667746,0.5169811320754717,0.2421568627450981,0.3933876844709295,0.09762516448399024,0.24242424242424243,0.5499999999999972,1.0,1.0,0.0,0.05,0.002823170108992987,0.0,0.0,0.0,0.0,0.0,0.0036354330375410375,0.0,0.028601719712525668,0.008805495622667884,0.0019277666130654869,0.03312156029362849,1,4
8866,0.0,0.0,0.0,0.07297297297297296,0.0,0.0,0.4411764705882353,0.0,0.0,0.0,0.0,0.0,0.0,0.0,0.0,0.0,0.009770786935533304,0.0,0.0008043294090493882,9.89901386388269e-06,0.0,0.0,0.0,0.6541075081646602,0.4940001816240249,0.3920754716981132,0.19375000000000003,0.3967815839822567,0.10326461557741715,0.020202020202020204,0.6000000000000014,0.0,1.0,0.0,0.55,0.0,0.0,0.0,0.0,5.008493387434871e-07,0.0,0.0036354330375410375,0.0,0.0,0.00015443839629654833,0.0010900339826219044,0.03312156029362849,0,2
4699,0.8000000000000114,1.0,0.0,0.03861003861003861,0.0,0.6000000000000001,0.029411764705882346,0.0,0.0,0.0,0.0,0.0,0.0,0.0,0.0,0.0,0.00993761020437694,0.0,0.0008043294090493882,9.89901386388269e-06,0.0034451145889215526,0.0010799801056296332,0.0,0.6540270907396238,0.49390775092136835,0.3328301886792453,0.07708333333333334,0.3948317673868802,0.047997994861833454,0.020202020202020204,1.0,0.0,1.0,0.0,0.55,5.851337295338378e-05,0.0,0.0,0.0,0.0,0.0,0.0036448299205096733,0.0,0.0,0.0003963927365603804,0.001105928549801071,0.03312156029362849,0,3
5786,0.0,0.0,0.0,0.06756756756756757,0.0,0.6000000000000001,0.029411764705882346,0.0,0.0,0.0,0.0,0.0,0.0,0.0,0.0,0.0,0.009770786935533304,0.0,0.0008043294090493882,9.89901386388269e-06,0.0,0.0,0.0,0.654103140054493,0.4939965622793712,0.580754716981132,0.2450980392156863,0.40287476084280827,0.13208847672159912,0.020202020202020204,0.6000000000000014,0.0,1.0,0.0,0.8,0.0,0.0,0.0,0.0,0.0,0.0,0.0036354330375410375,0.0,0.0,5.065231483637e-06,0.0010905927146200069,0.03312156029362849,0,2
2316,0.20000000000004547,0.0,0.0,0.03861003861003861,0.0,0.0,0.4411764705882353,0.0,0.0,0.0,0.0,0.0,0.0,0.0,0.0,0.0,0.009770786935533304,0.0,0.0008043294090493882,9.89901386388269e-06,0.0,0.0,8.845071386816068e-05,0.6540319624547254,0.49390533841310763,0.4118867924528302,0.12132352941176472,0.39742136755261465,0.06980387242308417,0.04040404040404041,0.7999999999999972,0.0,1.0,0.0,0.0,2.742708280910436e-06,0.0,0.0,0.0,0.0,0.0,0.003677425701875264,0.0,0.0,0.00018761822071208968,0.0011365719167591075,0.03312156029362849,0,2
1213,0.20000000000004547,0.0,0.0,0.03861003861003861,0.0,1.0,0.5588235294117647,0.0,0.0,0.0,0.0,0.0,0.0,0.0,0.0,0.0,0.009770786935533304,0.0,0.0008043294090493882,9.89901386388269e-06,0.0,0.0,0.0,0.6540650496302298,0.4939444458901379,0.5773584905660377,0.24117647058823533,0.40140630521941534,0.12481985086784889,0.020202020202020204,0.9499999999999957,0.0,1.0,0.0,0.25000000000000006,6.279715742183548e-06,0.0,0.0,0.0,5.274569598642348e-06,0.0,0.003649389756792256,0.0,0.0,0.00035799418879806154,0.0010932066405593202,0.03312156029362849,0,2
1641,0.8000000000000114,0.0,1.0,0.03861003861003861,0.0,0.8,0.23529411764705882,0.0,0.0,0.0,0.0,0.0,0.0,0.0,0.0,0.0,0.009770786935533304,0.0,0.0008043294090493882,9.89901386388269e-06,0.004111724379264821,0.001091614240347096,0.0,0.6539012991726426,0.49409094162104134,0.580754716981132,0.2450980392156863,0.3978296104022716,0.13246444012782757,0.020202020202020204,0.14999999999999858,0.0,1.0,0.0,0.45,0.00026041472016693915,0.0,0.0,0.0,0.00025039336628807204,0.0,0.003650619534389522,0.0,0.0,0.003161088175447339,0.0011996842945912662,0.03312156029362849,0,4
84,0.4000000000000341,0.0,0.0,0.0,0.0,0.0,0.7941176470588235,0.2222222222222222,0.0,0.0,0.0,0.0,0.0,0.0,0.0,0.0,0.009770786935533304,0.0,0.0008043294090493882,9.89901386388269e-06,0.0,0.0,0.0,0.6542710734149064,0.4942101556294057,0.280188679245283,0.13443627450980394,0.3931256778659258,0.0775111222507676,0.020202020202020204,0.6499999999999986,0.0,1.0,0.0,0.05,0.0,0.0,0.0006649578982652725,0.0,0.00016972531966669916,0.0,0.003788077022230536,0.0,0.0,0.0,0.001220659050180079,0.03312156029362849,0,2
10804,0.20000000000004547,1.0,1.0,0.10231660231660232,0.0,0.8,0.23529411764705882,0.0,0.0,0.0,0.0,0.0,0.0,0.0,0.0,0.0,0.009770786935533304,0.0,0.0008043294090493882,9.89901386388269e-06,0.0,0.0,3.210062790002585e-05,0.6539458811307731,0.49381322174410874,0.580754716981132,0.2450980392156863,0.40287476084280827,0.1342189360235604,0.020202020202020204,0.5,0.0,1.0,0.0,0.8,0.0,0.0,0.0,0.0,0.0,0.0,0.0036354330375410375,0.0,0.0,0.001489459457938369,0.0014118475534538025,0.03312156029362849,1,4
11571,0.6000000000000227,0.0,1.0,0.20463320463320464,0.0,0.6000000000000001,0.23529411764705882,0.0,0.0,0.0,0.0,0.0,0.0,0.0,0.0,0.0,0.009770786935533304,0.0,0.0008043294090493882,9.89901386388269e-06,0.050931663097436373,0.010130505906193141,0.0,0.6533552685044685,0.4929780040089187,0.39132075471698113,0.23333333333333336,0.3967572112748145,0.1255717776803058,0.020202020202020204,0.6000000000000014,0.0,1.0,0.0,0.35000000000000003,0.00308905666795798,0.0,0.0,0.0,0.0018143893357656247,0.0,0.004606762585329937,0.0,0.0,0.017118947496061656,0.0018470658258044133,0.03312156029362849,1,4
10373,0.8000000000000114,1.0,1.0,0.20463320463320464,0.0,0.8,0.23529411764705882,0.0,0.0,0.0,0.0,0.0,0.0,0.0,0.0,0.0,0.009770786935533304,0.0,0.0008043294090493882,9.89901386388269e-06,0.06551827103688912,0.04393971689995184,0.0010750013119718007,0.6503904511675145,0.49451311581601437,0.48075471698113204,0.2263480392156863,0.3931866096345313,0.12450654802932516,0.020202020202020204,0.14999999999999858,0.0,1.0,0.0,0.5,0.003788766357038663,0.0,0.0,0.0,0.0038784051122693706,0.0,0.0036354330375410375,0.0,0.038501026694045176,0.002156688587010188,0.0019806440636059306,0.03312156029362849,1,4
12059,0.20000000000004547,0.0,1.0,0.03474903474903475,0.0,0.6000000000000001,0.32352941176470584,0.0,0.0,0.0,0.0,0.0,0.0,0.0,0.0,0.0,0.009770786935533304,0.0,0.0008043294090493882,9.89901386388269e-06,0.0013773228314576196,0.00031661466623952774,0.0,0.653685180096947,0.4935034816911635,0.3920754716981132,0.24191176470588235,0.3967815839822567,0.13158719217996115,0.020202020202020204,0.6499999999999986,0.0,1.0,0.0,0.55,0.0,0.0,0.0,0.0,0.0,1.3732744174515711e-05,0.003645006220043892,0.0,0.0030808008213552363,0.0002921461795107805,0.0010875765928474248,0.03312156029362849,1,4
3828,0.20000000000004547,1.0,0.0,0.04247104247104247,0.14814814814814814,0.6000000000000001,0.5,0.0,0.0,0.0,0.0,1.0,0.0,0.0,0.0,0.0,0.009770786935533304,0.0,0.0008043294090493882,9.89901386388269e-06,0.0,0.0011838563084641239,0.0,0.6541028574393555,0.4939971360021724,0.20339622641509433,0.1808823529411765,0.39068840712170516,0.10138479854627484,0.24242424242424243,0.5,0.0,1.0,0.0,0.75,0.0,0.0,0.0,0.0,0.0,0.0,0.0036354330375410375,0.0,0.0,0.00019181366497126378,0.0010825576210823542,0.03312156029362849,0,0
9784,0.0,0.0,1.0,0.015444015444015444,0.0,0.2,0.2647058823529412,0.0,0.0,0.0,0.0,0.0,0.0,0.0,0.0,0.0,0.009770786935533304,0.0,0.0008043294090493882,9.89901386388269e-06,0.0006272060662936929,0.000519297913210186,0.0,0.6540862782348069,0.49397771172005384,0.20339622641509433,0.15955882352941178,0.39068840712170516,0.09048185976564949,0.24242424242424243,0.6999999999999957,0.0,0.0,0.0,0.55,0.0,0.0,0.0,0.0,0.0,0.0,0.0036354330375410375,0.0012702929629075537,0.00024471252566735113,3.72729407659551e-05,0.0010825576210823542,0.03312156029362849,1,4
7938,0.4000000000000341,1.0,0.0,0.10424710424710425,0.2962962962962963,0.6000000000000001,0.5,0.0,0.0,0.0,0.0,1.0,0.0,0.0,0.0,0.0,0.009814309975090885,0.0,0.0008043294090493882,9.89901386388269e-06,0.00046706065570688835,0.00012855718862796571,0.0,0.6540533818990671,0.4939370810439222,0.430377358490566,0.24497549019607845,0.3982439464287891,0.13340434864339873,0.24242424242424243,0.29999999999999716,0.0,1.0,1.0,0.25000000000000006,0.00012027183144705267,0.0,0.0,0.0,0.0,0.0,0.0036354330375410375,0.0,0.0007879106776180699,0.0002558197719008586,0.0010897009839026662,0.033139541828313634,0,0
3621,0.6000000000000227,1.0,0.0,0.5405405405405406,1.0,0.2,0.5,0.0,0.0,0.0,0.0,1.0,0.0,0.0,0.0,0.0,0.04980766413336592,0.0007446706285680066,0.000950919874665152,1.2297854646848125e-05,0.0,0.01130380839244928,0.0,0.6523961157993082,0.49835056247360315,0.580754716981132,0.24473039215686276,0.39364969107593323,0.07017983582931261,0.030303030303030304,0.0,1.0,1.0,0.0,0.25000000000000006,0.0005399333539538832,0.0,0.15430844025737378,0.0,0.0,0.05433136172084294,0.007951901359535782,0.0,0.0,0.01722733833341605,0.0033410815319681736,0.03465407317029229,0,0
12076,0.4000000000000341,0.0,1.0,0.05791505791505792,0.0,0.6000000000000001,0.23529411764705882,0.0,0.0,0.0,0.0,0.0,0.0,0.0,0.0,0.0,0.010279127609868021,0.0,0.0009654073791924972,9.89901386388269e-06,0.0,0.00012864028959023332,0.0,0.6538906439524531,0.493730987236864,0.580754716981132,0.2450980392156863,0.40287476084280827,0.13340434864339873,0.020202020202020204,0.7999999999999972,0.0,1.0,0.0,0.45,4.43924986358251e-05,0.0,0.0,0.0,0.0,8.839550592333008e-05,0.003664182033746853,0.0,0.0,6.354563134017327e-05,0.0014631282657175536,0.033172796506528594,1,4
2922,0.20000000000004547,1.0,0.0,0.10424710424710425,0.2962962962962963,0.6000000000000001,0.5,0.0,0.0,0.0,0.0,1.0,0.0,0.0,0.0,0.0,0.009770786935533304,0.0,0.0008043294090493882,9.89901386388269e-06,6.181685149061758e-05,0.00012373733281644534,0.0,0.6541063737282818,0.49400125570453296,0.39283018867924524,0.1825980392156863,0.3968059566896989,0.102324707061846,0.25252525252525254,0.5499999999999972,0.0,1.0,0.0,0.55,3.856763797983214e-05,0.0,0.0,0.0,0.0,0.0,0.0036354330375410375,0.0,0.0,2.1156295136201006e-05,0.0010841482129105226,0.03312156029362849,0,0
2281,0.6000000000000227,1.0,0.0,0.06756756756756757,0.0,0.8,0.0,0.0,0.0,0.0,0.0,0.0,0.0,0.0,0.0,0.0,0.009813060869875366,0.0,0.0008043294090493882,9.89901386388269e-06,0.006400755394695174,0.004734344921347017,0.0,0.654097615640891,0.4939908762904729,0.39283018867924524,0.1783088235294118,0.3968059566896989,0.09981828435365626,0.25252525252525254,0.0,0.0,0.0,0.0,0.55,0.0,0.010026053356921737,0.0,0.0,0.0,0.0,0.0036542959097545288,0.018645355012011287,0.0,0.001181426870592545,0.0010878198732454632,0.03312156029362849,0,3
9063,0.6000000000000227,1.0,1.0,0.02316602316602317,0.0,0.6000000000000001,0.2647058823529412,0.0,0.0,0.0,0.0,0.0,0.0,0.0,0.0,0.0,0.009770786935533304,0.0,0.0009577191771128619,9.89901386388269e-06,0.0004381404912668333,0.0003355616856365388,8.001233742831648e-05,0.6540889254739025,0.49394882722251743,0.5779245283018868,0.2450980392156863,0.39246152158812564,0.02882386114418197,0.020202020202020204,0.9499999999999957,0.0,1.0,0.0,0.4,1.634762757532755e-05,0.0,6.633449015441923e-05,0.00028919390495277524,9.030939639218501e-06,0.0,0.003642789322114721,0.0,0.0,0.0003970834499445127,0.0011799006612446823,0.03312156029362849,1,4
4923,0.6000000000000227,1.0,0.0,0.10424710424710425,0.2962962962962963,0.6000000000000001,0.5,0.0,0.0,0.0,0.0,1.0,0.0,0.0,0.0,0.0,0.009770786935533304,0.0,0.0008043294090493882,9.89901386388269e-06,0.00038319217883072884,0.00021448358361265645,0.0,0.6540947006960146,0.49398706790454433,0.39867924528301885,0.20686274509803923,0.39699484517237604,0.11354094868099507,0.25252525252525254,0.5499999999999972,0.0,0.0,1.0,0.55,0.0,0.0021621069262064054,0.0,0.0,0.0,0.0,0.003639577450867711,0.008852506142735762,0.0,0.0003109745147226837,0.0010877210343877433,0.03312156029362849,0,0
12043,0.6000000000000227,0.0,1.0,0.07335907335907337,0.0,0.4,0.23529411764705882,0.0,0.0,0.0,0.0,0.0,0.0,0.0,0.0,0.0,0.009770786935533304,0.0,0.0008043294090493882,9.89901386388269e-06,0.0,0.004712572469232908,0.0,0.6540812040837746,0.4939717668183623,0.20339622641509433,0.2450980392156863,0.39068840712170516,0.1342189360235604,0.11111111111111112,0.6499999999999986,0.0,1.0,0.0,0.8,0.0007341496868753825,0.0,0.0,0.0,4.4184302602277e-05,0.0,0.0036354330375410375,0.0,0.001455569815195072,0.000343821773434754,0.0010825576210823542,0.03312156029362849,1,4
1661,1.0,0.0,0.0,0.10231660231660232,0.0,0.2,0.5294117647058824,0.0,0.0,0.0,0.0,1.0,0.0,0.0,0.0,0.0,0.009770786935533304,0.0,0.0008043294090493882,9.89901386388269e-06,0.0011817502194317476,0.0011123894809139943,4.632407684759829e-06,0.6540974012774748,0.49399063406920907,0.570377358490566,0.2450980392156863,0.40253963611547794,0.13415627545585562,0.25252525252525254,0.8999999999999986,0.0,1.0,0.0,0.5,0.0002568369794143654,0.0,0.0,0.0,0.0,0.0,0.003652539589450387,0.0,0.0,0.00041836765496666413,0.001115072185070942,0.03312156029362849,0,1
3537,0.0,0.0,0.0,0.10231660231660232,0.0,0.8,0.5588235294117647,0.0,0.0,0.0,0.0,0.0,0.0,0.0,0.0,0.0,0.010406867429980315,0.0,0.0008043294090493882,9.89901386388269e-06,0.003552119197349756,0.0025487065127470644,0.0,0.6541225662835156,0.4940194704330328,0.38792452830188673,0.18897058823529414,0.3966475340913246,0.10451782693151201,0.020202020202020204,0.3999999999999986,0.0,1.0,0.0,0.55,1.9348313367808768e-05,0.0,0.0,0.0,0.00013335113644045342,0.0,0.0036498844949060987,0.0,0.0,0.0007296747353928189,0.001095855016351249,0.03312156029362849,0,2
2222,0.20000000000004547,0.0,1.0,0.02316602316602317,0.0,0.6000000000000001,0.32352941176470584,0.0,0.0,0.0,0.0,0.0,0.0,0.0,0.0,0.0,0.009770786935533304,0.0,0.0008043294090493882,9.89901386388269e-06,0.00045151606732035877,0.0,0.0,0.6541009145845299,0.4939948597433726,0.20339622641509433,0.24497549019607845,0.39068840712170516,0.13415627545585562,0.020202020202020204,0.7999999999999972,0.0,1.0,0.0,0.5,3.8228193885660064e-05,0.0,0.0,0.0,0.0,0.0,0.0036354330375410375,0.0,7.494866529774128e-06,0.0,0.0010825576210823542,0.03312156029362849,0,4
1453,0.20000000000004547,1.0,0.0,0.10231660231660232,0.0,0.6000000000000001,0.029411764705882346,0.0,0.0,0.0,0.0,0.0,0.0,0.0,0.0,0.0,0.010244032268150082,0.0,0.0008043294090493882,1.0162177831634172e-05,0.0028724953330084633,0.0006603202461782906,0.0,0.6541164199840837,0.4940073112361287,0.39471698113207543,0.2030637254901961,0.3968668884583044,0.10282599160348395,0.24242424242424243,0.14999999999999858,0.0,0.0,0.0,0.55,0.0,0.003319800277922098,0.0,0.0,0.0,0.0,0.003647883554090113,0.015604128301520142,0.0,6.60270831276116e-05,0.0010923028647855974,0.03312156029362849,0,3
2822,0.4000000000000341,0.0,0.0,0.10231660231660232,0.0,0.6000000000000001,0.6470588235294117,0.0,0.0,0.0,0.0,1.0,0.0,0.0,0.0,0.0,0.010703477245554446,0.0,0.0008043294090493882,9.89901386388269e-06,0.00026642701490400676,0.00018157560255468977,0.0,0.6540655323620649,0.49395321981197493,0.3924528301886792,0.1856617647058824,0.39679377033597785,0.10370323955135036,0.020202020202020204,0.29999999999999716,0.0,1.0,0.0,0.55,0.0,0.0,2.520307376687661e-06,1.0987610370546173e-05,0.0,3.0356592385771574e-06,0.0036645986346506526,0.0,0.0007700205338809035,3.9498572781492565e-05,0.001096112919348599,0.03312156029362849,0,1
2613,0.6000000000000227,0.0,0.0,0.10231660231660232,0.0,0.6000000000000001,0.5294117647058824,0.0,0.0,0.0,0.0,1.0,0.0,0.0,0.0,0.0,0.009770786935533304,0.0,0.0008043294090493882,9.89901386388269e-06,0.001032088368454463,0.0004792432493972064,0.0,0.6541043864767054,0.49399611548982847,0.4373584905660377,0.1590686274509804,0.39831097137425514,0.08941663011466885,0.24242424242424243,1.0,0.0,0.0,1.0,0.5,0.0,8.410413016459809e-05,0.0,0.0,0.0,0.0,0.0036354330375410375,0.026802972981385384,0.0,0.00012256325271770135,0.0011043310680023794,0.033138093384692105,0,1
5230,0.20000000000004547,0.0,0.0,0.02316602316602317,0.0,0.4,0.5294117647058824,0.0,0.0,0.0,0.0,1.0,0.0,0.0,0.0,0.0,0.0366861449324742,0.05851811734327778,0.008227343098493588,9.89901386388269e-06,0.17856213280428712,0.04104730480726602,0.0,0.6535206513709448,0.5009156670251393,0.580754716981132,0.2450980392156863,0.398707027870191,0.1287674666332477,0.030303030303030304,0.14999999999999858,0.0,0.0,0.0,0.45,0.014201743478554237,0.0,0.0,0.0,0.022775450663061136,0.0,0.008827708757020575,0.0,0.0,0.002471679472151716,0.004625336100575294,0.03388687425152172,0,1
4244,0.4000000000000341,0.0,0.0,0.10424710424710425,0.0,0.6000000000000001,0.5294117647058824,0.0,0.0,0.0,0.0,1.0,0.0,0.0,0.0,0.0,0.010096216467826925,0.0,0.0011486610559425865,9.89901386388269e-06,0.0,0.0,0.0,0.6540513247391742,0.49394472615256174,0.580754716981132,0.24473039215686276,0.3984876735032111,0.13309104580487502,0.020202020202020204,0.10000000000000142,0.0,1.0,0.0,0.9,0.0,0.0,0.0,0.0,0.0,0.0,0.0036354330375410375,0.0,0.0,0.000442158893753444,0.0010859875376313876,0.03312156029362849,0,1
9225,0.6000000000000227,0.0,1.0,0.10424710424710425,0.0,0.6000000000000001,0.23529411764705882,0.0,0.0,0.0,0.0,0.0,0.0,0.0,0.0,0.0,0.010609357920038153,0.0,0.0008043294090493882,9.89901386388269e-06,0.00012435670709223652,2.8586731020051845e-05,0.0,0.6540740108161895,0.49396333060886427,0.580754716981132,0.24497549019607845,0.40287476084280827,0.13415627545585562,0.25252525252525254,0.3500000000000014,0.0,0.0,1.0,0.8,0.0,0.0,0.0,0.0,0.0,0.0,0.0036354330375410375,0.0064859318935443985,0.00041067761806981524,4.535684555802223e-05,0.0010828169119874353,0.03312156029362849,1,4
9579,0.20000000000004547,1.0,1.0,0.04247104247104247,0.0,0.8,0.23529411764705882,0.0,0.0,0.0,0.0,0.0,0.0,0.0,0.0,0.0,0.009770786935533304,0.0,0.0008043294090493882,9.89901386388269e-06,0.0,0.0,0.0,0.654060351526303,0.4939473358537744,0.20339622641509433,0.2450980392156863,0.39068840712170516,0.1342189360235604,0.020202020202020204,0.3999999999999986,0.0,1.0,0.0,0.6,0.0,0.0,0.0,0.0,0.0,0.0,0.0036354330375410375,0.0,0.0,0.0006658221203263647,0.0010825576210823542,0.03312156029362849,1,4
1569,0.4000000000000341,0.0,0.0,0.10231660231660232,0.0,0.6000000000000001,0.5588235294117647,0.0,0.0,0.0,0.0,0.0,0.0,0.0,0.0,0.0,0.009864996557812164,0.0,0.0008052650928724675,9.89901386388269e-06,0.02292718336396461,0.005270429228935256,0.0,0.6540806318957998,0.4939711197304668,0.39358490566037735,0.1991421568627451,0.39683032939714113,0.11072122313428161,0.24242424242424243,0.14999999999999858,0.0,1.0,0.0,0.55,0.0005252014802668147,0.0,0.0,0.0,0.0,0.0,0.0036354330375410375,0.0,0.0,0.001433741911618362,0.0011221760916571791,0.03312156029362849,0,2
8924,0.6000000000000227,0.0,0.0,0.10231660231660232,0.0,0.2,0.5294117647058824,0.0,0.0,0.0,0.0,1.0,0.0,0.0,0.0,0.0,0.010155932726804963,0.0,0.0008043294090493882,9.89901386388269e-06,0.024023257596242693,0.005522391346530597,0.0,0.6546368953523929,0.4946147443277197,0.2884905660377358,0.1625,0.39345470941639554,0.0917977316874491,0.020202020202020204,0.6999999999999957,0.0,1.0,0.0,0.05,0.0,0.0,0.0022725107554117303,0.009907308518914073,0.00021738426455650912,0.0,0.003906068921187623,0.0,0.0,0.0016787660891450045,0.001367777319262797,0.033176124950604104,0,1
4494,0.0,0.0,0.0,0.06756756756756757,0.0,0.6000000000000001,0.029411764705882346,0.0,0.0,0.0,0.0,0.0,0.0,0.0,0.0,0.0,0.009770786935533304,0.0,0.0008043294090493882,9.89901386388269e-06,8.278397070965745e-05,0.00020999613165020644,0.0,0.654107404793121,0.4940019854737253,0.3920754716981132,0.20735294117647063,0.3967815839822567,0.11347828811329033,0.24242424242424243,0.6999999999999957,0.0,0.0,0.0,0.55,0.0,0.002008827148981425,0.0,0.0,0.0,0.0,0.0036407334103971973,0.008765307215568337,0.0,0.00018623679394382507,0.001088068953115093,0.03312156029362849,0,2
11680,0.6000000000000227,0.0,1.0,0.05791505791505792,0.0,0.6000000000000001,0.23529411764705882,0.0,0.0,0.0,0.0,0.0,0.0,0.0,0.0,0.0,0.009770786935533304,0.0,0.0008043294090493882,9.89901386388269e-06,0.03605259999508357,0.008287658966947008,0.0,0.6539431547064279,0.4938050343548513,0.580754716981132,0.2450980392156863,0.40287476084280827,0.13403095432044615,0.020202020202020204,0.6000000000000014,0.0,1.0,0.0,0.45,0.0006360299770140001,0.0,0.0,0.0,8.545741842310748e-06,0.0,0.003668297391025571,0.0,0.0,0.0018149133717506414,0.0015454107225428085,0.03312156029362849,1,4
9032,0.4000000000000341,1.0,0.0,0.03861003861003861,0.0,1.0,0.5588235294117647,0.0,0.0,0.0,0.0,0.0,0.0,0.0,0.0,0.0,0.009770786935533304,0.0,0.0008325090868544611,9.89901386388269e-06,0.04840729424387507,0.011701030992088373,0.0,0.6537183610357384,0.4941482238445359,0.580754716981132,0.24485294117647063,0.3937898341437259,0.13208847672159912,0.24242424242424243,0.3999999999999986,1.0,1.0,1.0,0.10000000000000002,7.637492118871883e-06,0.0,0.0,0.0,0.0,0.0,0.0036354330375410375,0.0,0.0,0.004255766561388303,0.0011927575445132988,0.03312156029362849,1,3
11538,0.6000000000000227,0.0,1.0,0.03861003861003861,0.0,0.4,0.32352941176470584,0.0,0.0,0.0,0.0,0.0,0.0,0.0,0.0,0.0,0.009770786935533304,0.0,0.0008043294090493882,9.89901386388269e-06,0.0005903328566326229,0.0015469244126112358,0.0,0.65247701926937,0.49209229556182377,0.580754716981132,0.2450980392156863,0.40287476084280827,0.1342189360235604,0.020202020202020204,0.6000000000000014,0.0,1.0,0.0,0.55,0.0,0.0,6.048737704050386e-07,2.6370264889310813e-06,0.0,3.613880045925187e-08,0.0036354330375410375,0.0,0.01309034907597536,0.00099217140334029,0.0010876849487867304,0.03312156029362849,1,4
11243,0.4000000000000341,0.0,0.0,0.08687258687258688,0.0,0.6000000000000001,0.5588235294117647,0.0,0.0,0.0,0.0,0.0,0.0,0.0,0.0,0.0,0.009770786935533304,0.0,0.0008810242930811251,9.89901386388269e-06,0.02779625454950337,0.008863631736423691,0.00039310220141799957,0.6479729804979446,0.49447097164515885,0.580754716981132,0.2450980392156863,0.39787226264029546,0.11918039977442198,0.020202020202020204,0.29999999999999716,0.0,1.0,0.0,0.45,0.0,0.0,3.488105409335723e-05,0.0,0.0,2.002089545442554e-05,0.003793788106251044,0.0,0.0,0.0026989753394856286,0.004817622042319385,0.03319372453269042,1,2
5724,1.0,0.0,0.0,0.31660231660231664,0.0,0.4,0.029411764705882346,0.0,0.0,0.0,0.0,0.0,0.0,0.0,0.0,0.0,0.010005558518209057,0.0,0.0008043294090493882,9.89901386388269e-06,0.0348610892201533,0.008013758195313022,0.0,0.6546784016759145,0.4946714466176114,0.3815094339622641,0.16911764705882357,0.3964403660780658,0.09536938404661949,0.030303030303030304,0.0,0.0,1.0,0.0,0.35000000000000003,0.0008397711112179681,0.0,5.443863933645348e-06,2.3733238400379734e-05,0.002461204953669167,0.0,0.0036354330375410375,0.0,0.0,0.002364465405748066,0.0014948271365052208,0.03312156029362849,0,2
10225,0.8000000000000114,0.0,0.0,0.06756756756756757,0.0,0.6000000000000001,0.029411764705882346,0.0,0.0,0.0,0.0,0.0,0.0,0.0,0.0,0.0,0.011476221890147516,0.0,0.0008043294090493882,9.89901386388269e-06,0.00013484026670175647,0.0023909808863631734,0.0,0.65406592232457,0.49395386262994434,0.20339622641509433,0.2450980392156863,0.39068840712170516,0.1342189360235604,0.020202020202020204,0.14999999999999858,0.0,1.0,0.0,0.75,0.0,0.0,0.0,0.0,0.0,0.0,0.0036354330375410375,0.0,0.0,0.0013062925012573543,0.0010825576210823542,0.03312156029362849,1,2
10096,0.6000000000000227,0.0,1.0,0.0637065637065637,0.0,1.0,0.23529411764705882,0.0,0.0,0.0,0.0,0.0,0.0,0.0,0.0,0.0,0.009770786935533304,0.0,0.0008043294090493882,9.89901386388269e-06,0.0013400881197410488,0.0009899817634938305,0.0,0.653199728132587,0.4939120841200352,0.580754716981132,0.2450980392156863,0.3929489757369698,0.13384297261733194,0.020202020202020204,0.14999999999999858,0.0,1.0,0.0,0.45,0.0005076114873068173,0.0,0.0,0.0,0.000658350804236478,0.0,0.003635441675825565,0.0,0.012448665297741274,0.0017572260131869977,0.0012413801656310022,0.03312156029362849,1,4
8867,0.6000000000000227,1.0,0.0,0.03474903474903475,0.1111111111111111,0.6000000000000001,0.5,0.0,0.0,0.0,0.0,1.0,0.0,0.0,0.0,0.0,0.01207902802758837,0.0,0.0008048752246128511,2.1599688737756295e-05,0.02836525878486145,0.006520517004326652,0.0,0.6538317818125632,0.49494916106009257,0.33849056603773586,0.17279411764705885,0.39179736531032555,0.042797167742339756,0.020202020202020204,0.29999999999999716,1.0,1.0,0.0,0.05,0.0,0.0,0.004235326140376081,0.018464459475495434,0.0,3.975268050517706e-07,0.00483762702171373,0.0,0.0,0.006117725189191512,0.0017714570241687021,0.033152146264075005,0,0
7498,0.20000000000004547,0.0,0.0,0.06756756756756757,0.0,0.0,0.4411764705882353,0.0,0.0,0.0,0.0,0.0,0.0,0.0,0.0,0.0,0.009770786935533304,0.0,0.0008043294090493882,9.89901386388269e-06,0.0,0.0,0.0,0.6540591359167609,0.49394591163932416,0.20339622641509433,0.060049019607843146,0.39068840712170516,0.039601478789397834,0.020202020202020204,0.6000000000000014,0.0,1.0,0.0,0.35000000000000003,0.0,0.0,0.0,0.0,0.0,1.0480252133183042e-06,0.0036354330375410375,0.0,0.0,8.662057476563073e-05,0.0010825576210823542,0.03312156029362849,0,2
8916,0.6000000000000227,0.0,0.0,0.06756756756756757,0.0,0.6000000000000001,0.029411764705882346,0.0,0.0,0.0,0.0,0.0,0.0,0.0,0.0,0.0,0.009770786935533304,0.0,0.0008043294090493882,9.89901386388269e-06,0.00011206563720521315,8.833632289045091e-05,0.0,0.6541110271041388,0.49400655817643024,0.40188679245283015,0.20428921568627456,0.3970984291790054,0.11247571903001444,0.020202020202020204,0.6499999999999986,0.0,1.0,0.0,0.55,0.0,0.0,0.0,0.0,1.7529726856022047e-06,0.0,0.0036434379787528702,0.0,0.0,2.9930913312400456e-05,0.0010863174631263637,0.03312156029362849,0,2
3,0.4000000000000341,0.0,0.0,0.06756756756756757,0.0,0.8,0.029411764705882346,0.0,0.0,0.0,0.0,0.0,0.0,0.0,0.0,0.0,0.009770786935533304,0.0,0.0008043294090493882,9.89901386388269e-06,0.0001713519743073259,0.00040146074871473975,0.0,0.6540990568786965,0.49399268324557405,0.3920754716981132,0.22561274509803925,0.3967815839822567,0.12419324519080144,0.04040404040404041,0.8500000000000014,0.0,1.0,0.0,0.55,0.0,0.0,0.0,0.0,0.0,0.0,0.0036354330375410375,0.0,0.0,0.00022064455326449055,0.0010837373426539334,0.03312156029362849,0,2
1254,0.0,0.0,0.0,0.03474903474903475,0.0,0.0,0.4411764705882353,0.0,0.0,0.0,0.0,0.0,0.0,0.0,0.0,0.0,0.01063427982650681,0.0,0.0009106386860815863,9.89901386388269e-06,0.04363474410715499,0.010857556225072309,0.0,0.6538865230062866,0.4930555924483642,0.580754716981132,0.24460784313725495,0.3931134915122047,0.036719092674979636,0.030303030303030304,0.44999999999999574,1.0,1.0,0.0,0.10000000000000002,4.4786253785064715e-05,0.0,6.048737704050386e-06,2.6370264889310813e-05,0.0,0.00021690508035642975,0.003999045133451923,0.0,0.0,0.0028512648496982094,0.0013629254912430775,0.03595994430357283,0,2
653,1.0,0.0,0.0,0.10231660231660232,0.0,0.6000000000000001,0.0,0.0,0.0,0.0,0.0,0.0,0.0,0.0,0.0,0.0,0.009770786935533304,0.0,0.0008043294090493882,9.89901386388269e-06,0.0,0.0014425496040031396,2.8164168787624312e-05,0.6541291366713134,0.49402650960033767,0.48094339622641513,0.22095588235294122,0.3996514702835765,0.12156150134720223,0.25252525252525254,0.5,0.0,1.0,0.0,0.85,0.0,0.0,0.0,0.0,0.0,0.0,0.0036354330375410375,0.0,0.0,0.0013174718252894218,0.0011627936575259853,0.03312156029362849,0,2
2387,0.4000000000000341,1.0,1.0,0.10231660231660232,0.0,0.4,0.2647058823529412,0.0,0.0,0.0,0.0,0.0,0.0,0.0,0.0,0.0,0.009871708617163022,0.0,0.000962834248679029,9.89901386388269e-06,0.0,0.00045614118188681564,0.0006491460308671895,0.6539042525505272,0.49375691422829604,0.580566037735849,0.2450980392156863,0.40246042481629074,0.13014599912275207,0.020202020202020204,1.0,0.0,1.0,0.0,0.2,3.654455117856653e-05,0.0,0.0,0.0,0.0,0.0004886327210095446,0.0037394525112750387,0.0,0.0,0.0039848790049224845,0.0011494506595744916,0.03312156029362849,0,4
10996,0.20000000000004547,1.0,1.0,0.0694980694980695,0.0,0.8,0.2941176470588235,0.0,0.0,0.0,0.0,0.0,0.0,0.0,0.0,0.0,0.009770786935533304,0.0,0.0008043294090493882,9.89901386388269e-06,0.0,0.0,0.0,0.6539048270577352,0.4938913800246044,0.580754716981132,0.2450980392156863,0.4023202817484981,0.1342189360235604,0.37373737373737376,0.3999999999999986,0.0,1.0,0.0,0.4,0.00030673526125766165,0.0,0.0,0.0,0.00045186001279763974,0.0,0.0036424940498436024,0.0,0.0,0.001582705764796232,0.001503814632155324,0.03312156029362849,1,4
8951,0.8000000000000114,1.0,0.0,0.015444015444015444,0.0,0.6000000000000001,0.029411764705882346,0.0,0.0,0.0,0.0,0.0,0.0,0.0,0.0,0.0,0.011121114821890012,0.0,0.003968328662061803,3.2531115090510185e-05,0.0,0.012592704317219641,0.0,0.653975859208446,0.49388784142037195,0.580566037735849,0.24485294117647063,0.40274071095187614,0.13359233034651294,0.020202020202020204,0.7999999999999972,0.0,1.0,0.0,0.45,0.0017777094544705028,0.0,0.0,0.0,0.0,0.0023438180425852393,0.0038306115425942085,0.0,0.0,0.0057884851427551075,0.0019813787624771047,0.03380754220070254,0,3
9942,0.4000000000000341,0.0,1.0,0.02316602316602317,0.0,0.4,0.32352941176470584,0.0,0.0,0.0,0.0,0.0,0.0,0.0,0.0,0.0,0.009770786935533304,0.0,0.0008043294090493882,9.89901386388269e-06,0.0,0.000622509308346536,0.0,0.6523604897260329,0.4919552654807897,0.580754716981132,0.24436274509803926,0.40287476084280827,0.13384297261733194,0.020202020202020204,1.0,0.0,1.0,0.0,0.05,0.0,0.0,0.0002242065442301343,0.0003375393905831784,0.0,0.00011531891226547273,0.0036407074955436152,0.0,0.026822381930184807,0.0002958299842261529,0.0010842504719694372,0.03312156029362849,1,4
2392,0.4000000000000341,0.0,0.0,0.07335907335907337,0.0,0.6000000000000001,0.5294117647058824,0.0,0.0,0.0,0.0,1.0,0.0,0.0,0.0,0.0,0.009770786935533304,0.0,0.0008043294090493882,9.89901386388269e-06,0.01853276437729825,0.004260253931610401,0.0,0.6542136554946932,0.4941269475790043,0.29,0.09509803921568628,0.3934851753006983,0.057522401152954455,0.020202020202020204,0.75,0.0,1.0,0.0,0.45,0.0006765799685037971,0.0,2.7622568848496764e-05,0.0,0.0,0.0016387139068247763,0.0036373444543173756,0.0,0.0,0.0013683287959433124,0.0012124486837232203,0.03312156029362849,0,1
3475,0.6000000000000227,1.0,0.0,0.015444015444015444,0.35185185185185186,0.6000000000000001,0.5,0.0,0.0,0.0,0.0,1.0,0.0,0.0,0.0,0.0,0.010778167717658277,0.0,0.0008043294090493882,9.89901386388269e-06,0.0,0.0011370704667074691,0.0,0.6540696148752233,0.4939576019207047,0.580754716981132,0.2450980392156863,0.4028991335502505,0.1342189360235604,0.25252525252525254,0.14999999999999858,0.0,1.0,1.0,0.45,0.00024315059353734696,0.0,0.0,0.0,0.0,0.0,0.0036354330375410375,0.0,0.0,0.0008719616925240765,0.0011269832587888315,0.03312900092867062,0,0
4904,0.0,0.0,1.0,0.06756756756756757,0.0,0.6000000000000001,0.23529411764705882,0.0,0.0,0.0,0.0,0.0,0.0,0.0,0.0,0.0,0.010003963275403696,2.0732883874964648e-07,0.0009492980227051478,9.89901386388269e-06,0.0005512906346385486,0.0007602907037862045,1.3918971447165682e-05,0.6540987378184651,0.49399577117851273,0.4577358490566038,0.1817401960784314,0.39720201318563475,0.10107149570775113,0.25252525252525254,0.44999999999999574,0.0,1.0,0.0,0.75,6.103204813214064e-06,0.0,0.0,0.0,0.0,0.0,0.0036354330375410375,0.0,0.0,0.0002776156164668117,0.0010850228921900219,0.03312156029362849,0,4
3389,0.20000000000004547,0.0,0.0,0.0694980694980695,0.0,0.4,0.5294117647058824,0.0,0.0,0.0,0.0,1.0,0.0,0.0,0.0,0.0,0.010392585492034208,7.201949135514035e-07,0.0008043294090493882,9.89901386388269e-06,0.054018890651412244,0.012417610589721824,0.0014018579086584463,0.6537770233902499,0.49375439419553196,0.5783018867924529,0.2450980392156863,0.40108946002266666,0.1241305846230967,0.020202020202020204,0.14999999999999858,0.0,1.0,0.0,0.4,0.0001592128579304741,0.0,0.0,0.0,0.0,0.0006093724533439051,0.0036858660911571373,0.0,0.0,0.005498001791761683,0.0014843355949876206,0.03436544597658474,0,1
7832,0.6000000000000227,0.0,0.0,0.03861003861003861,0.0,0.8,0.029411764705882346,0.0,0.0,0.0,0.0,0.0,0.0,0.0,0.0,0.0,0.009770786935533304,0.0,0.0008043294090493882,9.89901386388269e-06,0.0,0.00013944341468502034,0.0,0.6541098297171437,0.494005304759025,0.28358490566037736,0.0795343137254902,0.39327800728743956,0.04956450905445205,0.020202020202020204,0.7999999999999972,0.0,1.0,0.0,0.05,3.213856683621288e-05,0.0,0.0,0.0,4.8535431232611044e-05,0.0,0.0036523193131949385,0.0,0.0,0.0002807877816383824,0.0011068522023962308,0.03312156029362849,0,2
1521,0.0,0.0,0.0,0.0,0.0,0.0,0.4411764705882353,0.3333333333333333,0.0,0.0,0.0,0.0,0.0,0.0,0.0,0.0,0.013734257982215,6.847307700810693e-05,0.0010328233986453639,3.2035152228209314e-05,0.09334995278783155,0.021632343891726094,0.0,0.6528957777057922,0.49455263320595266,0.3969811320754717,0.13615196078431374,0.39088948195810336,0.029826430227457863,0.020202020202020204,0.3999999999999986,1.0,1.0,0.0,0.05,0.00027082886497613865,0.0,0.011315575247557193,0.04933173353726338,0.0011687006288742556,0.0,0.004715845664394187,0.0,0.0,0.006381628865884438,0.001838429222969655,0.03326884518407575,0,2
11670,0.0,0.0,0.0,0.0501930501930502,0.0,0.6000000000000001,0.029411764705882346,0.0,0.0,0.0,0.0,0.0,0.0,0.0,0.0,0.0,0.009770786935533304,0.0,0.0008043294090493882,9.89901386388269e-06,0.0,0.007959410165990017,0.0,0.6532120237133224,0.4929287659380689,0.580566037735849,0.2450980392156863,0.4028686676659477,0.13390563318503665,0.020202020202020204,0.6000000000000014,0.0,1.0,0.0,0.4,0.00010002059678874617,0.0,0.0007220176572734811,0.0031477306189540677,0.0059144828865963315,0.0,0.003955438680508258,0.0,0.0,0.016255479019964686,0.002537563503779585,0.03312156029362849,1,2
1369,0.0,0.0,0.0,0.06756756756756757,0.0,0.6000000000000001,0.08823529411764706,0.0,0.0,0.0,0.0,1.0,0.0,0.0,0.0,0.0,0.009770786935533304,0.0,0.0008043294090493882,9.89901386388269e-06,0.0,0.0,0.0,0.6540700856795731,0.4939587404382797,0.580754716981132,0.2450980392156863,0.40287476084280827,0.1342189360235604,0.020202020202020204,0.6000000000000014,0.0,1.0,0.0,0.5,2.4847307693396524e-06,0.0,0.0,0.0,3.3650814946828036e-06,0.0,0.0036354330375410375,0.0,0.0,0.0005154768403802301,0.0010853159389938528,0.03312156029362849,0,1
9121,0.20000000000004547,0.0,1.0,0.10231660231660232,0.0,0.6000000000000001,0.23529411764705882,0.0,0.0,0.0,0.0,0.0,0.0,0.0,0.0,0.0,0.009770786935533304,0.0,0.0008043294090493882,9.89901386388269e-06,0.0010338958787319665,0.0007822293578248489,0.0,0.6539714516713135,0.4938429117049824,0.20339622641509433,0.24473039215686276,0.39068840712170516,0.13378031204962718,0.020202020202020204,0.8999999999999986,0.0,1.0,0.0,0.05,0.0,0.0,0.0,0.0,0.0,0.0,0.003636810058624566,0.0,0.0010269250513347023,0.00011442818397125405,0.0010825576210823542,0.03312156029362849,1,4
10918,0.6000000000000227,0.0,0.0,0.10231660231660232,0.0,1.0,0.5588235294117647,0.0,0.0,0.0,0.0,0.0,0.0,0.0,0.0,0.0,0.010315577403024474,0.0,0.0008043294090493882,9.89901386388269e-06,0.0,0.003923944337313454,0.0,0.6540927651302078,0.49397071214660937,0.20339622641509433,0.2450980392156863,0.39068840712170516,0.06679616517325648,0.25252525252525254,0.29999999999999716,0.0,1.0,0.0,0.5,0.0,0.0,0.0,0.0,0.0,0.0,0.0036354330375410375,0.0,0.0,0.001373240535563809,0.0010825576210823542,0.03312156029362849,1,2
1086,0.6000000000000227,1.0,0.0,0.03861003861003861,0.537037037037037,0.6000000000000001,0.5,0.0,0.0,0.0,0.0,1.0,0.0,0.0,0.0,0.0,0.009770786935533304,0.0,0.0008043294090493882,9.89901386388269e-06,0.008745457726672633,0.002010461580139867,1.4962894305703109e-05,0.6541628202210822,0.4940660068051707,0.2788679245283019,0.1647058823529412,0.3931256778659258,0.09242433736449654,0.020202020202020204,0.0,0.0,1.0,0.0,0.35000000000000003,0.0002649700599107285,0.0,0.0,0.0,0.00014845487431193672,0.0,0.0036536068102388194,0.0,0.0,0.0008851875747313509,0.0011142329965748564,0.03312156029362849,0,0
11724,0.8000000000000114,0.0,1.0,0.03861003861003861,0.0,0.8,0.23529411764705882,0.0,0.0,0.0,0.0,0.0,0.0,0.0,0.0,0.0,0.009770786935533304,0.0,0.0008043294090493882,9.89901386388269e-06,0.0,3.348968779383981e-05,1.0004260727650335e-06,0.6540778534543661,0.49396784120355286,0.5628301886792453,0.2450980392156863,0.4022959090410559,0.1342189360235604,0.020202020202020204,0.6000000000000014,0.0,1.0,0.0,0.4,3.7467839114714594e-05,0.0,0.0,0.0,0.0,6.396567681287582e-06,0.0036354330375410375,0.0,0.0,0.0004962647755104756,0.0011044848283517509,0.03312156029362849,1,4
11448,0.8000000000000114,0.0,1.0,0.03861003861003861,0.0,0.6000000000000001,0.2647058823529412,0.0,0.0,0.0,0.0,0.0,0.0,0.0,0.0,0.0,0.009770786935533304,0.0,0.0008043294090493882,9.89901386388269e-06,0.03590402265027279,0.009611955901643363,0.0,0.6540040723496157,0.49388139887819926,0.20339622641509433,0.2450980392156863,0.39068840712170516,0.1342189360235604,0.020202020202020204,0.6000000000000014,0.0,1.0,0.0,0.35000000000000003,0.0,0.0,0.0,0.0,0.0,0.0,0.0036354330375410375,0.0,0.0,0.005317393032799676,0.0010825576210823542,0.03312156029362849,1,4
8706,0.4000000000000341,0.0,1.0,0.0694980694980695,0.0,0.4,0.23529411764705882,0.0,0.0,0.0,0.0,0.0,0.0,0.0,0.0,0.0,0.010618207002769778,0.00025836446921449367,0.0011636943760333948,9.89901386388269e-06,0.08930221427239035,0.02913270434214993,0.0,0.6535911881996972,0.4948066445121627,0.580377358490566,0.2442401960784314,0.3974396470831963,0.10019424775988472,0.030303030303030304,0.14999999999999858,1.0,1.0,0.0,0.2,0.0,0.0,0.0,0.0,0.0,0.00440112767512953,0.004675848443785793,0.0,0.0,0.008653257276409683,0.0020405609821593737,0.033201423109747344,0,4
6579,1.0,1.0,0.0,0.05791505791505792,0.0,0.6000000000000001,0.1764705882352941,0.0,0.0,0.0,0.0,0.0,0.0,0.0,0.0,0.0,0.009770786935533304,0.0,0.0008043294090493882,9.89901386388269e-06,0.06807698258572298,0.015653811363308682,0.0,0.6545379373141164,0.49443793250950263,0.2990566037735849,0.1207107843137255,0.3937776477900048,0.06729744971489443,0.020202020202020204,0.6999999999999957,0.0,1.0,0.0,0.35000000000000003,0.00028583229393854475,0.0,0.0,0.0,0.0007037872301856137,0.0,0.0037330118848612607,0.0,0.0,0.0020626236568822426,0.0013127783030507077,0.03312156029362849,0,3
3653,0.6000000000000227,0.0,0.0,0.015444015444015444,0.0,0.6000000000000001,1.0,0.0,0.0,0.0,0.0,1.0,0.0,0.0,0.0,0.0,0.010294598455187936,0.0,0.0008043294090493882,9.89901386388269e-06,0.0,0.0,0.0,0.6540331946302194,0.4940342187578691,0.580754716981132,0.24485294117647063,0.39165722224253285,0.057146437746725995,0.020202020202020204,0.14999999999999858,1.0,1.0,0.0,0.2,0.0,0.0,0.001190593204747251,0.0016727538028119494,0.0,0.00023042099172818995,0.0036636170114089013,0.0,0.0,0.0,0.001123975067917571,0.03317736505644446,0,1
283,0.20000000000004547,0.0,1.0,0.10231660231660232,0.0,0.6000000000000001,0.2647058823529412,0.0,0.0,0.0,0.0,0.0,0.0,0.0,0.0,0.0,0.010382141166497223,0.0,0.0008043294090493882,0.023087283795617957,0.011063047404487542,0.007623931581315746,0.0,0.6541222495425175,0.49410458519953654,0.580754716981132,0.24497549019607845,0.39427728829257,0.04937652735133781,0.020202020202020204,0.14999999999999858,0.0,1.0,0.0,0.45,0.0,0.0,0.0012471489022801222,0.005437109115761068,0.0,0.0003584246229548601,0.0036512336378895617,0.0,0.0,0.0008433098780711803,0.0012713460849117795,0.03312156029362849,0,4
1564,0.0,1.0,1.0,0.10231660231660232,0.0,0.6000000000000001,0.2647058823529412,0.0,0.0,0.0,0.0,0.0,0.0,0.0,0.0,0.0,0.016191955265779868,0.0023848927200930386,0.0008043294090493882,0.0005183520429418816,0.03733990881472152,0.008683551951189819,0.0,0.6534699323903153,0.4938045801899816,0.580754716981132,0.24350490196078436,0.3991640161347324,0.13327902750798926,0.030303030303030304,0.14999999999999858,0.0,1.0,0.0,0.2,0.0,0.0,0.0006293711581064426,0.0015633172035213094,0.0,9.779159404273557e-05,0.0038537809922939105,0.0,0.0,0.009417365353100357,0.0013454780535851535,0.03312156029362849,0,4
1201,0.6000000000000227,0.0,0.0,0.10231660231660232,0.0,0.6000000000000001,0.029411764705882346,0.0,0.0,0.0,0.0,0.0,0.0,0.0,0.0,0.0,0.00982120262796688,0.0,0.0008043294090493882,9.89901386388269e-06,0.0002299153072984373,0.0002618511321051842,0.0,0.654104420271247,0.4939989600369781,0.3920754716981132,0.2002450980392157,0.3967815839822567,0.11122250767591955,0.25252525252525254,0.29999999999999716,0.0,0.0,0.0,0.55,0.0,0.00030845189737866346,0.0,0.0,0.0,0.0,0.003635527273372246,0.002032144351374758,0.0,8.199023689422518e-05,0.001083554337105939,0.03312156029362849,0,2
10349,0.4000000000000341,0.0,1.0,0.03861003861003861,0.0,0.6000000000000001,0.32352941176470584,0.0,0.0,0.0,0.0,0.0,0.0,0.0,0.0,0.0,0.009770786935533304,0.0,0.0008043294090493882,9.89901386388269e-06,0.0,0.0,0.0,0.6540901152405599,0.49398196922457577,0.580754716981132,0.2450980392156863,0.40287476084280827,0.13428159659126512,0.020202020202020204,0.0,0.0,0.0,0.0,0.8,0.0,0.0,0.0,0.0,0.0,0.0,0.0036357742497798704,0.0,0.0,0.00020621631812928212,0.0009660161985228387,0.03312156029362849,1,4
974,0.6000000000000227,1.0,0.0,0.10424710424710425,0.2962962962962963,0.6000000000000001,0.5,0.0,0.0,0.0,0.0,1.0,0.0,0.0,0.0,0.0,0.00982723746159848,0.0,0.0008043294090493882,9.89901386388269e-06,0.0008459148098716089,0.000252710026255749,0.0,0.6540617738789235,0.49403502305668107,0.20339622641509433,0.2450980392156863,0.39068840712170516,0.02500156651419262,0.25252525252525254,0.10000000000000142,1.0,1.0,0.0,0.45,5.322483396618272e-06,0.0,0.0,0.0,0.0,0.0,0.0036354330375410375,0.0,0.0,8.163208921356398e-05,0.0011359365028588524,0.03312156029362849,0,0
803,0.8000000000000114,0.0,0.0,0.03861003861003861,0.0,0.6000000000000001,0.0,0.0,0.0,0.0,0.0,0.0,0.0,0.0,0.0,0.0,0.012991612258477794,0.0,0.0008043294090493882,9.89901386388269e-06,0.002840683152124403,0.0006356392603848156,0.0,0.6541940503533913,0.4941055758223976,0.4311320754716981,0.20061274509803925,0.39799412617750646,0.11103452597280533,0.020202020202020204,0.29999999999999716,0.0,1.0,0.0,0.35000000000000003,1.947730212359416e-05,0.0,0.00021422612701845118,0.0,1.8625334784523425e-06,0.0,0.003747891329959725,0.0,0.0,0.00026244550399309084,0.0011540504832047186,0.03312156029362849,0,2
5168,0.0,0.0,0.0,0.03861003861003861,0.0,0.8,0.5588235294117647,0.0,0.0,0.0,0.0,0.0,0.0,0.0,0.0,0.0,0.010057614601829277,0.0,0.0008043294090493882,9.89901386388269e-06,0.0,0.0001958689680647157,0.0,0.6541154992484832,0.4940058924561298,0.559622641509434,0.24485294117647063,0.40225934997989254,0.1325271006955323,0.020202020202020204,0.6000000000000014,0.0,1.0,0.0,0.75,6.395126734202056e-06,0.0,0.0,0.0,9.171803515740107e-05,0.0,0.0036571830600331673,0.0,0.0,0.00011783058693753547,0.0011334303380412453,0.03314718088029022,0,2
8774,0.8000000000000114,1.0,0.0,0.05791505791505792,0.0,0.6000000000000001,0.5294117647058824,0.0,0.0,0.0,0.0,1.0,0.0,0.0,0.0,0.0,0.009770786935533304,0.0,0.005567334342052478,9.89901386388269e-06,0.0,0.015322404725785521,0.00018723191435726462,0.6540657878090415,0.49408459030001767,0.5735849056603773,0.24203431372549022,0.40146723698802084,0.12294003383670657,0.25252525252525254,0.6999999999999957,0.0,1.0,0.0,0.4,0.0015136219492046217,0.0,0.0,0.0,0.0,0.0,0.0036354330375410375,0.0,0.0,0.005981501160654305,0.0020072869848011153,0.03312156029362849,0,0
8072,0.6000000000000227,1.0,0.0,0.20463320463320464,0.6666666666666666,0.4,0.5,0.0,0.0,0.0,0.0,1.0,0.0,0.0,0.0,0.0,0.02303714214358344,0.0,0.0008043294090493882,1.9990339858045308e-05,0.0,0.004486288548978253,0.0,0.6535935892687492,0.49551099871599363,0.580754716981132,0.24497549019607845,0.3925711987716156,0.053825427658374586,0.030303030303030304,0.14999999999999858,1.0,1.0,0.0,0.25000000000000006,5.039387022078754e-05,0.0,0.0,0.0,0.0008106090032144981,0.0,0.004752554447142714,0.0,0.0,0.004270194796523512,0.0018188234400852068,0.03329021468791675,0,0
4059,0.20000000000004547,0.0,0.0,0.02364864864864865,0.0,0.0,0.7941176470588235,0.2222222222222222,0.0,0.0,0.0,0.0,0.0,0.0,0.0,0.0,0.009770786935533304,0.0,0.0008043294090493882,9.89901386388269e-06,0.0005834643175781098,0.00013412495309989442,8.179570564498458e-05,0.6541288948084174,0.49402727081171327,0.3920754716981132,0.21642156862745102,0.3967815839822567,0.11849113352966979,0.25252525252525254,0.5,0.0,0.0,0.0,0.55,0.0,0.0007333880150352953,0.0,0.0,0.0,0.0,0.003642341309267186,0.011421669219172611,0.0,5.075464274513035e-05,0.0010922899275028167,0.03312156029362849,0,2
5286,0.6000000000000227,1.0,1.0,0.03861003861003861,0.0,0.8,0.23529411764705882,0.0,0.0,0.0,0.0,0.0,0.0,0.0,0.0,0.0,0.010805979120529097,2.1409430611937178e-05,0.0008043294090493882,9.89901386388269e-06,0.0034798187862496188,0.0007998467618255785,0.0,0.6540274286850404,0.4940676328706742,0.580754716981132,0.2450980392156863,0.3936070388379094,0.07068112037095056,0.020202020202020204,0.7999999999999972,1.0,1.0,0.0,0.10000000000000002,2.3197609395720197e-05,0.0,2.0162459013501287e-07,8.790088296436938e-07,0.0001522738505198558,0.0,0.003723367632835703,0.0,0.0,0.001168252152339651,0.001147793002062023,0.03312156029362849,0,4
3626,0.8000000000000114,0.0,0.0,0.10231660231660232,0.0,0.2,0.1176470588235294,0.0,0.0,0.0,0.0,0.0,0.0,0.0,0.0,0.0,0.009770786935533304,0.0,0.0008043294090493882,9.89901386388269e-06,0.0030377017723722775,0.0006980480830477777,0.0,0.6540675119933035,0.49395052432406467,0.580754716981132,0.2450980392156863,0.402960065318856,0.13258976126323704,0.020202020202020204,0.9499999999999957,0.0,1.0,0.0,0.45,0.0,0.0,0.0,0.0,0.0,0.00010563371374239323,0.00366848075824713,0.0,0.0,0.0005551800689792433,0.0011177915424296985,0.03314223037777553,0,2
4626,0.4000000000000341,0.0,0.0,0.06756756756756757,0.0,0.6000000000000001,0.5588235294117647,0.0,0.0,0.0,0.0,0.0,0.0,0.0,0.0,0.0,0.009770786935533304,0.0,0.0008043294090493882,9.89901386388269e-06,0.0,7.096822177652405e-05,0.0,0.6541029969246696,0.4939972994238905,0.4056603773584906,0.18529411764705883,0.39722029271621645,0.1036405789836456,0.25252525252525254,0.10000000000000142,0.0,0.0,1.0,0.55,0.0,0.0002102603254114952,0.0,0.0,0.0,0.0,0.0036354330375410375,0.002793068913335311,0.0,8.089021187505149e-05,0.0010845658244332348,0.03312156029362849,0,2
10204,0.20000000000004547,0.0,0.0,0.20463320463320464,0.0,0.6000000000000001,0.5294117647058824,0.0,0.0,0.0,0.0,1.0,0.0,0.0,0.0,0.0,0.009770786935533304,0.0,0.0008043294090493882,0.024545839721807346,0.0159820058736854,0.003673893541850268,0.0,0.6534330810992458,0.4946038548515752,0.580754716981132,0.2450980392156863,0.3927235281931294,0.07299956137602608,0.020202020202020204,0.14999999999999858,1.0,1.0,0.0,0.25000000000000006,9.275649317346358e-05,0.0,0.0,0.0,0.0,7.80959477924433e-05,0.003661255225889248,0.0,0.004792325462012321,0.0005690455006162699,0.0015018327990513375,0.03312156029362849,1,1
7810,0.6000000000000227,0.0,0.0,0.06756756756756757,0.0,0.6000000000000001,0.5294117647058824,0.0,0.0,0.0,0.0,1.0,0.0,0.0,0.0,0.0,0.009770786935533304,0.0,0.0008043294090493882,0.005476664846111833,0.001482158427552819,0.0007799856318436239,0.0,0.654063363878976,0.49405601168446184,0.580754716981132,0.24497549019607845,0.3923457512277752,0.07130772604799801,0.25252525252525254,0.0,0.0,1.0,1.0,0.45,0.0004525061330589213,0.0,0.0,0.0,0.0,0.0,0.0036354330375410375,0.0,0.000513347022587269,0.00016341767029026848,0.0011137013783456468,0.03348614148984609,0,1
8797,0.0,0.0,0.0,0.016216216216216217,0.0,0.0,0.7941176470588235,0.3333333333333333,0.0,0.0,0.0,0.0,0.0,0.0,0.0,0.0,0.009770786935533304,0.0,0.0008043294090493882,9.89901386388269e-06,0.0012012713304287849,0.006383068012736053,0.0,0.653818060566017,0.4936623943672389,0.580754716981132,0.2450980392156863,0.40278945636676056,0.13371765148192244,0.25252525252525254,0.6499999999999986,0.0,1.0,0.0,0.10000000000000002,1.2586587011900862e-05,0.0,0.0,0.0,0.0,0.0,0.0036354330375410375,0.0,0.004639630390143737,0.0016627773534012007,0.0011001861311310758,0.03312156029362849,0,2
5647,0.6000000000000227,1.0,0.0,0.05791505791505792,0.7037037037037037,0.4,0.5,0.0,0.0,0.0,0.0,1.0,0.0,0.0,0.0,0.0,0.009770786935533304,0.0,0.0008043294090493882,5.6570131375501375e-05,0.18684306038964138,0.05644757513469627,0.0,0.6547830438235682,0.49477661412172436,0.3979245283018868,0.1920343137254902,0.39697047246493383,0.10683626793658753,0.020202020202020204,0.0,0.0,1.0,0.0,0.35000000000000003,0.0,0.0,0.0,0.0,0.00013427457740876174,0.0,0.004427808349216429,0.0,0.0,0.023184638943648535,0.00216801061596467,0.03312156029362849,0,0
2020,0.8000000000000114,1.0,0.0,0.06756756756756757,0.0,0.4,0.1764705882352941,0.0,0.0,0.0,0.0,0.0,0.0,0.0,0.0,0.0,0.009770786935533304,0.0,0.0008043294090493882,9.89901386388269e-06,0.0003441499568366546,0.00029384500257820733,1.08089512644396e-05,0.6540963022922334,0.49398944974697195,0.580754716981132,0.2450980392156863,0.40287476084280827,0.1342189360235604,0.24242424242424243,0.5,0.0,1.0,0.0,0.5,0.0,0.0,0.0,0.0,0.0,0.0,0.0036354330375410375,0.0,0.0,0.00014740335256927472,0.0010859301873012062,0.03312156029362849,0,3
3162,0.0,1.0,0.0,0.06756756756756757,0.2962962962962963,0.6000000000000001,0.5,0.0,0.0,0.0,0.0,1.0,0.0,0.0,0.0,0.0,0.009770786935533304,0.0,0.0008043294090493882,9.89901386388269e-06,0.0,0.00017825156406398607,0.0,0.6541092197587989,0.4940040556115458,0.42471698113207546,0.20355392156862748,0.3978357035791321,0.1098439751864152,0.25252525252525254,0.3999999999999986,0.0,0.0,0.0,0.55,0.0,0.003121945311709881,0.0,0.0,0.0,0.0,0.0036354330375410375,0.005880868655785672,0.0,5.786643240397422e-05,0.0010859665207428855,0.03312156029362849,0,0
12192,1.0,0.0,0.0,0.02316602316602317,0.0,0.2,0.0,0.0,0.11599999999999999,0.0,0.0,0.0,0.0,0.0,0.0,0.0,0.009770786935533304,0.0,0.0008043294090493882,9.89901386388269e-06,0.003111086689638917,0.0007151668812749017,0.0,0.6535853775264484,0.4933753559588008,0.580754716981132,0.24485294117647063,0.46468394691624326,0.13346700921110347,0.020202020202020204,0.7999999999999972,0.0,1.0,0.0,0.55,0.0,0.0,1.986002212829877e-05,0.0,0.0,7.119343690472619e-06,0.0036354330375410375,0.0,0.0,0.007991630600342492,0.0010848149538709977,0.03327880571418548,1,2
5107,0.6000000000000227,1.0,0.0,0.15830115830115832,0.4444444444444444,0.6000000000000001,0.5,0.0,0.0,0.0,0.0,1.0,0.0,0.0,0.0,0.0,0.009906201980463844,0.0,0.0008043294090493882,9.89901386388269e-06,0.0,0.0,3.1970137542708678e-06,0.6540872026149167,0.4939756167390268,0.580754716981132,0.24497549019607845,0.40287476084280827,0.1319004950184849,0.24242424242424243,0.3999999999999986,0.0,1.0,0.0,0.2,0.0,0.0,0.0,0.0,0.0,0.0,0.0036399968003165873,0.0,0.0,0.0002534662299993707,0.0011064357805087167,0.03312156029362849,0,0
7976,0.0,1.0,0.0,0.06756756756756757,0.0,0.6000000000000001,0.47058823529411764,0.0,0.0,0.0,0.0,0.0,0.0,0.0,0.0,0.0,0.009958619251134334,0.0,0.0008043294090493882,9.89901386388269e-06,0.00013628627492375922,0.0009611457295869757,0.0,0.6540800467863828,0.4939701062052747,0.3107547169811321,0.0795343137254902,0.394155424755359,0.049439187919042546,0.25252525252525254,0.6000000000000014,0.0,1.0,0.0,0.5,8.811289796518947e-05,0.0,0.0,0.0,0.0,0.0,0.0036354330375410375,0.0,0.0,0.000442465877479725,0.0010899964595450268,0.03312156029362849,0,3
367,0.20000000000004547,0.0,0.0,0.20463320463320464,0.0,0.0,0.4411764705882353,0.4444444444444444,0.0,0.0,0.0,0.0,0.0,0.0,0.0,0.0,0.011533515185996658,0.006332957588005254,0.0008794024411211209,9.89901386388269e-06,0.0,0.011052344880627545,0.0,0.6534009772786395,0.49637804952679704,0.579811320754717,0.2433823529411765,0.3927600872542927,0.05896359421016355,0.030303030303030304,0.0,1.0,1.0,0.0,0.15000000000000002,0.008944188948269201,0.0,0.0,0.0,0.0021999963719726025,0.0,0.00492091186403687,0.0,0.0,0.004545175469339744,0.002103548051750652,0.033940431942554965,0,2
11043,0.20000000000004547,0.0,1.0,0.04247104247104247,0.0,0.6000000000000001,0.2647058823529412,0.0,0.0,0.0,0.0,0.0,0.0,0.0,0.0,0.0,0.009770786935533304,0.0,0.0008043294090493882,9.89901386388269e-06,0.0,0.0,0.0,0.6540636647166604,0.4939512176047973,0.20339622641509433,0.2450980392156863,0.39068840712170516,0.1342189360235604,0.020202020202020204,0.3999999999999986,0.0,1.0,0.0,0.85,0.0,0.0,0.0,0.0,0.0,0.0,0.0036354330375410375,0.0,0.0,0.0006146581659461929,0.0010825576210823542,0.03312156029362849,1,4
3521,0.20000000000004547,1.0,0.0,0.06756756756756757,0.2962962962962963,0.6000000000000001,0.5,0.0,0.0,0.0,0.0,1.0,0.0,0.0,0.0,0.0,0.009770786935533304,0.0,0.0008043294090493882,9.89901386388269e-06,0.0004265724254908113,0.0012834112612606998,0.0,0.6541063647826678,0.49400124522380523,0.3920754716981132,0.18872549019607845,0.3967815839822567,0.10539507487937842,0.24242424242424243,0.29999999999999716,0.0,0.0,0.0,0.55,0.0,0.0036328779024598144,0.0,0.0,0.0,0.0,0.0036370362246194656,0.007159811999421969,0.0,0.00021772820786482075,0.0010861556727394042,0.03312156029362849,0,0
7127,0.0,0.0,1.0,0.0694980694980695,0.0,0.6000000000000001,0.32352941176470584,0.0,0.0,0.0,0.0,0.0,0.0,0.0,0.0,0.0,0.010596686274357834,0.0029271231056882327,0.0011931840111907787,9.89901386388269e-06,0.0,0.001590303114914919,0.003412997044023684,0.6534464667196088,0.4950266842861209,0.580754716981132,0.2425245098039216,0.39944430227031774,0.13045930196127578,0.020202020202020204,0.14999999999999858,0.0,1.0,0.0,0.25000000000000006,0.0003199464254028392,0.0,0.001790930421874252,0.00780779592931011,0.0011377575306650094,0.0,0.00446536172060216,0.0,0.0,0.006479275272818996,0.0020770069930693157,0.03325451948140798,0,4
12320,0.4000000000000341,0.0,0.0,0.02316602316602317,0.0,0.6000000000000001,0.5588235294117647,0.0,0.0,0.0,0.0,0.0,0.0,0.0,0.0,0.0,0.009770786935533304,0.0,0.0008043294090493882,9.89901386388269e-06,0.0,0.0,0.0,0.6536582604252928,0.49347624383241095,0.20339622641509433,0.2450980392156863,0.39068840712170516,0.1342189360235604,0.020202020202020204,0.9499999999999957,0.0,1.0,0.0,0.0,0.0,0.0,0.0,0.0,0.0,0.0,0.0036354330375410375,0.0,0.005261806981519507,0.0016308254638907835,0.0010825576210823542,0.03312156029362849,1,2
237,0.20000000000004547,1.0,0.0,0.10424710424710425,0.2962962962962963,0.4,0.5,0.0,0.0,0.0,0.0,1.0,0.0,0.0,0.0,0.0,0.009770786935533304,0.0,0.0008043294090493882,9.89901386388269e-06,0.0,0.0003749515417513777,0.0,0.6540980900897502,0.49399155055062555,0.580754716981132,0.24387254901960786,0.40287476084280827,0.13359233034651294,0.24242424242424243,0.14999999999999858,0.0,0.0,0.0,0.4,0.0,0.011025841204253397,0.0,0.0,0.0,0.0,0.0036354330375410375,0.016809697880046562,0.0,0.00010051158837984734,0.0010904515445764834,0.03312156029362849,0,0
12395,0.8000000000000114,0.0,0.0,0.15830115830115832,0.0,0.6000000000000001,0.0,0.0,0.0,0.0,0.0,0.0,0.0,0.0,0.0,0.0,0.009770786935533304,0.0,0.000847417649102192,9.89901386388269e-06,0.0,5.5262139907949064e-05,0.0,0.6540608670587226,0.493654421638813,0.580754716981132,0.24460784313725495,0.40276508365931835,0.054389372767717284,0.020202020202020204,0.9499999999999957,0.0,1.0,0.0,0.4,0.00010469813640643748,0.0,0.0,0.0,0.0,1.1492138546042095e-05,0.0036428772755571818,0.0,0.0,0.0006702733843574396,0.001100846527370494,0.03312156029362849,1,2
10395,0.8000000000000114,0.0,1.0,0.08687258687258688,0.0,0.6000000000000001,0.23529411764705882,0.0,0.0,0.0,0.0,0.0,0.0,0.0,0.0,0.0,0.022007066775133144,0.0,0.0015446112604089954,0.0017515181524431942,0.18179829920512927,0.06797725194258887,0.0,0.6534243538245254,0.49556037070725373,0.580754716981132,0.24031862745098043,0.39112102267880433,0.021931198696660194,0.030303030303030304,0.14999999999999858,1.0,1.0,0.0,0.25000000000000006,0.0002608288419618291,0.0,0.0,0.0,0.0029238958334171345,0.0,0.0053376937791618576,0.0,0.0,0.014955607594982046,0.0028353438164961512,0.033140191643773985,1,4
4753,0.0,1.0,0.0,0.06756756756756757,0.2962962962962963,0.2,0.5,0.0,0.0,0.0,0.0,1.0,0.0,0.0,0.0,0.0,0.009869872582990814,4.807846650162855e-05,0.0008043294090493882,9.89901386388269e-06,0.0,0.002609287114240139,0.0,0.6540917350593256,0.4939971604572038,0.580754716981132,0.2450980392156863,0.3984572076189084,0.1261357227896485,0.24242424242424243,0.19999999999999574,0.0,0.0,0.0,0.45,0.0,0.026625265006857638,0.0,0.0,0.0,0.0,0.0036354330375410375,0.020613393863342676,0.0,0.0008647731569336623,0.0010888900492425386,0.03312156029362849,0,0
12283,0.20000000000004547,0.0,1.0,0.02316602316602317,0.0,0.6000000000000001,0.23529411764705882,0.0,0.0,0.0,0.0,0.0,0.0,0.0,0.0,0.0,0.009770786935533304,0.0,0.0008043294090493882,9.89901386388269e-06,0.0,0.0,0.0,0.6537015343358702,0.4935159595798266,0.4332075471698113,0.2382352941176471,0.3980428715923909,0.12870480606554296,0.020202020202020204,0.8999999999999986,0.0,1.0,0.0,0.75,2.069251198073022e-05,0.0,0.0,0.0,1.7169741393800167e-05,0.0,0.00367572081862899,0.0,0.0,0.0,0.0011391716662123086,0.03312156029362849,1,4
9040,0.0,0.0,0.0,0.20463320463320464,0.0,0.6000000000000001,0.5588235294117647,0.0,0.0,0.0,0.0,0.0,0.0,0.0,0.0,0.0,0.009772427326719948,0.0,0.0008043294090493882,9.89901386388269e-06,0.02874302843285967,0.007297677203453177,0.0,0.653349535028555,0.4931142880174062,0.580754716981132,0.2450980392156863,0.40287476084280827,0.1342189360235604,0.020202020202020204,0.3999999999999986,0.0,0.0,0.0,0.45,0.0,0.0,0.0,0.0,0.0,0.0,0.0036354330375410375,0.0,0.0,0.012121278014183673,0.0014207781448869236,0.03312156029362849,1,2
9941,0.20000000000004547,0.0,1.0,0.02316602316602317,0.0,0.4,0.32352941176470584,0.0,0.0,0.0,0.0,0.0,0.0,0.0,0.0,0.0,0.009770786935533304,0.0,0.0008043294090493882,9.89901386388269e-06,0.0,0.0,0.00016298245628915568,0.6526124141186023,0.49225092487007455,0.580754716981132,0.2450980392156863,0.40287476084280827,0.1342189360235604,0.020202020202020204,1.0,0.0,1.0,0.0,0.8,2.528179613393679e-05,0.0,5.040614753375321e-07,2.1975220741092346e-06,0.0,8.037269222137616e-05,0.0036354330375410375,0.0,0.011930467145790555,9.89766697484422e-05,0.001086248612989266,0.03312156029362849,1,4
4498,0.0,0.0,0.0,0.0,0.0,0.0,0.4411764705882353,0.3333333333333333,0.0,0.0,0.0,0.0,0.0,0.0,0.0,0.0,0.011242007137507597,0.0,0.0008043294090493882,9.89901386388269e-06,0.011218131786297337,0.0034371389003498964,0.0,0.6542183983266899,0.49412614095114177,0.4660377358490566,0.2450980392156863,0.3991762024884535,0.13302838523717025,0.25252525252525254,0.14999999999999858,0.0,1.0,0.0,0.35000000000000003,0.0017534799350284994,0.0,0.0,0.0,0.0,0.0,0.0036354330375410375,0.0,0.0004639630390143737,0.0008993599900946585,0.0011868281052765154,0.033131858132526795,0,2
8074,0.20000000000004547,1.0,0.0,0.06756756756756757,0.2962962962962963,0.6000000000000001,0.5,0.0,0.0,0.0,0.0,1.0,0.0,0.0,0.0,0.0,0.009770786935533304,0.0,0.0008043294090493882,9.89901386388269e-06,0.0002671500190150081,0.0010181529897025443,0.0,0.6541006210358642,0.4939942021747493,0.3920754716981132,0.2129901960784314,0.3967815839822567,0.11548342627984212,0.24242424242424243,0.0,0.0,0.0,0.0,0.55,0.0,0.0011368775794999546,0.0,0.0,0.0,0.0,0.0036357235980205957,0.0029855398845498563,0.0,0.00019928360231076886,0.0010840920522155394,0.03312156029362849,0,0
7700,0.4000000000000341,1.0,0.0,0.0694980694980695,0.3333333333333333,0.6000000000000001,0.5,0.0,0.0,0.0,0.0,1.0,0.0,0.0,0.0,0.0,0.013261358787188064,0.0,0.0053605170276911735,9.89901386388269e-06,0.009881658687111295,0.002271564803584643,0.0,0.6540501856643294,0.4940394005073096,0.580188679245283,0.2450980392156863,0.4011321122606905,0.12212544645654491,0.020202020202020204,0.5,0.0,1.0,0.0,0.4,0.00011827590017332083,0.0,0.0007490353523515728,0.0032655178021263227,0.0,0.00043991761799047304,0.0037806877551159294,0.0,0.0,0.0008744431443115148,0.0014132432433819938,0.033121773591833034,0,0
2272,0.6000000000000227,1.0,1.0,0.138996138996139,0.0,0.6000000000000001,0.2647058823529412,0.0,0.0,0.0,0.0,0.0,0.0,0.0,0.0,0.0,0.009770786935533304,0.0,0.0008043294090493882,9.89901386388269e-06,0.0,0.0,1.3897223054279487e-05,0.6541106132866632,0.49400613817096956,0.5013207547169811,0.2450980392156863,0.4003095333845161,0.13390563318503665,0.24242424242424243,1.0,0.0,0.0,1.0,0.35000000000000003,0.0,0.0007989892365636818,0.0,0.0,0.0,0.0,0.0036403698171484527,0.008084939324144209,0.0,1.742132646644847e-05,0.0010884930580632622,0.03312156029362849,0,4
2412,0.6000000000000227,0.0,1.0,0.05791505791505792,0.0,0.4,0.23529411764705882,0.0,0.0,0.0,0.0,0.0,0.0,0.0,0.0,0.0,0.01439584731208736,0.0,0.0008043294090493882,9.89901386388269e-06,0.1813475061419199,0.05653807208260568,0.0,0.6547567185382642,0.4947107640973721,0.37622641509433963,0.24068627450980395,0.3963185025408548,0.1253211354094868,0.04040404040404041,0.6000000000000014,0.0,1.0,0.0,0.6,0.0,0.0,0.0,0.0,0.0,0.001776149764971311,0.004033889617339717,0.0,0.0,0.006293268716669882,0.0013181200129314318,0.03312156029362849,0,4
7451,0.4000000000000341,1.0,0.0,0.06756756756756757,0.2962962962962963,0.6000000000000001,0.5,0.0,0.0,0.0,0.0,1.0,0.0,0.0,0.0,0.0,0.009770786935533304,0.0,0.0008043294090493882,9.89901386388269e-06,0.0,0.0,1.4571423233751573e-06,0.654108443146979,0.4940035144954532,0.37660377358490565,0.2450980392156863,0.3962819434796915,0.13102324707061846,0.24242424242424243,0.9499999999999957,0.0,0.0,0.0,0.35000000000000003,0.0,0.0,0.0,0.0,0.0,0.0,0.003635716922982552,0.0012501344863878922,0.0,1.161421764429898e-05,0.0010842546852607641,0.03312156029362849,0,0
1156,0.8000000000000114,1.0,0.0,0.08687258687258688,0.8888888888888888,0.6000000000000001,0.5,0.0,0.0,0.0,0.0,1.0,0.0,0.0,0.0,0.0,0.010024866975938095,0.0,0.0008043294090493882,0.00018375930132800636,0.011116549708701644,0.002555520791653007,0.0,0.6539359405657437,0.4937700951020694,0.580754716981132,0.24485294117647063,0.40266149965268894,0.12651168619587694,0.25252525252525254,0.5,0.0,1.0,0.0,0.8,0.0007247878187581165,0.0,0.0,0.0,0.0,0.0,0.0038223957487100477,0.0,0.0,0.0007372725826182745,0.001145785542233141,0.03313217559962193,0,0
10107,0.8000000000000114,1.0,0.0,0.0694980694980695,0.0,0.6000000000000001,0.029411764705882346,0.0,0.0,0.0,0.0,0.0,0.0,0.0,0.0,0.0,0.011937367456580238,0.0,0.0009124476748062064,0.010093117533481542,0.18712467049087642,0.06574964754804379,0.0,0.6534024387269062,0.49419518177483485,0.580754716981132,0.24387254901960786,0.4013514666276704,0.13340434864339873,0.030303030303030304,0.14999999999999858,0.0,1.0,0.0,0.25000000000000006,0.0,0.0,0.0,0.0,0.0,0.002084486010489648,0.004130130708506081,0.0,0.0,0.016662539441013334,0.0023558751297901356,0.03676933162303227,1,3
10763,0.8000000000000114,0.0,0.0,0.03861003861003861,0.0,0.6000000000000001,0.5588235294117647,0.0,0.0,0.0,0.0,0.0,0.0,0.0,0.0,0.0,0.009877758500255051,0.0,0.0008043294090493882,9.89901386388269e-06,0.011790389540154924,0.012964664224329386,0.0,0.6539830378979935,0.4938567299622737,0.580754716981132,0.2450980392156863,0.40287476084280827,0.1342189360235604,0.020202020202020204,0.5,0.0,1.0,0.0,0.8,0.0,0.0,0.00023711051799877512,0.0,0.0,7.191621291391123e-05,0.0036751699316657197,0.0,0.0,0.0050164466531355065,0.0011012542252665544,0.03312156029362849,1,2
7018,0.4000000000000341,1.0,0.0,0.06756756756756757,0.0,0.6000000000000001,0.20588235294117646,0.0,0.0,0.0,0.0,0.0,0.0,0.0,0.0,0.0,0.009770786935533304,0.0,0.000832197192246768,9.89901386388269e-06,0.0,0.0,0.0,0.6541026205462449,0.49399755212588203,0.5794339622641509,0.2376225490196079,0.3935156411850011,0.13039664139357104,0.24242424242424243,0.3999999999999986,0.0,0.0,0.0,0.8,0.0,0.0,0.0,0.0,0.0,0.0,0.0036354330375410375,0.0002460724375158671,0.0,1.261191475471233e-05,0.0010826784186231079,0.03312156029362849,0,3
1619,0.0,0.0,0.0,0.10231660231660232,0.0,0.6000000000000001,0.5588235294117647,0.0,0.0,0.0,0.0,0.0,0.0,0.0,0.0,0.0,0.010557286786957505,0.0,0.0008043294090493882,9.89901386388269e-06,0.0033807672230424302,0.003418856688651026,0.0,0.6540454623801558,0.49395208362345056,0.40452830188679245,0.24093137254901964,0.3949109786860674,0.1265743467635817,0.24242424242424243,0.5,0.0,0.0,0.0,0.6,0.0,0.0,0.0,0.0,0.0,0.0,0.0036458115437514246,0.018625968890913832,0.0009146817248459959,0.0010877968340768309,0.001093819054845743,0.033165112810741755,0,2
1032,0.6000000000000227,0.0,1.0,0.05791505791505792,0.0,0.4,0.23529411764705882,0.0,0.0,0.0,0.0,0.0,0.0,0.0,0.0,0.0,0.0374962423378494,0.0,0.001038250364819224,9.89901386388269e-06,0.11480365377357535,0.03841300430338333,0.0,0.651448235230382,0.49415654709507917,0.2788679245283019,0.07426470588235294,0.39118195444740983,0.031643586690895426,0.24242424242424243,0.7999999999999972,1.0,1.0,1.0,0.45,0.0016035339008689232,0.0,0.0,0.0,0.0,0.0,0.0042609178700947475,0.0,0.0,0.01821096535637485,0.002127378923177885,0.03312428852647727,0,4
2388,0.4000000000000341,1.0,0.0,0.06756756756756757,0.0,0.6000000000000001,0.0,0.0,0.0,0.0,0.0,0.0,0.0,0.0,0.0,0.0,0.009770786935533304,0.0,0.0008043294090493882,9.89901386388269e-06,5.4586810380603824e-05,0.0001532381744214407,0.0,0.6541042579249196,0.4939986491087211,0.3920754716981132,0.195343137254902,0.3967815839822567,0.10639764396265432,0.24242424242424243,0.6999999999999957,0.0,0.0,0.0,0.55,0.0,0.0003256932440624061,0.0,0.0,0.0,0.0,0.0036354330375410375,0.0010570456308355797,0.0,5.763619460926344e-05,0.0010834207014186708,0.03312156029362849,0,3
1193,0.0,0.0,1.0,0.10231660231660232,0.0,0.4,0.2647058823529412,0.0,0.0,0.0,0.0,0.0,0.0,0.0,0.0,0.0,0.009770786935533304,0.0,0.0008043294090493882,9.89901386388269e-06,0.0,0.00023808425689665272,0.0,0.6541103667853005,0.4940055508620398,0.4126415094339623,0.20968137254901964,0.39744574026005686,0.11535810514443262,0.020202020202020204,0.6000000000000014,0.0,1.0,0.0,0.55,1.2695209122035928e-06,0.0,0.0,0.0,0.0,0.0,0.003635506070310224,0.0,0.0,0.00022535163706746634,0.0010912574232870185,0.03312156029362849,0,4
2059,0.4000000000000341,0.0,0.0,0.015444015444015444,0.0,0.6000000000000001,0.5588235294117647,0.0,0.0,0.0,0.0,0.0,0.0,0.0,0.0,0.0,0.009770786935533304,0.0,0.0008043294090493882,9.89901386388269e-06,2.1690123330041255e-06,2.7007812736967587e-05,0.0,0.6540532851539087,0.49393905685519285,0.3920754716981132,0.23639705882352943,0.3967815839822567,0.1297700357165236,0.25252525252525254,0.9499999999999957,0.0,1.0,1.0,0.85,0.0,0.0,0.0,0.0,0.0,0.0,0.0036354330375410375,0.0,0.000513347022587269,0.000405499920440051,0.001086263483429244,0.03312156029362849,0,2
10409,0.6000000000000227,0.0,0.0,0.05791505791505792,0.0,1.0,0.029411764705882346,0.0,0.0,0.0,0.0,0.0,0.0,0.0,0.0,0.0,0.009770786935533304,0.0,0.0008043294090493882,9.89901386388269e-06,0.10847483728792481,0.1438412007091836,0.0,0.6501943205692452,0.4944011929005963,0.580754716981132,0.2450980392156863,0.3932901936411607,0.10395388182216933,0.020202020202020204,0.14999999999999858,0.0,1.0,0.0,0.5,0.0003375296294809531,0.0,0.0,0.0,0.00010369146466173756,0.0,0.0038798081435749985,0.0,0.0,0.09697111948267102,0.0022767492212589875,0.03312156029362849,1,2
1628,0.20000000000004547,0.0,1.0,0.0694980694980695,0.0,0.6000000000000001,0.6176470588235294,0.0,0.0,0.0,0.0,0.0,0.0,0.0,0.0,0.0,0.009807552767358743,0.0006512853547775079,0.0008832543395261308,9.89901386388269e-06,0.09409609303038496,0.021630515670556207,0.0,0.6536254310159983,0.49514068160928554,0.580754716981132,0.24473039215686276,0.3960808686432933,0.09706121937464755,0.020202020202020204,0.14999999999999858,1.0,1.0,0.0,0.10000000000000002,0.005741812263912813,0.0,0.0,0.0,0.004398521499012646,0.0,0.004104725513710967,0.0,0.0,0.0030896121311782395,0.0018069191076334405,0.033146664996260636,0,4
4924,0.6000000000000227,0.0,0.0,0.10231660231660232,0.0,0.6000000000000001,0.029411764705882346,0.0,0.0,0.0,0.0,0.0,0.0,0.0,0.0,0.0,0.009771358815029565,0.0,0.0010555449208158071,9.89901386388269e-06,0.0,0.0004824841869256425,0.0,0.6540754904870032,0.4939669476244674,0.580754716981132,0.2450980392156863,0.40238730669396416,0.13039664139357104,0.020202020202020204,0.6000000000000014,0.0,1.0,0.0,0.4,0.0,0.0,0.0,0.0,0.0,0.0,0.0036354330375410375,0.0,0.0,0.0005799690048764366,0.0011250985792260338,0.03312156029362849,0,2
9760,0.6000000000000227,0.0,0.0,0.02316602316602317,0.0,0.6000000000000001,0.0,0.0,0.0,0.0,0.0,0.0,0.0,0.0,0.0,0.0,0.009770786935533304,0.0,0.0008043294090493882,9.89901386388269e-06,0.0,0.0,0.0,0.6538697191674319,0.4937239899924701,0.3922641509433962,0.24350490196078436,0.3967876771591173,0.13340434864339873,0.020202020202020204,0.5499999999999972,0.0,1.0,0.0,0.55,0.0,0.0,0.0,0.0,0.0,0.0,0.0036379703372963162,0.0,0.00215605749486653,0.00039682763017261183,0.0010828152762390377,0.03312156029362849,1,2
2775,0.8000000000000114,1.0,0.0,0.03861003861003861,0.0,0.6000000000000001,0.1764705882352941,0.0,0.0,0.0,0.0,0.0,0.0,0.0,0.0,0.0,0.009821037083902171,0.0,0.0008043294090493882,9.89901386388269e-06,0.0036226120981723902,0.0008442226756764729,3.094796307705745e-05,0.6541188465647014,0.49401325303241944,0.3920754716981132,0.19742647058823531,0.3967815839822567,0.10432984522839779,0.24242424242424243,0.5,0.0,0.0,0.0,0.55,0.0,0.0012264484781252516,0.0,0.0,0.0,0.0,0.003647383711535413,0.01479817541844479,0.0,0.00010340235180232704,0.0010914619414048477,0.03312159501659202,0,3
3645,0.4000000000000341,0.0,0.0,0.02316602316602317,0.0,0.0,0.4411764705882353,0.0,0.0,0.0,0.0,0.0,0.0,0.0,0.0,0.0,0.009770786935533304,0.0,0.0008043294090493882,9.89901386388269e-06,0.0002935396690665583,0.0007882126271081156,0.0,0.6541128599610445,0.4940087564120345,0.3920754716981132,0.22549019607843138,0.3967815839822567,0.12362930008145875,0.25252525252525254,0.14999999999999858,0.0,0.0,1.0,0.55,0.0,0.001178298863606019,0.0,0.0,0.0,0.0,0.0036354330375410375,0.004833091290016603,0.0,0.0002537987957028418,0.0010867528696089164,0.03312156029362849,0,2
5696,0.8000000000000114,1.0,0.0,0.10231660231660232,0.0,0.0,0.4411764705882353,0.0,0.0,0.0,0.0,0.0,0.0,0.0,0.0,0.0,0.009770786935533304,0.0,0.0008043294090493882,9.89901386388269e-06,0.003190978643904569,0.0007335321939360397,0.0,0.6540904952634938,0.49405001049738045,0.580754716981132,0.24056372549019608,0.39228481945916965,0.1251331537063726,0.020202020202020204,0.44999999999999574,0.0,1.0,0.0,0.10000000000000002,0.0,0.0,0.00014658107702815435,0.0006390394191509654,0.0,0.0,0.0036757051126571224,0.0,0.0,0.00019409046094118142,0.001092943086794779,0.03312156029362849,0,3
7166,0.0,0.0,0.0,0.0694980694980695,0.0,0.6000000000000001,0.5588235294117647,0.0,0.0,0.0,0.0,0.0,0.0,0.0,0.0,0.0,0.009770786935533304,0.0,0.0008987555015284786,9.89901386388269e-06,0.09329138945484045,0.0600761786521107,0.0,0.6535913379559014,0.49462449024001287,0.580754716981132,0.24387254901960786,0.3994747681546205,0.13127388934143747,0.030303030303030304,0.29999999999999716,0.0,1.0,0.0,0.05,0.001392107752372899,0.0,0.0,0.0,0.0002130487874680108,0.0,0.003968531571306735,0.0,0.0,0.019037186473683052,0.0017660678280163153,0.033276261017001076,0,2
2290,0.8000000000000114,0.0,0.0,0.015444015444015444,0.0,0.8,0.5588235294117647,0.0,0.0,0.0,0.0,0.0,0.0,0.0,0.0,0.0,0.009770786935533304,0.0,0.0008043294090493882,9.89901386388269e-06,0.012376022870066039,0.002849448895193482,0.0,0.654042608729301,0.4938950917549325,0.580754716981132,0.2450980392156863,0.4036242215966561,0.1290807694717714,0.020202020202020204,0.44999999999999574,0.0,1.0,0.0,0.25000000000000006,0.0004689555938625005,0.0,0.00038570784092827965,0.0016815438911083863,0.00035763773094652125,0.0,0.0036799520074502347,0.0,0.0,0.0009404958094163166,0.0011259855018344483,0.03333102409091115,0,2
9153,0.8000000000000114,0.0,0.0,0.10231660231660232,0.0,0.6000000000000001,0.5588235294117647,0.0,0.0,0.0,0.0,0.0,0.0,0.0,0.0,0.0,0.01017757385090033,0.00012079632868203087,0.0008043294090493882,9.89901386388269e-06,0.03908885575923385,0.008985623949032517,0.00043823011665685704,0.6540707874132908,0.49405441589661636,0.580754716981132,0.2450980392156863,0.40082745341766296,0.12883012720095247,0.020202020202020204,0.3999999999999986,1.0,1.0,0.0,0.45,0.0,0.0,0.0,0.0,0.0,0.0006614123260052278,0.0036617593875862115,0.0,0.0,0.001007341515814011,0.0012349442887767052,0.033191933819856946,1,2
1051,0.0,1.0,1.0,0.05791505791505792,0.0,0.6000000000000001,0.32352941176470584,0.0,0.0,0.0,0.0,0.0,0.0,0.0,0.0,0.0,0.009770786935533304,0.0,0.0008043294090493882,9.89901386388269e-06,0.0071389425920275786,0.0016410778028604182,0.0,0.6539948143018,0.49387042283900695,0.31981132075471697,0.09742647058823531,0.39444789724466545,0.058712951939344574,0.020202020202020204,0.29999999999999716,0.0,1.0,0.0,0.45,0.00012622568085883103,0.0,0.0,0.0,0.0,0.001594335459860815,0.0036366533915551825,0.0,0.0,0.002097798875518611,0.0013616922856557112,0.03312156029362849,0,4
7654,0.20000000000004547,0.0,1.0,0.10424710424710425,0.0,0.8,0.23529411764705882,0.0,0.0,0.0,0.0,0.0,0.0,0.0,0.0,0.0,0.010404760505520406,0.0,0.0008043294090493882,9.89901386388269e-06,0.0007551777939409363,0.0010425846726092164,0.0,0.6540669928163745,0.49395511682369986,0.580754716981132,0.22953431372549024,0.40287476084280827,0.12626104392505796,0.020202020202020204,0.5,0.0,1.0,0.0,0.55,0.0002697086994653708,0.0,0.0,0.0,4.5514683658314386e-05,0.0,0.0036354330375410375,0.0,0.0002738449691991787,0.00012292140039836256,0.001087828845077583,0.03312156029362849,0,4
423,0.6000000000000227,0.0,1.0,0.03474903474903475,0.0,0.6000000000000001,0.23529411764705882,0.0,0.0,0.0,0.0,0.0,0.0,0.0,0.0,0.0,0.009861956566805722,0.0,0.0008043294090493882,9.89901386388269e-06,0.0026805377415375984,0.0013748223197550516,1.1526648229684082e-06,0.6541192530931582,0.4940198399757302,0.5618867924528301,0.2450980392156863,0.40218623185756597,0.13415627545585562,0.020202020202020204,0.6000000000000014,0.0,1.0,0.0,0.5,8.204363756139262e-05,0.0,1.0484478687020669e-05,4.570845914147208e-05,0.0,0.0,0.0036489633396560393,0.0,0.0,0.0003498335380744241,0.0011655429044690974,0.03313723027102721,0,4
9305,0.8000000000000114,0.0,0.0,0.10231660231660232,0.0,0.8,0.0,0.0,0.0,0.0,0.0,0.0,0.0,0.0,0.0,0.0,0.010734072798604433,0.0,0.0008043294090493882,9.89901386388269e-06,0.005600751345872152,0.00301141267065302,0.0,0.6538785239708067,0.4940875276210167,0.580754716981132,0.24473039215686276,0.39594681875236115,0.09223635566138232,0.020202020202020204,0.29999999999999716,1.0,1.0,0.0,0.05,0.00032412837664303926,0.0,1.0081229506750644e-07,0.0,0.0,3.613880045925187e-08,0.0036857160991257978,0.0,0.0025667351129363453,0.00041749786774220125,0.0012737239178323774,0.03312156029362849,1,2
7712,0.20000000000004547,0.0,1.0,0.03474903474903475,0.0,0.6000000000000001,0.23529411764705882,0.0,0.0,0.0,0.0,0.0,0.0,0.0,0.0,0.0,0.01160208052770632,0.0,0.0009629901959828755,2.048630272034618e-05,0.031064594633285085,0.007141031889578766,0.0,0.653892811441585,0.49408086692443653,0.580754716981132,0.24019607843137258,0.39774430592622384,0.12720095244062912,0.020202020202020204,0.14999999999999858,0.0,1.0,0.0,0.25000000000000006,0.0005408634307719146,0.0,0.00015444443604341985,0.0,0.0,0.0014189538612320656,0.0036665646296792317,0.0,0.0,0.0015787149763545785,0.0012052863363078699,0.03329499653603716,0,4
3837,0.4000000000000341,0.0,0.0,0.13706563706563707,0.0,0.6000000000000001,0.5588235294117647,0.0,0.0,0.0,0.0,0.0,0.0,0.0,0.004127829264441286,0.0,0.009770786935533304,0.0,0.0008043294090493882,9.89901386388269e-06,0.0011788582029877421,0.0002709922379546194,0.0,0.6541199710615087,0.49400287711193525,0.31339622641509435,0.0939950980392157,0.39424682240826725,0.05564258412181215,0.020202020202020204,0.10000000000000142,0.0,1.0,0.0,0.5,1.3985096679889847e-06,0.0,0.0,0.0,0.00018611248396871265,0.0,0.003654951241430722,0.0,0.0,0.0005254538114843636,0.0011521767581993715,0.03312652071698991,0,2
11872,0.6000000000000227,0.0,1.0,0.06756756756756757,0.0,0.4,0.2647058823529412,0.0,0.0,0.0,0.0,0.0,0.0,0.0,0.0,0.0,0.009770786935533304,0.0,0.0008043294090493882,9.89901386388269e-06,0.00462144227752079,0.0014088106133224969,0.0,0.6540452447035493,0.49392676800780455,0.580754716981132,0.24497549019607845,0.40287476084280827,0.13403095432044615,0.020202020202020204,0.6499999999999986,0.0,1.0,0.0,0.4,0.00013678918106946626,0.0,0.0,0.0,0.0,3.3825917229859755e-05,0.0036354330375410375,0.0,0.0,0.0010111788123925239,0.0014419986592804376,0.03312156029362849,1,4
7806,0.0,1.0,1.0,0.05791505791505792,0.0,0.6000000000000001,0.5882352941176471,0.0,0.0,0.0,0.0,0.0,0.0,0.0,0.0,0.0,0.012564704214518621,0.0,0.0008043294090493882,0.00019322308247599236,0.004430930694271928,0.0010185684945138822,0.0,0.6533776272382765,0.4944817151674649,0.5662264150943396,0.24436274509803926,0.39788444899401654,0.12945673287799989,0.020202020202020204,0.29999999999999716,1.0,1.0,0.0,0.2,0.000265255192949833,0.0,0.0,0.0,0.0,0.0007189452963363567,0.004256947793055809,0.0,0.0,0.0032597066975151206,0.001619228379683183,0.03317151671730135,0,4
8760,0.6000000000000227,0.0,0.0,0.5405405405405406,0.0,0.4,0.5294117647058824,0.0,0.0,0.0,0.0,1.0,0.0,0.0,0.0,0.0,0.054814995854249884,4.395371381492505e-05,0.0015702178077006,0.00010374733344048831,0.1866999055756631,0.08724595516453783,0.0,0.6577107405070767,0.49695556790413015,0.45188679245283014,0.1919117647058824,0.3984815803263506,0.10157278024938907,0.030303030303030304,0.0,0.0,1.0,0.0,0.35000000000000003,0.009354427502721816,0.0,0.0,0.0,0.02033783258293842,0.0,0.012308016658966265,0.0,0.0,0.04776395611974617,0.008808216783071537,0.03699291774562489,0,1
10826,0.6000000000000227,0.0,0.0,0.02316602316602317,0.0,0.4,0.5294117647058824,0.0,0.0,0.0,0.0,1.0,0.0,0.0,0.0,0.0,0.009770786935533304,0.0,0.0008043294090493882,9.89901386388269e-06,0.0,0.0005401562547393518,0.0,0.6540509308008408,0.4939357391225936,0.580754716981132,0.2450980392156863,0.40287476084280827,0.13340434864339873,0.020202020202020204,0.29999999999999716,0.0,1.0,0.0,0.75,0.0,0.0,0.0,0.0,0.0,7.227760091850375e-08,0.0036354330375410375,0.0,0.0008983572895277208,8.222047468893595e-05,0.0010866618625162516,0.03312156029362849,1,1
6194,0.6000000000000227,0.0,0.0,0.10424710424710425,0.0,0.6000000000000001,0.5588235294117647,0.0,0.0,0.0,0.0,0.0,0.0,0.0,0.0,0.0,0.009770786935533304,0.0,0.0008043294090493882,9.89901386388269e-06,0.0,0.0,0.0,0.6541017485145428,0.49399088366579985,0.20339622641509433,0.2450980392156863,0.39068840712170516,0.019174133717651483,0.020202020202020204,0.8500000000000014,1.0,1.0,0.0,0.4,0.0,0.0,0.0,0.0,0.0,0.0,0.003636861103033137,0.0,0.0,2.6554092323309124e-05,0.0010848129711456675,0.03312156029362849,0,2
4892,0.4000000000000341,1.0,0.0,0.06756756756756757,0.0,0.6000000000000001,0.1764705882352941,0.0,0.0,0.0,0.0,0.0,0.0,0.0,0.0,0.0,0.009770786935533304,0.0,0.0008043294090493882,9.89901386388269e-06,0.0,0.00037287401769468787,0.0,0.6540983862889681,0.4939917477435775,0.580754716981132,0.24485294117647063,0.40287476084280827,0.13258976126323704,0.24242424242424243,0.6000000000000014,0.0,0.0,0.0,0.5,0.0,0.00440011782988636,0.0,0.0,0.0,0.0,0.0036354330375410375,0.004088463427464666,0.0,0.00019311834580795816,0.0010835147321674645,0.03312156029362849,0,3
5153,0.20000000000004547,0.0,0.0,0.10424710424710425,0.0,0.6000000000000001,0.5294117647058824,0.0,0.0,0.0,0.0,1.0,0.0,0.0,0.0,0.0,0.04844662103118451,0.003289228378586562,0.019038982537410785,9.89901386388269e-06,0.0,0.0,0.0,0.6665311185271605,0.508808212449221,0.30660377358490565,0.1849264705882353,0.39392997721151857,0.10057021116611319,0.030303030303030304,0.14999999999999858,0.0,0.0,0.0,0.5,0.0,0.0,0.0,0.0,0.0,0.05456369806899547,0.012430285686712311,0.0,0.0,0.0,0.009429678889562556,0.1329469752171693,0,1
1410,0.8000000000000114,1.0,1.0,0.05791505791505792,0.0,0.6000000000000001,0.23529411764705882,0.0,0.0,0.0,0.0,0.0,0.0,0.0,0.0,0.0,0.011510805550210907,0.0001324831279610241,0.0008724783808303337,3.292586104213741e-05,0.0,0.0007741685644848924,0.0,0.6538319448215287,0.49615503012075374,0.580754716981132,0.2439950980392157,0.39359485248418824,0.06328717338179085,0.030303030303030304,0.14999999999999858,1.0,0.0,0.0,0.25000000000000006,0.001004788463158785,0.0,0.005600526240180252,0.024416228261012883,0.0,9.25153291756848e-06,0.004904705264315557,0.0,0.0,0.0017494746740984017,0.0019374674932894627,0.03327121626644251,0,4
10048,0.6000000000000227,0.0,0.0,0.10231660231660232,0.0,0.6000000000000001,0.5588235294117647,0.0,0.0,0.0,0.0,0.0,0.0,0.0,0.0,0.0,0.009770786935533304,0.0,0.0008768293106076526,9.89901386388269e-06,0.00019810312641437678,0.0003617384887508305,0.0006140658731417548,0.653383424990083,0.4931750975880553,0.5154716981132075,0.24497549019607845,0.40055326045893813,0.13415627545585562,0.020202020202020204,0.14999999999999858,0.0,1.0,0.0,0.35000000000000003,6.752221921271089e-05,0.0,0.0,0.0,0.0,0.0001940292196657233,0.003929665180672838,0.0,0.0,0.005102197440676674,0.0012264766141400955,0.03287815231928364,1,2
3818,0.6000000000000227,1.0,0.0,0.10424710424710425,0.0,0.0,0.4411764705882353,0.0,0.0,0.0,0.0,0.0,0.0,0.0,0.0,0.0,0.009770786935533304,4.768563291241869e-06,0.0008043294090493882,9.89901386388269e-06,0.0,0.0002965042333707703,0.0,0.6541103813633382,0.49400545653548994,0.4049056603773585,0.24485294117647063,0.39719592000877424,0.13171251331537065,0.24242424242424243,1.0,0.0,0.0,0.0,0.25000000000000006,0.0,0.005751671201631452,0.0,0.0,0.0,0.0,0.0036354844745989053,0.00772100544919921,0.0,0.00019191599288002412,0.0010873366830824482,0.03312156029362849,0,3
8707,0.6000000000000227,0.0,0.0,0.06756756756756757,0.0,0.6000000000000001,0.5294117647058824,0.0,0.0,0.0,0.0,1.0,0.0,0.0,0.0,0.0,0.009770786935533304,0.0,0.0008043294090493882,9.89901386388269e-06,0.0,0.0,0.0,0.6540930265409269,0.4939856052607589,0.580754716981132,0.2450980392156863,0.40287476084280827,0.13415627545585562,0.020202020202020204,0.6499999999999986,0.0,1.0,0.0,0.10000000000000002,9.069946196278075e-06,0.0,0.0,0.0,0.0,9.07083891527222e-06,0.00364335709299775,0.0,0.0,4.006137627967445e-05,0.001086540123180966,0.03312156029362849,0,1
8225,0.4000000000000341,1.0,0.0,0.06756756756756757,0.0,0.6000000000000001,0.5588235294117647,0.0,0.0,0.0,0.0,0.0,0.0,0.0,0.0,0.0,0.009770786935533304,0.0,0.0008043294090493882,9.89901386388269e-06,0.0,0.0,0.0,0.6541016262578186,0.49403143942413674,0.20339622641509433,0.2442401960784314,0.39068840712170516,0.13378031204962718,0.24242424242424243,0.5,0.0,0.0,1.0,0.10000000000000002,0.0,2.2708115144441484e-05,0.0,0.0,0.0,0.0,0.0036540807379399367,0.00516172852216664,0.0,2.8344830726615134e-05,0.0010871222017698337,0.03312156029362849,0,3
2331,0.6000000000000227,1.0,1.0,0.06756756756756757,0.0,0.4,0.23529411764705882,0.0,0.0,0.0,0.0,0.0,0.0,0.0,0.0,0.0,0.009770786935533304,0.0,0.0008043294090493882,9.89901386388269e-06,0.0,0.0012789238092982497,0.0,0.6539799665705321,0.4938513079324449,0.3920754716981132,0.08835784313725491,0.3967815839822567,0.053512124819850876,0.04040404040404041,0.14999999999999858,0.0,1.0,0.0,0.35000000000000003,0.0,0.0,1.9658397538163755e-05,8.570336089026014e-05,0.0,1.463621418599701e-05,0.0036354330375410375,0.0,0.0,0.0004619081801441903,0.00108335180171344,0.03312156029362849,0,4
9299,0.8000000000000114,1.0,1.0,0.05791505791505792,0.0,0.8,0.23529411764705882,0.0,0.0,0.0,0.0,0.0,0.0,0.0,0.0,0.0,0.014546688053956529,0.0,0.0008192223765667345,9.89901386388269e-06,0.0,0.0,0.0,0.6535356879540629,0.49513519591874,0.580188679245283,0.23995098039215687,0.3980672442998331,0.13108590763832323,0.020202020202020204,0.29999999999999716,0.0,1.0,0.0,0.25000000000000006,0.0,0.0,2.913475327450936e-05,0.00012701677588351375,0.00022430224604790352,0.0,0.004579846476041119,0.0,0.0,0.0,0.0017434796296899014,0.03312156029362849,1,4
9023,0.6000000000000227,0.0,1.0,0.03861003861003861,0.0,0.6000000000000001,0.23529411764705882,0.0,0.0,0.0,0.0,0.0,0.0,0.0,0.0,0.0,0.009770786935533304,0.0,0.0009221320023750776,9.89901386388269e-06,0.020914339918936778,0.004807723071029301,0.00038892650998384985,0.6540251505353506,0.493906053431646,0.580754716981132,0.24460784313725495,0.40270415189071285,0.13271508239864654,0.020202020202020204,0.3999999999999986,0.0,1.0,0.0,0.45,0.00029993959049233655,0.0,0.0,0.0,1.6387164302013466e-05,0.0,0.0036809194953173045,0.0,0.0,0.0020851869607638983,0.0011144558549019917,0.03312156029362849,1,4
11006,0.20000000000004547,0.0,1.0,0.04247104247104247,0.0,0.6000000000000001,0.2647058823529412,0.0,0.0,0.0,0.0,0.0,0.0,0.0,0.0,0.0,0.009770786935533304,0.0,0.0008043294090493882,9.89901386388269e-06,0.0,0.0,0.0,0.6540570383359455,0.4939434541027516,0.20339622641509433,0.2450980392156863,0.39068840712170516,0.1342189360235604,0.020202020202020204,0.3999999999999986,0.0,1.0,0.0,0.2,0.0,0.0,0.0,0.0,0.0,0.0,0.0036354330375410375,0.0,0.0,0.0007169860747065364,0.0010825576210823542,0.03312156029362849,1,4
8289,0.6000000000000227,1.0,1.0,0.06756756756756757,0.0,0.4,0.5882352941176471,0.0,0.0,0.0,0.0,0.0,0.0,0.0,0.0,0.0,0.009770786935533304,0.0,0.0008043294090493882,9.89901386388269e-06,0.0003958447507732529,0.00011102288558950368,0.0,0.6540064045043082,0.4938841312427443,0.31264150943396224,0.18897058823529414,0.39421635652396453,0.10552039601478791,0.020202020202020204,0.6499999999999986,0.0,1.0,0.0,0.0,0.0,0.0,0.0,0.0,0.0,0.0,0.003705773803149148,0.0,0.0,0.0015200299206805216,0.0010901902213779388,0.03312156029362849,0,4
1773,0.4000000000000341,1.0,1.0,0.10424710424710425,0.0,0.6000000000000001,0.23529411764705882,0.0,0.0,0.0,0.0,0.0,0.0,0.0,0.0,0.0,0.017055448156753375,0.0,0.0008043294090493882,9.89901386388269e-06,0.002582932186552413,0.0018978597762672792,0.0,0.6540132538627341,0.4938324659129798,0.47358490566037736,0.2433823529411765,0.4146772444216966,0.13334168807569396,0.020202020202020204,0.9499999999999957,0.0,1.0,0.0,0.05,2.953163619297128e-06,0.0,0.0,0.0,1.627760350916333e-06,0.0,0.003638298984757654,0.0,0.0,0.0021279344446485317,0.0010962653413583723,0.033885713512455146,0,4
3059,0.0,1.0,1.0,0.10231660231660232,0.0,0.6000000000000001,0.23529411764705882,0.0,0.0,0.0,0.0,0.0,0.0,0.0,0.0,0.0,0.009770786935533304,0.0,0.0008043294090493882,9.89901386388269e-06,0.0007280651397783848,0.001589721408179046,0.0,0.6540995661160545,0.4939928788858256,0.27943396226415096,0.05490196078431374,0.393150050573368,0.03696973494579862,0.020202020202020204,0.8999999999999986,0.0,1.0,0.0,0.05,0.0,0.0,0.0,0.0,0.0,0.0,0.0036354330375410375,0.0,0.0,0.0005162442996959327,0.0011118236878896388,0.03312668441096084,0,4
12346,0.4000000000000341,0.0,1.0,0.06756756756756757,0.0,0.6000000000000001,0.23529411764705882,0.0,0.0,0.0,0.0,0.0,0.0,0.0,0.0,0.0,0.009770786935533304,0.0,0.0008043294090493882,9.89901386388269e-06,3.615020555006876e-05,0.00250225307483948,0.0,0.6540406698503037,0.49392392734240603,0.20339622641509433,0.09301470588235296,0.39068840712170516,0.05626918979885959,0.24242424242424243,0.9499999999999957,0.0,1.0,0.0,0.35000000000000003,0.0,0.0,0.0,0.0,0.0,0.0,0.0036354330375410375,0.0,0.0,0.0011358397872398122,0.0010825576210823542,0.03312156029362849,1,4
11362,0.6000000000000227,0.0,1.0,0.05791505791505792,0.0,0.6000000000000001,0.23529411764705882,0.0,0.0,0.0,0.0,0.0,0.0,0.0,0.0,0.0,0.009770786935533304,0.0,0.0008043294090493882,9.89901386388269e-06,0.0,0.0012780927996755738,0.0,0.6543288677135443,0.4942136270793454,0.4171698113207547,0.1712009803921569,0.39765290827331556,0.09624663199448588,0.020202020202020204,0.6999999999999957,0.0,1.0,0.0,0.8,9.000020712878626e-05,0.0,0.00035808527207978287,0.0015611196814472002,0.00042810097229099554,0.0,0.0036408574875749548,0.0,0.0,0.006311329592566082,0.0017660033894430778,0.033645678625996066,1,4
8607,0.8000000000000114,1.0,0.0,0.05791505791505792,0.7037037037037037,0.4,0.5,0.0,0.0,0.0,0.0,1.0,0.0,0.0,0.0,0.0,0.012868146485127033,0.0,0.0008043294090493882,0.00011924364246462368,0.0,0.009100220175999528,0.0008546683436417453,0.6539338645206657,0.4946544988926455,0.5754716981132075,0.2425245098039216,0.4001084585481179,0.13246444012782757,0.020202020202020204,0.14999999999999858,0.0,1.0,0.0,0.35000000000000003,0.0002204621502828849,0.0,0.0,0.0,0.0009157873643506303,0.0,0.004224785496513776,0.0,0.0,0.006526064709099663,0.001673747576365319,0.03312156029362849,0,0
4721,0.20000000000004547,1.0,0.0,0.10231660231660232,0.0,0.2,0.1764705882352941,0.0,0.0,0.0,0.0,0.0,0.0,0.0,0.0,0.0,0.009770786935533304,0.0,0.0008043294090493882,0.0017528137288998168,8.495298304266158e-05,0.0006469409912532082,0.0,0.6541033713151799,0.4939928264821868,0.580754716981132,0.24473039215686276,0.39216904909881917,0.02330973118616455,0.25252525252525254,0.10000000000000142,0.0,1.0,0.0,0.5,9.528195723410388e-05,0.0,0.0,0.0,0.0,0.0,0.0036354330375410375,0.0,0.0,9.979529301852493e-05,0.0010925065898132946,0.03312156029362849,0,3
7683,0.6000000000000227,1.0,0.0,0.03861003861003861,0.537037037037037,0.4,0.5,0.0,0.0,0.0,0.0,1.0,0.0,0.0,0.0,0.0,0.009770786935533304,0.0,0.0008043294090493882,9.89901386388269e-06,0.0,0.0,0.0,0.6541281513285012,0.49402677045400645,0.42339622641509433,0.17867647058823533,0.39779305134110826,0.10025690832758946,0.020202020202020204,0.7999999999999972,0.0,1.0,0.0,0.55,0.0,0.0,0.00020142296554487787,0.0,0.0,7.220532331758525e-05,0.0036630492405258725,0.0,0.0,0.0,0.0011038969007231584,0.03312156029362849,0,0
4601,0.6000000000000227,0.0,0.0,0.02316602316602317,0.0,0.2,0.5294117647058824,0.0,0.0,0.0,0.0,1.0,0.0,0.0,0.0,0.0,0.009770786935533304,0.0,0.0008043294090493882,9.89901386388269e-06,0.0003835536808862295,0.00013595317426978146,0.0,0.6540864419064106,0.49397760380737543,0.3920754716981132,0.2425245098039216,0.3967815839822567,0.13139921047684694,0.25252525252525254,0.5,0.0,0.0,0.0,0.75,0.0,0.08410413016459808,0.0,0.0,0.0,0.0,0.0036354330375410375,0.03728661654028486,0.0,0.00030025566628003774,0.0010831099587912663,0.03312156029362849,0,1
3459,1.0,0.0,0.0,0.03474903474903475,0.0,0.6000000000000001,0.029411764705882346,0.0,0.0,0.0,0.0,0.0,0.0,0.0,0.0,0.0,0.01199639144037859,4.419377878610885e-05,0.041128434690633695,7.986014252150759e-05,0.0,0.003339079764874137,0.0,0.6518891917108799,0.5012658514301672,0.5775471698113207,0.2394607843137255,0.39094432054984835,0.03690707437809387,0.030303030303030304,0.5,1.0,1.0,0.0,0.2,0.019491321164683467,0.0,0.005655569753287111,0.0,0.004989664582606483,0.0,0.006239385403583739,0.0,0.0,0.01978093129653042,0.0037117922322397676,0.03316727059490397,0,2
12484,0.8000000000000114,0.0,1.0,0.09266409266409267,0.0,1.0,0.23529411764705882,0.0,0.0,0.0,0.0,0.0,0.0,0.0,0.0,0.0,0.010829034893904691,0.0,0.0009250014327658542,9.89901386388269e-06,0.00011206563720521315,0.0027149084372822493,0.0,0.6540248960823312,0.4938625514242827,0.580754716981132,0.2450980392156863,0.40281382907420277,0.1263237044927627,0.020202020202020204,1.0,0.0,1.0,0.0,0.85,0.0,0.0,0.0,0.0,0.003329004690751437,0.0,0.006139459691417138,0.0,0.0,0.002039727787297116,0.0011749702677337466,0.03312156029362849,1,4
293,0.0,0.0,0.0,0.15405405405405406,0.0,0.0,0.7941176470588235,0.2222222222222222,0.0,0.0,0.0,0.0,0.0,0.0,0.0,0.0,0.009770786935533304,3.284525287560189e-06,0.0009170793097304491,3.2652575383318565e-05,0.0023208431963144143,0.0006751953184241896,0.0,0.6540797648338833,0.4940972688752086,0.580754716981132,0.2433823529411765,0.3965012978466713,0.12237608872736389,0.24242424242424243,0.10000000000000142,0.0,1.0,0.0,0.2,0.0007970961996986537,0.0,0.0,0.0,0.0,0.0,0.0036354330375410375,0.0,0.0,0.00038777161024732145,0.001121057487593909,0.03316244410297331,0,2
10083,0.6000000000000227,0.0,1.0,0.015444015444015444,0.0,0.6000000000000001,0.32352941176470584,0.0,0.0,0.0,0.0,0.0,0.0,0.0,0.0,0.0,0.009867630213387052,0.0,0.0008043294090493882,0.2054942968319512,0.0,0.0,0.0626625787517462,0.652209607699794,0.49467273924070204,0.580754716981132,0.2450980392156863,0.39771993321878163,0.09167241055203962,0.020202020202020204,0.14999999999999858,0.0,1.0,0.0,0.45,0.0017536225015480516,0.0,0.0,0.0,0.0,0.0005532850350311462,0.0037368303992716726,0.0,0.0,0.000594704223737926,0.005613060762195454,0.03312156029362849,1,4
10896,0.0,0.0,0.0,0.015444015444015444,0.0,0.6000000000000001,0.5294117647058824,0.0,0.0,0.0,0.0,1.0,0.0,0.0,0.0,0.0,0.009770786935533304,0.0,0.0008043294090493882,9.89901386388269e-06,0.0,3.8226442643092586e-05,0.0,0.6540783835648233,0.49396846228371655,0.20339622641509433,0.1337009803921569,0.39068840712170516,0.07726047997994863,0.020202020202020204,0.5,0.0,1.0,0.0,0.35000000000000003,0.0,0.0,0.0,0.0,0.0,0.0,0.0036354330375410375,0.0,0.0,0.00022315158702911896,0.0010825576210823542,0.03312156029362849,1,1
9646,0.20000000000004547,1.0,1.0,0.04247104247104247,0.0,0.8,0.23529411764705882,0.0,0.0,0.0,0.0,0.0,0.0,0.0,0.0,0.0,0.009770786935533304,0.0,0.0008043294090493882,9.89901386388269e-06,0.0,0.0,0.0,0.6540569733974145,0.49394337802043153,0.20339622641509433,0.2450980392156863,0.39068840712170516,0.1342189360235604,0.020202020202020204,0.3999999999999986,0.0,1.0,0.0,0.10000000000000002,0.0,0.0,0.0,0.0,0.0,0.0,0.0036354330375410375,0.0,0.0,0.0007179837718169497,0.0010825576210823542,0.03312156029362849,1,4
2337,0.20000000000004547,0.0,1.0,0.03861003861003861,0.0,0.6000000000000001,0.23529411764705882,0.0,0.0,0.0,0.0,0.0,0.0,0.0,0.0,0.0,0.009770786935533304,0.0,0.0008351913804806219,9.89901386388269e-06,0.0035792318515123077,0.0008542778921108516,0.0,0.6540073527393886,0.49405367137677014,0.580754716981132,0.2450980392156863,0.399115270719848,0.13371765148192244,0.020202020202020204,0.7999999999999972,0.0,1.0,0.0,0.5,9.39649141487162e-05,0.0,0.0,0.0,3.563856075996625e-05,0.0,0.0036652268735253733,0.0,0.0,0.0007714245221670391,0.0011628232992696745,0.03312156029362849,0,4
7566,0.6000000000000227,1.0,0.0,0.05791505791505792,0.7037037037037037,0.6000000000000001,0.5,0.0,0.0,0.0,0.0,1.0,0.0,0.0,0.0,0.0,0.016932825153186577,0.0,0.0008043294090493882,9.89901386388269e-06,0.07230041110013752,0.020470260035376078,0.0,0.6543640869270436,0.4944595410529217,0.47905660377358483,0.22046568627450983,0.3988471709379837,0.12049627169622158,0.020202020202020204,0.29999999999999716,0.0,1.0,0.0,0.35000000000000003,3.637482913148048e-05,0.0,0.0037751180133929136,0.0164581218218337,0.0003611593278595614,0.0,0.0038878637365461054,0.0,0.0,0.0018015595796574166,0.0013829244485605414,0.03312657032122352,0,0
1167,0.6000000000000227,0.0,0.0,0.05791505791505792,0.0,0.6000000000000001,0.0,0.0,0.0,0.0,0.0,0.0,0.0,0.0,0.0,0.0,0.009770786935533304,0.0,0.0008043294090493882,9.89901386388269e-06,0.0,0.0007902070502025378,0.0,0.6541026192209688,0.4939957172221735,0.5516981132075471,0.24497549019607845,0.40193641160628335,0.13346700921110347,0.04040404040404041,0.9499999999999957,0.0,1.0,0.0,0.35000000000000003,0.00015599492791772276,0.0,0.002812965469268632,0.012263491686773995,0.0001231619827053906,0.0,0.0036864837285008473,0.0,0.0,0.000460322097558405,0.0011131495363180673,0.03312156029362849,0,2
7882,1.0,0.0,0.0,0.03474903474903475,0.0,0.6000000000000001,0.029411764705882346,0.0,0.0,0.0,0.0,0.0,0.0,0.0,0.0,0.0,0.009770786935533304,0.0,0.0008043294090493882,9.89901386388269e-06,0.0005885253463551194,0.0013461524877727321,0.0,0.654089106374096,0.494049253555931,0.580754716981132,0.2450980392156863,0.3941919838165223,0.11723792217557492,0.24242424242424243,0.5499999999999972,0.0,1.0,0.0,0.5,0.00022327274738262974,0.0,0.0,0.0,0.0,0.0,0.003635435000787521,0.0,0.0,0.0005945251498975954,0.0010968930721979723,0.03312156029362849,0,2
10582,0.0,0.0,0.0,0.10231660231660232,0.0,1.0,0.1176470588235294,0.0,0.0,0.0,0.0,0.0,0.0,0.0,0.0,0.0,0.009770786935533304,0.0,0.0008106764643159431,9.89901386388269e-06,0.0007595158186069446,0.0004523185376225064,9.277864405251375e-05,0.6541009934384604,0.49399387067321193,0.580754716981132,0.2450980392156863,0.40287476084280827,0.13409361488815089,0.020202020202020204,0.6000000000000014,0.0,1.0,0.0,0.45,0.0,0.0,0.0,0.0,0.00014219425757764313,0.0,0.0036367758981357533,0.0,0.0,0.00023284715638416148,0.0012562196750937377,0.03312156029362849,1,2
1725,0.4000000000000341,1.0,0.0,0.23938223938223938,0.6666666666666666,0.6000000000000001,0.5,0.4444444444444444,0.0,0.0,0.0,1.0,0.0,0.0,0.00037141567196212,0.0,0.012265385496067463,0.0,0.000836813232440626,2.1225186168263803e-05,0.0,0.00937835909670916,0.0,0.6539544997328498,0.4961630894122274,0.580377358490566,0.2450980392156863,0.39413714522477733,0.13284040353405605,0.030303030303030304,0.3999999999999986,0.0,1.0,0.0,0.2,0.02826113768177647,0.0,0.00039468013518928767,0.0017206597840275306,0.00710298271589279,0.0,0.0038222540023139387,0.0,0.0,0.0051811178403080894,0.0015254209848981311,0.03312156029362849,0,0
4030,0.20000000000004547,1.0,1.0,0.10424710424710425,0.0,0.6000000000000001,0.5882352941176471,0.0,0.0,0.0,0.0,0.0,0.0,0.0,0.0,0.0,0.009770786935533304,0.0,0.0008043294090493882,9.89901386388269e-06,0.000616722506684173,0.001909327709060207,0.0,0.6541096587565212,0.4940051044606722,0.3924528301886792,0.2425245098039216,0.39679377033597785,0.13290306410176078,0.24242424242424243,0.0,0.0,0.0,0.0,0.55,0.0,0.003092088345501449,0.0,0.0,0.0,0.0,0.0036354330375410375,0.004742725705618121,0.0,0.00031747233692896553,0.001085989718629251,0.03312156029362849,0,4
8775,0.0,0.0,0.0,0.10231660231660232,0.0,0.6000000000000001,0.5294117647058824,0.0,0.0,0.0,0.0,1.0,0.0,0.0,0.0,0.0,0.009770786935533304,0.0,0.0008043294090493882,9.89901386388269e-06,0.0005950323833541318,0.00013678418389245737,0.0,0.6540785329897084,0.49396788933726554,0.3920754716981132,0.18247549019607845,0.3967815839822567,0.10163544081709382,0.24242424242424243,0.6499999999999986,0.0,1.0,0.0,0.55,3.8574426861715585e-05,0.0,0.0,0.0,0.0,0.0,0.0036354330375410375,0.0,0.0,0.0005955484289851988,0.0010960072896566227,0.03312156029362849,0,1
5656,0.6000000000000227,1.0,0.0,0.05791505791505792,0.7037037037037037,0.4,0.5,0.0,0.0,0.0,0.0,1.0,0.0,0.0,0.0,0.0,0.013600859564981803,0.0,0.0009813919778367693,9.89901386388269e-06,0.018551200982128785,0.00426440897972378,0.0,0.6538341355029931,0.49429707152838404,0.580754716981132,0.24473039215686276,0.39491707186292796,0.07625791089667273,0.020202020202020204,0.5,1.0,1.0,0.0,0.25000000000000006,0.0006811353082475864,0.0,0.0,0.0,0.0,0.0007338344821255686,0.003705035229822055,0.0,0.0,0.004080632345544975,0.0014228308604214714,0.033176124950604104,0,0
2125,0.0,1.0,1.0,0.03861003861003861,0.0,0.8,0.2647058823529412,0.0,0.0,0.0,0.0,0.0,0.0,0.0,0.0,0.0,0.009770786935533304,0.0,0.0008043294090493882,9.89901386388269e-06,0.0005039338653679585,0.00035741723871291566,0.0,0.6540213841005522,0.49400318765201706,0.580754716981132,0.2450980392156863,0.39400918851070577,0.11636067422770852,0.25252525252525254,0.6499999999999986,1.0,1.0,0.0,0.35000000000000003,0.00011968119872319325,0.0,0.0,0.0,0.0,0.0,0.0036354330375410375,0.0,0.0011400154004106778,0.00020557676869952996,0.0011057563005379936,0.03312156029362849,0,4
6415,0.6000000000000227,1.0,0.0,0.03474903474903475,0.2222222222222222,0.4,0.5,0.0,0.0,0.0,0.0,1.0,0.0,0.0,0.0,0.0,0.009770786935533304,0.0,0.0008043294090493882,9.89901386388269e-06,0.027411977864506137,0.008923713732143162,0.0,0.6540862013687907,0.4941689341507683,0.3922641509433962,0.1332107843137255,0.3956482530861941,0.07688451657372017,0.24242424242424243,0.3500000000000014,0.0,1.0,1.0,0.05,0.001509385686909354,0.0,0.0,0.0,0.0,0.0,0.0036968272889238278,0.0,0.0,0.0012906107492398316,0.0012256922975675284,0.03312180831479656,0,0
7936,0.4000000000000341,0.0,0.0,0.015444015444015444,0.0,0.6000000000000001,0.5588235294117647,0.0,0.0,0.0,0.0,0.0,0.0,0.0,0.0,0.0,0.009770786935533304,0.0,0.0008043294090493882,9.89901386388269e-06,0.0,0.0,3.255734415063598e-05,0.6539328735454298,0.4937906536318368,0.580754716981132,0.2450980392156863,0.40287476084280827,0.13058462309668528,0.020202020202020204,0.3999999999999986,0.0,1.0,0.0,0.8,0.0001685272038745561,0.0,1.0081229506750644e-07,0.0,0.0,6.866372087257856e-07,0.0036354330375410375,0.0,0.0,0.00267270264891141,0.0010898530589355067,0.03312156029362849,0,2
3675,0.8000000000000114,0.0,1.0,0.06756756756756757,0.0,0.6000000000000001,0.23529411764705882,0.0,0.0,0.0,0.0,0.0,0.0,0.0,0.0,0.0,0.009770786935533304,0.0,0.0014304110498021614,0.00027337675403845356,0.07286363130260759,0.016749663752731424,0.00040075763571394065,0.6529797521719962,0.49314490299954866,0.580754716981132,0.241421568627451,0.39244933523440456,0.07387680932389248,0.020202020202020204,0.6000000000000014,1.0,0.0,0.0,0.2,0.0002162462546332676,0.0,0.000688749599901204,0.003002694162062858,0.0009442418674079947,0.0,0.004378946285436428,0.0,0.0,0.0,0.0013808674701665331,0.03312156029362849,0,4
4738,0.4000000000000341,1.0,1.0,0.05791505791505792,0.0,0.6000000000000001,0.23529411764705882,0.0,0.0,0.0,0.0,0.0,0.0,0.0,0.0,0.0,0.009770786935533304,1.131578977807281e-05,0.0010864068922470408,9.89901386388269e-06,0.03607356711430261,0.008292645024683062,0.0,0.653665120717247,0.49438497766204836,0.580754716981132,0.24473039215686276,0.3943199405305939,0.07788708565699606,0.020202020202020204,0.5,1.0,1.0,0.0,0.10000000000000002,0.0,0.0,0.0,0.0,0.0,0.0016104533648656411,0.003984292514076292,0.0,0.0,0.0014323604848500973,0.0014720140971263413,0.033239186812797826,0,4
4260,0.20000000000004547,0.0,0.0,0.06756756756756757,0.0,1.0,0.5588235294117647,0.0,0.0,0.0,0.0,0.0,0.0,0.0,0.0,0.0,0.010632669534241022,0.0,0.0008043294090493882,9.89901386388269e-06,0.0,0.0,0.0,0.6540729853837739,0.4939446943222034,0.580754716981132,0.2450980392156863,0.4035389171206084,0.1312112287737327,0.020202020202020204,0.9499999999999957,0.0,1.0,0.0,0.35000000000000003,9.876465364030946e-05,0.0,0.0,0.0,5.884979730235973e-06,0.0,0.0036680190026742105,0.0,0.0,0.0002429776193514355,0.001115777638743493,0.03326502565808746,0,2
3793,0.0,1.0,0.0,0.02316602316602317,0.0,0.6000000000000001,0.5588235294117647,0.0,0.0,0.0,0.0,0.0,0.0,0.0,0.0,0.0,0.009770786935533304,0.0,0.0008043294090493882,9.89901386388269e-06,0.0,0.0016160644132178729,0.0,0.6539547574990596,0.4938178794571611,0.3922641509433962,0.16446078431372552,0.3967876771591173,0.0909204837395827,0.24242424242424243,0.44999999999999574,0.0,1.0,0.0,0.55,0.0,0.0,0.0,0.0,0.0,0.0,0.0036354330375410375,0.0,0.0,0.002165514369140768,0.0010905120176990602,0.03312156029362849,0,3
8888,0.8000000000000114,0.0,0.0,0.03861003861003861,0.0,0.6000000000000001,0.5588235294117647,0.0,0.0,0.0,0.0,0.0,0.0,0.0,0.0,0.0,0.009770786935533304,0.0,0.0008043294090493882,9.89901386388269e-06,0.00017568999897333415,0.0001655371168370444,0.0,0.6540876316730679,0.493978831605224,0.3922641509433962,0.18553921568627454,0.3967876771591173,0.1033272761451219,0.020202020202020204,0.9499999999999957,0.0,1.0,0.0,0.55,1.75288930230464e-05,0.0,0.0,0.0,3.404210349272139e-05,0.0,0.0036497827987382533,0.0,0.0,0.0005018928104922945,0.0010941166123497007,0.03312156029362849,0,2
12197,0.20000000000004547,0.0,0.0,0.02316602316602317,0.0,0.8,0.5588235294117647,0.0,0.0,0.0,0.0,0.0,0.0,0.0,0.0,0.0,0.009770786935533304,0.0,0.0008043294090493882,9.89901386388269e-06,0.006802745680411938,0.001563793907951557,0.0,0.6540313485205522,0.4939124944211183,0.580754716981132,0.2345588235294118,0.40272852459815506,0.1274515947114481,0.020202020202020204,0.7999999999999972,0.0,1.0,0.0,0.25000000000000006,0.0,0.0,0.0006106200712238865,0.0,0.0,0.0002200852947968439,0.003679247594611954,0.0,0.0,0.0004723967907921255,0.0011241201538436218,0.03312156029362849,1,2
1615,0.20000000000004547,1.0,1.0,0.03861003861003861,0.0,0.6000000000000001,0.2647058823529412,0.0,0.0,0.0,0.0,0.0,0.0,0.0,0.0,0.0,0.009770786935533304,5.6044258727272856e-05,0.0008043294090493882,9.89901386388269e-06,0.0,0.0,0.00012742383392022458,0.6541460955674769,0.4940424915456491,0.32358490566037734,0.2450980392156863,0.3945697607818765,0.1326524218309418,0.020202020202020204,0.44999999999999574,0.0,1.0,0.0,0.35000000000000003,3.2688466268771656e-05,0.0,0.00021533506226419376,0.000938781430059465,4.834761273058224e-05,0.0,0.0037003638811392093,0.0,0.0015061601642710474,0.0003618314853765744,0.0011467542026933008,0.03312156029362849,0,4
10348,0.20000000000004547,0.0,1.0,0.20463320463320464,0.0,0.8,0.5882352941176471,0.0,0.0,0.0,0.0,0.0,0.0,0.0,0.0,0.0,0.009770786935533304,0.0,0.0008043294090493882,9.89901386388269e-06,0.03243287991335519,0.008991524117353517,0.0,0.6514835352857261,0.4940323384376737,0.580754716981132,0.2450980392156863,0.390785897951474,0.1336549909142177,0.020202020202020204,0.0,0.0,1.0,0.0,0.8,0.0015285846448757272,0.0,0.0,0.0,0.0011641929848255643,0.0,0.0036354330375410375,0.0,0.006777720739219713,0.001974775147211488,0.0014845666816248769,0.03312156029362849,1,4
256,0.6000000000000227,1.0,0.0,0.05791505791505792,0.7037037037037037,0.4,0.5,0.0,0.0,0.0,0.0,1.0,0.0,0.0,0.0,0.0,0.01430905707379947,0.0,0.0008125946161532557,9.89901386388269e-06,0.03733990881472152,0.008583581493581904,0.0,0.6539904554685657,0.4940900441602048,0.3283018867924528,0.12242647058823532,0.39446617677524715,0.06961589071996993,0.020202020202020204,0.44999999999999574,0.0,1.0,0.0,0.45,2.4786207756445548e-05,0.0,0.0012494675850666748,0.00544721771730197,0.000190385354889868,0.0,0.003760823627195852,0.0,0.011010010266940453,0.0033372968343326507,0.0020042516305928283,0.03359391164779629,0,0
12155,0.20000000000004547,0.0,1.0,0.04247104247104247,0.0,0.6000000000000001,0.32352941176470584,0.0,0.0,0.0,0.0,0.0,0.0,0.0,0.0,0.0,0.009770786935533304,0.0,0.0008043294090493882,9.89901386388269e-06,0.00011748816803772346,0.000569490894419812,0.0,0.6539756160202739,0.49384790130774725,0.580754716981132,0.2450980392156863,0.40287476084280827,0.13415627545585562,0.020202020202020204,0.7999999999999972,0.0,1.0,0.0,0.2,4.012229193114029e-06,0.0,0.0,0.0,0.0,0.0,0.0036354330375410375,0.0,0.0010207135523613963,8.859038700926733e-05,0.001093155981927129,0.03312156029362849,1,4
5490,1.0,1.0,0.0,0.07335907335907337,0.0,0.6000000000000001,0.1764705882352941,0.0,0.0,0.0,0.0,0.0,0.0,0.0,0.0,0.0,0.00982767389595089,0.0,0.0008043294090493882,9.89901386388269e-06,0.017963398639884665,0.004170920397172739,0.0,0.6541573428547833,0.49405252276664247,0.2788679245283019,0.22340686274509808,0.3931256778659258,0.11842847296196506,0.020202020202020204,0.29999999999999716,0.0,1.0,0.0,0.35000000000000003,1.3367308428496655e-05,0.0,0.0017723809595818307,0.00772692711698289,0.00017426426679906202,0.0,0.003691891294615006,0.0,0.0,0.0017030433854983958,0.001117247532167174,0.03312156029362849,0,3
9510,0.20000000000004547,0.0,1.0,0.04247104247104247,0.0,0.8,0.23529411764705882,0.0,0.0,0.0,0.0,0.0,0.0,0.0,0.0,0.0,0.009770786935533304,0.0,0.0008043294090493882,9.89901386388269e-06,0.0,0.0,0.0,0.6540404723841585,0.4939240453476371,0.20339622641509433,0.2450980392156863,0.39068840712170516,0.1342189360235604,0.020202020202020204,0.3999999999999986,0.0,1.0,0.0,0.2,0.0,0.0,0.0,0.0,0.0,0.0,0.0036354330375410375,0.0,0.0,0.000972805846607395,0.0010825576210823542,0.03312156029362849,1,4
5740,0.20000000000004547,0.0,0.0,0.07162162162162163,0.0,0.0,0.7941176470588235,0.3333333333333333,0.0,0.0,0.0,0.0,0.0,0.0,0.0,0.0,0.009961132511025799,0.00020606304162885917,0.0008043294090493882,1.6336409382726646e-05,0.0,0.0014450426328711673,0.0,0.65386420502472,0.49535551052067056,0.579811320754717,0.24325980392156868,0.39517907846793165,0.13127388934143747,0.020202020202020204,0.0,1.0,1.0,0.0,0.2,0.0008704975906224251,0.0,0.0002471917475055258,0.0010776648251431685,0.0011369123474058798,0.0,0.004425666054653631,0.0,0.0,0.003260269501013302,0.0014434893217519546,0.033159244629905195,0,2
1570,0.0,1.0,0.0,0.10424710424710425,0.0,0.6000000000000001,0.6470588235294117,0.0,0.0,0.0,0.0,1.0,0.0,0.0,0.0,0.0,0.009770786935533304,0.0,0.0008043294090493882,9.89901386388269e-06,0.00044175551182184023,0.00040370447469596473,0.0,0.6541046111110117,0.49399850548393326,0.29,0.15416666666666667,0.3934912684775589,0.07099442320947429,0.24242424242424243,0.5499999999999972,0.0,1.0,0.0,0.05,0.0,0.0,0.0,0.0,0.0,0.0,0.0036354330375410375,0.0,0.0,0.00010424655704959988,0.0010830768968463822,0.03312156029362849,0,0
7284,1.0,0.0,0.0,0.03861003861003861,0.0,0.6000000000000001,0.029411764705882346,0.0,0.0,0.0,0.0,0.0,0.0,0.0,0.0,0.0,0.01118600809525526,0.0,0.0010107256656903068,9.89901386388269e-06,0.007500444647528266,0.0026957121149984355,0.0,0.6540136898785852,0.4940156733041822,0.580754716981132,0.24497549019607845,0.39222388769056415,0.08214800426091862,0.020202020202020204,0.6999999999999957,1.0,1.0,0.0,0.6,0.0,0.0,0.0,0.0,0.0,2.1683280275551124e-07,0.0036618076834497052,0.0,0.001026694045174538,0.0006229723085329708,0.0011167594843270998,0.03324163230151501,0,2
3701,0.6000000000000227,1.0,0.0,0.06756756756756757,0.2962962962962963,0.6000000000000001,0.5,0.0,0.0,0.0,0.0,1.0,0.0,0.0,0.0,0.0,0.009770786935533304,0.0,0.0008043294090493882,9.89901386388269e-06,2.7474156218052256e-05,0.0005374139229845212,0.0,0.654100201917284,0.49399402477872756,0.2932075471698113,0.11740196078431374,0.39358875930732773,0.06892662447521776,0.24242424242424243,0.10000000000000142,0.0,0.0,1.0,0.10000000000000002,0.0,0.002058448585778538,0.0,0.0,0.0,0.0,0.0036354330375410375,0.003134990658747346,0.0,0.0002107699100691174,0.0010835331219449038,0.03312156029362849,0,0
9801,0.0,1.0,0.0,0.015444015444015444,0.0,0.6000000000000001,0.5588235294117647,0.0,0.0,0.0,0.0,0.0,0.0,0.0,0.0,0.0,0.009770786935533304,0.0,0.0008043294090493882,9.89901386388269e-06,0.0,0.0,0.0,0.6540804957236761,0.4939709368999936,0.20339622641509433,0.15857843137254904,0.39068840712170516,0.08998057522401154,0.25252525252525254,0.6999999999999957,0.0,0.0,0.0,0.55,0.0,0.0,0.0,0.0,0.0,0.0,0.0036354330375410375,0.0005752503184614495,0.000199435318275154,3.0672790650912946e-05,0.0010825576210823542,0.03312156029362849,1,3
12359,0.6000000000000227,1.0,1.0,0.10231660231660232,0.0,0.6000000000000001,0.23529411764705882,0.0,0.0,0.0,0.0,0.0,0.0,0.0,0.0,0.0,0.009770786935533304,0.0,0.0008043294090493882,9.89901386388269e-06,0.00908454665473228,0.0038115087353654013,0.0,0.6538173177487389,0.4936576438803371,0.580754716981132,0.2450980392156863,0.40287476084280827,0.13271508239864654,0.020202020202020204,0.9499999999999957,0.0,1.0,0.0,0.85,0.0,0.0,0.0,0.0,0.0,0.0,0.0036720204916568847,0.0,0.004876796714579056,0.0001271680086119168,0.001094975082849624,0.03312156029362849,1,4
5720,0.8000000000000114,1.0,0.0,0.10231660231660232,0.0,0.6000000000000001,0.1764705882352941,0.0,0.0,0.0,0.0,0.0,0.0,0.0,0.0,0.0,0.009770786935533304,0.0,0.0008043294090493882,9.89901386388269e-06,0.0,9.84746402870972e-05,0.0,0.6541112457747024,0.49400696149036155,0.2788679245283019,0.05833333333333334,0.3931256778659258,0.038724230841531426,0.24242424242424243,0.0,0.0,0.0,0.0,0.5,0.0,0.000656012215283865,0.0,0.0,0.0,0.0,0.0036354330375410375,0.01250358469460333,0.0,3.571244015735986e-05,0.0010916370656196541,0.03312156029362849,0,3
8035,0.4000000000000341,1.0,0.0,0.03861003861003861,0.537037037037037,0.4,0.5,0.0,0.0,0.0,0.0,1.0,0.0,0.0,0.0,0.0,0.009770786935533304,0.0,0.0011109685926028736,9.89901386388269e-06,0.01525827875857302,0.006405837676397374,0.0005072377672847582,0.6540360164744468,0.4939095551592438,0.5784905660377359,0.2450980392156863,0.4021192069120999,0.12607306222194373,0.020202020202020204,0.0,0.0,1.0,0.0,0.8,0.0008103548860170153,0.0,0.0,0.0,0.0,0.0003497513108446396,0.0036354330375410375,0.0,0.0,0.002560576842887264,0.001151532322898863,0.03351640999319747,0,0
11888,0.6000000000000227,0.0,1.0,0.06756756756756757,0.0,0.6000000000000001,0.23529411764705882,0.0,0.0,0.0,0.0,0.0,0.0,0.0,0.0,0.0,0.06063701506593959,0.002769258563046594,0.0008043294090493882,0.18368263963986214,0.1867002670777186,0.10114425869994362,0.0,0.6508413223701569,0.49285364706862417,0.580754716981132,0.24056372549019608,0.39705577694098154,0.09806378845792345,0.030303030303030304,0.6499999999999986,0.0,1.0,0.0,0.25000000000000006,0.003764054826982935,0.0,5.544676228712854e-06,2.417274281520158e-05,0.0,2.529716032147631e-07,0.004828616113003751,0.0,0.0,0.025973995408546734,0.003167107496126055,0.03312156029362849,1,4
10654,0.6000000000000227,1.0,0.0,0.06756756756756757,0.2962962962962963,0.6000000000000001,0.5,0.0,0.0,0.0,0.0,1.0,0.0,0.0,0.0,0.0,0.04024443935605466,0.0,0.0008043294090493882,9.89901386388269e-06,0.0,0.0009995383741546035,0.0,0.6534270341955245,0.493205337981224,0.20339622641509433,0.2450980392156863,0.39068840712170516,0.1342189360235604,0.030303030303030304,0.3500000000000014,0.0,1.0,0.0,0.75,0.0,0.0,2.2985203275391468e-05,0.0001002070065793811,0.0,2.7465488349031423e-06,0.0036354330375410375,0.0,0.0,0.010753537603715732,0.0010825576210823542,0.03312156029362849,1,0
6738,0.6000000000000227,1.0,0.0,0.03861003861003861,0.537037037037037,0.4,0.5,0.0,0.0,0.0,0.0,1.0,0.0,0.0,0.0,0.0,0.009836944363574497,0.0,0.0008051871192205443,3.234892465129762e-05,0.0036699688674429803,0.0008436409689405998,8.353557707588029e-05,0.6540760666508063,0.49436436828134256,0.580754716981132,0.24362745098039218,0.3972629449542403,0.1326524218309418,0.020202020202020204,0.29999999999999716,0.0,1.0,0.0,0.2,0.0,0.0,0.00035989989339099796,0.0015690307609139934,0.0,0.0005248076602692557,0.003938228076535283,0.0,0.0,0.00017272950998745973,0.0012060042315818692,0.03312156029362849,0,0
2574,0.8000000000000114,0.0,1.0,0.03474903474903475,0.0,0.6000000000000001,0.23529411764705882,0.0,0.0,0.0,0.0,0.0,0.0,0.0,0.0,0.0,0.016683846879866855,0.0,0.0008043294090493882,3.6205288947963575e-05,0.06432712176401435,0.022290919017696764,0.0004988428876306864,0.6547278970953451,0.4946956186694061,0.39037735849056604,0.23786764705882357,0.3967206522136512,0.12713829187292439,0.030303030303030304,0.8999999999999986,0.0,1.0,0.0,0.85,0.0,0.0,0.0,0.0,0.0,0.0,0.0045009581278931355,0.0,0.0,0.005752414554917086,0.001356414122121826,0.03312156029362849,0,4
12212,0.0,1.0,1.0,0.19305019305019305,0.0,0.6000000000000001,0.23529411764705882,0.0,0.0,0.0,0.0,0.0,0.0,0.0,0.0,0.0,0.009770786935533304,0.0,0.0008043294090493882,9.89901386388269e-06,0.0,0.0,0.0,0.6541020122444953,0.49378399953423335,0.580566037735849,0.2450980392156863,0.3905117049927492,0.10063287173381792,0.25252525252525254,0.7999999999999972,0.0,1.0,0.0,0.85,0.0,0.0,0.0,0.0,0.0,0.0,0.0036354330375410375,0.0,0.0,2.248655795008547e-05,0.0010561487606124214,0.03312156029362849,1,4
6911,0.6000000000000227,0.0,0.0,0.03861003861003861,0.0,0.2,0.029411764705882346,0.0,0.0,0.0,0.0,0.0,0.0,0.0,0.0,0.0,0.009770786935533304,6.656346928278124e-07,0.0008043294090493882,9.89901386388269e-06,0.0021538292466730963,0.0004951155331903165,0.00023214234566726016,0.6538738798718826,0.4942164704619697,0.580754716981132,0.2450980392156863,0.3961905458267832,0.1335296697788082,0.020202020202020204,0.6000000000000014,0.0,1.0,0.0,0.25000000000000006,8.794317591810343e-05,0.0,0.0,0.0,0.0003316092168736956,0.0,0.0038203743901306336,0.0,0.0,0.0010376305768070725,0.0012076032995608247,0.03315221571000206,0,2
5496,0.20000000000004547,0.0,0.0,0.06756756756756757,0.0,0.0,0.4411764705882353,0.0,0.0,0.0,0.0,0.0,0.0,0.0,0.0,0.0,0.009770786935533304,0.0,0.0008043294090493882,9.89901386388269e-06,0.0,0.0,1.885585663233226e-05,0.6541158279169668,0.494011976324508,0.3918867924528302,0.15882352941176472,0.39677549080539615,0.08954195125007834,0.24242424242424243,0.29999999999999716,0.0,1.0,0.0,0.55,5.4120966374797015e-05,0.0,0.0,0.0,0.0,0.0,0.0036354330375410375,0.0,0.0,1.619339156132435e-05,0.0010921055340470907,0.03312156029362849,0,2
2513,0.6000000000000227,0.0,0.0,0.015444015444015444,0.0,0.6000000000000001,0.5588235294117647,0.0,0.0,0.0,0.0,0.0,0.0,0.0,0.0,0.0,0.009770786935533304,0.0,0.0008043294090493882,9.89901386388269e-06,0.0,1.321305300054722e-05,0.0,0.6541418364612726,0.4940428016975559,0.2792452830188679,0.06593137254901961,0.39313786421964686,0.04260918603922552,0.25252525252525254,0.8999999999999986,0.0,0.0,0.0,0.45,0.0,0.0,0.0,0.0,0.0,0.0,0.0036412862606069515,0.08584722794301593,0.0,0.0002369914366889554,0.001141584543803121,0.03312156029362849,0,2
8989,0.6000000000000227,1.0,0.0,0.03861003861003861,0.537037037037037,0.6000000000000001,0.5,0.0,0.0,0.0,0.0,1.0,0.0,0.0,0.0,0.0,0.009909753653124836,0.0,0.0008043294090493882,9.89901386388269e-06,0.0023371107888119453,0.000537247721059986,0.0,0.6540815350714912,0.49411270621085157,0.20339622641509433,0.24460784313725495,0.39068840712170516,0.1166113164985275,0.25252525252525254,0.3999999999999986,0.0,1.0,1.0,0.10000000000000002,2.0712878626380545e-05,0.0,0.0,0.0,0.0,0.0,0.0037356760103393733,0.0,0.0,0.00023576350178383128,0.001101034043618615,0.03312156029362849,0,0
1919,0.0,0.0,0.0,0.10231660231660232,0.0,0.6000000000000001,0.5588235294117647,0.0,0.0,0.0,0.0,0.0,0.0,0.0,0.0008664438172634894,0.0,0.010218252542437033,0.0,0.0008043294090493882,9.89901386388269e-06,0.0,0.0,0.0,0.6540976378392664,0.49399102069161094,0.580754716981132,0.2450980392156863,0.40287476084280827,0.1342189360235604,0.24242424242424243,0.8999999999999986,0.0,0.0,0.0,0.6,0.0,0.0,0.0,0.0,0.0,0.0,0.0036354330375410375,0.003360672913116889,0.0,9.002297773191214e-05,0.001084221970292813,0.03312156029362849,0,2
1924,0.4000000000000341,0.0,0.0,0.03474903474903475,0.0,0.6000000000000001,0.0,0.0,0.0,0.0,0.0,0.0,0.0,0.0,0.0,0.0,0.010927879749995354,0.0,0.0008043294090493882,9.89901386388269e-06,0.01721870440555325,0.003958181933767702,0.0,0.6540447059787972,0.49391867610962226,0.6279245283018867,0.22561274509803925,0.4043980550579462,0.1176138855818034,0.020202020202020204,0.14999999999999858,0.0,1.0,0.0,0.35000000000000003,0.0,0.0,2.0162459013501287e-07,0.0,0.0,7.227760091850375e-08,0.0036388989528830127,0.0,0.0,0.0005667175406919721,0.0010981800096417922,0.03312156029362849,0,2
4581,0.20000000000004547,1.0,0.0,0.10231660231660232,0.4444444444444444,0.6000000000000001,0.5,0.0,0.0,0.0,0.0,1.0,0.0,0.0,0.0,0.0,0.009770786935533304,0.0,0.0008043294090493882,9.89901386388269e-06,0.0008560368674256282,0.00019678307864965923,0.0,0.654112288767027,0.4940079874371569,0.3754716981132075,0.2450980392156863,0.3962453844185282,0.1339682937527414,0.24242424242424243,0.3999999999999986,0.0,0.0,0.0,0.35000000000000003,0.0,0.0029074797797901558,0.0,0.0,0.0,0.0,0.0036420405399059134,0.017285623291211902,0.00043634496919917867,0.00014105902222613344,0.0010964015050204366,0.03312156029362849,0,0
1968,0.8000000000000114,1.0,0.0,0.10231660231660232,0.4444444444444444,0.4,0.5,0.0,0.0,0.0,0.0,1.0,0.0,0.0,0.0,0.0,0.009854145896843624,0.0,0.0008043294090493882,9.89901386388269e-06,0.0005505676305275471,0.00034412108475010084,0.0,0.6541184426867969,0.49401500098490503,0.2907547169811321,0.07193627450980393,0.39350954800814053,0.04549157215364372,0.24242424242424243,0.29999999999999716,0.0,0.0,0.0,0.5,0.0,0.007517437414437189,0.0,0.0,0.0,0.0,0.0036364358638448107,0.021726589733372867,0.0,8.769501780761433e-05,0.0010971080491919193,0.03312156029362849,0,0
4724,0.4000000000000341,0.0,0.0,0.03474903474903475,0.0,0.2,0.5294117647058824,0.0,0.0,0.0,0.0,1.0,0.0,0.0,0.0,0.0,0.009770786935533304,0.0,0.0008043294090493882,9.89901386388269e-06,0.0024672515287921925,0.0005671640674763193,7.909890492709624e-05,0.6542354191795131,0.4939683962939491,0.2792452830188679,0.08909313725490196,0.39205327873846874,0.024750924243373645,0.24242424242424243,0.9499999999999957,1.0,1.0,0.0,0.05,0.0,0.0,0.0,0.0,0.0,0.0,0.0036354330375410375,0.0,0.0,0.00029099499053722666,0.0011853978167913086,0.03312156029362849,0,1
661,0.6000000000000227,0.0,0.0,0.03474903474903475,0.0,0.6000000000000001,0.5294117647058824,0.0,0.0,0.0,0.0,1.0,0.0,0.0,0.0,0.0,0.011212750986435696,1.4240217608857297e-05,0.0008043294090493882,9.89901386388269e-06,0.10204660773701159,0.02545748118490338,0.0015549883429701549,0.6539492556151522,0.4942162596828891,0.580754716981132,0.2450980392156863,0.39486223327118297,0.0766338743029012,0.020202020202020204,0.5,1.0,1.0,0.0,0.25000000000000006,6.513932167162285e-05,0.0,2.5505510652079128e-05,0.0,0.0,9.179255316649976e-06,0.003808933374923375,0.0,0.0,0.004359399150985341,0.001288326937731331,0.03312156029362849,0,1
9056,0.6000000000000227,1.0,1.0,0.03474903474903475,0.0,0.6000000000000001,0.23529411764705882,0.0,0.0,0.0,0.0,0.0,0.0,0.0,0.0,0.0,0.009770786935533304,0.0,0.0008043294090493882,9.89901386388269e-06,0.004736399931170009,0.001174632101652421,0.0,0.6540434280812764,0.4940603087828442,0.580754716981132,0.24301470588235294,0.3915536382359035,0.08816341876057399,0.24242424242424243,0.9499999999999957,1.0,1.0,1.0,0.05,0.0006318616035375669,0.0,0.0,0.0,0.0,0.0,0.003646135872070499,0.0,0.0007668891170431212,0.00018122272641456823,0.0011077312436714572,0.03312156029362849,1,4
10102,0.8000000000000114,0.0,0.0,0.20463320463320464,0.0,0.8,0.1176470588235294,0.0,0.0,0.0,0.0,0.0,0.0,0.0,0.0,0.0,0.009770786935533304,0.0,0.0008043294090493882,0.10478475616643784,0.005939478771876297,0.0013591993388487442,0.0,0.6507009120133617,0.4940174499816254,0.580754716981132,0.2450980392156863,0.39648911149295024,0.13403095432044615,0.020202020202020204,0.14999999999999858,0.0,1.0,0.0,0.45,6.999337221828365e-05,0.0,0.0,0.0,4.728330788575232e-05,0.0,0.003655683139719771,0.0,0.0,0.0009500123049310285,0.002154485455123447,0.03312156029362849,1,2
7907,0.6000000000000227,1.0,0.0,0.05791505791505792,0.7037037037037037,0.6000000000000001,0.5,0.0,0.0,0.0,0.0,1.0,0.0,0.0,0.0,0.0,0.019870675471704645,0.0,0.0008043294090493882,9.89901386388269e-06,0.0,0.0005783826973824443,0.0,0.65441284847481,0.494245153496628,0.4273584905660377,0.20808823529411768,0.3979210080551799,0.11285168243624288,0.020202020202020204,0.3999999999999986,0.0,1.0,0.0,0.35000000000000003,0.0006733077274359783,0.0,3.76029860601799e-05,0.0001639351467285489,0.0,0.0004520963937452409,0.003978565331434619,0.0,0.0,0.013833275091698597,0.0018328674801453915,0.03312156029362849,0,0
3170,0.4000000000000341,1.0,0.0,0.06756756756756757,0.0,0.6000000000000001,0.0,0.0,0.0,0.0,0.0,0.0,0.0,0.0,0.0,0.0,0.009770786935533304,0.0,0.0008043294090493882,9.89901386388269e-06,0.00014098580164526814,0.00015863973696883424,4.915136792280382e-06,0.6541036085396095,0.49399801599512927,0.3228301886792453,0.09056372549019609,0.3945453880744343,0.05520396014787894,0.25252525252525254,0.6000000000000014,0.0,0.0,1.0,0.5,0.0,0.0016551692816392904,0.0,0.0,0.0,0.0,0.0036354330375410375,0.004410535638525922,0.0,5.502683293587468e-05,0.0010847311341576557,0.03312156029362849,0,3
6879,0.4000000000000341,1.0,0.0,0.06756756756756757,0.2962962962962963,0.4,0.5,0.0,0.0,0.0,0.0,1.0,0.0,0.0,0.0,0.0,0.009770786935533304,0.0,0.0008043294090493882,9.89901386388269e-06,0.0006246755519051881,0.00014359846279839996,0.0,0.6541126051767061,0.4940078267326645,0.3933962264150943,0.1981617647058824,0.39682423622028057,0.1075255341813397,0.25252525252525254,0.10000000000000142,0.0,0.0,1.0,0.55,0.0,0.0008036149637227347,0.0,0.0,0.0,0.0,0.0036354330375410375,0.007343400883281108,0.0,3.6914793085293895e-05,0.001087837965614103,0.03312156029362849,0,0
2891,0.8000000000000114,1.0,0.0,0.15830115830115832,0.0,0.6000000000000001,0.20588235294117646,0.0,0.0,0.0,0.0,0.0,0.0,0.0,0.0,0.0,0.009770786935533304,0.0,0.0008043294090493882,9.89901386388269e-06,0.0,6.024819764400462e-05,0.0,0.6541144423407592,0.494009718309938,0.39264150943396225,0.18161764705882355,0.39679986351283836,0.09925433924431357,0.24242424242424243,0.0,0.0,1.0,0.0,0.55,0.0,0.0,0.0,0.0,0.0,0.0,0.0036476911559347298,0.0,0.0,4.653361650876618e-05,0.0010893974782227175,0.03312156029362849,0,3
2688,0.6000000000000227,0.0,1.0,0.10231660231660232,0.0,0.6000000000000001,0.23529411764705882,0.0,0.0,0.0,0.0,0.0,0.0,0.0,0.0,0.0,0.009770786935533304,0.0,0.0009476917654755283,9.89901386388269e-06,0.0,0.0003327362529194407,4.5236657203288465e-05,0.6540986089353602,0.4939953267180206,0.580754716981132,0.2450980392156863,0.3940883998098929,0.047120746913967046,0.25252525252525254,0.6499999999999986,0.0,1.0,0.0,0.4,6.888678447128266e-05,0.0,0.0,0.0,0.0,0.0,0.0036354330375410375,0.0,0.0,0.00018879499166283363,0.0011083687394333093,0.03312156029362849,0,4
5289,0.6000000000000227,0.0,0.0,0.03474903474903475,0.0,0.6000000000000001,0.0,0.0,0.0,0.0,0.0,0.0,0.0,0.0,0.0,0.0,0.009770786935533304,0.0,0.0008693750294837873,9.89901386388269e-06,0.0,1.612158667991296e-05,4.393175363011669e-06,0.6540686573632101,0.4940297656130957,0.580754716981132,0.13112745098039216,0.3911088363250832,0.054702675606240994,0.25252525252525254,0.0,1.0,1.0,1.0,0.6,0.00022103920524297742,0.0,0.0,0.0,0.0,0.0,0.003663139157214817,0.0,0.0,0.0002774365426264812,0.0010949719600572287,0.03312156029362849,0,2
6283,0.0,0.0,0.0,0.07673745173745174,0.0,0.0,0.4411764705882353,0.3333333333333333,0.0,0.0,0.0,0.0,0.0,0.0,0.0,0.0,0.009770786935533304,0.0,0.0008043294090493882,9.89901386388269e-06,0.0,0.0,0.0,0.654102482054888,0.4939954423942011,0.39358490566037735,0.24497549019607845,0.39683032939714113,0.07393946989159723,0.020202020202020204,0.6000000000000014,0.0,1.0,0.0,0.35000000000000003,0.0,0.0,0.0,0.0,0.0,4.336656055110225e-07,0.0036354330375410375,0.0,0.0,1.6551539241985552e-05,0.0010825857757820456,0.03312156029362849,0,2
978,0.6000000000000227,0.0,0.0,0.06756756756756757,0.0,0.4,0.5588235294117647,0.0,0.0,0.0,0.0,0.0,0.0,0.0,0.0,0.0,0.009770786935533304,0.0,0.0008043294090493882,9.89901386388269e-06,0.0007732528967159707,0.0008210375072038147,0.0,0.654103520408746,0.4939978009461226,0.3920754716981132,0.21727941176470592,0.3967815839822567,0.1193683814775362,0.020202020202020204,0.14999999999999858,0.0,1.0,0.0,0.55,0.0,0.0,0.0,0.0,0.0,0.0,0.003639232704785208,0.0,0.0,0.00030020450232565757,0.0010853935626905374,0.03312156029362849,0,2
4099,0.6000000000000227,1.0,0.0,0.06756756756756757,0.0,0.6000000000000001,0.1764705882352941,0.0,0.0,0.0,0.0,0.0,0.0,0.0,0.0,0.0,0.009770786935533304,0.0,0.0008043294090493882,9.89901386388269e-06,0.002693551815535623,0.0006191852698558323,0.0,0.6540964142780674,0.49404397088096397,0.5726415094339623,0.2416666666666667,0.39506940128444173,0.13083526536750426,0.24242424242424243,0.0,0.0,0.0,1.0,0.10000000000000002,0.0,0.0,0.0,0.0,0.0,0.0,0.0036694019134971894,0.015369023310999647,0.0,0.0003011254535045007,0.0010944366242180248,0.03312156029362849,0,3
5106,0.4000000000000341,1.0,0.0,0.10424710424710425,0.2962962962962963,0.6000000000000001,0.5,0.0,0.0,0.0,0.0,1.0,0.0,0.0,0.0,0.0,0.009770786935533304,0.0,0.0008043294090493882,9.89901386388269e-06,0.0007316801603333916,0.0001937914440080259,0.0,0.6541101302235091,0.49400555784919165,0.3920754716981132,0.20269607843137258,0.3967815839822567,0.11203709505608123,0.25252525252525254,0.0,0.0,0.0,0.0,0.55,0.0,0.0022586164155702815,0.0,0.0,0.0,0.0,0.0036354330375410375,0.005886584085910021,0.0,4.850342875240279e-05,0.0010866552203863949,0.03312156029362849,0,0
4630,0.8000000000000114,0.0,1.0,0.03861003861003861,0.0,0.6000000000000001,0.23529411764705882,0.0,0.0,0.0,0.0,0.0,0.0,0.0,0.0,0.0,0.009770786935533304,0.0,0.0008593632125768382,9.89901386388269e-06,0.006801299672189936,0.007623516076504408,0.0,0.6541428198161706,0.49404374884480545,0.37735849056603776,0.21801470588235297,0.39631240936399426,0.12030828999310736,0.25252525252525254,0.10000000000000142,0.0,1.0,0.0,0.35000000000000003,0.0,0.0,0.0,0.0,0.0,0.0,0.0036354330375410375,0.0,0.0,0.003012584797858891,0.0011244461138879371,0.033141015074051976,0,4
1394,0.0,1.0,0.0,0.10231660231660232,0.4444444444444444,0.4,0.5,0.0,0.0,0.0,0.0,1.0,0.0,0.0,0.0,0.0,0.009770786935533304,0.0,0.0008043294090493882,9.89901386388269e-06,0.0,0.0,0.0,0.6540912947363271,0.49398358907927764,0.580754716981132,0.2450980392156863,0.40287476084280827,0.1342189360235604,0.24242424242424243,0.6000000000000014,0.0,0.0,0.0,0.5,0.0,0.09372648369672976,0.0,0.0,0.0,0.0,0.0036354330375410375,0.06056085206868063,0.0,0.00018800195036994098,0.0010995358467908427,0.03312156029362849,0,0
8052,0.6000000000000227,1.0,0.0,0.10231660231660232,0.0,0.6000000000000001,0.029411764705882346,0.0,0.0,0.0,0.0,0.0,0.0,0.0,0.0,0.0,0.009770786935533304,0.0,0.0008043294090493882,9.89901386388269e-06,0.0018440219851090073,0.00042389800852698974,0.0,0.6538557027156248,0.49370756436301677,0.3920754716981132,0.2410539215686275,0.3967815839822567,0.13215113728930386,0.25252525252525254,0.7999999999999972,0.0,1.0,0.0,0.55,0.0,0.0,0.0,0.0,0.0,0.0,0.0036354330375410375,0.0,0.002053388090349076,0.0009218209660675538,0.0010909508443828076,0.03312156029362849,0,3
12174,0.4000000000000341,0.0,1.0,0.08687258687258688,0.0,0.8,0.32352941176470584,0.0,0.0,0.0,0.0,0.0,0.0,0.0,0.0,0.0,0.009770786935533304,0.0,0.0008043294090493882,9.89901386388269e-06,0.0,0.0,0.0,0.6535428033616745,0.4937609904550452,0.580754716981132,0.2450980392156863,0.402606661060944,0.1342189360235604,0.020202020202020204,0.7999999999999972,0.0,1.0,0.0,0.45,5.4915265555159695e-05,0.0,0.0,0.0,0.00011862303557302777,0.0,0.003651570923635427,0.0,0.0,0.0086524386531396,0.004036721209815166,0.03312156029362849,1,4
2246,0.6000000000000227,1.0,0.0,0.06756756756756757,0.2962962962962963,0.6000000000000001,0.5,0.0,0.0,0.0,0.0,1.0,0.0,0.0,0.0,0.0,0.009770786935533304,0.0,0.0008043294090493882,9.89901386388269e-06,0.00033222038900513186,0.0004785784416990656,0.0,0.654096271148244,0.493989419469314,0.5741509433962264,0.18700980392156866,0.4026554064758284,0.10451782693151201,0.24242424242424243,0.10000000000000142,0.0,0.0,1.0,0.85,0.0,0.0,0.0,0.0,0.0,0.0,0.0036371991740775963,0.004561840065736715,0.0,0.00014384745773985278,0.0010859739063947412,0.03312156029362849,0,0
11313,0.0,0.0,0.0,0.06756756756756757,0.0,1.0,0.5588235294117647,0.0,0.0,0.0,0.0,0.0,0.0,0.0,0.0,0.0,0.009770786935533304,0.0,0.0008043294090493882,9.89901386388269e-06,0.0,0.00027730791108695644,0.0,0.6540770095847821,0.4939666033131517,0.5784905660377359,0.24497549019607845,0.40281382907420277,0.1332163669402845,0.020202020202020204,0.44999999999999574,0.0,1.0,0.0,0.10000000000000002,0.0,0.0,0.0,0.0,0.0,0.0,0.0036354330375410375,0.0,0.0,0.0004938344876774174,0.0010828341616978096,0.03312156029362849,1,2
8138,0.4000000000000341,1.0,0.0,0.03861003861003861,0.537037037037037,0.6000000000000001,0.5,0.0,0.0,0.0,0.0,1.0,0.0,0.0,0.0,0.0,0.009770786935533304,0.0,0.0008043294090493882,0.011025406254314371,0.0,3.1495264699417586e-05,0.0,0.6540475072812444,0.4942526472169777,0.580188679245283,0.24497549019607845,0.39282101902289823,0.08421580299517514,0.24242424242424243,0.9499999999999957,0.0,1.0,1.0,0.25000000000000006,8.607623340015697e-05,0.0,0.0,0.0,0.0,0.0,0.0036354330375410375,0.0,0.0,0.0008751082757184571,0.0011504746876395023,0.03312156029362849,0,0
9991,0.0,0.0,1.0,0.06756756756756757,0.0,0.8,0.2647058823529412,0.0,0.0,0.0,0.0,0.0,0.0,0.0,0.0,0.0,0.009770786935533304,0.0,0.0008043294090493882,9.89901386388269e-06,0.0,8.576019306015554e-05,0.0,0.6540596908761457,0.4939465618326205,0.20339622641509433,0.2450980392156863,0.39068840712170516,0.1342189360235604,0.020202020202020204,0.14999999999999858,0.0,1.0,0.0,0.75,0.0,0.0,5.040614753375321e-07,2.1975220741092346e-06,0.0,0.0,0.0036354330375410375,0.0,0.0,0.0007024299296853776,0.0010825576210823542,0.03312156029362849,1,4
11257,0.8000000000000114,0.0,0.0,0.015444015444015444,0.0,0.6000000000000001,0.029411764705882346,0.0,0.0,0.0,0.0,0.0,0.0,0.0,0.0,0.0,0.009770786935533304,0.0,0.0008043294090493882,9.89901386388269e-06,0.0,0.0002620173340297194,0.0,0.6531063027908883,0.49282520043260314,0.20339622641509433,0.2450980392156863,0.39068840712170516,0.13378031204962718,0.020202020202020204,0.29999999999999716,0.0,1.0,0.0,0.75,0.0,0.0,0.0,0.0,0.0,0.0,0.0036354330375410375,0.0,0.0051334702258726906,0.010363003139931881,0.0010825576210823542,0.03312156029362849,1,2
6655,0.0,0.0,0.0,0.03474903474903475,0.0,0.6000000000000001,0.47058823529411764,0.0,0.0,0.0,0.0,0.0,0.0,0.0,0.0,0.0,0.009770786935533304,0.0,0.0008043294090493882,1.0870696206349701e-05,0.014341148043767777,0.0052510667047269075,4.1669920769952265e-05,0.6540037410305799,0.4940361576925051,0.580754716981132,0.2450980392156863,0.3985181393875139,0.13378031204962718,0.020202020202020204,0.44999999999999574,0.0,1.0,0.0,0.2,0.00023225443811442307,0.0,0.0,0.0,0.0,2.5513993124231823e-05,0.0036557911182763638,0.0,0.0,0.0022452278100650756,0.0011456915610524808,0.03312156029362849,0,2
9085,0.4000000000000341,0.0,0.0,0.02316602316602317,0.0,0.4,0.5588235294117647,0.0,0.0,0.0,0.0,0.0,0.0,0.0,0.0,0.0,0.009770786935533304,0.0,0.0008043294090493882,9.89901386388269e-06,0.0,0.007051282850329766,0.0,0.6540733299555711,0.49396241529197304,0.20339622641509433,0.24460784313725495,0.39068840712170516,0.1335296697788082,0.030303030303030304,1.0,0.0,1.0,0.0,0.0,0.0,0.0,0.0,0.0,0.0,0.0,0.0036354330375410375,0.0,0.0021688911704312117,0.0004735991437200595,0.0010825576210823542,0.03312156029362849,1,2
6853,0.6000000000000227,1.0,0.0,0.10231660231660232,0.0,1.0,0.029411764705882346,0.0,0.0,0.0,0.0,0.0,0.0,0.0,0.0,0.0,0.009770786935533304,0.0,0.0008043294090493882,9.89901386388269e-06,0.001225491968147331,0.0021689351151841663,0.0,0.6541088062726422,0.4940080087867875,0.39094339622641505,0.135171568627451,0.3965866023227191,0.07769910395388184,0.020202020202020204,0.6999999999999957,0.0,1.0,0.0,0.45,0.0,0.0,6.048737704050386e-07,2.6370264889310813e-06,0.0,0.0,0.0036354330375410375,0.0,0.0,0.0006602964132533061,0.0011075841254519425,0.03312156029362849,0,3
6246,0.6000000000000227,1.0,0.0,0.08687258687258688,0.8888888888888888,0.6000000000000001,0.5,0.0,0.0,0.0,0.0,1.0,0.0,0.0,0.0,0.0,0.05855179192796606,0.0017444648492395255,0.010197768472055608,0.0001579591107972937,0.1867002670777186,0.16929859879312473,0.0,0.6521666243560109,0.5041559885809784,0.579811320754717,0.24080882352941177,0.3926930623088266,0.04743404975249077,0.030303030303030304,0.14999999999999858,1.0,1.0,0.0,0.2,0.02109503157648136,0.0,0.1861869009544404,0.0,0.0,0.0671318693987118,0.008266113462130187,0.0,0.0,0.04871018229205307,0.006009087841279938,0.039078661679364426,0,0
12037,0.0,0.0,1.0,0.02316602316602317,0.0,0.6000000000000001,0.23529411764705882,0.0,0.0,0.0,0.0,0.0,0.0,0.0,0.0,0.0,0.009770786935533304,0.0,0.0008043294090493882,9.89901386388269e-06,0.0,0.00207112528259521,0.0,0.6540603806823782,0.49394737001318345,0.20339622641509433,0.2450980392156863,0.39068840712170516,0.1342189360235604,0.020202020202020204,0.6499999999999986,0.0,1.0,0.0,0.55,0.0,0.0,0.0,0.0,0.0,0.0,0.0036354330375410375,0.0,0.0013073151950718687,0.0,0.0010825576210823542,0.03312156029362849,1,4
10949,0.20000000000004547,0.0,0.0,0.03474903474903475,0.0,1.0,0.5588235294117647,0.0,0.0,0.0,0.0,0.0,0.0,0.0,0.0,0.0,0.009770786935533304,8.685987139195715e-06,0.0009179526146319898,9.89901386388269e-06,0.01197186357201627,0.0027520545674158633,0.0,0.6540421481958413,0.4958219661786123,0.580754716981132,0.24473039215686276,0.3910113454953144,0.12751425527915283,0.25252525252525254,0.3999999999999986,0.0,1.0,0.0,0.4,6.163625861976695e-05,0.0,0.0,0.0,0.0,0.0,0.0036354330375410375,0.0,0.0,0.00040552550241724106,0.0013335007072730956,0.03312156029362849,1,2
861,0.8000000000000114,1.0,0.0,0.05791505791505792,0.7037037037037037,0.4,0.5,0.0,0.0,0.0,0.0,1.0,0.0,0.0,0.0,0.0,0.009770786935533304,0.0,0.0008043294090493882,3.180235333365993e-05,0.05201183123927242,0.13313114869213627,0.0,0.6529274166857914,0.49464183778533416,0.58,0.2431372549019608,0.3947952083257169,0.13215113728930386,0.030303030303030304,0.0,0.0,1.0,0.0,0.2,0.0007384266824619508,0.0,0.09747893653109933,0.4249722013457625,0.0,0.028233004193185016,0.004774101862597747,0.0,0.0,0.053402965769779605,0.001503006275038126,0.03312156029362849,0,0
375,0.0,0.0,0.0,0.06756756756756757,0.0,1.0,0.5588235294117647,0.0,0.0,0.0,0.0,0.0,0.0,0.0,0.0,0.0,0.009809644642358227,0.0,0.0008043294090493882,9.89901386388269e-06,0.0,0.0,0.0,0.6541069422717471,0.4940019218130085,0.3920754716981132,0.20036764705882357,0.3967815839822567,0.11134782881132906,0.25252525252525254,0.14999999999999858,0.0,0.0,0.0,0.55,0.0,0.0,0.0,0.0,0.0,0.0,0.003641264664895633,0.004357783763189031,0.0,3.706828494843441e-05,0.0010852729138541835,0.03312156029362849,0,2
4795,0.20000000000004547,0.0,0.0,0.06756756756756757,0.0,0.8,0.029411764705882346,0.0,0.0,0.0,0.0,0.0,0.0,0.0,0.0,0.0,0.009770786935533304,0.0,0.0008043294090493882,9.89901386388269e-06,0.0,6.955550541797499e-05,0.0,0.65410456704558,0.4939991389857002,0.40188679245283015,0.15012254901960786,0.3970984291790054,0.08559433548467951,0.25252525252525254,0.0,0.0,0.0,0.0,0.55,0.0,0.002862694330477507,0.0,0.0,0.0,0.0,0.0036354330375410375,0.003352563181183692,0.0,1.3123554298514047e-05,0.0010843413799258353,0.03312156029362849,0,2
2788,0.0,0.0,0.0,0.03861003861003861,0.0,0.6000000000000001,0.5588235294117647,0.0,0.0,0.0,0.0,0.0,0.0,0.0,0.0,0.0,0.009770786935533304,0.0,0.0008043294090493882,9.89901386388269e-06,0.00095689594091032,0.0008094864734486193,0.0,0.6540983872829252,0.493995650844231,0.580754716981132,0.239093137254902,0.4010346214309217,0.13108590763832323,0.24242424242424243,1.0,0.0,0.0,0.0,0.6,0.0,0.0,0.0,0.0,0.0,0.0,0.0036354330375410375,0.01117181224008792,0.0,0.0002511382700750729,0.0010862672506073718,0.03312156029362849,0,2
9616,0.20000000000004547,1.0,1.0,0.04247104247104247,0.0,0.8,0.23529411764705882,0.0,0.0,0.0,0.0,0.0,0.0,0.0,0.0,0.0,0.009770786935533304,0.0,0.0008043294090493882,9.89901386388269e-06,0.0,0.0,0.0,0.654060351526303,0.4939473358537744,0.20339622641509433,0.2450980392156863,0.39068840712170516,0.1342189360235604,0.020202020202020204,0.3999999999999986,0.0,1.0,0.0,0.10000000000000002,0.0,0.0,0.0,0.0,0.0,0.0,0.0036354330375410375,0.0,0.0,0.0006658221203263647,0.0010825576210823542,0.03312156029362849,1,4
2061,0.20000000000004547,0.0,0.0,0.06756756756756757,0.0,0.6000000000000001,0.5588235294117647,0.0,0.0,0.0,0.0,0.0,0.0,0.0,0.0,0.0,0.009770786935533304,0.0,0.0008043294090493882,9.89901386388269e-06,0.0,2.5345793491615735e-05,0.0,0.6541072328385416,0.49400217684405073,0.3767924528301887,0.2450980392156863,0.39628803665655205,0.1319004950184849,0.25252525252525254,0.9499999999999957,0.0,1.0,0.0,0.35000000000000003,4.535651986327382e-05,0.0,0.0,0.0,0.0,0.0,0.0036354330375410375,0.0,0.0,6.7536419781826665e-06,0.0010837987080029089,0.03312156029362849,0,2
85,0.6000000000000227,1.0,0.0,0.15830115830115832,0.4444444444444444,0.6000000000000001,0.5,0.0,0.0,0.0,0.0,1.0,0.0,0.0,0.0,0.0,0.009770786935533304,0.0,0.0008391212525375552,9.89901386388269e-06,0.0,0.0,0.0,0.6541120909695626,0.4940086737307377,0.2788679245283019,0.13112745098039216,0.3931195846890652,0.07588194749044427,0.020202020202020204,0.44999999999999574,0.0,1.0,0.0,0.35000000000000003,0.0,0.0,0.0,0.0,0.0,0.001197639847219607,0.003645529228907097,0.0,0.0,0.0011266814394057614,0.0011187032491047429,0.03312156029362849,0,0
3522,0.6000000000000227,1.0,0.0,0.05791505791505792,0.7037037037037037,0.6000000000000001,0.5,0.0,0.0,0.0,0.0,1.0,0.0,0.0,0.0,0.0,0.01119843894956873,0.030121442976418045,0.0010926447844009032,3.6134437110492025e-05,0.15870446339357885,0.09298440901296416,0.0,0.653407155384699,0.4931298476282064,0.580566037735849,0.24460784313725495,0.4024055862245458,0.12895544833636194,0.030303030303030304,0.5,0.0,1.0,0.0,0.10000000000000002,0.004185712280763497,0.0,0.0,0.0,0.0,0.0014191345552343618,0.004832708303973964,0.0,0.0,0.025979393205733843,0.0024420035285068723,0.03464034767885124,0,0
12336,0.0,1.0,1.0,0.03474903474903475,0.0,0.6000000000000001,0.23529411764705882,0.0,0.0,0.0,0.0,0.0,0.0,0.0,0.0,0.0,0.009770786935533304,0.0,0.0008043294090493882,9.89901386388269e-06,0.0,0.0,1.2831551802855863e-05,0.6532018823689574,0.4929702956277375,0.580754716981132,0.2450980392156863,0.4026919655369917,0.13359233034651294,0.05050505050505051,0.9499999999999957,0.0,1.0,0.0,0.2,0.0,0.0,0.0,0.0,0.0,8.311924105627931e-07,0.004084340732823465,0.0,0.0,0.013937393738862247,0.0015942898587501305,0.03312156029362849,1,4
3550,0.8000000000000114,1.0,0.0,0.10231660231660232,0.0,0.6000000000000001,0.0,0.0,0.0,0.0,0.0,0.0,0.0,0.0,0.0,0.0,0.009770786935533304,0.0,0.0008043294090493882,9.89901386388269e-06,0.0030518003525368043,0.001756754342336907,0.0,0.654109508668998,0.4940044973548122,0.44169811320754715,0.2450980392156863,0.3983840894965818,0.13384297261733194,0.24242424242424243,0.14999999999999858,0.0,0.0,0.0,0.35000000000000003,0.0,0.01315241413546526,0.0,0.0,0.0,0.0,0.0036354330375410375,0.0300437763329754,0.0,0.0009082625181568083,0.0011026051551704123,0.03312156029362849,0,3
5357,0.4000000000000341,1.0,0.0,0.03861003861003861,0.537037037037037,0.6000000000000001,0.5,0.0,0.0,0.0,0.0,1.0,0.0,0.0,0.0,0.0,0.009770786935533304,0.0,0.0008043294090493882,9.89901386388269e-06,0.0,0.001616646119953746,0.0,0.6540656552814271,0.4939535497608119,0.2788679245283019,0.04987745098039217,0.3931256778659258,0.034400651669904136,0.24242424242424243,0.7999999999999972,0.0,1.0,1.0,0.45,7.474558953669282e-05,0.0,0.0,0.0,0.0,0.0,0.0036354330375410375,0.0,0.0,0.0006278584661762773,0.001112882562352331,0.03312156029362849,0,0
8149,0.8000000000000114,1.0,0.0,0.05791505791505792,0.0,0.6000000000000001,0.029411764705882346,0.0,0.0,0.0,0.0,0.0,0.0,0.0,0.0,0.0,0.009770786935533304,0.0,0.0008043294090493882,9.89901386388269e-06,0.09760591648724115,0.03052165382549047,0.0,0.6535549399092728,0.4960473006609657,0.580754716981132,0.24473039215686276,0.3947464629108325,0.08302525220878502,0.25252525252525254,0.14999999999999858,1.0,1.0,0.0,0.2,0.002213725393434544,0.0,0.0,0.0,0.0,0.0,0.0036584069478909826,0.0,0.0,0.009720588528734446,0.002056690155313258,0.03312156029362849,0,3
3875,0.20000000000004547,0.0,0.0,0.31660231660231664,0.0,0.0,0.4411764705882353,0.0,0.0,0.0,0.0,0.0,0.0,0.0,0.0,0.0,0.009770786935533304,0.0,0.0008043294090493882,9.89901386388269e-06,0.17910510889164916,0.04117212245259194,0.0,0.6541751346870027,0.4940828539927851,0.44660377358490566,0.16568627450980394,0.3985425120949561,0.09361488815088666,0.020202020202020204,0.10000000000000142,0.0,1.0,0.0,0.6,0.0,0.0,0.0,0.0,0.0,0.004580087015003746,0.0036354330375410375,0.0,0.0,0.00019892545463010765,0.0014781417097598968,0.03312156029362849,0,2
4773,0.4000000000000341,1.0,0.0,0.06756756756756757,0.0,0.6000000000000001,0.1764705882352941,0.0,0.0,0.0,0.0,0.0,0.0,0.0,0.0,0.0,0.009770786935533304,0.0,0.0008043294090493882,9.89901386388269e-06,0.00018978857913786097,4.3628005190486106e-05,0.0,0.6541059006046988,0.4939979678614166,0.40094339622641506,0.18848039215686277,0.3970862428252843,0.09223635566138232,0.24242424242424243,0.3999999999999986,0.0,0.0,1.0,0.55,0.0,0.0008498722353132637,0.0,0.0,0.0,0.0,0.003638679854575454,0.005922575848584972,0.0,3.555894829421935e-05,0.0010853646149007138,0.033122482932373715,0,3
3043,0.6000000000000227,0.0,0.0,0.015444015444015444,0.0,0.6000000000000001,0.5294117647058824,0.0,0.0,0.0,0.0,1.0,0.0,0.0,0.0,0.0,0.009770786935533304,0.0,0.0008043294090493882,9.89901386388269e-06,0.00011206563720521315,0.04015031302054962,0.0,0.6540868457843152,0.49397837666400407,0.20339622641509433,0.2450980392156863,0.39068840712170516,0.1342189360235604,0.020202020202020204,0.29999999999999716,0.0,1.0,0.0,0.75,0.0,0.0,0.00014466564342187173,0.0005467434920383775,0.0,4.0114068509769576e-05,0.0036354330375410375,0.0,0.0,0.012608665843609188,0.0010825576210823542,0.03312156029362849,0,1
8126,0.8000000000000114,1.0,0.0,0.05791505791505792,0.7037037037037037,0.6000000000000001,0.5,0.0,0.0,0.0,0.0,1.0,0.0,0.0,0.0,0.0,0.00984755423317619,0.0,0.001525195821080099,9.89901386388269e-06,0.0,0.0034479420254446835,0.00039134058159421767,0.6540674046459359,0.49398178018330097,0.5769811320754716,0.2450980392156863,0.4017292435930246,0.12463186916473465,0.020202020202020204,0.0,0.0,1.0,0.0,0.4,0.00021858841888305498,0.0,0.00029437190159711877,0.001283352891279793,0.0,0.00012312489316467114,0.0037652668466373147,0.0,0.0,0.002407852439062451,0.0015381330796494963,0.03312156029362849,0,0
5938,0.8000000000000114,0.0,0.0,0.03474903474903475,0.0,0.6000000000000001,0.029411764705882346,0.0,0.0,0.0,0.0,0.0,0.0,0.0,0.0,0.0,0.009770786935533304,0.0,0.0008043294090493882,9.89901386388269e-06,6.181685149061758e-05,0.000677771448254485,0.0,0.6540880517856053,0.4939797896213764,0.580754716981132,0.24497549019607845,0.40287476084280827,0.13415627545585562,0.25252525252525254,0.6499999999999986,0.0,0.0,0.0,0.5,0.0,0.00801407230305914,0.0,0.0,0.0,0.0,0.0036354330375410375,0.00992623465069106,0.0,0.0004421077297990638,0.0010851264400204013,0.03312156029362849,0,2
11813,0.0,0.0,0.0,0.3532818532818533,0.0,0.8,0.1176470588235294,0.0,0.0,0.0,0.0,0.0,1.0,0.0,0.0,0.0,0.010106525348220059,0.0,0.0008043294090493882,9.89901386388269e-06,0.03745342046014873,0.014676710248966328,0.0,0.6535732734481156,0.4939742099924561,0.550377358490566,0.16066176470588237,0.3919253220243971,0.05733441944984022,0.020202020202020204,0.75,1.0,1.0,0.0,0.45,0.0,0.0,0.0,0.0,0.0,0.00035130527926438744,0.003666665540548484,0.0,0.006628028747433266,0.00014684054907109284,0.0012492847462737824,0.033275268932328794,1,2
5145,0.20000000000004547,1.0,0.0,0.0694980694980695,0.3333333333333333,0.4,0.5,0.0,0.0,0.0,0.0,1.0,0.0,0.0,0.0,0.0,0.009770786935533304,2.6079785505876583e-05,0.0008043294090493882,0.00010109545038083875,0.18658820144051338,0.10460125873027547,0.0,0.6520548674633838,0.49241481589183683,0.580754716981132,0.2450980392156863,0.39254073288731284,0.09154708941663013,0.020202020202020204,0.0,1.0,1.0,0.0,0.2,0.0,0.0,0.002275938373444025,0.00017843879241766984,0.0,0.0008011610673811548,0.004225562549471947,0.0,0.0,0.031142194350373832,0.0014340605210114408,0.033122899607936074,0,0
690,0.0,0.0,0.0,0.0,0.0,0.0,0.7941176470588235,0.3333333333333333,0.0,0.0,0.0,0.0,0.0,0.0,0.0,0.0,0.010359190739344624,0.0,0.0008180215823271159,9.89901386388269e-06,0.03011059070881877,0.012739876121395547,0.0,0.6541774376856201,0.49407449425378225,0.34641509433962264,0.15833333333333335,0.3953070351820032,0.0886020427345072,0.020202020202020204,0.14999999999999858,0.0,1.0,0.0,0.35000000000000003,6.205038041465689e-05,0.0,0.0,0.0,0.0,0.0003921421237833421,0.0036354330375410375,0.0,0.0,0.0036414153791683914,0.001183740506255773,0.033125915545339814,0,2
8793,0.4000000000000341,0.0,1.0,0.03861003861003861,0.0,0.8,0.23529411764705882,0.0,0.0,0.0,0.0,0.0,0.0,0.0,0.0,0.0,0.009770786935533304,9.046084595971417e-06,0.0008043294090493882,9.89901386388269e-06,0.0,0.0,0.0,0.653708688507809,0.4938679035825931,0.580754716981132,0.2450980392156863,0.3986704688090277,0.13415627545585562,0.25252525252525254,0.3999999999999986,0.0,0.0,1.0,0.45,0.0,0.002867950838612795,0.0,0.0,0.0,0.0,0.003637686059205505,0.21189022635961008,0.0,8.188790898546483e-05,0.0012219855925623734,0.03312156029362849,0,4
6010,0.4000000000000341,1.0,0.0,0.15830115830115832,0.4444444444444444,0.6000000000000001,0.5,0.0,0.0,0.0,0.0,1.0,0.0,0.0,0.0,0.0,0.009770786935533304,0.0,0.0011707899783584132,9.89901386388269e-06,0.0007027599958933366,0.00016154827064819997,0.0,0.6540616734892556,0.49407765438728996,0.580754716981132,0.24497549019607845,0.3909565069035694,0.02111661131649853,0.020202020202020204,0.5,1.0,1.0,0.0,0.25000000000000006,0.0,0.0,0.0,0.0,0.0,0.00024108193786366924,0.003657753579461273,0.0,0.0,0.00022455859577457366,0.0011787979685521886,0.03312156029362849,0,0
353,0.6000000000000227,0.0,0.0,0.06756756756756757,0.0,0.6000000000000001,0.029411764705882346,0.0,0.0,0.0,0.0,0.0,0.0,0.0,0.0,0.0,0.009770786935533304,0.0,0.0008043294090493882,9.89901386388269e-06,0.00015869940236480184,0.0,2.457568396140191e-06,0.6540912370868149,0.49399189253289066,0.579622641509434,0.21678921568627454,0.4010772736689456,0.1183658123942603,0.020202020202020204,0.6000000000000014,0.0,1.0,0.0,0.5,3.984394777391918e-05,0.0,0.0,0.0,3.185088763571863e-05,0.0,0.0036354330375410375,0.0,0.0,8.616009917620917e-05,0.001092128087547724,0.03312156029362849,0,2
2934,0.4000000000000341,1.0,0.0,0.06756756756756757,0.2962962962962963,0.6000000000000001,0.5,0.0,0.0,0.0,0.0,1.0,0.0,0.0,0.0,0.0,0.0098873751054685,0.0,0.0008043294090493882,9.89901386388269e-06,0.0004591076104858732,0.000513397744889187,0.0,0.6541059015986559,0.4940007025550122,0.41867924528301886,0.1991421568627451,0.3976407219195945,0.11065856256657686,0.25252525252525254,0.3999999999999986,0.0,0.0,0.0,0.55,0.0,0.0010172394543408137,0.0,0.0,0.0,0.0,0.0036354330375410375,0.0037083873241954934,0.0,0.00014356605599076183,0.0010847239963464664,0.03312156029362849,0,0
5281,0.6000000000000227,0.0,0.0,0.05791505791505792,0.0,0.6000000000000001,0.5588235294117647,0.0,0.0,0.0,0.0,0.0,0.0,0.0,0.0,0.0,0.009770786935533304,0.0,0.0008043294090493882,9.89901386388269e-06,0.0,0.020430371573487635,0.0,0.6534725418590408,0.49318287816980555,0.580754716981132,0.24497549019607845,0.4028564813122266,0.13559746851306473,0.020202020202020204,0.6000000000000014,0.0,1.0,0.0,0.5,0.0,0.0,8.881563195447318e-05,0.0003872033894580471,0.0,0.0,0.004518431021596306,0.0,0.0,0.01781065857730439,0.001710569165020969,0.03312156029362849,0,2
3022,1.0,0.0,0.0,0.07335907335907337,0.0,0.8,0.029411764705882346,0.0,0.0,0.0,0.0,0.0,0.0,0.0,0.0,0.0,0.009770786935533304,0.0,0.0008043294090493882,9.89901386388269e-06,0.00011206563720521315,0.0009338886139632054,0.0,0.6541010043719886,0.4939949591161988,0.580754716981132,0.2450980392156863,0.40287476084280827,0.1342189360235604,0.020202020202020204,0.29999999999999716,0.0,1.0,0.0,0.2,5.518003194861392e-05,0.0,0.0,0.0,6.028973915124725e-05,0.0,0.0036354330375410375,0.0,0.0,0.00031760024681491597,0.0010918946712082044,0.03312156029362849,0,2
4635,0.4000000000000341,0.0,0.0,0.06756756756756757,0.0,0.0,0.4411764705882353,0.0,0.0,0.0,0.0,0.0,0.0,0.0,0.0,0.0,0.009770786935533304,0.0,0.0008043294090493882,9.89901386388269e-06,0.0,0.008601198897582634,0.0,0.6541045110526629,0.4939990733841079,0.3920754716981132,0.2450980392156863,0.3967815839822567,0.1342189360235604,0.07070707070707072,0.9499999999999957,0.0,1.0,0.0,0.35000000000000003,0.0,0.0,7.560922130062983e-05,0.0,0.0,2.7104100344438904e-05,0.0036354330375410375,0.0,0.002721175564681725,0.0,0.0010842713897216726,0.03312156029362849,0,2
2942,0.20000000000004547,1.0,0.0,0.015444015444015444,0.0,0.4,0.5588235294117647,0.0,0.0,0.0,0.0,0.0,0.0,0.0,0.0,0.0,0.009770786935533304,0.0,0.0008043294090493882,9.89901386388269e-06,0.00016448343525281284,0.002310954659699482,0.0,0.6540878692288166,0.4939710362728198,0.580754716981132,0.2450980392156863,0.40287476084280827,0.1159220502537753,0.24242424242424243,0.5,0.0,0.0,0.0,0.5,0.0,0.048924634078699174,0.0,0.0,0.0,0.0,0.0036354330375410375,0.029705021244794422,0.0,0.00045748249809030543,0.0010874332913741714,0.03312156029362849,0,3
8003,0.8000000000000114,1.0,0.0,0.13706563706563707,0.4444444444444444,0.6000000000000001,0.5,0.0,0.0,0.0,0.0,1.0,0.0,0.0,0.0009222377164089367,0.0,0.009770786935533304,1.311627706195132e-05,0.0008043294090493882,9.89901386388269e-06,0.011915469251358163,0.002739090817302119,0.0,0.6539212094587765,0.49385924572511164,0.5616981132075471,0.2215686274509804,0.39517907846793165,0.12024562942540261,0.020202020202020204,0.3500000000000014,1.0,1.0,0.0,0.0,0.0,0.0,0.0001160349516226999,0.0005058695814599458,0.0,3.613880045925187e-08,0.003693482702214533,0.0,0.0006416837782340863,0.00039595784294814895,0.0011003859898443787,0.03312156029362849,0,0
10591,0.0,1.0,0.0,0.06756756756756757,0.2962962962962963,0.2,0.5,0.0,0.0,0.0,0.0,1.0,0.0,0.0,0.0,0.0,0.009770786935533304,0.0,0.0008043294090493882,9.89901386388269e-06,0.0,0.003245757384247631,0.0,0.6540882807270589,0.4939800578503721,0.20339622641509433,0.2450980392156863,0.39068840712170516,0.1342189360235604,0.020202020202020204,0.10000000000000142,0.0,1.0,0.0,0.8,0.00017438600893996626,0.0,7.550840900556232e-05,0.00013624636859477254,0.0,1.5864933401611573e-05,0.0036354330375410375,0.0,0.0,0.0012336908499918906,0.0010825576210823542,0.03312156029362849,1,0
2221,1.0,1.0,0.0,0.08687258687258688,0.0,0.6000000000000001,0.029411764705882346,0.0,0.0,0.0,0.0,0.0,0.0,0.0,0.0,0.0,0.028814374161039612,8.316068842689768e-05,0.0029152477086467716,4.8948498001775756e-05,0.0,0.008030212185842005,0.0,0.6532680997914408,0.49844870362018956,0.580754716981132,0.2416666666666667,0.3953862464811904,0.08891534557303091,0.020202020202020204,0.3999999999999986,1.0,1.0,0.0,0.25000000000000006,0.002399645712694478,0.0,0.0,0.0,0.0005937099364548967,0.0,0.006263846669469586,0.0,0.0,0.012528031451506038,0.0031069828870942534,0.03318917086404464,0,3
8513,0.4000000000000341,1.0,0.0,0.06756756756756757,0.2962962962962963,0.6000000000000001,0.5,0.0,0.0,0.0,0.0,1.0,0.0,0.0,0.0,0.0,0.009770786935533304,0.0,0.0008043294090493882,9.89901386388269e-06,0.0,0.0,1.5006391091475502e-05,0.6541032556848364,0.4939968487525967,0.570754716981132,0.23958333333333337,0.402551822469199,0.10038222946299895,0.25252525252525254,0.6000000000000014,0.0,0.0,0.0,0.6,0.0,0.0,0.0,0.0,0.0,0.0,0.0036354330375410375,0.0006588964106867113,0.0,2.090047536430015e-05,0.0010828586979237732,0.03312156029362849,0,0
4096,0.6000000000000227,1.0,0.0,0.20463320463320464,0.6666666666666666,0.2,0.5,0.0,0.0,0.0,0.0,1.0,0.0,0.0,0.0,0.0,0.01308511455611654,0.0,0.0009770410480594504,9.89901386388269e-06,0.0,0.0,0.0005759844371980249,0.653938715031349,0.4940514944907965,0.580754716981132,0.2450980392156863,0.40159519370209246,0.13327902750798926,0.020202020202020204,0.3500000000000014,0.0,1.0,0.0,0.45,0.0,0.0,0.0017348787858167181,0.007563431474669163,0.0,0.003464771355230314,0.0037135839903098176,0.0,0.0,0.0032154242949990817,0.0014777253374405161,0.03457581257091917,0,0
6188,0.6000000000000227,0.0,0.0,0.10231660231660232,0.0,0.2,0.029411764705882346,0.0,0.0,0.0,0.0,0.0,0.0,0.0,0.0,0.0,0.009770786935533304,0.0,0.0008043294090493882,9.89901386388269e-06,0.009098283732841305,0.0031487785612813505,0.0,0.6538669410573171,0.4937267262387661,0.27962264150943394,0.1343137254901961,0.3931256778659258,0.07757378281847235,0.020202020202020204,0.6000000000000014,0.0,1.0,0.0,0.05,9.93892307735861e-06,0.0,0.0,0.0,3.239869159996932e-06,0.0,0.0036595389558133702,0.0,0.0025667351129363453,0.002737297141316377,0.0011697906456487816,0.03312156029362849,0,2
1271,0.0,0.0,0.0,0.33976833976833976,0.0,0.0,0.4411764705882353,0.0,0.0,0.0,0.0,0.0,0.0,0.0,0.0,0.0,0.013501533126157445,0.0,0.0009676998045590416,9.89901386388269e-06,0.05601004397311003,0.04469626806043601,0.0,0.6540890891455062,0.49524465819218466,0.580377358490566,0.2450980392156863,0.40129053485906485,0.13409361488815089,0.24242424242424243,0.3999999999999986,0.0,1.0,0.0,0.4,0.003787931324566999,0.0,0.0,0.0,0.0,0.0,0.0036354330375410375,0.0,0.0,0.010054458913042255,0.0025623335426276875,0.033353812275833505,0,2
5328,0.20000000000004547,0.0,0.0,0.06756756756756757,0.0,0.6000000000000001,0.5588235294117647,0.0,0.0,0.0,0.0,0.0,0.0,0.0,0.0,0.0,0.009770786935533304,0.0,0.0008043294090493882,9.89901386388269e-06,0.0,2.0193533831024996e-05,2.3705748245954052e-06,0.6541091909340427,0.49400454859392573,0.3920754716981132,0.22022058823529414,0.3967815839822567,0.12137351964408799,0.25252525252525254,0.04999999999999716,0.0,0.0,0.0,0.55,0.0,0.0011768270413281387,0.0,0.0,0.0,0.0,0.003638116010185392,0.0034621604155951843,0.0,6.088510571240434e-06,0.001084700848028234,0.03312156029362849,0,2
4323,0.0,0.0,0.0,0.03861003861003861,0.0,0.6000000000000001,0.5588235294117647,0.0,0.0,0.0,0.0,0.0,0.0,0.0,0.0,0.0,0.009770786935533304,0.0,0.0008043294090493882,9.89901386388269e-06,0.0,2.9916346416333325e-06,0.0,0.6541210216741711,0.4940184173139803,0.5432075471698113,0.2450980392156863,0.4016622186475585,0.1342189360235604,0.05050505050505051,0.6000000000000014,0.0,1.0,0.0,0.35000000000000003,0.0,0.0,0.0,0.0,0.0,7.477117815019213e-05,0.00365602003281634,0.0,0.0,4.579173917025369e-06,0.0011142572849601536,0.03312156029362849,0,2
12304,0.20000000000004547,0.0,1.0,0.02316602316602317,0.0,0.8,0.32352941176470584,0.0,0.0,0.0,0.0,0.0,0.0,0.0,0.0,0.0,0.009770786935533304,0.0,0.0008043294090493882,9.89901386388269e-06,0.0,2.2021755000912034e-05,0.0,0.6539170070081272,0.49377911784414696,0.20339622641509433,0.24448529411764708,0.39068840712170516,0.13371765148192244,0.25252525252525254,0.9499999999999957,0.0,1.0,0.0,0.05,0.0,0.0,0.0,0.0,0.0,0.0,0.0036354330375410375,0.0,0.0014513860369609857,7.065742099901714e-05,0.0010825576210823542,0.03312156029362849,1,4
7996,0.8000000000000114,0.0,1.0,0.03861003861003861,0.0,0.6000000000000001,0.23529411764705882,0.0,0.0,0.0,0.0,0.0,0.0,0.0,0.0,0.0,0.009770786935533304,0.0,0.0026569989734768727,1.3087346550102575e-05,0.05134630595509566,0.014609813974340916,0.0,0.6538156051606431,0.4946538153162904,0.580754716981132,0.24485294117647063,0.390785897951474,0.11548342627984212,0.020202020202020204,0.6999999999999957,1.0,1.0,0.0,0.2,0.0003678759314999374,0.0,0.020352994251178876,0.05367843219985145,0.0,0.0012029883896875764,0.0038885335962462768,0.0,0.0,0.005210792933848588,0.001218415943445681,0.03312156029362849,0,4
5066,0.6000000000000227,0.0,0.0,0.03474903474903475,0.0,0.6000000000000001,0.5294117647058824,0.0,0.0,0.0,0.0,1.0,0.0,0.0,0.0,0.0,0.009770786935533304,0.0,0.00121214720333852,9.89901386388269e-06,0.0,0.0,0.0,0.6539845520259868,0.49430022816831587,0.580754716981132,0.24497549019607845,0.3981281760684386,0.13415627545585562,0.020202020202020204,0.6499999999999986,0.0,1.0,0.0,0.10000000000000002,0.0001706113906127727,0.0,0.0,0.0,0.00029892879752068313,0.0,0.003756717693500255,0.0,0.0,0.0,0.0012459141627802607,0.03320588749077262,0,1
8860,0.20000000000004547,0.0,0.0,0.10231660231660232,0.0,0.6000000000000001,0.5588235294117647,0.0,0.0,0.0,0.0,0.0,0.0,0.0,0.0,0.0,0.009770786935533304,0.0,0.0008043294090493882,9.89901386388269e-06,0.0,2.9085336793657403e-05,0.0,0.6541565238341269,0.4940599372992713,0.3920754716981132,0.1919117647058824,0.3967815839822567,0.10696158907199702,0.020202020202020204,0.14999999999999858,0.0,1.0,0.0,0.55,0.0,0.0,0.0,0.0,0.0,0.0,0.00367122851802544,0.0,0.0,5.065231483637e-06,0.0011067530165615783,0.03312156029362849,0,2
9334,0.4000000000000341,1.0,1.0,0.03474903474903475,0.0,0.6000000000000001,0.23529411764705882,0.0,0.0,0.0,0.0,0.0,0.0,0.0,0.0,0.0,0.011948820095965894,0.0,0.0009665146050498077,9.89901386388269e-06,0.058966046280939155,0.013554847258353828,0.0,0.6533007373670138,0.4942420713863158,0.580754716981132,0.2450980392156863,0.39944430227031774,0.1287674666332477,0.020202020202020204,0.29999999999999716,1.0,1.0,0.0,0.45,0.0014007024768373363,0.0,0.0,0.0,0.0009257417449581571,0.0,0.0037047588047171773,0.0,0.0,0.012391270201447839,0.001802865822240534,0.03317314869658725,1,4
8575,0.0,1.0,1.0,0.015444015444015444,0.0,0.6000000000000001,0.2941176470588235,0.0,0.0,0.0,0.0,0.0,0.0,0.0,0.0,0.0,0.009770786935533304,0.0,0.0008043294090493882,9.89901386388269e-06,0.009586311507767233,0.017320650464472055,0.0,0.6541162964020832,0.49401185366117567,0.4084905660377358,0.19693627450980394,0.3973116903691247,0.10890406667084405,0.020202020202020204,0.6499999999999986,0.0,1.0,0.0,0.05,0.00013577084878695002,0.0,0.0,0.0,1.809318236210847e-05,0.0,0.0036354330375410375,0.0,0.0,0.004943461272212192,0.0011054874925513266,0.03312156029362849,0,4
126,0.6000000000000227,1.0,0.0,0.03861003861003861,0.0,0.6000000000000001,0.5588235294117647,0.0,0.0,0.0,0.0,0.0,0.0,0.0,0.0,0.0,0.009770786935533304,0.0,0.0008043294090493882,9.89901386388269e-06,0.0,0.0016143192930102533,0.0,0.6540892210104824,0.4939796223179073,0.5449056603773585,0.24436274509803926,0.40171705723930345,0.13258976126323704,0.24242424242424243,0.5,0.0,1.0,0.0,0.35000000000000003,0.00016532964050745507,0.0,0.0,0.0,0.0,0.0,0.0036671500697806124,0.0,0.0,0.0008800711792933337,0.001102919119726479,0.03312156029362849,0,3
12196,0.6000000000000227,0.0,1.0,0.02316602316602317,0.0,0.6000000000000001,0.6176470588235294,0.0,0.1216,0.0,0.0,0.0,0.0,0.0,0.0,0.0,0.009770786935533304,0.0,0.0008043294090493882,9.89901386388269e-06,0.0,1.4958173208166663e-06,0.0,0.6530962581916817,0.4928177990979278,0.20339622641509433,0.12254901960784315,0.39068840712170516,0.07155836831881698,0.020202020202020204,0.7999999999999972,0.0,1.0,0.0,0.75,0.0,0.0,2.318682786552648e-06,0.0,0.0,1.0118864128590524e-06,0.0036354330375410375,0.0,0.0,0.007777381541375523,0.0010825576210823542,0.03312156029362849,1,4
1169,0.8000000000000114,1.0,0.0,0.03861003861003861,0.537037037037037,0.6000000000000001,0.5,0.0,0.0,0.0,0.0,1.0,0.0,0.0,0.0,0.0,0.009770786935533304,0.0,0.0008043294090493882,9.89901386388269e-06,0.0006011779182976434,0.0006638104865935295,0.0,0.6538339582473089,0.4939891850115522,0.580754716981132,0.2450980392156863,0.39098087961101163,0.13371765148192244,0.020202020202020204,0.5,0.0,1.0,0.0,0.45,0.000274861460814903,0.0,4.8188277042268073e-05,0.0,0.0002891935384988566,0.0,0.0036354330375410375,0.0,0.0,0.001079150125786582,0.001123100487774338,0.03312156029362849,0,0
6472,0.8000000000000114,1.0,0.0,0.2953667953667954,0.0,0.4,0.1764705882352941,0.0,0.0,0.0,0.0,0.0,1.0,0.0,0.0,0.0,0.010701415469475818,0.0,0.0012253871294350927,9.89901386388269e-06,0.0,0.003990591309052063,0.0,0.654269206763459,0.4941944582164442,0.3713207547169811,0.1817401960784314,0.39583104839201066,0.09605865029137166,0.020202020202020204,0.04999999999999716,0.0,1.0,0.0,0.35000000000000003,3.43245868026811e-05,0.0,0.0,0.0,0.0001920757214081273,0.0,0.0037813744987358587,0.0,0.0,0.0026741608216112453,0.0012127986347440333,0.0336678914018085,0,3
30,0.4000000000000341,0.0,0.0,0.015444015444015444,0.0,0.6000000000000001,0.5588235294117647,0.0,0.0,0.0,0.0,0.0,0.0,0.0,0.0,0.0,0.009770786935533304,0.0,0.0008043294090493882,9.89901386388269e-06,0.0,7.686839009752313e-05,0.0,0.6541066305005345,0.493997362308257,0.3920754716981132,0.1825980392156863,0.3967815839822567,0.07782442508929133,0.25252525252525254,0.6000000000000014,0.0,0.0,1.0,0.55,0.0,0.0022058410738919963,0.0,0.0,0.0,0.0,0.0036354330375410375,0.003996939309932869,0.0,3.7400850651905524e-05,0.0010847385198095114,0.03312156029362849,0,2
2304,0.20000000000004547,1.0,0.0,0.06756756756756757,0.0,0.6000000000000001,0.0,0.0,0.0,0.0,0.0,0.0,0.0,0.0,0.0,0.0,0.009770786935533304,0.0,0.0008085243915228606,9.89901386388269e-06,7.591543165514439e-05,0.0005260290911538611,0.0,0.6541018571871866,0.4939960685206411,0.3920754716981132,0.2270833333333334,0.39670237268306957,0.12500783257096312,0.25252525252525254,0.29999999999999716,0.0,0.0,0.0,0.55,0.0,0.002198902483153417,0.0,0.0,0.0,0.0,0.003635609337075256,0.0032292180202568746,0.0,0.00011529797119571696,0.0010836603137748479,0.03312156029362849,0,3
6009,0.6000000000000227,1.0,0.0,0.10231660231660232,0.4444444444444444,0.6000000000000001,0.5,0.0,0.0,0.0,0.0,1.0,0.0,0.0,0.0,0.0,0.009770786935533304,0.0,0.0008043294090493882,9.89901386388269e-06,0.004080996704547262,0.0015168418642703672,0.0,0.6541345391595103,0.49403373043359045,0.29735849056603775,0.1373774509803922,0.39372280919825986,0.07901497587568145,0.020202020202020204,0.14999999999999858,0.0,1.0,0.0,0.35000000000000003,0.00014902274622342817,0.0,1.8347837702286172e-05,0.0,0.00015493461263193058,0.0,0.0036354330375410375,0.0,0.0,0.0011962132534084147,0.0011246341753855243,0.03312156029362849,0,0
2983,1.0,0.0,0.0,0.10424710424710425,0.0,0.6000000000000001,0.0,0.0,0.0,0.0,0.0,0.0,0.0,0.0,0.0,0.0,0.009770786935533304,0.0,0.0008043294090493882,9.89901386388269e-06,0.0004446475282658457,0.0011921664046908832,0.0,0.6540502807528926,0.4939355368833653,0.34509433962264147,0.13848039215686278,0.39526438294397936,0.07970424212043363,0.020202020202020204,0.6499999999999986,0.0,1.0,0.0,0.45,0.00018982392634291263,0.0,0.0,0.0,0.00014145863511136363,0.0,0.0036354330375410375,0.0,0.0,0.0012036576087707297,0.001104780601402911,0.03312156029362849,0,2
12454,0.20000000000004547,0.0,0.0,0.03474903474903475,0.0,0.6000000000000001,0.5294117647058824,0.0,0.0,0.0,0.0,1.0,0.0,0.0,0.0,0.0,0.009770786935533304,0.0,0.0008043294090493882,9.89901386388269e-06,0.0,0.0,0.0,0.6540894191392658,0.4939785296049944,0.20339622641509433,0.20600490196078433,0.39068840712170516,0.09862773356726613,0.23232323232323235,1.0,0.0,0.0,0.0,0.0,0.0,0.0,0.0,0.0,0.0,0.0,0.0036354330375410375,0.0,9.450718685831622e-05,0.0,0.0010825576210823542,0.03312156029362849,1,1
3210,0.4000000000000341,0.0,0.0,0.015444015444015444,0.0,0.4,0.5294117647058824,0.0,0.0,0.0,0.0,1.0,0.0,0.0,0.0,0.0,0.009770786935533304,0.0,0.0008043294090493882,9.89901386388269e-06,0.000398013763106257,0.00039905082080897956,0.0,0.6541108478605405,0.4940063974719379,0.349811320754717,0.19607843137254904,0.3954167123654932,0.1089667272385488,0.24242424242424243,0.6000000000000014,0.0,1.0,0.0,0.5,0.0001851463867252213,0.0,0.0,0.0,0.0,0.0,0.0036354330375410375,0.0,0.0,0.00022258878353093706,0.0010904796497080416,0.03312156029362849,0,1
10336,0.6000000000000227,0.0,0.0,0.03861003861003861,0.0,0.6000000000000001,0.5588235294117647,0.0,0.0,0.0,0.0,0.0,0.0,0.0,0.0,0.0,0.009979718594654297,0.0,0.0008043294090493882,9.89901386388269e-06,0.0,0.0,0.0,0.6539459725748269,0.4938127489468342,0.580754716981132,0.2450980392156863,0.40287476084280827,0.1339682937527414,0.020202020202020204,0.14999999999999858,0.0,1.0,0.0,0.85,1.61439611188243e-05,0.0,0.0,0.0,2.5011163853502884e-05,0.0,0.0036738926435035527,0.0,0.0,0.0024308506365563385,0.0011046621335644206,0.03312156029362849,1,2
8083,0.6000000000000227,1.0,0.0,0.03861003861003861,0.537037037037037,0.2,0.5,0.0,0.0,0.0,0.0,1.0,0.0,0.0,0.0,0.0,0.009770786935533304,0.0,0.0008098031594144024,9.89901386388269e-06,0.0,0.0,0.0,0.6541141007508334,0.49401047292233685,0.38094339622641504,0.11924019607843139,0.3964159933706236,0.0698665329907889,0.020202020202020204,0.7999999999999972,0.0,1.0,0.0,0.45,3.0251257672616095e-05,0.0,0.0,0.0,0.0,9.782773284319482e-05,0.0036530661321572625,0.0,0.0,0.0,0.0011389897511632457,0.03312156029362849,0,0
104,0.6000000000000227,0.0,0.0,0.02316602316602317,0.0,0.2,0.5294117647058824,0.0,0.0,0.0,0.0,1.0,0.0,0.0,0.0,0.0,0.009770786935533304,0.0,0.0008043294090493882,9.89901386388269e-06,0.00013014073998024754,0.0002753965889548018,0.0,0.6541200625055625,0.49401729354705914,0.2811320754716981,0.060049019607843146,0.3931987959882524,0.039601478789397834,0.25252525252525254,0.7999999999999972,0.0,1.0,1.0,0.45,6.689764207943425e-05,0.0,0.0,0.0,0.0,0.0,0.0036354330375410375,0.0,0.00026193531827515404,0.0,0.001146896463235756,0.03312156029362849,0,1
9921,0.8000000000000114,1.0,1.0,0.20463320463320464,0.0,0.6000000000000001,0.32352941176470584,0.0,0.0,0.0,0.0,0.0,0.0,0.0,0.0,0.0,0.009770786935533304,0.0,0.0008043294090493882,9.89901386388269e-06,0.18681269421697932,0.04475493733979693,0.0,0.6553956142876476,0.4955050425572241,0.3920754716981132,0.2450980392156863,0.3967815839822567,0.13390563318503665,0.07070707070707072,0.9499999999999957,0.0,1.0,0.0,0.30000000000000004,0.0,0.0,0.0,0.0,3.257085856016239e-05,0.0,0.004213102216690454,0.0,0.0,0.006818569036291105,0.0016411367014938076,0.03312156029362849,1,4
928,0.0,0.0,1.0,0.02316602316602317,0.0,0.6000000000000001,0.23529411764705882,0.0,0.0,0.0,0.0,0.0,0.0,0.0,0.0,0.0,0.009770786935533304,0.0,0.0008043294090493882,5.632721078988463e-05,0.005285521553475553,0.0037204300807201197,0.0,0.6540367672433818,0.49419420318540197,0.580754716981132,0.24325980392156868,0.39464287890420313,0.10075819286922741,0.24242424242424243,0.29999999999999716,1.0,1.0,0.0,0.2,0.0011540488202481335,0.0,0.0,0.0,0.0,0.0,0.0036354330375410375,0.0,0.0007953542094455853,0.000983524695050041,0.0011558985319170376,0.033121877760723624,0,4
5364,0.6000000000000227,0.0,0.0,0.10424710424710425,0.0,0.6000000000000001,0.029411764705882346,0.0,0.0,0.0,0.0,0.0,0.0,0.0,0.0,0.0,0.009890881629748209,0.0,0.0008043294090493882,9.89901386388269e-06,0.0,0.0006226755102710712,0.0,0.654183025712477,0.4946109359417911,0.4364150943396226,0.17953431372549022,0.39545936460351705,0.0990036969734946,0.030303030303030304,0.9499999999999957,0.0,1.0,0.0,0.35000000000000003,0.00032670136287686364,0.0,0.0,0.0,0.00016396555227114908,0.0,0.003718481112338266,0.0,0.0,0.000695113484209013,0.001307750161180984,0.0355083225586324,0,2
10417,0.20000000000004547,0.0,0.0,0.10231660231660232,0.0,0.8,0.5588235294117647,0.0,0.0,0.0,0.0,0.0,0.0,0.0,0.0,0.0,0.009770786935533304,0.0,0.0008043294090493882,9.89901386388269e-06,0.0,0.0,0.0,0.6540425374957083,0.49392642330831377,0.580754716981132,0.2450980392156863,0.40287476084280827,0.1342189360235604,0.020202020202020204,0.14999999999999858,0.0,1.0,0.0,0.45,0.0002684867007263513,0.0,0.0,0.0,0.00017894407780794647,0.0,0.0036354330375410375,0.0,0.0,0.00027454577920400146,0.0010969299013209842,0.03312156029362849,1,2
3867,0.20000000000004547,0.0,0.0,0.02364864864864865,0.0,0.0,0.7941176470588235,0.3333333333333333,0.0,0.0,0.0,0.0,0.0,0.0,0.0,0.0,0.009864048441805204,0.0,0.0008043294090493882,9.89901386388269e-06,0.0,0.0,3.610233219108599e-06,0.6541254580360596,0.49402360139247137,0.3920754716981132,0.20772058823529413,0.3967815839822567,0.11504480230590891,0.24242424242424243,0.14999999999999858,0.0,0.0,0.0,0.55,0.0,0.004141077108979398,0.0,0.0,0.0,0.0,0.003662658947124952,0.015580725932227202,0.0,8.083904792067131e-06,0.0010917354087960412,0.03312156029362849,0,2
7584,0.8000000000000114,1.0,1.0,0.08687258687258688,0.0,0.6000000000000001,0.23529411764705882,0.0,0.0,0.0,0.0,0.0,0.0,0.0,0.0,0.0,0.01055951410710084,0.001413742615301405,0.0011573161313060704,0.00012479032916953953,0.0934280372318197,0.027891508369721166,0.0,0.6513983382522802,0.49600527255446575,0.580754716981132,0.2421568627450981,0.39600165734410614,0.11755122501409865,0.030303030303030304,0.5,1.0,1.0,0.0,0.2,0.0005702864448547508,0.0,0.0,0.0,0.0026061382310680636,0.0,0.0054061914489712554,0.0,0.0,0.02410474591724435,0.0026341977692044332,0.03314287027238915,0,4
8421,0.20000000000004547,0.0,0.0,0.02364864864864865,0.0,0.0,0.7941176470588235,0.2222222222222222,0.0,0.0,0.0,0.0,0.0,0.0,0.0,0.0,0.009770786935533304,0.0,0.0008043294090493882,9.89901386388269e-06,0.0,0.0,1.2766306624197274e-05,0.6541112278834745,0.4940069428579566,0.3971698113207547,0.2450980392156863,0.3969460997574916,0.1342189360235604,0.24242424242424243,0.5,0.0,0.0,0.0,0.25000000000000006,0.0,0.006786993043957654,0.0,0.0,0.0,0.0,0.0036354330375410375,0.00521023244268138,0.0,2.0951639318680318e-05,0.0010857517420214716,0.03312156029362849,0,2
7181,0.8000000000000114,1.0,0.0,0.015444015444015444,0.35185185185185186,0.6000000000000001,0.5,0.0,0.0,0.0,0.0,1.0,0.0,0.0,0.0,0.0,0.009770786935533304,0.0,0.0008043294090493882,9.89901386388269e-06,0.02710433961527505,0.01321197268803774,0.0,0.6543749528661398,0.49431417297069047,0.28264150943396227,0.06213235294117648,0.39324754140313684,0.04066670844037848,0.24242424242424243,0.7999999999999972,0.0,1.0,0.0,0.05,0.000824889882129464,0.0,0.0,0.0,0.0,0.0,0.003775148258838079,0.0,0.0,0.003948015375791571,0.0017479442810207297,0.03312156029362849,0,0
11847,0.20000000000004547,0.0,0.0,0.03474903474903475,0.0,0.6000000000000001,0.5588235294117647,0.0,0.0,0.0,0.0,0.0,0.0,0.0,0.0,0.0,0.009770786935533304,0.0,0.0008043294090493882,9.89901386388269e-06,0.006899266729230622,0.004737835161762256,0.0,0.6532474798199324,0.493009286264062,0.580754716981132,0.24264705882352944,0.3990360594206608,0.13177517388307539,0.020202020202020204,0.6499999999999986,0.0,1.0,0.0,0.25000000000000006,8.104567192452669e-05,0.0,0.0,0.0,0.0,0.0,0.0036682349597873956,0.0,0.0,0.007256072010195953,0.0010942468774039068,0.03315998869340941,1,2
10288,0.6000000000000227,0.0,0.0,0.07335907335907337,0.0,0.6000000000000001,0.029411764705882346,0.0,0.0,0.0,0.0,0.0,0.0,0.0,0.0,0.0,0.009770786935533304,0.0,0.0008043294090493882,9.89901386388269e-06,0.00017605150102883486,4.0470168624317584e-05,0.00010345710495963618,0.6540856904748376,0.4939769885498383,0.580754716981132,0.2450980392156863,0.40287476084280827,0.1342189360235604,0.020202020202020204,0.14999999999999858,0.0,1.0,0.0,0.8,0.0001621592326678878,0.0,0.00011452276719668731,0.0001639351467285489,0.0,2.757390475040918e-05,0.0036790622641439115,0.0,0.0,0.0003949345638605455,0.0011179521431814597,0.03312156029362849,1,2
10267,0.20000000000004547,0.0,0.0,0.20463320463320464,0.0,0.8,0.5588235294117647,0.0,0.0,0.0,0.0,0.0,0.0,0.0,0.0,0.0,0.009770786935533304,0.0,0.0008043294090493882,9.89901386388269e-06,0.0,0.0,0.0003165696068514745,0.6532012654529128,0.4929408261503219,0.580754716981132,0.2450980392156863,0.40287476084280827,0.1342189360235604,0.020202020202020204,0.14999999999999858,0.0,1.0,0.0,0.8,5.431105506753338e-07,0.0,0.0,0.0,0.0,0.00047305689801160704,0.003635522954229982,0.0,0.0,0.0073877424467933255,0.0022859382609389245,0.03312156029362849,1,2
7395,0.8000000000000114,1.0,0.0,0.06756756756756757,0.0,0.6000000000000001,0.0,0.0,0.0,0.0,0.0,0.0,0.0,0.0,0.0,0.0,0.009770786935533304,0.0,0.0008043294090493882,9.89901386388269e-06,0.0,0.0005901830340244424,0.0,0.6541015507170785,0.49399119148865595,0.3966037735849056,0.21580882352941178,0.39692782022691,0.1017607619525033,0.24242424242424243,0.29999999999999716,0.0,0.0,0.0,0.55,0.0,0.002073166808557343,0.0,0.0,0.0,0.0,0.0036354330375410375,0.0063621233193642554,0.0,0.00031061636704202253,0.001085541226159518,0.03312156029362849,0,3
4119,0.6000000000000227,1.0,0.0,0.05791505791505792,0.7037037037037037,0.6000000000000001,0.5,0.0,0.0,0.0,0.0,1.0,0.0,0.0,0.0,0.0,0.011753207209323623,0.0,0.0008043294090493882,9.89901386388269e-06,0.034659732575239424,0.00796722165644317,0.0,0.6535381238116137,0.4947221007512344,0.2843396226415094,0.11421568627450983,0.391139302209386,0.04455166363807257,0.030303030303030304,0.29999999999999716,1.0,1.0,0.0,0.05,0.0015376274355444713,0.0,0.006613992242493895,0.02883456614321691,0.0,0.0,0.003959309809924428,0.0,0.0,0.0014432072431786937,0.0014070073739453992,0.03312165950209572,0,0
6032,0.0,0.0,0.0,0.015444015444015444,0.0,0.8,0.5588235294117647,0.0,0.0,0.0,0.0,0.0,0.0,0.0,0.0,0.0,0.009770786935533304,0.0014716200974449908,0.0008043294090493882,9.89901386388269e-06,0.01492605836956789,0.00343115563106663,0.0,0.6554610875675767,0.49225938864000485,0.39283018867924524,0.23137254901960785,0.3960138436978272,0.08465442696910835,0.030303030303030304,0.9499999999999957,0.0,1.0,0.0,0.6,0.00013422977259940877,0.0,0.0,0.0,0.0012116328081296739,0.0,0.004816138111003907,0.0,0.0,0.016587840067618282,0.002715575805870233,0.03312156029362849,0,2
10559,0.4000000000000341,1.0,1.0,0.03474903474903475,0.0,0.6000000000000001,0.23529411764705882,0.0,0.0,0.0,0.0,0.0,0.0,0.0,0.0,0.0,0.009793797560527614,0.0,0.0008043294090493882,9.89901386388269e-06,0.0,0.0010385127254581045,0.0,0.6538351516584757,0.49397796519839565,0.20339622641509433,0.2450980392156863,0.39068840712170516,0.13334168807569396,0.020202020202020204,0.10000000000000142,0.0,1.0,0.0,0.35000000000000003,0.0,0.0,0.0,0.0,3.775151890779034e-05,0.0,0.0036476452159670157,0.0,0.0,0.004462494519061388,0.0011204285175509777,0.03312156029362849,1,4
3915,0.8000000000000114,1.0,0.0,0.03861003861003861,0.537037037037037,0.6000000000000001,0.5,0.0,0.0,0.0,0.0,1.0,0.0,0.0,0.0,0.0,0.009770786935533304,0.0,0.0008043294090493882,9.89901386388269e-06,0.0,0.0,0.0,0.654020843719205,0.4939002222652594,0.2788679245283019,0.10404411764705884,0.3931256778659258,0.06203396202769598,0.020202020202020204,0.7999999999999972,0.0,1.0,0.0,0.35000000000000003,0.00025425720429865756,0.0,0.003782376498637774,0.016489766139700875,0.0,0.002508647111479887,0.003656879542126818,0.0,0.003080082135523614,2.453311612529234e-05,0.0011972648244387304,0.03312156029362849,0,0
5014,0.6000000000000227,0.0,0.0,0.06756756756756757,0.0,0.6000000000000001,0.0,0.0,0.0,0.0,0.0,0.0,0.0,0.0,0.0,0.0,0.009770786935533304,0.0,0.0008043294090493882,9.89901386388269e-06,0.0,0.0,1.8486133953266923e-06,0.6541012879810831,0.49398742696651393,0.580754716981132,0.2450980392156863,0.39191922884753655,0.02976376965975312,0.25252525252525254,0.9499999999999957,0.0,0.0,1.0,0.4,0.0,0.0029743425632710115,0.0,0.0,0.0,0.0,0.0036354330375410375,0.005472756050690304,0.0,3.5814768066120206e-05,0.001084188412666596,0.03312156029362849,0,2
10131,0.20000000000004547,0.0,1.0,0.02316602316602317,0.0,0.6000000000000001,0.23529411764705882,0.0,0.0,0.0,0.0,0.0,0.0,0.0,0.0,0.0,0.009770786935533304,0.0,0.0008381543792537065,9.89901386388269e-06,0.0,0.0,4.1517682019748886e-05,0.6536776051498328,0.4934997501639052,0.580754716981132,0.24497549019607845,0.40105899413836393,0.13415627545585562,0.25252525252525254,0.0,0.0,1.0,0.0,0.75,0.0,0.0,0.0,0.0,0.0,0.0,0.0036354330375410375,0.0,0.0,0.0029060614448393734,0.0010834024107774982,0.03312156029362849,1,4
723,0.0,1.0,0.0,0.06756756756756757,0.0,0.6000000000000001,0.5588235294117647,0.0,0.0,0.0,0.0,0.0,0.0,0.0,0.0,0.0,0.009770786935533304,0.0,0.0008043294090493882,9.89901386388269e-06,0.0,0.00010911156345734905,0.0,0.6541034505004295,0.4939978308356055,0.580188679245283,0.24497549019607845,0.4028564813122266,0.13415627545585562,0.25252525252525254,0.29999999999999716,0.0,0.0,0.0,0.75,0.0,0.0,0.0,0.0,0.0,0.0,0.0036354330375410375,0.0007729733065470175,0.0,3.384495582248359e-05,0.0010826823840737686,0.03312156029362849,0,3
7222,0.6000000000000227,1.0,0.0,0.03474903474903475,0.2222222222222222,0.6000000000000001,0.5,0.0,0.0,0.0,0.0,1.0,0.0,0.0,0.0,0.0,0.010792148666395827,1.0715627350113307e-05,0.0008043294090493882,9.89901386388269e-06,0.032562659151279934,0.007485402277215669,0.0005285294439203444,0.653647323252604,0.4935748111952597,0.580754716981132,0.24448529411764708,0.39580058250770794,0.08659690456795541,0.24242424242424243,0.0,1.0,1.0,0.0,0.10000000000000002,0.0,0.0,0.0,0.0,0.0,0.0,0.003958354494185556,0.0,0.0,0.0013128670693952063,0.0012692346311393191,0.033169582152190395,0,0
5629,0.4000000000000341,0.0,0.0,0.06756756756756757,0.0,0.6000000000000001,0.029411764705882346,0.0,0.0,0.0,0.0,0.0,0.0,0.0,0.0,0.0,0.009770786935533304,0.0,0.0008043294090493882,9.89901386388269e-06,0.0,0.005640311611988311,0.0,0.6540952039696298,0.49398816915730953,0.20339622641509433,0.22757352941176473,0.39068840712170516,0.12525847484178207,0.25252525252525254,0.29999999999999716,0.0,0.0,1.0,0.75,0.0,0.10093063322630381,0.0,0.0,0.0,0.0,0.0036416227610542237,0.03916853776203992,0.0,0.0018548468381443654,0.0010825576210823542,0.03312156029362849,0,2
3495,0.6000000000000227,0.0,0.0,0.05405405405405406,0.0,0.0,0.4411764705882353,0.0,0.0,0.0,0.0,0.0,0.0,0.0,0.0,0.0,0.009822045397750842,0.0,0.0008043294090493882,9.89901386388269e-06,0.023631750870135446,0.0056572642082909,0.0,0.6539873586295386,0.4940733980472934,0.580754716981132,0.2450980392156863,0.399590538514971,0.13346700921110347,0.020202020202020204,0.29999999999999716,0.0,1.0,0.0,0.2,0.0,0.0,0.0,0.0,0.0,0.00024227451827882457,0.0036358233309419577,0.0,0.0,0.0018622400295523,0.0011997877928535123,0.03312156029362849,0,2
10997,0.4000000000000341,0.0,0.0,0.05791505791505792,0.0,0.8,0.029411764705882346,0.0,0.0,0.0,0.0,0.0,0.0,0.0,0.0,0.0,0.009770786935533304,0.0,0.0008043294090493882,9.89901386388269e-06,0.030171684556198387,0.009954996673883986,0.0,0.6540238587224302,0.4939082458446238,0.580754716981132,0.24411764705882358,0.4022045113881476,0.1270129707375149,0.37373737373737376,0.3999999999999986,0.0,1.0,0.0,0.4,0.0009182437969086704,0.0,0.0,0.0,0.0008342115283027849,0.0,0.003657875693392547,0.0,0.0,0.0018894848352597417,0.00187027313011524,0.03312156029362849,1,2
12173,0.4000000000000341,0.0,1.0,0.33976833976833976,0.0,1.0,0.2941176470588235,0.0,0.0,0.0,0.0,0.0,0.0,0.0,0.0,0.0,0.009770786935533304,0.0,0.0008043294090493882,9.89901386388269e-06,0.06045941127221249,0.01389822043444352,0.0,0.6539753025924661,0.49428589868441486,0.580754716981132,0.2450980392156863,0.40248479752373295,0.13409361488815089,0.020202020202020204,0.7999999999999972,0.0,1.0,0.0,0.45,0.004225271095498312,0.0,0.0,0.0,0.0,0.0017657056516385873,0.0036901644230081174,0.0,0.0,0.0019770775251585957,0.0032230456797590137,0.033256528452869354,1,4
7023,0.20000000000004547,1.0,1.0,0.06756756756756757,0.0,0.4,0.23529411764705882,0.0,0.0,0.0,0.0,0.0,0.0,0.0,0.0,0.0,0.009770786935533304,0.0,0.0008043294090493882,9.89901386388269e-06,0.0,0.0,1.3157777696148808e-05,0.654102352177826,0.49399646756464627,0.580754716981132,0.2450980392156863,0.40276508365931835,0.13290306410176078,0.24242424242424243,0.14999999999999858,0.0,0.0,0.0,0.4,0.0,0.014208972270658024,0.0,0.0,0.0,0.0,0.0036354330375410375,0.013567890466407675,0.0,1.688410494545667e-05,0.0010889708452997517,0.03312156029362849,0,4
3337,0.8000000000000114,1.0,0.0,0.06756756756756757,0.0,0.4,0.1764705882352941,0.0,0.0,0.0,0.0,0.0,0.0,0.0,0.0,0.0,0.009770786935533304,0.0,0.0008043294090493882,9.89901386388269e-06,0.0008690509414236529,0.0003982198111863036,0.0,0.6541136044349178,0.4940097272379653,0.4171698113207547,0.2450980392156863,0.39759197650471007,0.1342189360235604,0.24242424242424243,0.04999999999999716,0.0,0.0,0.0,0.35000000000000003,0.0,0.0,0.0,0.0,0.0,0.0,0.0036354330375410375,0.0041436096046104055,0.0,6.779223955372753e-05,0.0010866181434227168,0.03312156029362849,0,3
10341,0.8000000000000114,1.0,0.0,0.06756756756756757,0.0,0.6000000000000001,0.029411764705882346,0.0,0.0,0.0,0.0,0.0,0.0,0.0,0.0,0.0,0.009770786935533304,0.0,0.0008043294090493882,9.89901386388269e-06,0.0031074716690839103,0.0007733375548622165,0.0,0.654044964407645,0.49392930822567394,0.3920754716981132,0.24497549019607845,0.3967815839822567,0.13415627545585562,0.020202020202020204,0.9499999999999957,0.0,1.0,0.0,0.35000000000000003,0.0,0.0,0.0,0.0,0.0,0.0,0.0036450144656791227,0.0,0.0,0.001016602191556822,0.0010845949704955916,0.03312156029362849,1,3
9796,0.6000000000000227,1.0,1.0,0.015444015444015444,0.0,0.2,0.2941176470588235,0.0,0.0,0.0,0.0,0.0,0.0,0.0,0.0,0.0,0.009770786935533304,0.0,0.0010950151834193708,9.89901386388269e-06,0.0,0.004225351527458012,0.0,0.6539632200498706,0.49390500574704493,0.580754716981132,0.2450980392156863,0.39952351356950494,0.11529544457672788,0.020202020202020204,0.6999999999999957,0.0,1.0,0.0,0.4,0.0,0.0,0.0,0.0,0.0,0.00012037834432976799,0.0036688671251550835,0.0,0.0,0.0034665114011197744,0.0011833951650713531,0.03312156029362849,1,4
649,0.20000000000004547,0.0,0.0,0.03581081081081081,0.0,0.0,0.7941176470588235,0.3333333333333333,0.0,0.0,0.0,0.0,0.0,0.0,0.0,0.0,0.01275270207418436,0.0,0.000910607496620817,9.89901386388269e-06,0.0,0.0004940352206808378,0.0,0.6539401751543396,0.49484889853657216,0.58,0.2388480392156863,0.3932597277568579,0.13102324707061846,0.020202020202020204,0.14999999999999858,0.0,1.0,0.0,0.6,0.0010682984531783816,0.0,0.0,0.0,0.0,0.0015147578212495424,0.004101035395620576,0.0,0.0,0.002522382950942466,0.0012584486053420234,0.03312156029362849,0,2
4257,0.20000000000004547,0.0,0.0,0.10231660231660232,0.0,0.6000000000000001,0.5588235294117647,0.0,0.0,0.0,0.0,0.0,0.0,0.0,0.0,0.0,0.009770786935533304,0.0,0.0008043294090493882,9.89901386388269e-06,0.0,1.3462355887349998e-05,0.0,0.6541023544970592,0.4939965467523671,0.580754716981132,0.2450980392156863,0.40287476084280827,0.1342189360235604,0.07070707070707072,0.3999999999999986,0.0,1.0,0.0,0.8,1.5003428962406097e-06,0.0,6.351174589252906e-06,0.0,0.0,2.276744428932868e-06,0.0036354330375410375,0.0,0.0,1.1025832168927006e-05,0.0011258867125448619,0.03312156029362849,0,2
4005,0.4000000000000341,0.0,0.0,0.10231660231660232,0.0,0.6000000000000001,0.029411764705882346,0.0,0.0,0.0,0.0,0.0,0.0,0.0,0.0,0.0,0.009770786935533304,0.0,0.0008043294090493882,9.89901386388269e-06,0.0,0.0,3.453644790327985e-05,0.6541004368224803,0.4939936796910616,0.43301886792452826,0.15318627450980393,0.3981038033609964,0.08697286797418387,0.020202020202020204,0.7999999999999972,0.0,1.0,0.0,0.5,7.710812043213052e-05,0.0,0.0,0.0,0.0001128319650938062,0.0,0.0036365481615436668,0.0,0.0,0.0001117932403206752,0.0011104563509336718,0.03312156029362849,0,2
3348,0.6000000000000227,0.0,0.0,0.15830115830115832,0.0,0.4,0.029411764705882346,0.0,0.0,0.0,0.0,0.0,0.0,0.0,0.0,0.0,0.009770786935533304,0.0,0.0012864872830821738,9.89901386388269e-06,0.0,4.321250037914814e-06,0.0,0.6540636269462904,0.4939608020362479,0.4783018867924528,0.18615196078431373,0.39924322743391955,0.10345259728053138,0.04040404040404041,1.0,0.0,1.0,0.0,0.35000000000000003,0.0,0.0,0.00021684724669020634,0.0,0.0,3.357294562664499e-05,0.0036893304359019254,0.0,0.0,0.0005963414702780914,0.0011304816289298965,0.03312156029362849,0,2
5930,0.6000000000000227,1.0,0.0,0.05791505791505792,0.7037037037037037,0.6000000000000001,0.5,0.0,0.0,0.0,0.0,1.0,0.0,0.0,0.0,0.0,0.010396814390414457,1.7524742896417485e-05,0.0009275277790881684,0.0006176863190769989,0.011024005182493468,0.0025341638443502354,0.0,0.6531945539232058,0.495895164745826,0.579811320754717,0.24301470588235294,0.39503284222327845,0.09649727426530486,0.030303030303030304,0.29999999999999716,1.0,1.0,0.0,0.2,0.00199352122066323,0.0,0.0,0.0,0.0,0.012899491852326741,0.0053558129736073976,0.0,0.0,0.011019180854857584,0.0020284568901305713,0.033164661412215864,0,0
2872,0.20000000000004547,0.0,1.0,0.07673745173745174,0.0,0.8,0.2647058823529412,0.3333333333333333,0.0,0.0,0.0,0.0,0.0,0.0,0.0,0.0,0.010327075190791415,0.0,0.0008043294090493882,9.89901386388269e-06,0.01668115084902373,0.006472152244286913,0.00020800162956358218,0.6540625441956816,0.49397605343601686,0.580754716981132,0.2450980392156863,0.4009980623697584,0.13108590763832323,0.020202020202020204,0.44999999999999574,0.0,1.0,0.0,0.45,2.640875052658811e-06,0.0,0.0,0.0,0.0,6.436320361792758e-05,0.0036354330375410375,0.0,0.0,0.0008720128564784567,0.0011133419598113813,0.03312156029362849,0,4
1310,0.4000000000000341,1.0,0.0,0.08687258687258688,0.8888888888888888,0.6000000000000001,0.5,0.0,0.0,0.0,0.0,1.0,0.0,0.0,0.0,0.0,0.01547554075156855,0.0002875978354781938,0.0008232614117363602,9.89901386388269e-06,0.0,0.0,0.0015631439903024786,0.6530042909850594,0.5020095883271759,0.580754716981132,0.24178921568627454,0.39272962136998996,0.06660818347014225,0.020202020202020204,0.3500000000000014,1.0,1.0,0.0,0.10000000000000002,0.0,0.0,0.1976343386839459,0.43365109502524957,0.0,0.036878923092657355,0.007160797053633809,0.0,0.0,0.005700329649358072,0.00330139768102558,0.033287213631783094,0,0
3446,0.0,0.0,0.0,0.02316602316602317,0.0,0.6000000000000001,0.5588235294117647,0.0,0.0,0.0,0.0,0.0,0.0,0.0,0.0,0.0,0.009895697457085148,0.0,0.0008043294090493882,9.89901386388269e-06,0.0,0.0004480803885468592,0.0,0.654100971571404,0.49399400925172343,0.580754716981132,0.2450980392156863,0.40009627219439675,0.10539507487937842,0.25252525252525254,0.0,0.0,0.0,0.0,0.2,0.0,0.0,0.0,0.0,0.0,0.0,0.0036354330375410375,0.003122710207534219,0.0,0.00017649006063440235,0.0010855735941505365,0.033168525582014406,0,2
344,0.0,0.0,0.0,0.015444015444015444,0.0,0.6000000000000001,0.5588235294117647,0.0,0.0,0.0,0.0,0.0,0.0,0.0,0.0,0.0,0.009770786935533304,0.0,0.0008043294090493882,9.89901386388269e-06,0.0,0.0,4.053900433987005e-05,0.6541034051097215,0.49399757192281224,0.41452830188679246,0.15857843137254904,0.39750667202866236,0.08922864841155463,0.25252525252525254,0.8999999999999986,0.0,0.0,0.0,0.5,0.0,9.23042828556464e-05,0.0,0.0,0.0,0.0,0.0036354330375410375,0.004898123616566622,0.0,8.838573119174665e-05,0.001085834669508415,0.03312156029362849,0,2
8312,0.20000000000004547,0.0,0.0,0.05791505791505792,0.0,0.6000000000000001,0.47058823529411764,0.0,0.0,0.0,0.0,0.0,0.0,0.0,0.0,0.0,0.009770786935533304,0.0,0.0008533592413787458,2.4251571797405853e-05,0.003230382367954144,0.0007425901988232073,0.0,0.6539299403780064,0.4942234607192117,0.46018867924528295,0.1692401960784314,0.39821348054448635,0.09518140234350525,0.020202020202020204,0.6000000000000014,0.0,1.0,0.0,0.45,0.0,0.0,0.00034649185814701963,0.001510137169327866,0.0,0.0,0.003952299842030434,0.0,0.0,0.002411664153663774,0.0017655804245619734,0.03312156029362849,0,2
7725,0.8000000000000114,1.0,0.0,0.02316602316602317,0.14814814814814814,0.2,0.5,0.0,0.0,0.0,0.0,1.0,0.0,0.0,0.0,0.0,0.009770786935533304,0.0,0.0013545894706719654,9.89901386388269e-06,0.0,0.0,0.0,0.6539808472165292,0.49547757140523513,0.5028301886792452,0.2442401960784314,0.390907761488685,0.019988721097813147,0.020202020202020204,0.5,1.0,0.0,0.0,0.6,0.0,0.0,0.021787754834579627,0.04809760514044364,0.0,0.0038749106016423636,0.004076901599248178,0.0,0.0,0.0,0.0016143882993110465,0.03312156029362849,0,0
5277,0.6000000000000227,1.0,0.0,0.05791505791505792,0.0,0.6000000000000001,0.5294117647058824,0.0,0.0,0.0,0.0,1.0,0.0,0.0,0.0,0.0,0.014398179978453687,0.0,0.0011709927098534135,0.0002942071942550901,0.0395407333286097,0.00909082976726329,7.185669009599284e-05,0.6531989422438342,0.49516231538408634,0.579622641509434,0.24301470588235294,0.39369843649081765,0.12964471458111412,0.020202020202020204,0.3999999999999986,1.0,1.0,0.0,0.2,0.0,0.0,0.001113169362135406,0.004853007748462834,0.0006745658015782984,0.0,0.004583048531055711,0.0,0.0,0.005123916539311057,0.0014887840871070062,0.03320588749077262,0,0
5499,0.8000000000000114,1.0,0.0,0.15830115830115832,0.4444444444444444,0.4,0.5,0.0,0.0,0.0,0.0,1.0,0.0,0.0,0.0,0.0,0.009770786935533304,0.0,0.0008043294090493882,9.89901386388269e-06,0.00582054459561657,0.0027744087262658455,0.0,0.6542498835746565,0.49416875054394493,0.29132075471698116,0.09963235294117649,0.3935278275387222,0.059778181590325205,0.020202020202020204,0.44999999999999574,0.0,1.0,0.0,0.35000000000000003,0.0,0.0,0.0,0.0,0.0,0.00015330079154814646,0.0036409297350455476,0.0,0.0,0.0007058067506744689,0.001151579858738659,0.03312156029362849,0,0
8940,0.8000000000000114,1.0,0.0,0.06756756756756757,0.0,0.4,0.0,0.0,0.0,0.0,0.0,0.0,0.0,0.0,0.0,0.0,0.009794866072217997,0.0,0.0008043294090493882,9.89901386388269e-06,0.0030622839121463245,0.0007039482513687767,0.0,0.6541001207441203,0.4939938947400683,0.39641509433962263,0.22181372549019612,0.3969217270500494,0.12212544645654491,0.020202020202020204,0.10000000000000142,0.0,1.0,0.0,0.55,0.0,0.0,0.0,0.0,0.0,0.0,0.003639774168165358,0.0,0.0,0.00011363514267836139,0.0010843702781475257,0.03312156029362849,0,3
10944,0.6000000000000227,0.0,1.0,0.03861003861003861,0.0,0.6000000000000001,0.23529411764705882,0.0,0.0,0.0,0.0,0.0,0.0,0.0,0.0,0.0,0.00982884775386427,0.0,0.0008043294090493882,9.89901386388269e-06,0.0,0.0004106849555264425,3.027376289758536e-05,0.6540184178012253,0.4940591229079067,0.580754716981132,0.2450980392156863,0.4025213565848963,0.13415627545585562,0.020202020202020204,0.3999999999999986,0.0,1.0,0.0,0.45,0.0004185277792322957,0.0,0.0,0.0,0.000538569554567606,0.0,0.0036354330375410375,0.0,0.0,0.001475414952461012,0.001933850655309907,0.03312156029362849,1,4
8767,0.6000000000000227,1.0,1.0,0.06756756756756757,0.0,0.6000000000000001,0.23529411764705882,0.0,0.0,0.0,0.0,0.0,0.0,0.0,0.0,0.0,0.009770786935533304,0.0,0.0008043294090493882,9.89901386388269e-06,0.0007190275883908676,0.000890509911659522,0.0,0.6541153885879253,0.4940116378358188,0.3969811320754717,0.19803921568627453,0.3966353477376035,0.10959333291559624,0.24242424242424243,0.75,0.0,0.0,0.0,0.55,0.0,0.0,0.0,0.0,0.0,0.0,0.0036410282900190194,0.008281503779096464,0.0,0.0002645432261226779,0.0010889006072549228,0.03312156029362849,0,4
8808,0.20000000000004547,0.0,0.0,0.03474903474903475,0.0,0.6000000000000001,0.5294117647058824,0.0,0.0,0.0,0.0,1.0,0.0,0.0,0.0,0.0,0.009860421521842072,0.0,0.0008191132134540419,9.89901386388269e-06,0.025121139338798282,0.008161511706224802,0.0,0.6535421983731152,0.4933170136291019,0.580754716981132,0.2450980392156863,0.40287476084280827,0.1325271006955323,0.020202020202020204,0.14999999999999858,0.0,1.0,0.0,0.85,5.370684457990707e-05,0.0,0.0,0.0,0.0001229741642033618,0.0,0.003655850408320166,0.0,0.0,0.004855689508473007,0.0012429733350021001,0.033123608948476754,0,1
12486,1.0,0.0,0.0,0.03474903474903475,0.0,0.8,0.029411764705882346,0.0,0.16,0.0,0.0,0.0,0.0,0.0,0.0,0.0,0.009770786935533304,8.729635315774588e-08,0.0008043294090493882,9.89901386388269e-06,0.00044356302209934363,0.00010196488070233609,0.0,0.6507067263311199,0.4900283448642727,0.580754716981132,0.2450980392156863,0.39634896842515754,0.1335296697788082,0.020202020202020204,1.0,0.0,1.0,0.0,0.25000000000000006,0.0,0.0,0.0,0.0,0.0,2.1683280275551125e-06,0.0037182129328686194,0.0,0.010266940451745381,0.006232306865025907,0.0010912170748265451,0.03312156029362849,1,2
10798,0.20000000000004547,0.0,0.0,0.06756756756756757,0.0,0.8,0.5588235294117647,0.0,0.0,0.0,0.0,0.0,0.0,0.0,0.0,0.0,0.009770786935533304,0.0,0.0008043294090493882,9.89901386388269e-06,0.009408452496460894,0.0021627856439763644,0.0,0.6535746994452455,0.49408545942407167,0.47528301886792457,0.24068627450980395,0.39134647022264474,0.13171251331537065,0.020202020202020204,0.5,0.0,1.0,0.0,0.8,0.00045750953900701777,0.0,0.0003539519679820151,0.0015431000004395045,0.000630991909107615,0.0,0.0036514327110829885,0.0,0.0,0.004243077900702021,0.0011814186357576252,0.03312156029362849,1,2
11865,0.0,0.0,0.0,0.23166023166023167,0.0,0.8,0.029411764705882346,0.0,0.0,0.0,0.0,0.0,1.0,0.0,0.0,0.0,0.009770786935533304,0.0,0.0008043294090493882,9.89901386388269e-06,0.0,0.0,0.0004814876701075016,0.6527515081448685,0.49240410070631324,0.580754716981132,0.2450980392156863,0.40287476084280827,0.1335296697788082,0.020202020202020204,0.6499999999999986,0.0,1.0,0.0,0.10000000000000002,0.0,0.0,0.0,0.0,0.0,0.0,0.003797852419121191,0.0,0.017538270020533882,0.003963594799900333,0.0011138560804895502,0.03312156029362849,1,2
7066,0.8000000000000114,1.0,0.0,0.05791505791505792,0.0,0.6000000000000001,0.029411764705882346,0.0,0.0,0.0,0.0,0.0,0.0,0.0,0.0,0.0,0.013191830280011013,0.0,0.0008043294090493882,2.1508593518150017e-05,0.013607660373156881,0.003128834330337128,0.0,0.6537118433276674,0.4946355866134869,0.580754716981132,0.24485294117647063,0.3980672442998331,0.1335296697788082,0.25252525252525254,0.0,0.0,1.0,0.0,0.25000000000000006,0.0007049235503671661,0.0,0.0,0.0,0.0,0.0,0.004130736566370891,0.0,0.0,0.0046291099365004165,0.0014837863800711039,0.03312156029362849,0,3
9345,0.6000000000000227,0.0,0.0,0.06756756756756757,0.0,0.8,0.0,0.0,0.0,0.0,0.0,0.0,0.0,0.0,0.0,0.0,0.010206935348195228,0.0,0.0008043294090493882,9.89901386388269e-06,0.0004439245241548443,0.0,0.0,0.6531991831127731,0.4929237239316653,0.5784905660377359,0.2439950980392157,0.40280164272048163,0.13315370637257973,0.020202020202020204,0.29999999999999716,0.0,1.0,0.0,0.45,5.220650168366647e-05,0.0,5.746300818847867e-06,0.0,0.00036906335648660704,0.0,0.0036640363608577775,0.0,0.0,0.013945247405859604,0.0014723012453223144,0.03312229443628598,1,2
7283,0.4000000000000341,0.0,0.0,0.0,0.0,0.0,0.7941176470588235,0.2222222222222222,0.0,0.0,0.0,0.0,0.0,0.0,0.0,0.0,0.009778477209811978,0.0,0.0008043294090493882,9.89901386388269e-06,0.0,0.004556758164981171,0.0,0.654126684247811,0.49402598866935044,0.280188679245283,0.060049019607843146,0.39316223692708907,0.039601478789397834,0.020202020202020204,0.7999999999999972,0.0,1.0,0.0,0.05,0.00025365978269291465,0.0,0.0,0.0,0.00034092188426595733,0.0,0.0036400187886772026,0.0,0.0,0.0015521608840312695,0.0011400898167446768,0.03312156029362849,0,2
6343,0.8000000000000114,1.0,0.0,0.06756756756756757,0.2962962962962963,0.6000000000000001,0.5,0.0,0.0,0.0,0.0,1.0,0.0,0.0,0.0,0.0,0.009781622547041416,0.0,0.0008043294090493882,9.89901386388269e-06,0.00017532849691783347,0.000335727887561074,2.6750523250021546e-06,0.654106514207553,0.49400142029077637,0.3920754716981132,0.23578431372549022,0.3967815839822567,0.12945673287799989,0.24242424242424243,0.29999999999999716,0.0,1.0,0.0,0.55,4.4236354352505944e-05,0.0,0.0,0.0,0.0,0.0,0.0036355284513201356,0.0,0.0,0.00010046042442546717,0.0010837486441883167,0.03312156029362849,0,0
10259,0.4000000000000341,0.0,0.0,0.06756756756756757,0.0,0.6000000000000001,0.0,0.0,0.0,0.0,0.0,0.0,0.0,0.0,0.0,0.0,0.009770786935533304,0.0,0.0008043294090493882,9.89901386388269e-06,0.0,0.0,0.0,0.6535259438612218,0.4933200642972308,0.20339622641509433,0.2450980392156863,0.39068840712170516,0.13403095432044615,0.020202020202020204,0.14999999999999858,0.0,1.0,0.0,0.75,0.0,0.0,0.0007441963621883325,0.0,0.0,0.0002797143155546095,0.0036354330375410375,0.0,0.0,0.0,0.0010825576210823542,0.03312156029362849,1,2
11714,0.8000000000000114,0.0,1.0,0.10231660231660232,0.0,0.6000000000000001,0.23529411764705882,0.0,0.0,0.0,0.0,0.0,0.0,0.0,0.0,0.0,0.010030329930073434,0.0,0.0008043294090493882,9.89901386388269e-06,0.00039656775488425424,0.004138344819963843,0.0,0.6539737341281509,0.49383915611086776,0.20339622641509433,0.09938725490196079,0.39068840712170516,0.05758506172065919,0.020202020202020204,0.6000000000000014,0.0,1.0,0.0,0.35000000000000003,0.0,0.0,0.0,0.0,0.0,0.0,0.0036354330375410375,0.0,0.0,0.0020586328684405893,0.0010825576210823542,0.03312156029362849,1,4
1618,0.6000000000000227,0.0,1.0,0.10231660231660232,0.0,0.6000000000000001,0.23529411764705882,0.0,0.0,0.0,0.0,0.0,0.0,0.0,0.0,0.0,0.009984248482243104,0.0,0.0008056549611320839,9.89901386388269e-06,0.010802765924527048,0.002483306055442469,0.0,0.6542412083170246,0.4941586622612115,0.2894339622641509,0.08700980392156864,0.3934668957701167,0.05338680368444139,0.020202020202020204,0.6000000000000014,0.0,1.0,0.0,0.45,1.1547888083734286e-05,0.0,0.000172187399975301,0.0007506735405157145,0.0,0.0003336334058398133,0.0037516246394727532,0.0,0.0,0.0008332817430126668,0.0012090619905863894,0.03312156029362849,0,4
10775,0.8000000000000114,0.0,0.0,0.10231660231660232,0.0,0.6000000000000001,0.0,0.0,0.0,0.0,0.0,0.0,0.0,0.0,0.0,0.0,0.009770786935533304,0.0,0.0008043294090493882,9.89901386388269e-06,0.0,0.024930288680277773,0.0,0.6534408303201727,0.4932215015924833,0.20339622641509433,0.2450980392156863,0.39068840712170516,0.1342189360235604,0.020202020202020204,0.5,0.0,1.0,0.0,0.85,0.0,0.0,0.0,0.0,0.0,0.0,0.0036354330375410375,0.0,0.0,0.0179073840330601,0.0010825576706504875,0.03312156029362849,1,2
3001,0.8000000000000114,1.0,0.0,0.06756756756756757,0.2962962962962963,0.6000000000000001,0.5,0.0,0.0,0.0,0.0,1.0,0.0,0.0,0.0,0.0,0.009770786935533304,0.0,0.0008043294090493882,9.89901386388269e-06,0.0012052478530392924,0.00040478478720544346,0.0,0.6540860642027099,0.49397740428537285,0.3920754716981132,0.22843137254901966,0.3967815839822567,0.1255717776803058,0.25252525252525254,0.5,0.0,0.0,0.0,0.55,0.0,0.00257758132921952,0.0,0.0,0.0,0.0,0.0036380284493922276,0.006672687434634595,0.0,0.00044389846820236986,0.0010863575637461709,0.03312156029362849,0,0
10023,0.6000000000000227,0.0,0.0,0.10231660231660232,0.0,0.8,0.5588235294117647,0.0,0.0,0.0,0.0,0.0,0.0,0.0,0.0,0.0,0.009770786935533304,0.0,0.0008043294090493882,9.89901386388269e-06,0.0,0.0,0.0,0.6540406469892903,0.493924010800053,0.580754716981132,0.2450980392156863,0.40287476084280827,0.13409361488815089,0.020202020202020204,0.14999999999999858,0.0,1.0,0.0,0.4,0.0,0.0,0.0,0.0,0.0,1.4816908188293269e-06,0.0036354330375410375,0.0,0.0,0.0009701197390024359,0.0011030292601185818,0.03312156029362849,1,2
2142,0.4000000000000341,1.0,0.0,0.03861003861003861,0.537037037037037,0.6000000000000001,0.5,0.0,0.0,0.0,0.0,1.0,0.0,0.0,0.0,0.0,0.009790321135168761,0.0,0.0008043294090493882,9.89901386388269e-06,0.00031053026567509065,7.138372658786202e-05,0.0,0.6541326460025401,0.4940317387071406,0.3920754716981132,0.19313725490196082,0.3967815839822567,0.10727489191052073,0.25252525252525254,0.0,0.0,1.0,0.0,0.55,2.1636166562528612e-05,0.0,0.0,0.0,0.0,0.0,0.0036354330375410375,0.0,0.0,6.955739597984345e-05,0.0010982787989313786,0.03312156029362849,0,0
11742,0.6000000000000227,0.0,0.0,0.10231660231660232,0.0,0.6000000000000001,0.029411764705882346,0.0,0.0,0.0,0.0,0.0,0.0,0.0,0.0,0.0,0.009770786935533304,0.0,0.0008043294090493882,9.89901386388269e-06,0.0,0.005835848176203956,0.0,0.6534774579708932,0.49447163426005847,0.4611320754716981,0.2450980392156863,0.39379592732058644,0.13390563318503665,0.020202020202020204,0.6000000000000014,0.0,1.0,0.0,0.35000000000000003,0.003934639062068174,0.0,0.0,0.0,0.00442620907652006,0.0,0.003710569621659048,0.0,0.0,0.014482366598942647,0.0013583430660276245,0.034760300636577084,1,2
4251,0.20000000000004547,0.0,0.0,0.06756756756756757,0.0,0.0,0.4411764705882353,0.0,0.0,0.0,0.0,0.0,0.0,0.0,0.0,0.0,0.009772261782655242,0.0,0.0008043294090493882,9.89901386388269e-06,0.0007559007980519377,0.0001737641121015361,0.0,0.6540708407556556,0.49395951678848427,0.40603773584905656,0.22500000000000003,0.3972324790699375,0.12387994235227774,0.24242424242424243,0.3999999999999986,0.0,1.0,0.0,0.55,0.0006056836749950157,0.0,0.0,0.0,0.0,0.0,0.0036354330375410375,0.0,0.0,0.0005809411200096598,0.001101192661645046,0.03312156029362849,0,2
7875,0.0,0.0,1.0,0.06756756756756757,0.0,0.6000000000000001,0.6176470588235294,0.0,0.0,0.0,0.0,0.0,0.0,0.0,0.0,0.0,0.009770786935533304,0.0,0.0008043294090493882,9.89901386388269e-06,0.00031812180884060505,0.0006740319049524433,0.0,0.6541005392000624,0.49399441567105556,0.580754716981132,0.2450980392156863,0.40287476084280827,0.1342189360235604,0.020202020202020204,0.6000000000000014,0.0,1.0,0.0,0.5,0.0,0.0,0.0,0.0,0.0,5.818346873939552e-06,0.0036354330375410375,0.0,0.0,0.00023023779471077275,0.0010868093772808322,0.03312156029362849,0,4
9145,0.6000000000000227,0.0,0.0,0.02316602316602317,0.0,0.8,0.029411764705882346,0.0,0.0,0.0,0.0,0.0,0.0,0.0,0.0,0.0,0.009770786935533304,0.0,0.0008043294090493882,9.89901386388269e-06,0.0007125205513918552,0.0006653063039143461,0.0,0.6540404100961797,0.4939239723707179,0.20339622641509433,0.2450980392156863,0.39068840712170516,0.1342189360235604,0.020202020202020204,0.8999999999999986,0.0,1.0,0.0,0.0,3.659207335175062e-06,0.0,0.0,0.0,0.0,0.0,0.003647718641385499,0.0,0.0,0.0011281651940827865,0.0010825576210823542,0.03312156029362849,1,2
5347,0.0,0.0,0.0,0.047972972972972976,0.0,0.0,0.7941176470588235,0.3333333333333333,0.0,0.0,0.0,0.0,0.0,0.0,0.0,0.0,0.009770786935533304,0.0,0.0008402284783948657,9.89901386388269e-06,0.02210838120825555,0.009196949696079006,0.0,0.6540748792033823,0.49395856614765876,0.580566037735849,0.24497549019607845,0.4026675928295495,0.13096058650291373,0.020202020202020204,0.6000000000000014,0.0,1.0,0.0,0.10000000000000002,8.626632209289334e-05,0.0,0.0,0.0,3.465251362431501e-05,0.0,0.0036530088053599442,0.0,0.0,0.0016996665645093046,0.0011724556267653523,0.03312156029362849,0,2
6955,0.4000000000000341,0.0,0.0,0.08687258687258688,0.0,0.6000000000000001,0.5294117647058824,0.0,0.0,0.0,0.0,1.0,0.0,0.0,0.0,0.0,0.009770786935533304,0.0,0.0031545956305904675,9.89901386388269e-06,0.0,0.0,0.0,0.6535626738895242,0.49375347111513873,0.5752830188679245,0.2450980392156863,0.40189985254512,0.12814086095620028,0.030303030303030304,0.7999999999999972,0.0,1.0,0.0,0.4,0.0,0.0,0.0034395138831131845,0.0,0.0,0.005398992233410393,0.004976490586686229,0.0,0.0,0.012315726622805515,0.00448336429249639,0.03312156029362849,0,1
4608,0.6000000000000227,1.0,0.0,0.06756756756756757,0.0,0.6000000000000001,0.0,0.0,0.0,0.0,0.0,0.0,0.0,0.0,0.0,0.0,0.009770786935533304,0.0,0.0008043294090493882,9.89901386388269e-06,0.0020164584655828354,0.0004635371675286314,0.0,0.6541144711655154,0.4940103300738992,0.27943396226415096,0.17303921568627453,0.3931439573965074,0.09461745723416255,0.24242424242424243,0.6000000000000014,0.0,0.0,1.0,0.35000000000000003,0.0,0.0,0.0,0.0,0.0,0.0,0.0036499865837232408,0.004683099867023567,0.0,4.313121354248476e-05,0.0010858138508924458,0.033122056335964635,0,3
9834,0.0,0.0,0.0,0.10810810810810811,0.0,0.8,0.5588235294117647,0.0,0.0,0.0,0.0,0.0,0.0,0.0,0.0,0.0,0.009770786935533304,0.0,0.0008043294090493882,9.89901386388269e-06,0.0002212392579664208,0.00410186349752837,0.0,0.6541433787513838,0.49404461098170765,0.41509433962264153,0.2450980392156863,0.397524951559244,0.1342189360235604,0.04040404040404041,0.6499999999999986,0.0,1.0,0.0,0.35000000000000003,0.00014105259889226764,0.0,0.0,0.0,0.00022220493944191517,0.0,0.003660469927295847,0.0,0.0,0.002361574642325586,0.001125032207495599,0.03312156029362849,1,2
3948,0.6000000000000227,1.0,0.0,0.03861003861003861,0.537037037037037,0.2,0.5,0.0,0.0,0.0,0.0,1.0,0.0,0.0,0.0,0.0,0.009770786935533304,0.0,0.0008043294090493882,9.89901386388269e-06,0.0009446048710232966,0.0005756403656276138,0.0,0.6541171575002571,0.4940131191120091,0.2926415094339623,0.07561274509803922,0.39357047977674603,0.047120746913967046,0.25252525252525254,0.29999999999999716,0.0,1.0,1.0,0.5,6.27360574848845e-05,0.0,0.0,0.0,0.0,0.0,0.0036377940377620975,0.0,0.0,0.00012161671956166818,0.001093291550771594,0.033121575174898575,0,0
8742,0.6000000000000227,0.0,0.0,0.5752895752895753,0.0,0.0,0.4411764705882353,0.0,0.0,0.0,0.0,0.0,0.0,0.0,0.0,0.0,0.010223685397651517,4.441201966900322e-06,0.0018772936437048558,9.89901386388269e-06,0.0,0.0,0.0,0.6542761071450165,0.49397857696235686,0.5164150943396226,0.2388480392156863,0.3988349845842626,0.09981828435365626,0.030303030303030304,0.6000000000000014,0.0,0.0,0.0,0.35000000000000003,0.0,0.0,0.0,0.0,0.0,0.0,0.00644133278986273,0.0,0.0,0.0,0.0016033002548777996,0.034317969764592594,0,2
11367,0.20000000000004547,0.0,1.0,0.20463320463320464,0.0,1.0,0.2647058823529412,0.0,0.0,0.0,0.0,0.0,0.0,0.0,0.0,0.0,0.009843852065910918,2.3460894911144206e-06,0.0008043294090493882,9.89901386388269e-06,0.0,0.0006464423854796027,0.0,0.6540003284445118,0.49387676833740407,0.580754716981132,0.2450980392156863,0.40271024506757336,0.13302838523717025,0.030303030303030304,0.6999999999999957,0.0,0.0,0.0,0.8,0.0,0.0,0.0,0.0,0.0,2.529716032147631e-07,0.0036500686474262513,0.0,0.0,0.001790968641100721,0.0011119812154171379,0.03312156029362849,1,4
156,0.6000000000000227,1.0,1.0,0.10424710424710425,0.0,0.6000000000000001,0.23529411764705882,0.0,0.0,0.0,0.0,0.0,0.0,0.0,0.0,0.0,0.009770786935533304,0.0,0.0008043294090493882,9.89901386388269e-06,0.00024943641829547445,0.00031594985854138696,0.0,0.654111649983926,0.49400743739303693,0.3920754716981132,0.1982843137254902,0.3967815839822567,0.11034525972805316,0.24242424242424243,0.7999999999999972,0.0,1.0,0.0,0.55,8.141906042811599e-05,0.0,0.0,0.0,0.0,0.0,0.0036390552273030995,0.0,0.0,0.00011780500496034538,0.0010873964622511595,0.03312156029362849,0,4
11787,0.20000000000004547,0.0,0.0,0.015444015444015444,0.0,0.4,0.5588235294117647,0.0,0.0,0.0,0.0,0.0,0.0,0.0,0.0,0.0,0.009770786935533304,0.0,0.0009069427349804229,9.89901386388269e-06,0.05747123528144381,0.0132113078803396,0.007609827916058772,0.6539716799501292,0.4938446949814023,0.580754716981132,0.24485294117647063,0.40276508365931835,0.13371765148192244,0.020202020202020204,0.75,0.0,1.0,0.0,0.4,0.0,0.0,0.0,0.0,0.0,1.4816908188293268e-05,0.0036751161387120713,0.0,0.0,0.001208748422231557,0.001125511977457419,0.03312156029362849,1,2
7085,1.0,1.0,0.0,0.06756756756756757,0.0,0.6000000000000001,0.20588235294117646,0.0,0.0,0.0,0.0,0.0,0.0,0.0,0.0,0.0,0.00977482019092799,0.0,0.0008043294090493882,9.89901386388269e-06,5.205629599209901e-05,0.0006576610153857277,0.0,0.6540960107314818,0.4939892323689147,0.580754716981132,0.2450980392156863,0.402838201781645,0.1342189360235604,0.24242424242424243,0.8999999999999986,0.0,0.0,0.0,0.5,0.0,0.05627176062955305,0.0,0.0,0.0,0.0,0.0036356949346219368,0.030872359229921483,0.0,0.0003139164420995436,0.001089028740879399,0.03312156029362849,0,3
6869,0.6000000000000227,1.0,0.0,0.03861003861003861,0.0,0.6000000000000001,0.029411764705882346,0.0,0.0,0.0,0.0,0.0,0.0,0.0,0.0,0.0,0.010382201364338935,0.0,0.0008043294090493882,9.89901386388269e-06,0.0012395905483118578,0.00028495319961557495,0.0,0.6541017826404035,0.4939895452380471,0.39301886792452834,0.1848039215686275,0.39681814304342,0.0990036969734946,0.25252525252525254,0.3500000000000014,0.0,1.0,0.0,0.55,0.0,0.0,0.0,0.0,0.0,0.0,0.003660072173558289,0.0,0.0,0.00043550757968402167,0.0011001907905356023,0.03312255237830077,0,3
2894,0.20000000000004547,0.0,0.0,0.05791505791505792,0.0,0.6000000000000001,0.0,0.0,0.0,0.0,0.0,0.0,0.0,0.0,0.0,0.0,0.009770786935533304,0.0,0.0008043294090493882,9.89901386388269e-06,0.07321248078616575,0.01682985618131965,9.517096726999535e-05,0.6537636692451952,0.493584921992149,0.2792452830188679,0.10367647058823531,0.39313786421964686,0.06172065918917226,0.030303030303030304,0.8999999999999986,0.0,1.0,0.0,0.05,8.64564107856297e-05,0.0,0.0018337756472779421,0.0026550461699387773,0.0,0.00038856438253787615,0.003876489079069989,0.0,0.0,0.0031584532317967605,0.0014688868435989912,0.033144616341412365,0,2
2328,0.6000000000000227,1.0,0.0,0.06756756756756757,0.0,0.6000000000000001,0.1764705882352941,0.0,0.0,0.0,0.0,0.0,0.0,0.0,0.0,0.0,0.009885840060504851,0.0,0.0009618205912040263,9.89901386388269e-06,0.00013556327081275783,0.0003036509161257833,0.0,0.6540950628277207,0.49399285443079416,0.580566037735849,0.24460784313725495,0.39180955166404663,0.055454602418697915,0.24242424242424243,0.0,0.0,0.0,1.0,0.6,0.0,0.0,0.0,0.0,0.0,0.0,0.003635720849475519,0.006816577249792179,0.0,0.0002140188211722583,0.0010867851384636683,0.033173545530456164,0,3
10908,0.8000000000000114,1.0,0.0,0.06756756756756757,0.0,0.6000000000000001,0.029411764705882346,0.0,0.0,0.0,0.0,0.0,0.0,0.0,0.0,0.0,0.009770786935533304,0.0,0.0008043294090493882,9.89901386388269e-06,0.003829752775974284,0.07901688237598947,0.0,0.6540170040628998,0.4938642027211679,0.20339622641509433,0.2450980392156863,0.39068840712170516,0.10389122125446458,0.030303030303030304,0.5,0.0,1.0,0.0,0.75,0.0,0.0,2.5102261471809104e-05,0.00010943659929063989,0.0,0.0,0.0036354330375410375,0.0,0.0,0.025388935590209473,0.0010825576210823542,0.03312156029362849,1,3
2177,0.20000000000004547,0.0,0.0,0.15830115830115832,0.0,0.2,0.5294117647058824,0.0,0.0,0.0,0.0,1.0,0.0,0.0,0.0,0.0,0.009770786935533304,0.0,0.0008043294090493882,9.89901386388269e-06,0.004228128041136042,0.001111641572253586,0.0,0.6541345126539874,0.4940333496338151,0.3918867924528302,0.21335784313725492,0.3967815839822567,0.11711260104016544,0.24242424242424243,0.3999999999999986,0.0,1.0,0.0,0.35000000000000003,0.0005115083055079128,0.0,0.0,0.0,0.0,0.0,0.0036354330375410375,0.0,0.0,0.00013773336519142226,0.0011009669283661816,0.03312284008285574,0,1
188,0.20000000000004547,1.0,0.0,0.10424710424710425,0.5,0.6000000000000001,0.5,0.0,0.0,0.0,0.0,1.0,0.0,0.0,0.0,0.0,0.01674204314334167,0.0002839750368221474,0.0008105673012032505,0.0006877385429542301,0.13158204867552878,0.03305698108331245,0.0,0.6526974451612113,0.49789777640188854,0.580754716981132,0.2263480392156863,0.39492316503978847,0.09486809950498154,0.030303030303030304,0.14999999999999858,1.0,1.0,0.0,0.25000000000000006,4.807886149853393e-05,0.0,0.02960978080886745,0.1290877206861543,0.00387774774751227,0.0,0.006578396057809856,0.0,0.0,0.00755312992932723,0.002652150752253473,0.03319250426854351,0,0
8943,0.6000000000000227,1.0,0.0,0.06756756756756757,0.2962962962962963,0.6000000000000001,0.5,0.0,0.0,0.0,0.0,1.0,0.0,0.0,0.0,0.0,0.009822978464297374,0.0,0.0008043294090493882,9.89901386388269e-06,0.00010013606937369046,0.00036763865707182956,0.0,0.6541153173543327,0.4940090646230657,0.2833962264150943,0.19313725490196082,0.39327191411057905,0.07932827871420517,0.24242424242424243,0.5,0.0,0.0,0.0,0.05,0.0,0.0051734553067498395,0.0,0.0,0.0,0.0,0.003636347517753053,0.004145926670877034,0.0,0.00011757476716563462,0.0010852876355897617,0.03312156029362849,0,0
10825,0.6000000000000227,0.0,0.0,0.03861003861003861,0.0,0.8,0.5588235294117647,0.0,0.0,0.0,0.0,0.0,0.0,0.0,0.0,0.0,0.009770786935533304,0.0,0.0008043294090493882,9.89901386388269e-06,0.0,0.0,0.0,0.653051719967664,0.49379512424448985,0.20339622641509433,0.2450980392156863,0.39068840712170516,0.1342189360235604,0.020202020202020204,0.29999999999999716,0.0,1.0,0.0,0.4,0.0,0.0,0.0,0.0,0.0,1.0841640137775562e-07,0.0036354330375410375,0.0,0.0,0.0001392938658000175,0.0012140215797278148,0.03312156029362849,1,2
651,0.20000000000004547,0.0,0.0,0.10424710424710425,0.0,0.6000000000000001,0.5588235294117647,0.0,0.0,0.0,0.0,0.0,0.0,0.0,0.0,0.0,0.009770786935533304,0.0,0.0008043294090493882,9.89901386388269e-06,0.0,0.0004612103405851388,0.0,0.6540955104397379,0.4939878058254138,0.3920754716981132,0.2192401960784314,0.3967815839822567,0.11874177580048878,0.25252525252525254,0.14999999999999858,0.0,1.0,0.0,0.55,0.0001147999926489987,0.0,0.0,0.0,0.0,0.0,0.0036354330375410375,0.0,0.0,0.00019805566740564473,0.001086109623943606,0.03312156029362849,0,2
1147,0.6000000000000227,1.0,0.0,0.03861003861003861,0.537037037037037,0.4,0.5,0.0,0.0,0.0,0.0,1.0,0.0,0.0,0.0,0.0,0.009770786935533304,0.0,0.0008043294090493882,9.89901386388269e-06,0.0,0.0,4.3757766487027116e-05,0.6541268701177899,0.49402526938088587,0.39622641509433965,0.1689950980392157,0.39691563387318884,0.09530672347891472,0.020202020202020204,0.6000000000000014,0.0,1.0,0.0,0.55,8.49900122988063e-05,0.0,0.0,0.0,9.844819814676668e-06,0.0,0.0036354330375410375,0.0,0.0,0.00021969802010845735,0.0011005873851698126,0.03312156029362849,0,0
7519,0.4000000000000341,0.0,1.0,0.02316602316602317,0.0,0.6000000000000001,0.2647058823529412,0.0,0.0,0.0,0.0,1.0,0.0,0.0,0.0,0.0,0.010169040806837693,0.0,0.0020939512329388775,9.89901386388269e-06,0.0,8.310096226759258e-08,0.00045784716704020615,0.6540926345905077,0.4940263566593474,0.580188679245283,0.2450980392156863,0.4009005715399896,0.11542076571213737,0.020202020202020204,0.0,0.0,1.0,0.0,0.4,0.0001503465781906993,0.0,1.1694226227830746e-05,5.098251211933424e-05,0.00019085490114494004,0.0,0.0037183703852365965,0.0,0.0,0.0007565613934195992,0.001584854217607227,0.033181566535031584,0,1
7910,0.4000000000000341,1.0,1.0,0.02316602316602317,0.0,0.6000000000000001,0.23529411764705882,0.0,0.0,0.0,0.0,0.0,0.0,0.0,0.0,0.0,0.009770786935533304,0.0,0.0008277215046263718,9.89901386388269e-06,0.0,0.0009161050080379406,0.0,0.6540627777756017,0.4939487348368431,0.580754716981132,0.24485294117647063,0.40287476084280827,0.13309104580487502,0.020202020202020204,0.7999999999999972,0.0,1.0,0.0,0.8,0.0,0.0,0.0,0.0,0.0,0.0,0.0036419855690043752,0.0,0.0,0.0009054996646202791,0.0011026773759405717,0.03312900092867062,0,4
11786,0.6000000000000227,0.0,0.0,0.06756756756756757,0.0,0.6000000000000001,0.5294117647058824,0.0,0.0,0.0,0.0,1.0,0.0,0.0,0.0,0.0,0.009770786935533304,0.0,0.0008043294090493882,9.89901386388269e-06,0.0,0.0,3.1970137542708678e-06,0.6540918119253419,0.49398409758866163,0.46226415094339623,0.2450980392156863,0.3990482457743819,0.13371765148192244,0.0,0.75,0.0,1.0,0.0,0.25000000000000006,6.712846406347127e-05,0.0,0.0,0.0,0.0,2.1502586273254863e-05,0.0036354330375410375,0.0,0.0,0.00023126107379837618,0.0010842253409258744,0.03312156029362849,1,1
596,0.0,1.0,0.0,0.0501930501930502,0.0,0.6000000000000001,0.5588235294117647,0.0,0.0,0.0,0.0,0.0,0.0,0.0,0.014109695876544693,0.0,0.010202149619779145,0.0,0.0008043294090493882,9.89901386388269e-06,0.00011206563720521315,2.4930288680277772e-05,0.0,0.6541067348660308,0.49400007720492245,0.521132075471698,0.24485294117647063,0.40094931695487396,0.13096058650291373,0.020202020202020204,0.3500000000000014,0.0,1.0,0.0,0.85,6.184671395815364e-06,0.0,2.0162459013501287e-07,8.790088296436938e-07,3.413601274373579e-05,0.0,0.0036375820071418794,0.0,0.0,8.656941081125055e-05,0.0010924626724472266,0.03312156029362849,0,3
2391,0.8000000000000114,1.0,0.0,0.10231660231660232,0.0,0.6000000000000001,0.029411764705882346,0.0,0.0,0.0,0.0,0.0,0.0,0.0,0.0,0.0,0.009781607497580988,0.0,0.0008043294090493882,9.89901386388269e-06,0.0009218302415267534,0.00021373567495224812,0.0,0.6541193428806169,0.494016450430737,0.3918867924528302,0.2041666666666667,0.39677549080539615,0.1132903064101761,0.24242424242424243,0.3999999999999986,0.0,0.0,0.0,0.55,0.0,0.0031871260125874443,0.0,0.0,0.0,0.0,0.003653326851290272,0.019459185920393172,0.0,0.00015569191317886253,0.0010940278358230326,0.03312156029362849,0,3
5079,0.6000000000000227,1.0,0.0,0.15830115830115832,0.0,0.6000000000000001,0.1764705882352941,0.0,0.0,0.0,0.0,0.0,0.0,0.0,0.0,0.0,0.009770786935533304,0.0,0.0009756843065159853,9.89901386388269e-06,0.0005827413134671084,0.00013387565021309164,2.857738825246204e-05,0.6541342088344316,0.49403477540096585,0.3283018867924528,0.24485294117647063,0.3946489720810637,0.13202581615389436,0.020202020202020204,0.0,0.0,1.0,0.0,0.35000000000000003,5.786164029257338e-05,0.0,0.0003485081040483697,0.0015193667620391248,3.1350038296975146e-05,0.0,0.003635528058670839,0.0,0.0,0.0015587866161235018,0.0011148122497801284,0.03312156029362849,0,3
4987,0.6000000000000227,0.0,1.0,0.03474903474903475,0.0,0.6000000000000001,0.2647058823529412,0.0,0.0,0.0,0.0,0.0,0.0,0.0,0.0,0.0,0.009808410586603136,0.0,0.0008043294090493882,9.89901386388269e-06,0.05898665189810269,0.013559667114165348,0.0,0.6545879456154142,0.494565093238561,0.39867924528301885,0.21495098039215688,0.39699484517237604,0.1188044363681935,0.020202020202020204,0.14999999999999858,0.0,1.0,0.0,0.10000000000000002,0.0012332139718909468,0.0,0.0,0.0,0.0,0.0003799633480285742,0.003687532494772334,0.0,0.0,0.0020262205033407506,0.0013376769712046194,0.03312156029362849,0,4
12436,0.20000000000004547,0.0,0.0,0.1274131274131274,0.0,0.6000000000000001,0.029411764705882346,0.0,0.0,0.0,0.0,0.0,0.0,0.0,0.0,0.0,0.009770786935533304,0.0,0.0008043294090493882,9.89901386388269e-06,0.0006810698725632953,0.00012747687611848701,0.0,0.6536791375003731,0.4935007035219564,0.2792452830188679,0.2450980392156863,0.39313786421964686,0.1342189360235604,0.020202020202020204,0.9499999999999957,0.0,1.0,0.0,0.8,0.0,0.0,4.0324918027002574e-07,0.0,0.0,1.445552018370075e-07,0.0036404012290921885,0.0,0.0001590605749486653,0.02563273183283099,0.0016292432740313586,0.03312156029362849,1,2
11417,0.8000000000000114,1.0,0.0,0.15830115830115832,0.0,0.6000000000000001,0.029411764705882346,0.0,0.0,0.0,0.0,0.0,0.0,0.0,0.0,0.0,0.009770786935533304,0.0,0.0008043294090493882,9.89901386388269e-06,0.0,0.0,0.0,0.654057311011512,0.49394167548443285,0.580754716981132,0.2450980392156863,0.40287476084280827,0.13378031204962718,0.020202020202020204,0.6000000000000014,0.0,1.0,0.0,0.45,2.791588230471216e-05,0.0,0.0,0.0,2.1239142271090997e-05,0.0,0.0036354330375410375,0.0,0.0,0.0007127906304473623,0.001164670505323728,0.03312156029362849,1,3
4326,0.8000000000000114,1.0,0.0,0.10231660231660232,0.4444444444444444,0.6000000000000001,0.5,0.0,0.0,0.0,0.0,1.0,0.0,0.0,0.0,0.0,0.011093664606069462,0.0,0.0008043294090493882,9.89901386388269e-06,0.023281816880410783,0.011926733205607155,0.0,0.6540435350973248,0.49415700164812393,0.580754716981132,0.24497549019607845,0.3970374974103999,0.10583369885331163,0.020202020202020204,0.5,1.0,1.0,0.0,0.10000000000000002,3.842507146027987e-05,0.0,0.0,0.0,3.772021582411887e-06,0.0,0.003733857651446353,0.0,0.0,0.00186518195692916,0.0011903416928344909,0.03312156029362849,0,0
6589,0.4000000000000341,1.0,0.0,0.08687258687258688,0.8888888888888888,0.4,0.5,0.0,0.0,0.0,0.0,1.0,0.0,0.0,0.0,0.0,0.009770786935533304,0.00041643634069488204,0.001072449608552774,9.89901386388269e-06,0.0,0.0,0.0,0.6530544785299556,0.49367858437440515,0.580754716981132,0.2442401960784314,0.40225934997989254,0.13359233034651294,0.030303030303030304,0.3999999999999986,0.0,1.0,0.0,0.85,0.0,0.0,0.00457052702147554,0.0,0.0,0.002338867026922322,0.00537762935383067,0.0,0.0,0.0,0.003911128249577376,0.03315476040718647,0,0
1954,1.0,0.0,0.0,0.08687258687258688,0.0,0.2,0.5294117647058824,0.0,0.0,0.0,0.0,1.0,0.0,0.0,0.0,0.0,0.009770786935533304,0.0,0.010017883257068604,9.89901386388269e-06,0.00840203077394698,0.05697975369705793,0.0,0.6534651686852194,0.49334131144962967,0.5724528301886792,0.2450980392156863,0.4022959090410559,0.13215113728930386,0.020202020202020204,0.8999999999999986,0.0,1.0,0.0,0.4,0.0,0.0,0.0026795908028943213,0.005109678326718792,0.0,0.00022738533248961278,0.0038210171570293326,0.0,0.0160805954825462,0.013067273948695857,0.002426175828739473,0.03312156029362849,0,1
3391,0.20000000000004547,1.0,1.0,0.0694980694980695,0.0,0.6000000000000001,0.2647058823529412,0.0,0.0,0.0,0.0,0.0,0.0,0.0,0.0,0.0,0.014135596992907114,0.0,0.0008244622059759788,0.0001464305046715653,0.0,0.0016905228754096357,0.000467133730802612,0.6538103206220229,0.49495738454963456,0.580377358490566,0.241421568627451,0.3965317637309741,0.1307726047997995,0.030303030303030304,0.3500000000000014,0.0,1.0,0.0,0.2,0.0011404710564812501,0.0,0.0,0.0,0.002122255163674512,0.0,0.004351418428543351,0.0,0.0,0.0023955475080340203,0.0014387215612862436,0.033127964200188084,0,4
496,0.4000000000000341,0.0,0.0,0.06756756756756757,0.0,0.4,0.0,0.0,0.0,0.0,0.0,0.0,0.0,0.0,0.0,0.0,0.009770786935533304,0.0,0.0008043294090493882,9.89901386388269e-06,0.0,0.0,0.0,0.654103426645459,0.4939978028869981,0.41301886792452824,0.16740196078431374,0.39745792661377793,0.09449213609875307,0.25252525252525254,0.5,0.0,1.0,0.0,0.5,3.8635526798666564e-05,0.0,0.0,0.0,0.0,0.0,0.0036354330375410375,0.0,0.0,4.6047558942154547e-07,0.0010825596038076847,0.03312156029362849,0,2
3535,0.0,0.0,0.0,0.0,0.0,0.0,0.7941176470588235,0.3333333333333333,0.0,0.0,0.0,0.0,0.0,0.0,0.0,0.0,0.009770786935533304,0.0,0.0008043294090493882,9.89901386388269e-06,0.0029856454763801787,0.0006863308473680471,0.0,0.6540583907802495,0.49404276520909624,0.580754716981132,0.2450980392156863,0.39730559719226416,0.13290306410176078,0.020202020202020204,0.5,0.0,1.0,0.0,0.10000000000000002,9.159559437139506e-05,0.0,0.0,0.0,3.133438675513941e-05,0.0,0.003635553188225828,0.0,0.0,0.000688845899797442,0.001113399557982229,0.03312156029362849,0,2
3570,0.6000000000000227,1.0,0.0,0.06756756756756757,0.0,0.6000000000000001,0.5588235294117647,0.0,0.0,0.0,0.0,0.0,0.0,0.0,0.0,0.0,0.010005152182777503,0.0,0.0008043294090493882,9.89901386388269e-06,0.0,0.0,0.0,0.6540952264993243,0.49399283230481333,0.580754716981132,0.2382352941176471,0.4005106082209143,0.12450654802932516,0.24242424242424243,0.3999999999999986,0.0,0.0,1.0,0.25000000000000006,0.0,0.0026471774969307246,0.0,0.0,0.0,0.0,0.0036354330375410375,0.008081232018117605,0.0,0.0001145305118800144,0.0010876250704817529,0.03312156029362849,0,3
7596,0.8000000000000114,0.0,0.0,0.23938223938223938,0.0,0.6000000000000001,0.029411764705882346,0.0,0.0,0.0,0.0,0.0,1.0,0.0,0.0,0.0,0.009770786935533304,0.0,0.0008043294090493882,9.89901386388269e-06,0.0,0.00010021976049471665,0.0,0.6541187262958914,0.49401522185653823,0.3966037735849056,0.19705882352941176,0.39692782022691,0.10815213985838713,0.24242424242424243,0.6999999999999957,0.0,0.0,0.0,0.55,0.0,0.0,0.0,0.0,0.0,0.0,0.00364436384579449,0.009433626362406002,0.0,3.883344137455034e-05,0.0010897718663332274,0.03312156029362849,0,2
11745,0.6000000000000227,0.0,0.0,0.10231660231660232,0.0,0.6000000000000001,0.0,0.0,0.0,0.0,0.0,0.0,0.0,0.0,0.0,0.0,0.009770786935533304,0.0,0.0008121267742417161,9.89901386388269e-06,0.0,0.02101598405458736,0.0,0.6531723618428728,0.4942760654327237,0.579622641509434,0.2450980392156863,0.39353392071558274,0.13108590763832323,0.020202020202020204,0.6000000000000014,0.0,1.0,0.0,0.35000000000000003,0.0011342252851484838,0.0,0.002117461445597905,0.009231350728918073,0.0015369188021017329,0.0,0.0037711601199314922,0.0,0.0,0.02086501874391469,0.001374122486433229,0.03771332003040383,1,2
1173,0.20000000000004547,0.0,1.0,0.03861003861003861,0.0,0.6000000000000001,0.23529411764705882,0.0,0.0,0.0,0.0,0.0,0.0,0.0,0.0,0.0,0.009770786935533304,4.004720201111592e-06,0.0008043294090493882,9.89901386388269e-06,0.0,0.0,0.0,0.6541032086375334,0.4939975474677808,0.580754716981132,0.2450980392156863,0.40287476084280827,0.1342189360235604,0.020202020202020204,0.9499999999999957,0.0,1.0,0.0,0.25000000000000006,0.00015313680864479382,0.0,0.0,0.0,0.0002107010561926507,0.0,0.0036354330375410375,0.0,0.0,2.0721401523969548e-06,0.0011075941877829942,0.03312156029362849,0,4
897,0.20000000000004547,0.0,0.0,0.015444015444015444,0.0,0.0,0.4411764705882353,0.0,0.0,0.0,0.0,0.0,0.0,0.0,0.0,0.0,0.009770786935533304,0.0,0.0008445950029025693,9.89901386388269e-06,0.0005046568694789599,0.0004755037060951647,0.0,0.6540803595515524,0.49397414322633854,0.580754716981132,0.24387254901960786,0.4012113235598777,0.13146187104455168,0.24242424242424243,0.14999999999999858,0.0,1.0,0.0,0.10000000000000002,0.0,0.0,0.0,0.0,0.0,0.0,0.0036354330375410375,0.0,0.0,0.00023967754429391443,0.0010873015888441004,0.03312156029362849,0,2
7341,0.0,0.0,0.0,0.02316602316602317,0.0,0.6000000000000001,0.029411764705882346,0.0,0.0,0.0,0.0,0.0,0.0,0.0,0.0,0.0,0.009770786935533304,0.0,0.0008043294090493882,9.89901386388269e-06,0.0,0.00042556002777234157,0.0,0.654086611541757,0.49397810222420674,0.5809433962264151,0.23995098039215687,0.40288085401966883,0.13158719217996115,0.25252525252525254,0.9499999999999957,0.0,1.0,0.0,0.75,0.00011378166036648244,0.0,0.0,0.0,0.0,0.0,0.0036354330375410375,0.0,0.0,0.0003854948142774038,0.0010827419649699467,0.03312156029362849,0,2
7230,0.0,0.0,1.0,0.08687258687258688,0.0,0.4,0.2941176470588235,0.0,0.0,0.0,0.0,0.0,0.0,0.0,0.0,0.0,0.011411539309228261,0.0,0.0014736240476980425,9.89901386388269e-06,0.0,0.0011237743127446543,0.0,0.6531318183324689,0.4952061519983878,0.580754716981132,0.24497549019607845,0.3940274680412874,0.059088915345573034,0.030303030303030304,0.6499999999999986,1.0,1.0,0.0,0.25000000000000006,0.0,0.0,2.1271394259243857e-05,0.0,0.0,0.0024051817257650493,0.005106038547094508,0.0,0.0,0.0003810179682691388,0.0028043674508188765,0.03312819734008607,0,4
2522,0.6000000000000227,0.0,0.0,0.05791505791505792,0.0,0.6000000000000001,0.029411764705882346,0.0,0.0,0.0,0.0,0.0,0.0,0.0,0.0,0.0,0.010661835388550355,0.0,0.0008406027519240974,9.89901386388269e-06,0.03615020555006876,0.016296680407410776,0.0,0.6537474104261543,0.49470333791949017,0.580754716981132,0.24497549019607845,0.3967084658599301,0.12594774108653425,0.020202020202020204,0.44999999999999574,1.0,1.0,0.0,0.10000000000000002,2.9205769862566077e-05,0.0,0.004910970141918509,0.02241604366915866,0.00027318201120090074,0.0,0.0041978898049883865,0.0,0.0,0.003552185442729372,0.0014254779474419355,0.03312156029362849,0,2
5570,1.0,0.0,0.0,0.03474903474903475,0.0,0.4,0.029411764705882346,0.0,0.0,0.0,0.0,0.0,0.0,0.0,0.0,0.0,0.011582380784006157,0.0,0.0008043294090493882,9.89901386388269e-06,0.028920164440055005,0.021883142595849687,0.0,0.6534051678018036,0.49229950032602476,0.580754716981132,0.24473039215686276,0.39450273583641043,0.051820289491822796,0.030303030303030304,1.0,1.0,1.0,0.0,0.6,0.0,0.0,0.0,0.0,0.0,0.009943771640365449,0.005658673585034192,0.0,0.0,0.012542331776755296,0.0021546124486808583,0.033397756666392324,0,2
7449,0.4000000000000341,1.0,0.0,0.05791505791505792,0.7037037037037037,0.6000000000000001,0.5,0.0,0.0,0.0,0.0,1.0,0.0,0.0,0.0,0.0,0.009770786935533304,2.9462519190739237e-07,0.0008043294090493882,9.89901386388269e-06,0.0,0.004439170303372528,0.00010223919495800918,0.6532369047789496,0.49543783159096316,0.580754716981132,0.23811274509803923,0.3936862501370965,0.0870355285418886,0.020202020202020204,0.0,1.0,1.0,0.0,0.25000000000000006,0.000660130507700218,0.0,0.0,0.0,0.0,0.005900490367383431,0.004389077422589894,0.0,0.0,0.0020087735948971118,0.0017409853612242769,0.033284708617985576,0,0
9062,0.20000000000004547,0.0,0.0,0.10424710424710425,0.0,0.6000000000000001,0.5588235294117647,0.0,0.00224514,0.002456628171314675,0.0,0.0,0.0,0.0,0.0,0.0,0.009770786935533304,0.0,0.0008043294090493882,9.89901386388269e-06,0.0,0.0,0.0,0.6540941692602812,0.4939839764780297,0.580754716981132,0.2450980392156863,0.39068840712170516,0.12062159283163107,0.020202020202020204,0.9499999999999957,0.0,0.0,0.0,0.6,0.0,0.0,2.0162459013501287e-07,0.0,0.0,7.227760091850375e-08,0.0036354330375410375,0.0,0.00014407084188911706,0.0,0.0010827839491788177,0.03314043470451869,1,2
1914,0.6000000000000227,1.0,1.0,0.03861003861003861,0.0,0.6000000000000001,0.32352941176470584,0.0,0.0,0.0,0.0,0.0,0.0,0.0,0.0,0.0,0.010299971112560709,0.0,0.001002382484934516,9.89901386388269e-06,0.0,0.0,0.0,0.6541498523940232,0.4941015601509644,0.5049056603773585,0.2450980392156863,0.3997916133513692,0.13202581615389436,0.020202020202020204,0.14999999999999858,0.0,1.0,0.0,0.35000000000000003,7.347606862448923e-05,0.0,7.500434753022479e-05,0.0003269912846274541,0.00013765531044528028,0.0,0.0038100642048978727,0.0,0.0,0.001677819555988971,0.0012312091812311922,0.03318455767031852,0,4
10744,0.8000000000000114,0.0,0.0,0.02316602316602317,0.0,0.6000000000000001,0.0,0.0,0.0,0.0,0.0,0.0,0.0,0.0,0.0,0.0,0.009770786935533304,0.0,0.0008043294090493882,9.89901386388269e-06,0.0,0.0,0.0,0.6534408303201727,0.4932215015924833,0.20339622641509433,0.2450980392156863,0.39068840712170516,0.1342189360235604,0.25252525252525254,0.5,0.0,0.0,0.0,0.85,0.0,0.0,0.0,0.0,0.0,0.0,0.0036354330375410375,0.0,0.0,0.010232790876034344,0.0010825576706504875,0.03312156029362849,1,2
8466,0.6000000000000227,0.0,0.0,0.05791505791505792,0.0,0.4,0.0,0.0,0.0,0.0,0.0,0.0,0.0,0.0,0.0,0.0,0.009770786935533304,0.0,0.0014091242428271064,9.89901386388269e-06,0.004360437793449293,0.0033971673374991844,0.0,0.6539443179675625,0.4941133963861834,0.5784905660377359,0.2450980392156863,0.4014123983962759,0.13340434864339873,0.020202020202020204,0.3999999999999986,0.0,1.0,0.0,0.4,1.8778047289599668e-05,0.0,0.00018236944177711913,0.000795063486412721,0.00018564293771364062,0.0,0.003753393524554389,0.0,0.0,0.0033846234921343097,0.0014995843389585474,0.03312156029362849,0,2
2760,0.0,0.0,0.0,0.012162162162162163,0.0,0.0,0.7941176470588235,0.3333333333333333,0.0,0.0,0.0,0.0,0.0,0.0,0.0,0.0,0.009984940757422789,0.0,0.0008043294090493882,9.89901386388269e-06,0.0,0.0,5.247887203439186e-05,0.6541252933704989,0.49402269810900834,0.3920754716981132,0.18333333333333338,0.3967815839822567,0.10157278024938907,0.24242424242424243,0.29999999999999716,0.0,1.0,0.0,0.55,0.0003873464447416481,0.0,0.0,0.0,0.0,0.0,0.0036354330375410375,0.0,0.0,9.401376617356553e-05,0.001094786426534438,0.03312156029362849,0,2
1307,0.0,1.0,0.0,0.04247104247104247,0.0,0.4,0.5294117647058824,0.0,0.0,0.0,0.0,1.0,0.0,0.0,0.0,0.0,0.009770786935533304,0.0,0.0014364306157306386,9.89901386388269e-06,0.0,0.0,0.0,0.6539953599842518,0.4938864847483894,0.580754716981132,0.2450980392156863,0.39608696182015385,0.13384297261733194,0.020202020202020204,0.14999999999999858,0.0,0.0,0.0,0.8,0.0,0.0,0.0,0.0,0.0,0.0,0.0036422989031431423,0.0,0.0,0.0004915065277531196,0.0010864836650771833,0.03312156029362849,0,0
759,0.0,0.0,0.0,0.06756756756756757,0.0,0.0,0.4411764705882353,0.0,0.0,0.0,0.0,0.0,0.0,0.0,0.0,0.0,0.009770786935533304,0.0,0.0008043294090493882,9.89901386388269e-06,0.004091480264156782,0.0009405366909446128,0.0,0.654171281777936,0.4940749445369009,0.28150943396226413,0.06703431372549021,0.3932109823419735,0.043110470580863466,0.020202020202020204,0.6000000000000014,0.0,1.0,0.0,0.45,0.0,0.0,0.0,0.0,0.0,1.5250573793804291e-05,0.0036895550312996384,0.0,0.0,0.0005948065516466864,0.0012207366243086304,0.03312156029362849,0,2
6299,0.8000000000000114,1.0,0.0,0.10424710424710425,0.2962962962962963,0.6000000000000001,0.5,0.0,0.0,0.0,0.0,1.0,0.0,0.0,0.0,0.0,0.010284996899434915,0.0,0.0008043294090493882,2.5182767375603406e-05,0.10372542328275679,0.02384407600247807,0.0,0.6545897711833012,0.49455897404624855,0.390188679245283,0.23321078431372552,0.3967206522136512,0.12751425527915283,0.020202020202020204,0.29999999999999716,0.0,1.0,0.0,0.35000000000000003,0.0009407217848247457,0.0,0.00030626775241508454,0.0013352144122287708,0.0005987027783004959,0.0,0.0039717344116199215,0.0,0.0,0.007487742395629371,0.0014239636409708537,0.03312156029362849,0,0
5755,0.20000000000004547,0.0,0.0,0.06756756756756757,0.0,0.6000000000000001,0.0,0.0,0.0,0.0,0.0,0.0,0.0,0.0,0.0,0.0,0.009770786935533304,0.0,0.0008043294090493882,9.89901386388269e-06,0.0,9.257447196609813e-05,0.0,0.6540883516293327,0.494013118723834,0.580754716981132,0.24436274509803926,0.39676939762853564,0.13240177956012283,0.25252525252525254,0.6499999999999986,0.0,1.0,0.0,0.8,0.0,0.0,0.0,0.0,0.0,0.0,0.0036354330375410375,0.0,0.0,0.0001315681086886116,0.0010924279251858114,0.033167459090991704,0,2
1821,0.20000000000004547,0.0,0.0,0.03474903474903475,0.0,0.6000000000000001,0.5294117647058824,0.0,0.0,0.0,0.0,1.0,0.0,0.0,0.0,0.0,0.009770786935533304,0.0,0.0008387781684690927,9.89901386388269e-06,0.0,0.00254712759446398,0.0,0.6540753543148795,0.49472731083745736,0.5784905660377359,0.23872549019607847,0.39404574757186905,0.12137351964408799,0.020202020202020204,0.5,0.0,1.0,0.0,0.10000000000000002,1.0278367171530693e-05,0.0,0.0,0.0,0.0005383191298982342,0.0,0.004258852534794104,0.0,0.0,0.0005531590927812265,0.0012300616293780984,0.033125657603325025,0,1
3923,0.8000000000000114,1.0,0.0,0.10231660231660232,0.0,0.6000000000000001,0.1764705882352941,0.0,0.0,0.0,0.0,0.0,0.0,0.0,0.0,0.0,0.009770786935533304,0.0,0.0008043294090493882,9.89901386388269e-06,0.001533130217378416,0.0003524311809768601,0.0,0.6540993272350296,0.4939928299757627,0.580754716981132,0.2450980392156863,0.40287476084280827,0.13384297261733194,0.24242424242424243,0.5,0.0,0.0,0.0,0.5,0.0,0.013227897592287987,0.0,0.0,0.0,0.0,0.0036444404124073466,0.018596233207158776,0.0,6.382703308926422e-05,0.0010909618485083915,0.03312156029362849,0,3
10056,0.6000000000000227,0.0,0.0,0.13706563706563707,0.0,0.8,0.1176470588235294,0.0,0.0,0.0,0.0,0.0,0.0,0.0,0.0,0.0,0.009770786935533304,0.0,0.0008043294090493882,9.89901386388269e-06,0.0002067791757463933,7.213163524827036e-05,1.7529204666274282e-05,0.6541655585729126,0.4940675645518562,0.5322641509433962,0.2450980392156863,0.4013088143896465,0.13346700921110347,0.020202020202020204,0.14999999999999858,0.0,1.0,0.0,0.35000000000000003,4.636806326390662e-06,0.0,0.0,0.0,0.0,0.0,0.0036485200386000647,0.0,0.0,3.898693323769085e-05,0.0011685623968747411,0.03312156029362849,1,2
3408,0.8000000000000114,0.0,0.0,0.03474903474903475,0.0,0.6000000000000001,0.5588235294117647,0.0,0.0,0.0,0.0,0.0,0.0,0.0,0.0,0.0,0.009770786935533304,0.0,0.0008043294090493882,9.89901386388269e-06,0.0,0.0,2.8512143073803453e-05,0.6541080008360664,0.4940031620324603,0.3920754716981132,0.1552696078431373,0.3967815839822567,0.08828873989598347,0.24242424242424243,0.0,0.0,1.0,0.0,0.55,0.0,0.0,0.0,0.0,0.0,0.0,0.003645100063225803,0.0,0.0,5.1419774152072576e-05,0.0010875341625253547,0.03312156029362849,0,2
11628,0.20000000000004547,0.0,0.0,0.03474903474903475,0.0,0.6000000000000001,0.029411764705882346,0.0,0.0,0.0,0.0,0.0,0.0,0.0,0.0,0.0,0.009770786935533304,0.0,0.0008043294090493882,9.89901386388269e-06,0.0,0.0007765784923906527,0.0,0.6540794325208904,0.4939658642277569,0.20339622641509433,0.2450980392156863,0.39068840712170516,0.11924306034212671,0.020202020202020204,0.6000000000000014,0.0,1.0,0.0,0.75,0.0,0.0,5.040614753375321e-07,0.0,0.0,1.8069400229625938e-07,0.0036354330375410375,0.0,0.0,0.0003151699589818578,0.0010825576210823542,0.03312156029362849,1,2
5900,0.8000000000000114,0.0,0.0,0.0637065637065637,0.0,0.6000000000000001,0.5294117647058824,0.0,0.0,0.0,0.0,1.0,0.0,0.0,0.0,0.0,0.009770786935533304,0.0026152132358556067,0.0008043294090493882,9.89901386388269e-06,0.0,0.0014064837863790043,0.0,0.653876367746522,0.4936910696383952,0.580754716981132,0.2450980392156863,0.40278945636676056,0.12789021868538128,0.020202020202020204,0.9499999999999957,0.0,1.0,0.0,0.45,2.206386612118544e-06,0.0,0.0,0.0,0.0,1.7310485419981648e-05,0.003677804215797283,0.0,0.0,0.003939829143090743,0.0011715717278130665,0.03312156029362849,0,1
5583,0.0,0.0,0.0,0.10231660231660232,0.0,0.6000000000000001,0.0,0.0,0.0,0.0,0.0,0.0,0.0,0.0,0.0,0.0,0.009770786935533304,0.0,0.0008043294090493882,9.89901386388269e-06,0.0,2.9750144491798143e-05,0.0,0.6541029806900368,0.4939972804033104,0.3924528301886792,0.13615196078431374,0.3967876771591173,0.0785136913340435,0.24242424242424243,0.0,0.0,0.0,0.0,0.5,0.0,0.0,0.0,0.0,0.0,0.0,0.0036354330375410375,0.002720004090394316,0.0,2.2588885858845813e-05,0.0010843611080428727,0.03312156029362849,0,2
3452,0.4000000000000341,1.0,0.0,0.10231660231660232,0.0,0.6000000000000001,0.029411764705882346,0.0,0.0,0.0,0.0,0.0,0.0,0.0,0.0,0.0,0.010736224871445628,0.0,0.0009134925217419783,1.673115533435387e-05,0.017913872858281072,0.004117985084208283,0.0,0.6533743849501927,0.4946841407198065,0.5792452830188679,0.2425245098039216,0.3935400138924433,0.13171251331537065,0.020202020202020204,0.3999999999999986,0.0,1.0,0.0,0.2,1.652413850429703e-05,0.0,0.0,0.0,0.0006892156447365454,0.0,0.004059841772605135,0.0,0.0,0.0024558186462938624,0.0013542346608705334,0.03315628325715843,0,3
3775,0.0,0.0,0.0,0.015444015444015444,0.0,0.8,0.5588235294117647,0.0,0.0,0.0,0.0,0.0,0.0,0.0,0.0,0.0,0.009770786935533304,0.0,0.0008043294090493882,9.89901386388269e-06,0.0,0.0,0.0,0.6540762740565227,0.4939628267575815,0.580754716981132,0.2450980392156863,0.40287476084280827,0.12669966789899118,0.24242424242424243,0.5,0.0,0.0,0.0,0.5,0.0,0.0,0.0,0.0,0.0,0.0,0.0036354330375410375,0.008087797039206384,0.0,0.0004199537375524495,0.001085248922877686,0.03312156029362849,0,2
12189,0.20000000000004547,0.0,1.0,0.02316602316602317,0.0,0.2,0.23529411764705882,0.0,0.0,0.0,0.0,0.0,0.0,0.0,0.0,0.0,0.009770786935533304,0.0,0.0008043294090493882,9.89901386388269e-06,0.0,2.4930288680277773e-07,0.0,0.6540757913246876,0.4939654252017162,0.20339622641509433,0.24411764705882358,0.39068840712170516,0.13371765148192244,0.020202020202020204,0.7999999999999972,0.0,1.0,0.0,0.55,0.0,0.0,0.0,0.0,0.0,0.0,0.0036354330375410375,0.0,0.00022040554414784396,2.558197719008586e-07,0.0010825576210823542,0.03312156029362849,1,4
5504,0.6000000000000227,0.0,0.0,0.15830115830115832,0.0,0.6000000000000001,0.0,0.0,0.0,0.0,0.0,0.0,0.0,0.0,0.0,0.0,0.009770786935533304,0.0,0.0008043294090493882,9.89901386388269e-06,0.004156550634146905,0.0009702037344741433,0.0,0.6540481546786402,0.4939329757040404,0.580754716981132,0.20012254901960785,0.40287476084280827,0.11109718654051007,0.25252525252525254,1.0,0.0,1.0,1.0,0.35000000000000003,0.0002705776763464513,0.0,0.0,0.0,0.0,0.0,0.0036354330375410375,0.0,0.0,0.0006160395927144576,0.0010879835472214865,0.03312156029362849,0,2
6034,0.6000000000000227,0.0,0.0,0.03474903474903475,0.0,0.6000000000000001,0.029411764705882346,0.0,0.0,0.0,0.0,0.0,0.0,0.0,0.0,0.0,0.009770786935533304,0.0,0.0008043294090493882,9.89901386388269e-06,0.006770571997472378,0.0015249026576103237,0.0,0.6541465859196499,0.4940386882059969,0.37566037735849056,0.23223039215686275,0.39625147759538876,0.12143618021179274,0.020202020202020204,0.9499999999999957,0.0,1.0,0.0,0.35000000000000003,0.0,0.0,0.0,0.0,0.0,0.0,0.0036798813305768284,0.0,0.0,0.0008371190395911796,0.0011139525400768733,0.03312156029362849,0,2
1256,0.6000000000000227,1.0,1.0,0.05791505791505792,0.0,0.6000000000000001,0.32352941176470584,0.0,0.0,0.0,0.0,0.0,0.0,0.0,0.0,0.0,0.016947829465233225,0.0,0.0008043294090493882,9.89901386388269e-06,0.0,0.011403778850057195,0.0,0.6542770696268153,0.49459718250974194,0.40679245283018867,0.13725490196078433,0.39725685177737974,0.08277460993796605,0.020202020202020204,0.6000000000000014,0.0,1.0,0.0,0.5,1.1955220996740786e-05,0.0,0.0038047568281427604,0.008851179410097176,0.00011286326817747767,0.0,0.004116593731353035,0.0,0.0,0.004288741729986324,0.00223328525490588,0.03312156029362849,0,4
7717,0.6000000000000227,1.0,0.0,0.06756756756756757,0.0,0.6000000000000001,0.029411764705882346,0.0,0.0,0.0,0.0,0.0,0.0,0.0,0.0,0.0,0.009770786935533304,0.0,0.0008043294090493882,9.89901386388269e-06,5.82018309356107e-05,6.664697173860924e-05,0.0,0.6540997887624465,0.493993540724375,0.5809433962264151,0.2450980392156863,0.40288085401966883,0.1342189360235604,0.25252525252525254,0.6000000000000014,0.0,0.0,0.0,0.45,0.0,0.0,0.0,0.0,0.0,0.0,0.0036354330375410375,0.0005151610666135698,0.0,7.321561871802573e-05,0.0010827443442403433,0.03312156029362849,0,3
8248,0.20000000000004547,1.0,0.0,0.06756756756756757,0.0,0.6000000000000001,0.5588235294117647,0.0,0.0,0.0,0.0,0.0,0.0,0.0,0.0,0.0,0.009770786935533304,0.0,0.0008043294090493882,9.89901386388269e-06,0.0,0.0001309671165337259,0.0,0.6541090789482087,0.4940044251542432,0.3567924528301887,0.2450980392156863,0.3956421599093336,0.1342189360235604,0.24242424242424243,0.0,0.0,0.0,0.0,0.35000000000000003,0.0,4.751883354299792e-05,0.0,0.0,0.0,0.0,0.0036354330375410375,0.0012651181815787516,0.0,5.5154742821825115e-05,0.0010843484681688914,0.03312156029362849,0,3
20,1.0,1.0,0.0,0.05791505791505792,0.0,0.2,0.1764705882352941,0.0,0.0,0.0,0.0,0.0,0.0,0.0,0.0,0.0,0.016238864433933735,0.0,0.0010989606502066888,0.0011139730754920257,0.0,0.005704964160632498,0.0,0.6520207412713833,0.4933490963013061,0.5424528301886792,0.2439950980392157,0.3974396470831963,0.1319004950184849,0.020202020202020204,0.6999999999999957,0.0,1.0,0.0,0.2,0.00016801124885141452,0.0,0.0014711538219201214,0.006413687925495212,0.001356941722532628,0.0,0.005234424658233851,0.0,0.0,0.025821168676813163,0.0017742502380460156,0.03318827798783958,0,3
2120,0.8000000000000114,1.0,0.0,0.03861003861003861,0.0,0.2,0.1764705882352941,0.0,0.0,0.0,0.0,0.0,0.0,0.0,0.0,0.0,0.009830819233180329,0.0,0.0009962849453541156,9.89901386388269e-06,0.0,0.0,6.942087009273885e-05,0.6542194085184299,0.49412070688788484,0.38754716981132076,0.24485294117647063,0.3966353477376035,0.12525847484178207,0.24242424242424243,0.14999999999999858,0.0,1.0,0.0,0.35000000000000003,0.0003723769601886592,0.0,0.0,0.0,0.0,0.0,0.0037337551699799143,0.0,0.0,0.0003627780185326076,0.001126254855070581,0.0331826181447842,0,3
1802,0.20000000000004547,1.0,0.0,0.06756756756756757,0.0,0.6000000000000001,0.0,0.0,0.0,0.0,0.0,0.0,0.0,0.0,0.0,0.0,0.009770786935533304,0.0,0.0008043294090493882,9.89901386388269e-06,0.00014821584275528192,0.0006329800295922527,0.0,0.6541005292604913,0.49399440092040164,0.3920754716981132,0.15122549019607845,0.3967815839822567,0.08622094116172693,0.24242424242424243,0.7999999999999972,0.0,0.0,0.0,0.55,0.0,5.424716395616577e-05,0.0,0.0,0.0,0.0,0.0036354330375410375,0.006053644563733881,0.0,0.000252954590455569,0.0010862520827585943,0.03312156029362849,0,3
7488,1.0,0.0,0.0,0.03861003861003861,0.0,0.6000000000000001,0.0,0.0,0.0,0.0,0.0,0.0,0.0,0.0,0.0,0.0,0.009770786935533304,0.0,0.0008043294090493882,9.89901386388269e-06,0.005157549825828309,0.0011856014286717434,0.0,0.6541550531089273,0.4940582887196119,0.2788679245283019,0.08811274509803924,0.3931256778659258,0.05395074879378409,0.020202020202020204,0.6499999999999986,0.0,1.0,0.0,0.45,0.00015932826892249262,0.0,0.00022944878357364465,0.0,5.978888981250376e-06,0.0,0.003663345690744881,0.0,0.0,0.001285366443915864,0.0011818172626852992,0.03312156029362849,0,2
11468,0.20000000000004547,0.0,0.0,0.02316602316602317,0.0,0.6000000000000001,0.5294117647058824,0.0,0.0,0.0,0.0,1.0,0.0,0.0,0.0,0.0,0.009770786935533304,0.0,0.0008043294090493882,9.89901386388269e-06,0.0,0.0,0.0,0.6537707820022546,0.49373898830207236,0.580754716981132,0.2412990196078432,0.39171815401113835,0.13227645842471336,0.020202020202020204,0.6000000000000014,0.0,1.0,0.0,0.5,7.359826849839117e-05,0.0,0.0,0.0,0.0001074947893278209,0.0,0.0036354330375410375,0.0,0.0025667351129363453,0.0024963404981629585,0.0011011233158266158,0.03312156029362849,1,1
1249,0.6000000000000227,1.0,0.0,0.06756756756756757,0.0,0.6000000000000001,0.20588235294117646,0.0,0.0,0.0,0.0,0.0,0.0,0.0,0.0,0.0,0.009770786935533304,0.0,0.0008043294090493882,9.89901386388269e-06,0.0,4.58717311717111e-05,0.0,0.6540879795580555,0.49397970499920413,0.2788679245283019,0.054534313725490204,0.3931256778659258,0.03678175324268439,0.24242424242424243,0.0,0.0,0.0,0.0,0.5,0.0,0.0,0.0,0.0,0.0,0.0,0.0036354330375410375,0.0031429459195961014,0.0,6.89178465500913e-05,0.001083291080750197,0.03312156029362849,0,3
836,0.4000000000000341,0.0,0.0,0.03474903474903475,0.0,0.6000000000000001,0.0,0.0,0.0,0.0,0.0,0.0,0.0,0.0,0.0,0.0,0.009770786935533304,0.0,0.0008043294090493882,9.89901386388269e-06,0.00011206563720521315,0.0011362394570847932,0.0,0.6540978303356262,0.4940101286110211,0.580754716981132,0.2450980392156863,0.40012064490183896,0.11874177580048878,0.020202020202020204,0.3500000000000014,1.0,1.0,0.0,0.45,1.1554676965617728e-05,0.0,0.0,0.0,6.698859905694139e-06,0.0,0.0036354330375410375,0.0,0.0,0.0003473776682641759,0.0011074651619321194,0.03312156029362849,0,2
3998,0.20000000000004547,0.0,1.0,0.03474903474903475,0.0,0.4,0.23529411764705882,0.0,0.0,0.0,0.0,0.0,0.0,0.0,0.0,0.0,0.009770786935533304,0.0,0.0008043294090493882,9.89901386388269e-06,0.020743710948740453,0.01738497060926717,0.0,0.6532743832569536,0.49311529339092114,0.580754716981132,0.24473039215686276,0.3994625818008994,0.13102324707061846,0.020202020202020204,1.0,1.0,1.0,0.0,0.2,0.0,0.0,0.0,0.0,0.0,0.0,0.0036947576344809195,0.0,0.006621611909650924,0.002005831667520252,0.0011453487478428573,0.03312156029362849,0,4
6482,0.6000000000000227,1.0,1.0,0.05791505791505792,0.0,0.6000000000000001,0.23529411764705882,0.0,0.0,0.0,0.0,0.0,0.0,0.0,0.0,0.0,0.009829916265554652,0.0,0.0008043294090493882,1.267235721634062e-05,0.004096179790878291,0.0009416170034540915,0.0033592350168090064,0.6538241223790949,0.4942268518169053,0.580754716981132,0.24497549019607845,0.4006324717581253,0.13133654990914218,0.020202020202020204,0.3999999999999986,0.0,1.0,0.0,0.45,1.0773955549021936e-05,0.0,0.0,0.0,0.00032134180542945414,0.0,0.0037551596610909477,0.0,0.0,0.008075437157617214,0.0015882806643869323,0.03312156029362849,0,4
2790,0.8000000000000114,0.0,0.0,0.10424710424710425,0.0,0.6000000000000001,0.5588235294117647,0.0,0.0,0.0,0.0,0.0,0.0,0.0,0.0,0.0,0.009770786935533304,0.0,0.0008043294090493882,9.89901386388269e-06,0.0,0.00019279423246081477,0.0,0.6541010852138333,0.49399494397736976,0.580754716981132,0.2450980392156863,0.40287476084280827,0.13334168807569396,0.24242424242424243,0.04999999999999716,0.0,1.0,0.0,0.5,0.0,0.0,0.0,0.0,0.0,0.0,0.0036354330375410375,0.0,0.0,9.616265225753274e-05,0.0010845434196370015,0.03312156029362849,0,2
11393,0.4000000000000341,0.0,0.0,0.10231660231660232,0.0,1.0,0.029411764705882346,0.0,0.6210675999999999,0.0,0.0,0.0,0.0,0.0,0.0,0.0,0.009770786935533304,0.0,0.0008043294090493882,9.89901386388269e-06,0.0,0.0,0.0,0.6472460502988933,0.48593149903005406,0.580754716981132,0.24485294117647063,0.40287476084280827,0.13359233034651294,0.030303030303030304,0.6999999999999957,0.0,1.0,0.0,0.15000000000000002,0.0,0.0,0.0,0.0,0.0,0.0,0.0039677886788373785,0.0,0.051997766940451745,0.013211991193660172,0.0011194555942313576,0.03312156029362849,1,2
6887,0.8000000000000114,0.0,0.0,0.33976833976833976,0.0,0.6000000000000001,0.5294117647058824,0.0,0.0,0.0,0.0,1.0,0.0,0.0,0.0,0.0,0.010626920640357551,0.0,0.0011355770771498603,9.89901386388269e-06,0.0,0.005594855385627938,0.0,0.6519975340295247,0.4965570308556608,0.580754716981132,0.2450980392156863,0.3974762061443596,0.12995801741963783,0.030303030303030304,0.3999999999999986,1.0,1.0,0.0,0.25000000000000006,0.00817784638350254,0.0,0.0,0.0,0.0,0.0006070957089149722,0.004717940841041381,0.0,0.0,0.004433331065064689,0.0027963021207199354,0.033193645165916635,0,1
10755,0.8000000000000114,0.0,0.0,0.03474903474903475,0.0,0.6000000000000001,0.5588235294117647,0.0,0.0,0.0,0.0,0.0,0.0,0.0,0.0,0.0,0.009770786935533304,0.0,0.0008043294090493882,9.89901386388269e-06,0.0,0.024930288680277773,0.0,0.6534408303201727,0.4932215015924833,0.20339622641509433,0.2450980392156863,0.39068840712170516,0.1342189360235604,0.020202020202020204,0.5,0.0,1.0,0.0,0.8,0.0,0.0,0.0,0.0,0.0,0.0,0.0036354330375410375,0.0,0.0,0.0179073840330601,0.0010825576706504875,0.03312156029362849,1,2
7928,0.0,0.0,0.0,0.03474903474903475,0.0,0.8,0.5588235294117647,0.0,0.0,0.0,0.0,0.0,0.0,0.0,0.0,0.0,0.009770786935533304,0.0,0.000997626092167196,3.917094443070144e-05,0.0,0.0,0.0,0.6540862871804209,0.49401558130668294,0.580754716981132,0.2450980392156863,0.39923104108019847,0.12294003383670657,0.020202020202020204,0.44999999999999574,0.0,1.0,0.0,0.5,2.2464410152308496e-05,0.0,0.0,0.0,5.3152636074152566e-05,0.0,0.0036354330375410375,0.0,0.0,0.000264875791826149,0.001107758902689816,0.03312156029362849,0,2
4551,0.4000000000000341,1.0,0.0,0.10231660231660232,0.0,0.0,0.4411764705882353,0.0,0.0,0.0,0.0,0.0,0.0,0.0,0.0,0.0,0.009770786935533304,0.0,0.0008043294090493882,9.89901386388269e-06,0.0015649423982624765,0.0003596609646941407,0.0,0.6540919017128006,0.4939911961467572,0.58,0.24473039215686276,0.3907066866522868,0.02262046494141237,0.020202020202020204,0.5,1.0,1.0,0.0,0.45,0.0,0.0,0.00020323758685609298,0.0,0.0,0.00010411588412310464,0.0036393383274460206,0.0,0.0,0.00013691474192133952,0.0010976979595458422,0.03312156029362849,0,3
1539,0.4000000000000341,0.0,0.0,0.03861003861003861,0.0,0.6000000000000001,0.5588235294117647,0.0,0.0,0.0,0.0,0.0,0.0,0.0,0.0,0.0,0.009770786935533304,0.0,0.0008043294090493882,9.89901386388269e-06,0.07968047556318406,0.018395062805629758,0.0,0.6541024946450114,0.49401110370687806,0.580566037735849,0.24546568627450985,0.3914439610524136,0.055078639012469455,0.020202020202020204,0.7999999999999972,0.0,1.0,0.0,0.8,0.0,0.0,0.0,0.0,0.0,0.0,0.0036354330375410375,0.0,0.0,3.921717103240162e-05,0.0010850996236603078,0.03312156029362849,0,2
11023,0.20000000000004547,0.0,1.0,0.04247104247104247,0.0,0.6000000000000001,0.2647058823529412,0.0,0.0,0.0,0.0,0.0,0.0,0.0,0.0,0.0,0.009770786935533304,0.0,0.0008043294090493882,9.89901386388269e-06,0.0,0.0,0.0,0.6540669066734252,0.49395501589817326,0.20339622641509433,0.2450980392156863,0.39068840712170516,0.1342189360235604,0.020202020202020204,0.3999999999999986,0.0,1.0,0.0,0.10000000000000002,0.0,0.0,0.0,0.0,0.0,0.0,0.0036354330375410375,0.0,0.0,0.0005645942365851949,0.0010825576210823542,0.03312156029362849,1,4
8372,0.20000000000004547,1.0,0.0,0.06756756756756757,0.2962962962962963,0.6000000000000001,0.5,0.0,0.0,0.0,0.0,1.0,0.0,0.0,0.0,0.0,0.009770786935533304,0.0,0.0008043294090493882,9.89901386388269e-06,0.00047429069681690207,0.000884194238527185,0.0,0.6541139430429724,0.49400946094984516,0.28773584905660377,0.10061274509803923,0.3934608025932561,0.05971552102262047,0.25252525252525254,0.10000000000000142,0.0,0.0,0.0,0.05,0.0,0.000461521414278232,0.0,0.0,0.0,0.0,0.0036354330375410375,0.005773125074387482,0.00012322895277207393,2.8984380156367278e-05,0.0010874143067791328,0.03313001285503635,0,0
3974,0.0,0.0,0.0,0.06756756756756757,0.0,0.0,0.4411764705882353,0.0,0.0,0.0,0.0,0.0,0.0,0.0,0.0,0.0,0.009770786935533304,1.6913668424313266e-06,0.0008043294090493882,9.89901386388269e-06,0.00393278086179198,0.0011186220530840637,0.0,0.6541260043811495,0.4940223328362371,0.34037735849056605,0.17254901960784316,0.3951120535224656,0.09518140234350525,0.24242424242424243,0.6999999999999957,0.0,1.0,0.0,0.2,0.00023912478658046605,0.0,0.0,0.0,0.0,0.0,0.0036354330375410375,0.0,0.0,0.00032018402651111464,0.0010977656696158748,0.03312156029362849,0,2
12051,0.8000000000000114,0.0,0.0,0.03474903474903475,0.0,0.8,0.029411764705882346,0.0,0.0,0.0,0.0,0.0,0.0,0.0,0.0,0.0,0.009770786935533304,0.0,0.0008043294090493882,9.89901386388269e-06,0.0,0.0,0.0,0.6540824839692096,0.49397326633878247,0.580754716981132,0.24497549019607845,0.40287476084280827,0.1339682937527414,0.020202020202020204,0.6499999999999986,0.0,1.0,0.0,0.45,1.201632093369176e-06,0.0,0.0,0.0,1.580805725409131e-06,0.0,0.0036382675728139184,0.0,0.0,0.0,0.0011167046124035815,0.03312156029362849,1,2
2567,0.20000000000004547,0.0,1.0,0.015444015444015444,0.0,0.6000000000000001,0.32352941176470584,0.0,0.0,0.0,0.0,0.0,0.0,0.0,0.0,0.0,0.010322123918310626,0.0,0.0008043294090493882,9.89901386388269e-06,0.0,5.817067358731481e-07,0.0,0.6540070167818863,0.49388114384715703,0.4069811320754717,0.2334558823529412,0.3972629449542403,0.12582241995112478,0.020202020202020204,0.75,0.0,1.0,0.0,0.55,0.0,0.0,0.0,0.0,0.0,0.0,0.003646080115870368,0.0,0.0,0.0004964694313279962,0.0010915478429797867,0.03312156029362849,0,4
7512,0.20000000000004547,0.0,0.0,0.03474903474903475,0.0,0.8,0.47058823529411764,0.0,0.0,0.0,0.0,0.0,0.0,0.0,0.0,0.0,0.009770786935533304,0.0,0.0008043294090493882,9.89901386388269e-06,0.0,0.0,0.0,0.6540861400747691,0.4939775498510362,0.20339622641509433,0.2450980392156863,0.39068840712170516,0.1342189360235604,0.24242424242424243,0.7999999999999972,0.0,1.0,0.0,0.10000000000000002,0.0,0.0,0.0,0.0,0.0,0.0,0.0036354330375410375,0.0,0.00012322895277207393,1.5374768291241603e-05,0.0010825576210823542,0.03312156029362849,0,2
11737,0.6000000000000227,0.0,1.0,0.20463320463320464,0.0,0.4,0.23529411764705882,0.0,0.0,0.0,0.0,0.0,0.0,0.0,0.0,0.0,0.009770786935533304,0.0,0.0008043294090493882,9.89901386388269e-06,0.0,0.0,6.337481687037625e-05,0.6539608550945935,0.4938307653178567,0.3932075471698113,0.12830882352941178,0.39681814304342,0.07450341500093992,0.020202020202020204,0.6000000000000014,0.0,1.0,0.0,0.45,0.0,0.0,0.0,0.0,6.5266929455010656e-06,0.0,0.0036381403544417873,0.0,0.0,0.0027376808709742282,0.0018828074735407362,0.03312156029362849,1,4
277,0.20000000000004547,1.0,1.0,0.10231660231660232,0.0,0.6000000000000001,0.32352941176470584,0.0,0.0,0.0,0.0,0.0,0.0,0.0,0.0,0.0,0.009770786935533304,0.0,0.0008043294090493882,9.89901386388269e-06,0.0011900647667082635,0.0007956917137121989,0.0,0.6541085846202074,0.49400272417094493,0.5371698113207547,0.24497549019607845,0.40146723698802084,0.13196315558618962,0.020202020202020204,0.75,0.0,1.0,0.0,0.35000000000000003,4.392406578586762e-06,0.0,0.0,0.0,1.643411892752067e-06,0.0,0.0036399799163968293,0.0,0.0,9.649521796100386e-05,0.0010929893834312433,0.03312156029362849,0,4
2719,1.0,0.0,0.0,0.02316602316602317,0.0,0.6000000000000001,0.5294117647058824,0.0,0.0,0.0,0.0,1.0,0.0,0.0,0.0,0.0,0.009770786935533304,0.0,0.0008043294090493882,9.89901386388269e-06,0.0,0.003148612359356815,0.0,0.654083136336391,0.4939850785071451,0.40056603773584903,0.18026960784313728,0.39669018632934844,0.09981828435365626,0.25252525252525254,0.8999999999999986,0.0,1.0,0.0,0.45,0.00042513336130488446,0.0,0.0,0.0,0.0,0.0,0.0036354330375410375,0.0,0.0,0.0018880266625599068,0.0011192382379670142,0.03314636241043559,0,1
11264,0.6000000000000227,0.0,0.0,0.015444015444015444,0.0,0.6000000000000001,0.029411764705882346,0.0,0.0,0.0,0.0,0.0,0.0,0.0,0.0,0.0,0.012981619416753647,0.008578601712767543,0.0014161886556913555,9.89901386388269e-06,0.05624682781946298,0.01815714475065764,0.0,0.6526182801221301,0.4949863645382461,0.580754716981132,0.2450980392156863,0.39901168671321857,0.12814086095620028,0.030303030303030304,0.3999999999999986,1.0,1.0,0.0,0.4,6.720314176418912e-05,0.0,0.006841021530985919,0.02982433008539571,0.001084244909128635,0.0,0.004097802321311544,0.0,0.0,0.012175793207575746,0.00253292600836808,0.03319695872872207,1,2
468,0.8000000000000114,0.0,0.0,0.06756756756756757,0.0,0.6000000000000001,0.0,0.0,0.0,0.0,0.0,0.0,0.0,0.0,0.0,0.0,0.009770786935533304,0.0,0.0008043294090493882,9.89901386388269e-06,0.0,0.0,0.0,0.65410598608501,0.4940008015396633,0.3920754716981132,0.22009803921568633,0.3967815839822567,0.12143618021179274,0.25252525252525254,0.6499999999999986,0.0,0.0,0.0,0.55,0.0,0.0,0.0,0.0,0.0,0.0,0.0036354330375410375,0.0037288547428840383,0.0,7.23458314935628e-05,0.0010854286569288852,0.03312156029362849,0,2
1212,0.6000000000000227,1.0,1.0,0.05791505791505792,0.0,1.0,0.23529411764705882,0.0,0.0,0.0,0.0,0.0,0.0,0.0,0.0,0.0,0.01994396634398868,0.00010297696059370599,0.0008043294090493882,1.2955764566226833e-05,0.18256468356279074,0.0419673986614928,0.0007554304269020313,0.6538469648386951,0.4951236112209873,0.580754716981132,0.2422794117647059,0.39646473878550803,0.09173507111974437,0.030303030303030304,0.3999999999999986,1.0,1.0,0.0,0.10000000000000002,0.0,0.0,0.0007619393261202136,0.003321774367223519,0.0,8.167368903790924e-06,0.004757850500856611,0.0,0.0,0.0028556393677977143,0.0018419096990146132,0.033545269736314214,0,4
6082,0.8000000000000114,0.0,1.0,0.02316602316602317,0.0,0.6000000000000001,0.23529411764705882,0.0,0.0,0.0,0.0,0.0,0.0,0.0,0.0,0.0,0.010514425923658753,0.0,0.0008043294090493882,9.89901386388269e-06,0.048819768089201354,0.011222535651351574,0.0,0.6536593534467918,0.49400974431766986,0.580754716981132,0.24350490196078436,0.39548373731095926,0.12406792405539195,0.020202020202020204,0.44999999999999574,1.0,1.0,0.0,0.10000000000000002,8.514615658212547e-05,0.0,0.0,0.0,0.000249751653072807,0.0,0.0037993825734304325,0.0,0.0,0.005415244095551755,0.0012203773049106314,0.03312379248414113,0,4
5796,0.8000000000000114,1.0,0.0,0.15830115830115832,0.0,0.4,0.1764705882352941,0.0,0.0,0.0,0.0,0.0,0.0,0.0,0.0,0.0,0.01001099137342354,0.0,0.0008043294090493882,9.89901386388269e-06,0.006058051446080522,0.01426685630306256,0.0,0.6543192488592986,0.49425035038489745,0.3141509433962264,0.12647058823529414,0.39426510193884895,0.07356350648536877,0.020202020202020204,0.0,0.0,1.0,0.0,0.35000000000000003,0.00044369416437421396,0.0,2.721931966822674e-06,1.1866619200189867e-05,0.0,0.0,0.0036355500470314542,0.0,0.0,0.004214170266477224,0.0011732823736599898,0.03312156029362849,0,3
231,1.0,0.0,0.0,0.05791505791505792,0.0,0.4,0.029411764705882346,0.0,0.0,0.0,0.0,0.0,0.0,0.0,0.0,0.0,0.009770786935533304,0.0,0.0018610439346440446,9.89901386388269e-06,0.22916735954560638,0.08070956587641806,0.0,0.6532183760931947,0.4941118281587702,0.5745283018867925,0.24497549019607845,0.40061419222754363,0.1322137978570086,0.030303030303030304,0.0,0.0,1.0,0.0,0.4,0.0,0.0,0.0109764426869501,0.0,0.0,0.003934792594003344,0.0036354330375410375,0.0,0.0,0.02357077330735569,0.002172881725988227,0.03312156029362849,0,2
5576,1.0,0.0,0.0,0.20463320463320464,0.0,0.6000000000000001,0.029411764705882346,0.0,0.0,0.0,0.0,0.0,0.0,0.0,0.0,0.0,0.009770786935533304,0.0,0.0008043294090493882,9.89901386388269e-06,0.0,0.0,0.0,0.6539336027786276,0.4938226924402544,0.580566037735849,0.2450980392156863,0.39069450029856573,0.015289178519957392,0.020202020202020204,0.5,0.0,1.0,0.0,0.10000000000000002,2.4806574402095874e-05,0.0,0.0,0.0,9.167108053189387e-05,0.0,0.0036354330375410375,0.0,0.0,0.00010631869720199683,0.0015598310838707003,0.03312156029362849,0,2
3434,0.8000000000000114,1.0,0.0,0.06756756756756757,0.0,0.6000000000000001,0.0,0.0,0.0,0.0,0.0,0.0,0.0,0.0,0.0,0.0,0.009770786935533304,0.0,0.0008043294090493882,9.89901386388269e-06,0.0,2.2852764623587957e-05,0.0,0.6540900542778573,0.49397985638749403,0.580754716981132,0.24497549019607845,0.40287476084280827,0.13052196252898052,0.24242424242424243,0.14999999999999858,0.0,0.0,0.0,0.5,0.0,0.031390394761658356,0.0,0.0,0.0,0.0,0.0036354330375410375,0.024943681773501057,0.0,0.00021396765721787812,0.0010916686900886738,0.03312156029362849,0,3
8006,0.0,0.0,0.0,0.032432432432432434,0.0,0.0,0.7941176470588235,0.3333333333333333,0.0,0.0,0.0,0.0,0.0,0.0,0.0,0.0,0.009795483100095542,0.0,0.0008072456236313188,9.89901386388269e-06,0.0002957086813995624,0.0005503776730982656,0.0,0.654094574794781,0.49398745996139765,0.580754716981132,0.24375000000000005,0.4027224314212945,0.13315370637257973,0.020202020202020204,0.0,0.0,0.0,0.0,0.9,3.537007461273112e-06,0.0,1.955758524309625e-05,0.0,0.0,7.010927289094864e-06,0.0036354330375410375,0.0,0.0,0.00028462507821689525,0.001083444593258902,0.03312156029362849,0,2
4578,0.20000000000004547,0.0,0.0,0.02316602316602317,0.0,0.6000000000000001,0.5294117647058824,0.0,0.0,0.0,0.0,1.0,0.0,0.0,0.0,0.0,0.009770786935533304,0.0,0.0008043294090493882,9.89901386388269e-06,0.0,0.0,0.0,0.6540784133835364,0.493963003377253,0.3920754716981132,0.21029411764705885,0.3967815839822567,0.10382856068675984,0.020202020202020204,0.7999999999999972,0.0,1.0,0.0,0.55,0.0,0.0,0.0,0.0,0.0,0.0,0.0036354330375410375,0.0,0.0002048511293634497,0.0,0.0010845199739099697,0.03312156029362849,0,1
5208,0.20000000000004547,1.0,0.0,0.06756756756756757,0.2962962962962963,0.6000000000000001,0.5,0.0,0.0,0.0,0.0,1.0,0.0,0.0,0.0,0.0,0.009770786935533304,0.0,0.0008043294090493882,9.89901386388269e-06,0.0004883892769814289,0.00035866375314692954,0.0,0.6541103651287055,0.49400593204999027,0.2894339622641509,0.1403186274509804,0.3934668957701167,0.08064415063600477,0.24242424242424243,1.0,0.0,0.0,0.0,0.05,0.0,0.001178298863606019,0.0,0.0,0.0,0.0,0.0036354330375410375,0.002404265193795175,0.0,4.6508034531576094e-05,0.0010847670214861357,0.03312156029362849,0,0
3689,0.8000000000000114,1.0,0.0,0.20463320463320464,0.6666666666666666,0.6000000000000001,0.5,0.0,0.0,0.0,0.0,1.0,0.0,0.0,0.0,0.0,0.012090194727225896,0.0,0.0009589199713524804,9.89901386388269e-06,0.1865354221404103,0.04489878510548213,0.0,0.6548563166849178,0.4948647714046799,0.2952830188679245,0.11372549019607844,0.39364969107593323,0.06679616517325648,0.04040404040404041,0.3999999999999986,0.0,0.0,0.0,0.0,0.0,0.0,1.9658397538163755e-05,8.570336089026014e-05,0.0,0.0,0.004530095061604091,0.0,0.0,0.012087330730452428,0.0018649155584318728,0.033193833662004374,0,0
8637,0.0,1.0,0.0,0.05791505791505792,0.7037037037037037,0.6000000000000001,0.5,0.0,0.0,0.0,0.0,1.0,0.0,0.0,0.0,0.0,0.010977001188832127,0.0,0.0008079473864986284,9.89901386388269e-06,0.0,0.0,0.0,0.6537509638228126,0.49399943826870407,0.580754716981132,0.24350490196078436,0.40137583933511256,0.13296572466946552,0.020202020202020204,0.6999999999999957,0.0,1.0,0.0,0.25000000000000006,0.0002846170840814087,0.0,0.0,0.0,7.011890742408819e-06,0.0,0.0037666210940616347,0.0,0.0,0.002011843432159922,0.0016021420954441886,0.03312156029362849,0,0
11368,0.8000000000000114,0.0,0.0,0.02316602316602317,0.0,0.6000000000000001,0.5294117647058824,0.0,0.0,0.0,0.0,1.0,0.0,0.0,0.0,0.0,0.009770786935533304,0.0,0.0008043294090493882,9.89901386388269e-06,0.0,0.0,0.0,0.6540162721791498,0.4938934268719188,0.20339622641509433,0.24497549019607845,0.39068840712170516,0.13146187104455168,0.030303030303030304,0.6999999999999957,0.0,1.0,0.0,0.8,0.0,0.0,0.0,0.0,0.0,0.0,0.0036354330375410375,0.0,0.0,0.0,0.0010825576210823542,0.03312156029362849,1,1
575,1.0,0.0,0.0,0.10231660231660232,0.0,0.8,0.0,0.0,0.0,0.0,0.0,0.0,0.0,0.0,0.0,0.0,0.009770786935533304,0.0,0.0008043294090493882,9.89901386388269e-06,0.0,0.0,0.0,0.6541013472871906,0.49399536670005617,0.5460377358490566,0.2450980392156863,0.4017536163004668,0.1342189360235604,0.020202020202020204,0.6000000000000014,0.0,1.0,0.0,0.35000000000000003,0.0,0.0,0.0,0.0,0.0,0.0,0.0036354330375410375,0.0,0.0,0.0002092861553920924,0.0011045064896259853,0.03312156029362849,0,2
3416,0.6000000000000227,0.0,0.0,0.03861003861003861,0.0,0.0,0.4411764705882353,0.0,0.0,0.0,0.0,0.0,0.0,0.0,0.0,0.0,0.009770786935533304,0.0,0.0008356748171225462,9.89901386388269e-06,0.0031349458253019627,0.0007615372182202183,0.0,0.6541412669238501,0.4940430140293368,0.28094339622641507,0.09558823529411765,0.3931744232808102,0.05777304342377343,0.04040404040404041,0.6000000000000014,0.0,0.0,0.0,0.0,8.574357818786832e-06,0.0,0.0,0.0,0.0,0.0,0.003684282536543544,0.0,0.0,8.32181717993493e-05,0.0010989564448811709,0.03312156029362849,0,2
8386,0.6000000000000227,1.0,0.0,0.03861003861003861,0.537037037037037,0.6000000000000001,0.5,0.0,0.0,0.0,0.0,1.0,0.0,0.0,0.0,0.0,0.009866441306013246,0.0,0.0008043294090493882,9.89901386388269e-06,0.003066260434756832,0.0029984489205392754,0.0,0.6541296376256955,0.4940255465379089,0.2788679245283019,0.1368872549019608,0.3931256778659258,0.07594460805814901,0.020202020202020204,0.14999999999999858,0.0,1.0,0.0,0.75,0.0,0.0,0.0,0.0,4.898932594584733e-06,0.0,0.0036354330375410375,0.0,0.000513347022587269,0.0004375797198364186,0.0010957388286468885,0.03312156029362849,0,0
6511,0.20000000000004547,0.0,0.0,0.10424710424710425,0.0,0.6000000000000001,0.029411764705882346,0.0,0.0,0.0,0.0,0.0,0.0,0.0,0.0,0.0,0.009770786935533304,0.0,0.0008043294090493882,9.89901386388269e-06,0.0015566278509859606,0.00021913723749964162,0.0,0.6541078073457495,0.4940029198111965,0.360188679245283,0.2450980392156863,0.3957518370928235,0.13409361488815089,0.24242424242424243,0.6999999999999957,0.0,0.0,0.0,0.35000000000000003,0.0,0.0004522699599601262,0.0,0.0,0.0,0.0,0.003638313512781632,0.003465790486079568,0.0,4.195444259174081e-05,0.0010853388890395522,0.03312156029362849,0,2
11049,0.20000000000004547,0.0,1.0,0.04247104247104247,0.0,0.6000000000000001,0.2647058823529412,0.0,0.0,0.0,0.0,0.0,0.0,0.0,0.0,0.0,0.009770786935533304,0.0,0.0008043294090493882,9.89901386388269e-06,0.0,0.0,0.0,0.654037159193801,0.4939201635966142,0.20339622641509433,0.2450980392156863,0.39068840712170516,0.1342189360235604,0.020202020202020204,0.3999999999999986,0.0,1.0,0.0,0.2,0.0,0.0,0.0,0.0,0.0,0.0,0.0036354330375410375,0.0,0.0,0.0010239698009875666,0.0010825576210823542,0.03312156029362849,1,4
12360,0.4000000000000341,0.0,0.0,0.05791505791505792,0.0,0.8,0.029411764705882346,0.0,0.0,0.0,0.0,0.0,0.0,0.0,0.0,0.0,0.08748699820678155,0.0,0.0008043294090493882,9.89901386388269e-06,0.0007457787404979184,0.0001713541841957759,0.0,0.6523690496846404,0.4919488081879631,0.20339622641509433,0.2450980392156863,0.39068840712170516,0.13315370637257973,0.030303030303030304,0.9499999999999957,0.0,1.0,0.0,0.55,0.0,0.0,6.048737704050386e-07,0.0,0.0,9.540643321242494e-06,0.0036354330375410375,0.0,0.0,0.00036244545282913647,0.0010825576210823542,0.03312156029362849,1,2
543,0.6000000000000227,0.0,0.0,0.03474903474903475,0.0,0.6000000000000001,0.0,0.0,0.0,0.0,0.0,0.0,0.0,0.0,0.0,0.0,0.009770786935533304,0.0,0.0008043294090493882,9.89901386388269e-06,0.0,8.310096226759258e-05,3.960382344576361e-05,0.6541160233951978,0.49401256130438714,0.2788679245283019,0.05588235294117647,0.3931256778659258,0.03747101948743656,0.25252525252525254,0.7999999999999972,0.0,0.0,1.0,0.45,0.0,0.0039146267385112175,0.0,0.0,0.0,0.0,0.0036354330375410375,0.024686950831158704,7.50770020533881e-05,0.0,0.0010995552774990805,0.03312156029362849,0,2
7456,0.6000000000000227,0.0,1.0,0.10231660231660232,0.0,0.6000000000000001,0.2941176470588235,0.0,0.0,0.0,0.0,0.0,0.0,0.0,0.0,0.0,0.009770786935533304,0.0,0.0008043294090493882,9.89901386388269e-06,0.016818521630113988,0.0038724217407075465,0.0,0.6542350802401395,0.4941446619497973,0.45830188679245276,0.24497549019607845,0.3986948415164699,0.13208847672159912,0.24242424242424243,0.6499999999999986,0.0,1.0,1.0,0.35000000000000003,0.0011279998804613678,0.0,0.0,0.0,0.0,0.0,0.0037447630930129124,0.0,0.0,0.0006316701807776,0.0011680088199624975,0.03312156029362849,0,4
12307,0.0,0.0,1.0,0.02316602316602317,0.0,0.6000000000000001,0.32352941176470584,0.0,0.0,0.0,0.0,0.0,0.0,0.0,0.0,0.0,0.009770786935533304,0.0,0.0008043294090493882,9.89901386388269e-06,0.002240228237937761,0.003990591309052063,0.0,0.6537636168967876,0.4935996800213629,0.20339622641509433,0.2450980392156863,0.39068840712170516,0.1342189360235604,0.020202020202020204,0.9499999999999957,0.0,1.0,0.0,0.25000000000000006,0.0,0.0,7.137510490779456e-05,0.0,0.0,2.5586270725150328e-05,0.0036354330375410375,0.0,0.0053024383983572895,0.001033281640684758,0.0010825576210823542,0.03312156029362849,1,4
6983,0.0,1.0,0.0,0.07335907335907337,0.537037037037037,0.2,0.5,0.0,0.0,0.0,0.0,1.0,0.0,0.0,0.0028332714307213397,0.0,0.010190561535249637,0.00030900726609013097,0.0008043294090493882,9.89901386388269e-06,0.02098483281975941,0.006107006616083111,0.0,0.6537690316437887,0.49430760116620875,0.580754716981132,0.2450980392156863,0.3952521965902583,0.13202581615389436,0.020202020202020204,0.5,0.0,1.0,0.0,0.45,0.0003120849001818137,0.0,0.0,0.0,0.0005671962245851634,0.0,0.0036738887170105856,0.0,0.0,0.002612533838560328,0.001239645974920781,0.03312309802487053,0,0
3202,0.4000000000000341,0.0,0.0,0.06756756756756757,0.0,0.6000000000000001,0.5588235294117647,0.0,0.0,0.0,0.0,0.0,0.0,0.0,0.0,0.0,0.009770786935533304,0.0,0.0008043294090493882,9.89901386388269e-06,0.0,0.0,0.0,0.6541225487236068,0.4940200728807915,0.3920754716981132,0.19411764705882356,0.3967815839822567,0.10790149758756816,0.25252525252525254,0.5,0.0,0.0,0.0,0.55,0.0,0.0,0.0,0.0,0.0,0.0,0.003654092124769541,0.0161384437826045,0.0,8.623684510777943e-05,0.0010942252656978057,0.03312156029362849,0,2
11619,0.6000000000000227,0.0,1.0,0.05791505791505792,0.0,0.6000000000000001,0.32352941176470584,0.0,0.0,0.0,0.0,0.0,0.0,0.0,0.0,0.0,0.009770786935533304,0.0,0.001369638385493158,9.89901386388269e-06,0.0,0.00011600894332555923,9.417054119723033e-06,0.6540660263587472,0.49398671621790163,0.580754716981132,0.2450980392156863,0.40280164272048163,0.1342189360235604,0.020202020202020204,0.6000000000000014,0.0,1.0,0.0,0.4,2.0434534469159436e-06,0.0,0.0,0.0,0.0,0.0002873757412519709,0.003637405314958364,0.0,0.0,0.0006249677027537976,0.0019681775293867334,0.03312156029362849,1,4
2238,0.6000000000000227,1.0,1.0,0.10231660231660232,0.0,0.6000000000000001,0.2647058823529412,0.0,0.0,0.0,0.0,0.0,0.0,0.0,0.0,0.0,0.009770786935533304,0.0,0.0008043294090493882,9.89901386388269e-06,0.02087782821133121,0.00502627860179307,0.0,0.6540537546329823,0.4941951775049087,0.580754716981132,0.24448529411764708,0.3911575817399676,0.03646845040416066,0.020202020202020204,0.6499999999999986,1.0,1.0,0.0,0.10000000000000002,5.501709878341132e-05,0.0,0.0009075122801976929,0.00410497123443605,0.00015970833289182944,0.0,0.003757733869880116,0.0,0.0,0.000819058163694979,0.0011545377379546609,0.03312156029362849,0,4
10588,1.0,1.0,0.0,0.03861003861003861,0.0,0.6000000000000001,0.0,0.0,0.0,0.0,0.0,0.0,0.0,0.0,0.0,0.0,0.009770786935533304,0.0,0.000937601974916656,9.89901386388269e-06,0.002021519494359845,0.006915246575097716,0.0,0.6537665666301629,0.49360494212304956,0.580754716981132,0.14828431372549022,0.4027955495436211,0.08459176640140362,0.04040404040404041,0.10000000000000142,0.0,1.0,0.0,0.35000000000000003,4.1934923394019216e-05,0.0,8.448070326657039e-05,0.0003683046996207077,0.0,3.7692768878999705e-05,0.0036355119600496744,0.0,0.0,0.0025068035268337036,0.0011603075182342153,0.03312156029362849,1,3
4564,0.6000000000000227,0.0,0.0,0.02316602316602317,0.0,0.6000000000000001,0.5294117647058824,0.0,0.0,0.0,0.0,1.0,0.0,0.0,0.0,0.0,0.018906652185072544,0.0,0.0008043294090493882,2.1184699403994344e-05,0.03178579123400896,0.007460721291422194,0.0,0.6539401340707791,0.4940965585147714,0.580754716981132,0.24497549019607845,0.3983231577279763,0.13346700921110347,0.020202020202020204,0.14999999999999858,0.0,1.0,0.0,0.25000000000000006,0.0003641013131727438,0.0,0.005662525801646769,0.02468652347612832,0.0,0.0012236597835502685,0.0037851062376517,0.0,0.0,0.002566563025549744,0.0011956624849629796,0.033121867839876896,0,1
927,0.4000000000000341,1.0,0.0,0.06756756756756757,0.2962962962962963,0.6000000000000001,0.5,0.0,0.0,0.0,0.0,1.0,0.0,0.0,0.0,0.0,0.009846771661233936,0.0,0.0008043294090493882,9.89901386388269e-06,6.543187204562445e-05,0.00011085668366496849,0.0,0.6541027037073229,0.49399695394804943,0.3933962264150943,0.20759803921568631,0.39682423622028057,0.11498214173820416,0.25252525252525254,0.3500000000000014,0.0,0.0,1.0,0.55,0.0,0.0022003743054312976,0.0,0.0,0.0,0.0,0.0036354330375410375,0.003623505463294697,0.0,0.00010038367849389691,0.0010844494880244745,0.03312156029362849,0,0
3080,0.8000000000000114,1.0,0.0,0.03474903474903475,0.1111111111111111,0.6000000000000001,0.5,0.0,0.0,0.0,0.0,1.0,0.0,0.0,0.0,0.0,0.009991171234039952,0.0,0.0008244622059759788,9.89901386388269e-06,0.0,0.0,0.00039258023998873083,0.6547481333994101,0.49474071685279,0.38773584905660374,0.22585784313725493,0.396641440914464,0.12331599724293504,0.030303030303030304,0.10000000000000142,0.0,1.0,0.0,0.35000000000000003,0.0007288747256519484,0.0,0.0,0.0,0.0009155369396812586,0.0,0.0039378059785413295,0.0,0.0,0.0030211547602175697,0.0013707509611451752,0.03313593560052988,0,0
5233,0.0,0.0,0.0,0.13378378378378378,0.0,0.0,0.7941176470588235,0.3333333333333333,0.0,0.0,0.0,0.0,0.0,0.0,0.0,0.0,0.009957866778112938,0.0,0.0010298448051418946,9.89901386388269e-06,0.002183110913168652,0.0005296855334936351,2.588058753457369e-06,0.6540916797290467,0.49397001187872486,0.580754716981132,0.24375000000000005,0.402838201781645,0.12964471458111412,0.020202020202020204,0.0,0.0,0.0,0.0,0.8,3.500347499102527e-05,0.0,0.0,0.0,0.00018331085798011627,0.0,0.0036354330375410375,0.0,0.0,0.00015853151264696208,0.001154403557017927,0.03317689381622512,0,2
341,0.8000000000000114,0.0,0.0,0.0694980694980695,0.0,0.6000000000000001,0.0,0.0,0.0,0.0,0.0,0.0,0.0,0.0,0.0,0.0,0.012372176467264075,1.3312693856556248e-06,0.0010850345559731912,1.091118297061916e-05,0.040774901346089056,0.00937320683704857,0.0,0.6529600956762437,0.49485139993693134,0.580754716981132,0.24497549019607845,0.39099306596473277,0.061470016918353285,0.030303030303030304,0.0,1.0,1.0,0.0,0.2,0.0017016671884940726,0.0,0.0,0.0,0.0,0.0003220328508923934,0.004418892854285548,0.0,0.0,0.0028566114829309376,0.001636082784194789,0.03321332812581475,0,2
3499,0.6000000000000227,0.0,0.0,0.33976833976833976,0.0,0.4,0.5294117647058824,0.0,0.0,0.0,0.0,1.0,0.0,0.0,0.0,0.0,0.010613045037842998,0.0,0.000886825532784217,4.3077917182704224e-05,0.0,0.010576425669721043,0.0,0.654159963588356,0.49535021697680065,0.3922641509433962,0.13308823529411765,0.3963185025408548,0.07682185600601543,0.030303030303030304,0.0,0.0,1.0,0.0,0.05,0.006275194346849176,0.0,0.0,0.0,0.0,0.002996773889283002,0.004553623785410274,0.0,0.0,0.004022203109642819,0.0034381182410669576,0.03313930868841565,0,1
3157,0.6000000000000227,1.0,1.0,0.05791505791505792,0.0,0.6000000000000001,0.23529411764705882,0.0,0.0,0.0,0.0,0.0,0.0,0.0,0.0,0.0,0.009770786935533304,0.0,0.0008043294090493882,9.89901386388269e-06,0.0,0.0,0.0,0.6535794826981645,0.49333751432077905,0.39358490566037735,0.22426470588235298,0.3968364225740017,0.12168682248261171,0.04040404040404041,0.5499999999999972,0.0,1.0,0.0,0.55,0.0005429883508014318,0.0,0.0008213177679149749,0.0,0.0,0.0002972054949768874,0.004813461028099003,0.0,0.0,0.01874061461211839,0.0013771082229401227,0.03313881760650287,0,4
11002,0.6000000000000227,0.0,0.0,0.0637065637065637,0.0,0.6000000000000001,0.5588235294117647,0.0,0.0,0.0,0.0,0.0,0.0,0.0,0.0,0.0,0.009770786935533304,0.0,0.0008043294090493882,9.89901386388269e-06,0.0,0.0,0.0,0.6527438414223815,0.4940386882059969,0.580754716981132,0.2450980392156863,0.39098087961101163,0.13415627545585562,0.24242424242424243,0.3999999999999986,0.0,1.0,1.0,0.6,0.00036890105266433707,0.0,0.0,0.0,0.0,0.0,0.0036354330375410375,0.0,0.006185266940451746,0.0,0.0012974969432480961,0.03312900092867062,1,2
3629,0.8000000000000114,1.0,0.0,0.15830115830115832,0.0,0.4,0.0,0.0,0.0,0.0,0.0,0.0,0.0,0.0,0.0,0.0,0.012221757110286885,0.0,0.0009493604016266864,9.89901386388269e-06,0.0043380246660082505,0.0012207531357109349,0.0,0.6542425481712052,0.4941436814194889,0.27962264150943394,0.23357843137254902,0.393150050573368,0.12488251143555364,0.020202020202020204,0.6000000000000014,0.0,1.0,0.0,0.5,0.0011391743800415128,0.0,1.0081229506750644e-07,4.395044148218469e-07,1.8938365621238104e-06,0.0,0.00364537059859123,0.0,0.003080082135523614,0.0023056012762336783,0.0011816432785375578,0.03316620410388126,0,3
5553,0.0,0.0,0.0,0.10231660231660232,0.0,0.6000000000000001,0.029411764705882346,0.0,0.0,0.0,0.0,0.0,0.0,0.0,0.0,0.0,0.009879895523635817,0.0,0.0008043294090493882,2.0344599045403072e-05,0.007616848309399487,0.0017640672270164551,0.0,0.6540253708625093,0.4941532763316673,0.580754716981132,0.24497549019607845,0.39418589063966175,0.0913591077135159,0.020202020202020204,0.7999999999999972,1.0,1.0,0.0,0.25000000000000006,0.0,0.0,5.232158114003584e-05,0.0,0.0,1.6696125812174366e-05,0.003676969050743201,0.0,0.0,0.0007044253239062042,0.0011530788982246968,0.03312156029362849,0,2
4670,0.6000000000000227,1.0,1.0,0.03861003861003861,0.0,0.6000000000000001,0.9411764705882353,0.0,0.0,0.0,0.0,0.0,0.0,0.0,0.0,0.0,0.009933923086572096,0.0,0.0008043294090493882,9.89901386388269e-06,0.0,0.00017426271787514163,0.0,0.6541071042867557,0.49398354133374006,0.3949056603773585,0.2147058823529412,0.396872981635165,0.10633498339494958,0.25252525252525254,0.14999999999999858,0.0,1.0,0.0,0.55,2.80041377691969e-05,0.0,0.0,0.0,0.0,0.0,0.0036354330375410375,0.0,0.0,0.0007387819192724895,0.0011038361797599153,0.03312156029362849,0,4
1903,0.6000000000000227,0.0,0.0,0.02316602316602317,0.0,0.2,0.029411764705882346,0.0,0.0,0.0,0.0,0.0,0.0,0.0,0.0,0.0,0.009770786935533304,0.0,0.0008043294090493882,9.89901386388269e-06,0.002965762863327641,0.0015439327779696024,0.0,0.6540469334366745,0.4939315887543999,0.20339622641509433,0.07365196078431373,0.39068840712170516,0.04655680180462435,0.020202020202020204,0.6000000000000014,0.0,1.0,0.0,0.75,0.0,0.0,0.0,0.0,0.0,0.0,0.0036354330375410375,0.0,0.0,0.0005279096812946118,0.0010825576210823542,0.03312156029362849,0,2
6934,0.20000000000004547,0.0,0.0,0.06756756756756757,0.0,0.0,0.4411764705882353,0.0,0.0,0.0,0.0,0.0,0.0,0.0,0.0,0.0,0.009770786935533304,0.0,0.0008043294090493882,9.89901386388269e-06,0.0,0.00024897048295370735,0.0,0.654101526862108,0.4939955770909616,0.20339622641509433,0.2450980392156863,0.39068840712170516,0.1342189360235604,0.020202020202020204,0.9499999999999957,0.0,1.0,0.0,0.35000000000000003,0.0,0.0,0.0005191833195976581,0.0,0.0,0.00018611482236514714,0.0036354330375410375,0.0,0.0,4.333586936000544e-05,0.0010825576210823542,0.03312156029362849,0,2
12122,0.20000000000004547,1.0,0.0,0.02316602316602317,0.0,0.6000000000000001,0.5588235294117647,0.0,0.0,0.0,0.0,0.0,0.0,0.0,0.0,0.0,0.009770786935533304,0.0,0.0008043294090493882,9.89901386388269e-06,0.0,0.0008290151995815036,0.0,0.6536842812284029,0.49350091624191245,0.580754716981132,0.2450980392156863,0.40287476084280827,0.13290306410176078,0.25252525252525254,0.7999999999999972,0.0,1.0,0.0,0.25000000000000006,3.418202028312883e-05,0.0,0.0,0.0,0.0,0.0,0.0036354330375410375,0.0,0.0032177104722792608,0.00026797121106614935,0.0010897625970923079,0.03312156029362849,1,3
10838,0.6000000000000227,0.0,0.0,0.10231660231660232,0.0,0.8,0.5588235294117647,0.0,0.0,0.0,0.0,0.0,0.0,0.0,0.0,0.0,0.00984922472328369,0.0,0.0008043294090493882,9.89901386388269e-06,0.0,0.0,0.0,0.6540986417359447,0.49399078196392304,0.580188679245283,0.2421568627450981,0.4028564813122266,0.10965599348330096,0.04040404040404041,0.29999999999999716,0.0,1.0,0.0,0.8,0.0,0.0,0.0,0.0,1.3209901309359471e-05,0.0,0.0036396014024748097,0.0,0.0,7.357376639868693e-05,0.0010826374257769022,0.03312156029362849,1,2
9384,0.4000000000000341,1.0,1.0,0.03861003861003861,0.0,0.6000000000000001,0.23529411764705882,0.0,0.0,0.0,0.0,0.0,0.0,0.0,0.0,0.0,0.00979993774038221,0.0,0.002426181369053583,9.89901386388269e-06,0.0007953045221015127,0.00018273901602643608,0.0,0.6537788297416328,0.49408299878209827,0.580754716981132,0.2450980392156863,0.3916998744805567,0.1298953568519331,0.020202020202020204,0.14999999999999858,1.0,1.0,0.0,0.45,0.0005785553029887828,0.0,0.0,0.0,0.0007669725045764717,0.0,0.0036354330375410375,0.0,0.004620123203285421,0.00021841892124895308,0.0011506375685253934,0.03312156029362849,1,4
3075,0.6000000000000227,0.0,0.0,0.10231660231660232,0.0,0.6000000000000001,0.5588235294117647,0.0,0.0,0.0,0.0,0.0,0.0,0.0,0.0,0.0,0.009904245550608213,0.0,0.0008043294090493882,9.89901386388269e-06,0.0040621985976612264,0.0008908423155085924,0.00017646645987859743,0.6540720619976214,0.4939610318359085,0.580754716981132,0.2450980392156863,0.40287476084280827,0.13415627545585562,0.020202020202020204,0.6000000000000014,0.0,1.0,0.0,0.5,3.153435634858657e-05,0.0,0.0,0.0006148666763357638,0.0,0.0005463102465425105,0.0036540465774511236,0.0,0.0,0.00054226117049825,0.00109473353733625,0.03312156029362849,0,2
2768,0.0,0.0,0.0,0.10424710424710425,0.0,0.6000000000000001,0.5588235294117647,0.0,0.0,0.0,0.0,0.0,0.0,0.0,0.0,0.0,0.009770786935533304,0.0,0.0008043294090493882,9.89901386388269e-06,0.0,0.0,0.0,0.6540993573850619,0.4939900250224736,0.3920754716981132,0.20012254901960785,0.3967815839822567,0.0975625039162855,0.25252525252525254,0.0,0.0,0.0,0.0,0.55,0.0,0.0,0.0,0.0,0.0,0.0,0.0036387811580940025,0.0037152612874531555,0.0,0.00011312350313455967,0.0010846211424699527,0.03312156029362849,0,2
8230,0.8000000000000114,1.0,0.0,0.15830115830115832,0.4444444444444444,0.6000000000000001,0.5,0.0,0.0,0.0,0.0,1.0,0.0,0.0,0.0,0.0,0.009770786935533304,0.0,0.0008043294090493882,9.89901386388269e-06,0.0,0.0,0.0,0.6540839971032458,0.4939743279976872,0.5586792452830188,0.24301470588235294,0.40216185915012376,0.13284040353405605,0.020202020202020204,1.0,0.0,1.0,0.0,0.35000000000000003,8.212510414399392e-05,0.0,0.0006481222449889989,0.0028251343784748317,0.0,2.4140718706780253e-05,0.003689104269907026,0.0,0.0,0.0004778969158879939,0.0011240177956484407,0.03312156029362849,0,0
7924,0.20000000000004547,0.0,1.0,0.10424710424710425,0.0,0.6000000000000001,0.23529411764705882,0.0,0.0,0.0,0.0,0.0,0.0,0.0,0.0,0.0,0.009770786935533304,0.0,0.0008043294090493882,9.89901386388269e-06,0.0,0.0,0.0,0.6540096388407352,0.4938738873017949,0.20339622641509433,0.05098039215686275,0.39068840712170516,0.032019550097123886,0.020202020202020204,0.6000000000000014,0.0,1.0,0.0,0.35000000000000003,0.0,0.0,0.0,0.0,0.0,0.0,0.0036354330375410375,0.0,0.0,0.00015551283933853193,0.0010825576210823542,0.03312156029362849,0,4
7908,0.8000000000000114,1.0,0.0,0.03861003861003861,0.0,0.4,0.1764705882352941,0.0,0.0,0.0,0.0,0.0,0.0,0.0,0.0,0.0,0.009770786935533304,0.0,0.0008043294090493882,9.89901386388269e-06,0.001319121000522009,0.0005670809665140517,0.0,0.6540938677599587,0.49398651048509745,0.580754716981132,0.2450980392156863,0.40287476084280827,0.13409361488815089,0.25252525252525254,0.5,0.0,0.0,0.0,0.5,0.0,0.029399019219686084,0.0,0.0,0.0,0.0,0.0036407228088661866,0.029698456223705642,0.0,0.00022312600505192888,0.001094522575361097,0.03312156029362849,0,3
943,0.8000000000000114,0.0,0.0,0.03474903474903475,0.0,0.6000000000000001,0.0,0.0,0.0,0.0,0.0,0.0,0.0,0.0,0.0,0.0,0.009770786935533304,0.0,0.0025335198982911686,9.89901386388269e-06,0.0,0.0,0.0002361875467440927,0.654100358962507,0.4940381975526676,0.580754716981132,0.2450980392156863,0.3940518407487296,0.0466194623723291,0.020202020202020204,0.6000000000000014,0.0,1.0,0.0,0.4,0.00011421614880702271,0.0,0.000956305431010366,0.0009937194819121958,0.0,0.00011282533503378434,0.0036371724739254208,0.0,0.0,0.0003258376434701236,0.0011671966460990385,0.033128172537969264,0,2
8259,0.20000000000004547,1.0,0.0,0.10231660231660232,0.4444444444444444,0.6000000000000001,0.5,0.0,0.0,0.0,0.0,1.0,0.0,0.0,0.0,0.0,0.00985664410727466,0.0,0.0008043294090493882,9.89901386388269e-06,4.157273638257907e-05,9.556610660773147e-06,0.0,0.6541162347767426,0.4940116048409351,0.3920754716981132,0.19656862745098042,0.3967815839822567,0.10765085531674919,0.25252525252525254,0.5,0.0,0.0,0.0,0.05,0.0,0.0003040364305450221,0.0,0.0,0.0,0.0,0.0036418037723800027,0.014753842217209979,0.0,8.836014921455656e-05,0.0010941762923821453,0.03312156029362849,0,0
11609,0.0,1.0,0.0,0.03861003861003861,0.0,0.6000000000000001,0.5588235294117647,0.0,0.0,0.0,0.0,0.0,0.0,0.0,0.0,0.0,0.009770786935533304,0.0,0.0008043294090493882,9.89901386388269e-06,0.0,3.324038490703703e-07,0.0,0.6542874259972346,0.4942133774827547,0.5171698113207547,0.24350490196078436,0.4008213602408024,0.13340434864339873,0.05050505050505051,0.6000000000000014,0.0,1.0,0.0,0.35000000000000003,0.0,0.0,0.0,0.0,0.0,0.0,0.0037097588008613612,0.0,0.0,1.8419023576861819e-06,0.0012790725176836245,0.03312156029362849,1,3
7552,0.0,0.0,0.0,0.0,0.0,0.0,0.4411764705882353,0.3333333333333333,0.0,0.0,0.0,0.0,0.0,0.0,0.0,0.0,0.011476372384751797,0.0,0.0008043294090493882,9.89901386388269e-06,0.0,4.986057736055555e-06,0.00013760208179096448,0.6540953643280432,0.49407482148539345,0.5586792452830188,0.24497549019607845,0.40101634190034,0.13346700921110347,0.020202020202020204,0.14999999999999858,0.0,1.0,0.0,0.35000000000000003,3.8492960279114284e-06,0.0,7.550840900556232e-05,0.0,0.0001490496329016946,0.0,0.0036678772562781015,0.0,0.0,0.0009170627183101978,0.001218667402585707,0.03312156029362849,0,2
4007,0.8000000000000114,0.0,1.0,0.10231660231660232,0.0,0.6000000000000001,0.23529411764705882,0.0,0.0,0.0,0.0,0.0,0.0,0.0,0.0,0.0,0.009770786935533304,0.0,0.0008043294090493882,9.89901386388269e-06,0.0,0.0,0.0,0.6536738672084715,0.4934945288206043,0.580754716981132,0.24497549019607845,0.40287476084280827,0.13415627545585562,0.020202020202020204,0.6000000000000014,0.0,1.0,0.0,0.75,8.47931347241865e-06,0.0,0.0,0.0,0.0,0.0029595147860095134,0.0036374273033189792,0.0,0.0,0.0,0.001083009682457682,0.03312156029362849,0,4
11603,0.20000000000004547,0.0,0.0,0.33976833976833976,0.0,0.8,0.5588235294117647,0.0,0.0,0.0,0.0,0.0,0.0,0.0,0.0,0.0,0.009770786935533304,0.0,0.0008043294090493882,9.89901386388269e-06,0.0004265724254908113,9.805913547575924e-05,0.0,0.6538228431562979,0.49410529982989987,0.580754716981132,0.2450980392156863,0.40280164272048163,0.13415627545585562,0.030303030303030304,0.6000000000000014,0.0,1.0,0.0,0.45,0.0,0.0,0.0,0.0,0.0,3.4476415638126286e-05,0.003752995378167535,0.0,0.0,0.0021986686115791194,0.013201867165931854,0.03312156029362849,1,2
2372,0.0,0.0,0.0,0.03474903474903475,0.0,0.4,0.5294117647058824,0.0,0.0,0.0,0.0,1.0,0.0,0.0,0.0,0.0,0.013559940082078253,0.0,0.0008647433945595445,1.3127833314372033e-05,0.0,0.0,0.0,0.6537833774267173,0.49369006271217986,0.580754716981132,0.2431372549019608,0.40204608878977327,0.13258976126323704,0.020202020202020204,0.3999999999999986,0.0,1.0,0.0,0.05,0.0,0.0,0.0002590875983234915,0.0,0.0,0.00010740451496489656,0.0038398851336836804,0.0,0.0,0.0047760528134802695,0.0012735034883437717,0.03566160956134699,0,1
5824,0.6000000000000227,0.0,1.0,0.03474903474903475,0.0,0.6000000000000001,0.23529411764705882,0.0,0.0,0.0,0.0,0.0,0.0,0.0,0.0,0.0,0.009770786935533304,0.0,0.0008043294090493882,9.89901386388269e-06,0.002979138439381166,0.03682336599616655,0.004491978311893659,0.6538524514819269,0.4937031946758903,0.580754716981132,0.24473039215686276,0.40287476084280827,0.13390563318503665,0.020202020202020204,0.8999999999999986,0.0,1.0,0.0,0.25000000000000006,0.0,0.0,1.1089352457425708e-05,0.0,0.0,1.0155002929049776e-05,0.003651405618281516,0.0,0.0033367556468172485,0.01693874804873469,0.0010989893581216552,0.03312156029362849,0,4
7234,0.20000000000004547,0.0,0.0,0.15830115830115832,0.0,0.0,0.7941176470588235,0.4444444444444444,0.0,0.0,0.0,0.0,0.0,0.0,0.0,0.0,0.020117290979737183,0.0,0.0008043294090493882,9.89901386388269e-06,0.028005202737582766,0.11002235000380187,0.0,0.6535141909810669,0.49314916322129626,0.580754716981132,0.23051470588235295,0.40287476084280827,0.11767654614950813,0.030303030303030304,0.0,0.0,1.0,0.0,0.25000000000000006,0.0,0.0,0.0001517225040765972,0.0,0.0,6.291765159955751e-05,0.003951337065954925,0.0,0.014233239219712526,0.006142590871020276,0.0012684925961844223,0.03312156029362849,0,2
7028,0.8000000000000114,1.0,0.0,0.33976833976833976,1.0,0.2,0.5,0.0,0.0,0.0,0.0,1.0,0.0,0.0,0.0,0.0,0.011493859857769054,0.0,0.0008325558710456151,9.89901386388269e-06,0.03615020555006876,0.010676728531178027,0.0,0.6538042104363658,0.4943557302207913,0.4726415094339622,0.1743872549019608,0.3987984255230993,0.09800112789021871,0.020202020202020204,0.0,0.0,1.0,0.0,0.45,0.0,0.0,0.0,0.0,0.0,0.002212706474519074,0.003909869373730387,0.0,0.0,0.003736554752338321,0.0026224226608760753,0.033153877451828136,0,0
247,0.8000000000000114,1.0,1.0,0.10231660231660232,0.0,0.6000000000000001,0.23529411764705882,0.0,0.0,0.0,0.0,0.0,0.0,0.0,0.0,0.0,0.009770786935533304,0.0,0.0008043294090493882,9.89901386388269e-06,0.003135668829412964,0.000720817746709098,0.0,0.6541225712533012,0.4940197200296236,0.48018867924528297,0.2450980392156863,0.3996270975761343,0.13359233034651294,0.24242424242424243,0.14999999999999858,0.0,0.0,0.0,0.35000000000000003,0.0,0.013132018883900346,0.0,0.0,0.0,0.0,0.003656021996062824,0.03063933959904095,0.0,0.00014016365302448042,0.0011006875623671302,0.03312156029362849,0,4
8020,0.20000000000004547,1.0,0.0,0.08687258687258688,0.8888888888888888,0.4,0.5,0.0,0.0,0.0,0.0,1.0,0.0,0.0,0.0,0.0,0.010942282083624886,0.005879944075337276,0.0008043294090493882,3.095213128400129e-05,0.18519967204533525,0.04257312157546128,0.0,0.6508915480167422,0.49503948319559354,0.580754716981132,0.24276960784313728,0.3943991518297811,0.09599598972366691,0.020202020202020204,0.44999999999999574,1.0,1.0,0.0,0.10000000000000002,0.0058750644375210066,0.0,0.005258369310721136,0.0,0.0,0.04846487796469166,0.005191396185054929,0.0,0.0067092659137577,0.007750469301371552,0.0026578596628653844,0.03726461997482327,0,0
12169,0.4000000000000341,0.0,0.0,0.03474903474903475,0.0,0.8,0.029411764705882346,0.0,0.12,0.0,0.0,0.0,0.0,0.0,0.0,0.0,0.013537441138738494,9.2752375230105e-07,0.0008043294090493882,9.89901386388269e-06,0.0014250411027837103,0.0010751602498181127,0.0,0.6532666509332975,0.49327320108165673,0.580754716981132,0.2450980392156863,0.39841455538088455,0.1325271006955323,0.020202020202020204,0.7999999999999972,0.0,1.0,0.0,0.45,0.0,0.0,0.0012700332932604461,0.008205547424723882,9.503616202657667e-05,0.0,0.0038244465559867146,0.0,0.007700205338809035,0.0007297770633015793,0.0011953889680036528,0.033559982352004185,1,2
11056,0.20000000000004547,0.0,1.0,0.04247104247104247,0.0,0.4,0.2647058823529412,0.0,0.0,0.0,0.0,0.0,0.0,0.0,0.0,0.0,0.009770786935533304,0.0,0.0008043294090493882,9.89901386388269e-06,0.0,0.0,0.0,0.6540636647166604,0.4939512176047973,0.20339622641509433,0.2450980392156863,0.39068840712170516,0.1342189360235604,0.020202020202020204,0.3999999999999986,0.0,1.0,0.0,0.10000000000000002,0.0,0.0,0.0,0.0,0.0,0.0,0.0036354330375410375,0.0,0.0,0.0006146581659461929,0.0010825576210823542,0.03312156029362849,1,4
1670,0.6000000000000227,0.0,0.0,0.06756756756756757,0.0,0.6000000000000001,0.5588235294117647,0.0,0.0,0.0,0.0,0.0,0.0,0.0,0.0,0.0,0.009770786935533304,0.0,0.0008043294090493882,9.89901386388269e-06,0.0011307784296061508,0.00022669942506599254,0.0,0.6541060993961202,0.4940009342955483,0.3920754716981132,0.18504901960784315,0.3967815839822567,0.10351525784823612,0.24242424242424243,0.6499999999999986,0.0,0.0,1.0,0.55,0.0,0.0016820826032919616,0.0,0.0,0.0,0.0,0.0036381690178404463,0.007278986441068856,0.0,7.452029955472011e-05,0.0010872842399974596,0.03312156029362849,0,2
6871,0.6000000000000227,0.0,0.0,0.10231660231660232,0.0,0.6000000000000001,0.5294117647058824,0.0,0.0,0.0,0.0,1.0,0.0,0.0,0.0,0.0,0.009770786935533304,0.0,0.0008043294090493882,9.89901386388269e-06,0.0,0.0023216746838320016,0.0,0.6540545710030864,0.4939287399373242,0.4033962264150943,0.1468137254901961,0.3971471745938898,0.08333855504730875,0.020202020202020204,0.8999999999999986,0.0,1.0,0.0,0.5,0.0001477260697836908,0.0,0.0,0.0,0.0,5.1244819051219154e-05,0.0038102299029010803,0.0,0.0,0.002453081374734523,0.001282158778364769,0.03312156029362849,0,1
9230,0.4000000000000341,1.0,1.0,0.02316602316602317,0.0,0.8,0.2647058823529412,0.0,0.0,0.0,0.0,0.0,0.0,0.0,0.0,0.0,0.009770786935533304,0.0,0.0008043294090493882,9.89901386388269e-06,0.0,2.584439926522129e-05,0.0,0.6536020905838874,0.49341043495461956,0.20339622641509433,0.2450980392156863,0.39068840712170516,0.1342189360235604,0.020202020202020204,0.3500000000000014,0.0,1.0,0.0,0.25000000000000006,0.0,0.0,3.024368852025193e-07,0.0,0.0,1.0841640137775562e-07,0.0036354330375410375,0.0,0.0076287987679671465,0.0001470707868658036,0.0010825576210823542,0.03312156029362849,1,4
7730,0.4000000000000341,1.0,0.0,0.10231660231660232,0.4444444444444444,0.6000000000000001,0.5,0.0,0.0,0.0,0.0,1.0,0.0,0.0,0.0,0.0,0.009770786935533304,1.2516114633991817e-05,0.0008043294090493882,9.89901386388269e-06,0.0,0.00010096766915512498,0.0,0.6540963251532468,0.4940157109571671,0.580754716981132,0.24497549019607845,0.3910113454953144,0.017795601228147127,0.25252525252525254,0.3500000000000014,1.0,1.0,1.0,0.4,0.00017336767665745,0.0,0.0,0.0,0.0,0.0,0.0036354330375410375,0.0,0.00013347022587268994,8.262978632397733e-06,0.0011101710367586294,0.03312156029362849,0,0
1710,0.8000000000000114,1.0,0.0,0.20463320463320464,0.6666666666666666,0.6000000000000001,0.5,0.0,0.0,0.0,0.0,1.0,0.0,0.0,0.0,0.0,0.009770786935533304,0.0,0.0019647021075108514,9.89901386388269e-06,0.014460082220027502,0.020374112222032476,0.0,0.6541785419719662,0.49433478312774654,0.570188679245283,0.2450980392156863,0.40179626853849065,0.1335296697788082,0.020202020202020204,0.5499999999999972,0.0,1.0,0.0,0.4,0.00029875832504461773,0.0,0.0,0.0,0.00023704260110219097,0.0,0.0037402578349825712,0.0,0.0,0.005501378612750774,0.0017274268410293703,0.03312156029362849,0,0
809,0.6000000000000227,0.0,0.0,0.05791505791505792,0.0,0.6000000000000001,0.5588235294117647,0.0,0.0,0.0,0.0,0.0,0.0,0.0,0.0,0.0,0.009770786935533304,0.0,0.0008043294090493882,9.89901386388269e-06,0.0,0.0,0.0,0.65409543754955,0.4939883030777198,0.400377358490566,0.20796568627450981,0.397049683764121,0.11485682060279467,0.24242424242424243,0.3500000000000014,0.0,1.0,0.0,0.55,0.0,0.0,0.0,0.0,0.0,0.0,0.003637350344056826,0.0,0.0,0.00024139153676565016,0.0010870224706857154,0.03312156029362849,0,2
479,0.6000000000000227,1.0,0.0,0.10424710424710425,0.0,0.6000000000000001,0.5294117647058824,0.0,0.0,0.0,0.0,1.0,0.0,0.0,0.0,0.0,0.009770786935533304,0.0,0.0008043294090493882,9.89901386388269e-06,0.0,0.004790853575688979,0.0,0.6540875064344724,0.4939765095417621,0.3943396226415094,0.2082107843137255,0.3968973543426072,0.11178645278526227,0.24242424242424243,0.0,0.0,0.0,0.0,0.55,0.0,0.00038898160201126614,0.0,0.0,0.0,0.0,0.003641714248340355,0.010165973773744813,0.0,0.0019006129953374289,0.001089277523340229,0.0331257766534857,0,0
5742,0.6000000000000227,1.0,0.0,0.03861003861003861,0.537037037037037,0.2,0.5,0.0,0.0,0.0,0.0,1.0,0.0,0.0,0.0,0.0,0.01534354193415515,0.0,0.0011162240167425026,9.89901386388269e-06,0.026389650051550192,0.007411193117910709,0.0,0.6530968025488575,0.4928261992071413,0.580754716981132,0.2450980392156863,0.4027163382444339,0.1342189360235604,0.020202020202020204,0.6999999999999957,0.0,1.0,0.0,0.75,0.0023215599932711315,0.0,0.0,0.0,0.002346291333511208,0.0,0.0036354330375410375,0.0,0.0,0.0054939598393656496,0.0011733012591187617,0.03312156029362849,0,0
1014,0.20000000000004547,0.0,0.0,0.02316602316602317,0.0,0.4,0.5294117647058824,0.0,0.0,0.0,0.0,1.0,0.0,0.0,0.0,0.0,0.015094067028641306,0.022880810644410984,0.010937566886773291,0.00028426769362693794,0.1867002670777186,0.04291807366983406,0.0,0.6485050941100224,0.5023663169762532,0.580754716981132,0.24350490196078436,0.39414933157849846,0.07669653487060595,0.030303030303030304,0.29999999999999716,1.0,1.0,0.0,0.2,0.0,0.0,0.025212852559498157,0.0,0.0,0.00950417927157911,0.008712357817233094,0.0,0.0,0.0010560751823611245,0.006839368200296734,0.03312156029362849,0,1
5046,0.4000000000000341,0.0,0.0,0.06756756756756757,0.0,0.4,0.47058823529411764,0.0,0.0,0.0,0.0,0.0,0.0,0.0,0.0,0.0,0.009770786935533304,0.0,0.0008043294090493882,9.89901386388269e-06,0.0,0.0,0.0,0.6541031301149219,0.4939973712362844,0.20339622641509433,0.2450980392156863,0.39068840712170516,0.11222507675919545,0.020202020202020204,0.8999999999999986,0.0,1.0,0.0,0.9,0.0,0.0,0.0,0.0,0.0,0.0,0.0036354330375410375,0.0,0.0,5.2187233467775156e-06,0.0010825576210823542,0.03312156029362849,0,2
3988,0.6000000000000227,1.0,0.0,0.13706563706563707,0.4444444444444444,0.6000000000000001,0.5,0.0,0.0,0.0,0.0,1.0,0.0,0.0,0.01034626171238193,0.0,0.010039359606330194,0.0,0.0008043294090493882,9.89901386388269e-06,0.0,0.0,0.0,0.6541768134805568,0.4940744507781708,0.33584905660377357,0.13713235294117648,0.3949962831621151,0.07888965474027196,0.020202020202020204,0.44999999999999574,0.0,1.0,0.0,0.35000000000000003,9.630707839850358e-05,0.0,0.0,0.0,0.0001105781430694605,0.0,0.0036788137171391,0.0,0.0,0.00209165920099299,0.0012205290825346724,0.03321206817828095,0,0
7973,0.4000000000000341,0.0,0.0,0.15830115830115832,0.0,0.2,0.5294117647058824,0.0,0.0,0.0,0.0,1.0,0.0,0.0,0.0,0.0,0.009781848288947834,0.0,0.0009150519947804438,9.550827691165343e-05,0.0,0.0010944396730641942,0.0,0.6540379523715726,0.4943031806281439,0.580754716981132,0.2346813725490196,0.3946611584347848,0.1231280155398208,0.020202020202020204,0.3999999999999986,0.0,1.0,0.0,0.25000000000000006,0.0,0.0,0.0,0.0,0.0,0.001915898506347238,0.003937189911794807,0.0,0.0,0.0011987970331046134,0.0011629373059761717,0.0331701724425704,0,1
5320,0.6000000000000227,1.0,0.0,0.08687258687258688,0.8888888888888888,0.6000000000000001,0.5,0.0,0.0,0.0,0.0,1.0,0.0,0.0,0.0,0.0,0.015911884807216035,3.15358075782357e-06,0.0008740846380599533,0.000510953086771638,0.011568065776022003,0.004948080596299265,0.004344284975803499,0.6529198072814975,0.4966719842541024,0.580754716981132,0.24460784313725495,0.39662925456074294,0.11604737138918482,0.030303030303030304,0.14999999999999858,1.0,1.0,0.0,0.25000000000000006,0.0,0.0,0.004590286231308771,0.020011954520083156,0.0013750818595202436,0.0,0.005652213326155579,0.0,0.0,0.004109335323952252,0.0024794183485813736,0.03312453654764534,0,0
11615,0.4000000000000341,1.0,1.0,0.03861003861003861,0.0,0.6000000000000001,0.23529411764705882,0.0,0.0752596,0.0,0.0,0.0,0.0,0.0,0.0,0.0,0.009770786935533304,0.0,0.0008043294090493882,9.89901386388269e-06,0.0,0.0,0.0,0.6537917806714209,0.49402091832616435,0.20339622641509433,0.2450980392156863,0.39068840712170516,0.1342189360235604,0.020202020202020204,0.6000000000000014,0.0,0.0,0.0,0.45,5.921941666926171e-05,0.0,0.0,0.0,9.805690960087333e-05,0.0,0.0036354330375410375,0.0,0.0025667351129363453,0.0022550257073288785,0.0011321342304927726,0.03312156029362849,1,4
1630,0.20000000000004547,0.0,0.0,0.02316602316602317,0.0,0.6000000000000001,0.0,0.0,0.0,0.0,0.0,0.0,0.0,0.0,0.0,0.0,0.009770786935533304,0.0,0.0008043294090493882,9.89901386388269e-06,0.0,0.0004130117824699351,0.0,0.6541023309734078,0.49399285171356844,0.580754716981132,0.2450980392156863,0.40287476084280827,0.10890406667084405,0.24242424242424243,0.6000000000000014,0.0,0.0,0.0,0.5,0.0,0.003424720180302434,0.0,0.0,0.0,0.0,0.0036354330375410375,0.005393435148829414,0.0,7.475053734943088e-05,0.0010845730118125576,0.03312156029362849,0,2
1125,0.0,0.0,0.0,0.02316602316602317,0.0,0.6000000000000001,0.5588235294117647,0.0,0.0,0.0,0.0,0.0,0.0,0.0,0.0,0.0,0.009770786935533304,0.0,0.0008043294090493882,9.89901386388269e-06,0.004813399868991655,0.0019248675890042469,0.0,0.6540372363911364,0.493999980549322,0.5490566037735849,0.24375000000000005,0.3983414372585579,0.12814086095620028,0.23232323232323235,0.8999999999999986,0.0,1.0,0.0,0.25000000000000006,0.0,0.0,0.0,0.0,0.0,0.0,0.0036354330375410375,0.0,0.0,0.0016000759273083003,0.001124761862896801,0.03312156029362849,0,2
4067,0.8000000000000114,1.0,0.0,0.10231660231660232,0.0,0.6000000000000001,0.0,0.0,0.0,0.0,0.0,0.0,0.0,0.0,0.0,0.0,0.009770786935533304,0.0,0.0008043294090493882,9.89901386388269e-06,0.0012446515770888674,0.00028611661308732125,0.0,0.6540990631737582,0.49455102150292796,0.20339622641509433,0.2450980392156863,0.39068840712170516,0.022683125509117115,0.04040404040404041,0.10000000000000142,1.0,1.0,0.0,0.6,9.942996406488675e-05,0.0,0.0,0.0,6.667556822022671e-05,0.0,0.0041380162843317175,0.0,0.0,6.80224773484383e-05,0.0011591918386908075,0.03312156029362849,0,3
874,0.8000000000000114,1.0,0.0,0.06756756756756757,0.0,0.6000000000000001,0.029411764705882346,0.0,0.0,0.0,0.0,0.0,0.0,0.0,0.0,0.0,0.009770786935533304,0.0,0.0008043294090493882,9.89901386388269e-06,0.0,1.1883437604265739e-05,0.0,0.6541085435366469,0.49400372566270884,0.3920754716981132,0.20747549019607844,0.3967815839822567,0.11410489379033775,0.24242424242424243,1.0,0.0,0.0,0.0,0.55,0.0,0.00031539048811724283,0.0,0.0,0.0,0.0,0.003635558292666685,0.003302128372113428,0.0,1.3814267682646365e-06,0.0010846414654045891,0.03312156029362849,0,3
9890,1.0,0.0,0.0,0.04247104247104247,0.0,0.6000000000000001,0.029411764705882346,0.0,0.0,0.0,0.0,0.0,0.0,0.0,0.0,0.0,0.009770786935533304,0.0,0.0008043294090493882,9.89901386388269e-06,0.0,0.010360280066863034,0.0,0.6540418178707627,0.4939256217267275,0.20339622641509433,0.23958333333333337,0.39068840712170516,0.13139921047684694,0.05050505050505051,0.7999999999999972,0.0,1.0,0.0,0.85,0.0,0.0,1.4617782784788433e-05,5.2301025363799785e-05,0.0,7.155482490931871e-06,0.00363549939527218,0.0,0.0,0.004120130918326468,0.0010825576210823542,0.03312156029362849,1,2
9726,0.20000000000004547,0.0,1.0,0.04247104247104247,0.0,0.8,0.23529411764705882,0.0,0.0,0.0,0.0,0.0,0.0,0.0,0.0,0.0,0.009770786935533304,0.0,0.0008043294090493882,9.89901386388269e-06,0.0,0.0,0.0,0.654060351526303,0.4939473358537744,0.20339622641509433,0.2450980392156863,0.39068840712170516,0.1342189360235604,0.020202020202020204,0.3999999999999986,0.0,1.0,0.0,0.05,0.0,0.0,0.0,0.0,0.0,0.0,0.0036354330375410375,0.0,0.0,0.0006658221203263647,0.0010825576210823542,0.03312156029362849,1,4
4299,0.8000000000000114,1.0,0.0,0.10231660231660232,0.0,0.6000000000000001,0.1764705882352941,0.0,0.0,0.0,0.0,0.0,0.0,0.0,0.0,0.0,0.009770786935533304,0.0,0.0008043294090493882,9.89901386388269e-06,0.0012977923792474684,0.0027233016344712763,0.0,0.654120085035257,0.4940173199429661,0.3137735849056604,0.09852941176470588,0.3942529155851278,0.05927689704868726,0.25252525252525254,0.0,0.0,1.0,0.0,0.75,0.00022572353374255218,0.0,0.0,0.0,0.0,0.0,0.0036354330375410375,0.0,0.0,0.0008205675003491941,0.00109916780340139,0.03312156029362849,0,3
10865,0.6000000000000227,0.0,1.0,0.10424710424710425,0.0,0.2,0.23529411764705882,0.0,0.0,0.0,0.0,0.0,0.0,0.0,0.0,0.0,0.009770786935533304,0.0,0.0008043294090493882,9.89901386388269e-06,0.000605154440908151,0.0012417776791646359,0.0,0.6540800418165972,0.4939704051001035,0.20339622641509433,0.16176470588235295,0.39068840712170516,0.09160974998433487,0.020202020202020204,0.5,0.0,1.0,0.0,0.35000000000000003,3.9796425600735084e-05,0.0,0.0,0.0,0.0,3.2524920413326684e-06,0.0036354330375410375,0.0,0.0,0.0005782294304275107,0.0010825576210823542,0.03312156029362849,1,4
10289,0.0,0.0,1.0,0.0694980694980695,0.0,0.8,0.2941176470588235,0.0,0.0,0.0,0.0,0.0,0.0,0.0,0.0,0.0,0.009959191130630596,0.0,0.0008043294090493882,9.89901386388269e-06,0.0,0.00048489411483140267,0.0,0.653753701843324,0.49373195185199314,0.580754716981132,0.2450980392156863,0.40052279457463535,0.11711260104016544,0.020202020202020204,0.14999999999999858,0.0,0.0,0.0,0.8,5.559415374350386e-05,0.0,0.0,0.0,0.00015477809721357324,0.0,0.0036514766878042192,0.0,0.0,0.0006975949359964513,0.0015582889201087267,0.03312156029362849,1,4
6554,0.6000000000000227,1.0,0.0,0.31660231660231664,0.6666666666666666,0.6000000000000001,0.5,0.0,0.0,0.0,0.0,1.0,0.0,0.0,0.0,0.0,0.012166706184041507,0.0,0.0008102710013259421,9.89901386388269e-06,0.07399224071988074,0.017009104956930848,0.0,0.653928435526946,0.4948210799678666,0.580754716981132,0.24240196078431378,0.3990482457743819,0.13114856820602797,0.030303030303030304,0.3500000000000014,0.0,1.0,0.0,0.10000000000000002,0.0,0.0,0.00032804320814966594,0.0,0.0,0.00027725687712338036,0.004215462824262216,0.0,0.0,0.00230314540642343,0.001574279451193884,0.033126922511282186,0,0
1842,0.8000000000000114,1.0,0.0,0.06756756756756757,0.2962962962962963,0.6000000000000001,0.5,0.0,0.0,0.0,0.0,1.0,0.0,0.0,0.0,0.0,0.009770786935533304,0.0,0.0008043294090493882,9.89901386388269e-06,0.0,6.631456788953888e-05,0.0,0.6541113418572228,0.4940069851690428,0.38754716981132076,0.17071078431372552,0.3966353477376035,0.09593332915596217,0.24242424242424243,0.14999999999999858,0.0,0.0,0.0,0.55,0.0,0.0015592905732516485,0.0,0.0,0.0,0.0,0.0036463321967188495,0.01046309890466871,0.0,4.957787179438639e-05,0.0010883637348035877,0.03312156029362849,0,0
6687,0.8000000000000114,1.0,0.0,0.05791505791505792,0.7037037037037037,0.6000000000000001,0.5,0.0,0.0,0.0,0.0,1.0,0.0,0.0,0.0,0.0,0.009770786935533304,0.0,0.0008043294090493882,9.89901386388269e-06,0.004959446699413933,0.00370040274881363,0.0006359447563852683,0.6541330780425627,0.4938631527075162,0.5454716981132075,0.22549019607843138,0.4024055862245458,0.1236919606491635,0.020202020202020204,0.6499999999999986,0.0,1.0,0.0,0.4,0.0002286427529524321,0.0,0.0003336886966734463,0.0,9.010592634832047e-05,0.0,0.0036553682349838175,0.0,0.0,0.0015983363528593744,0.0015002624310215392,0.03512999106885695,0,0
946,0.0,1.0,0.0,0.10231660231660232,0.0,0.6000000000000001,0.5588235294117647,0.0,0.0,0.0,0.0,0.0,0.0,0.0,0.0,0.0,0.009770786935533304,0.0,0.0008043294090493882,9.89901386388269e-06,0.0,2.6592307925629624e-06,0.0,0.6541262094676327,0.4940244953597319,0.3730188679245283,0.2450980392156863,0.396166173119341,0.1342189360235604,0.020202020202020204,0.6499999999999986,0.0,1.0,0.0,0.35000000000000003,0.0,0.0,0.0,0.0,1.6841059015249752e-05,0.0,0.003655084349542303,0.0,0.0,0.0003105140391332622,0.0010952351668448374,0.03312156029362849,0,3
10615,0.20000000000004547,1.0,0.0,0.04247104247104247,0.0,0.4,0.029411764705882346,0.0,0.0,0.0,0.0,0.0,0.0,0.0,0.0,0.0,0.009770786935533304,0.0,0.0008043294090493882,9.89901386388269e-06,0.0006300980827376985,0.0014285055413799164,0.0,0.6540937339070683,0.49398644682438064,0.20339622641509433,0.2450980392156863,0.39068840712170516,0.1342189360235604,0.020202020202020204,0.10000000000000142,0.0,1.0,0.0,0.8,5.09573474171132e-05,0.0,0.00019053523767758717,0.0,0.0,7.563850936121417e-05,0.0036354330375410375,0.0,0.00017515400410677618,0.00010713732047207958,0.0010825576210823542,0.03312156029362849,1,3
6006,0.6000000000000227,0.0,0.0,0.03474903474903475,0.0,0.6000000000000001,0.5294117647058824,0.0,0.0,0.0,0.0,1.0,0.0,0.0,0.0,0.0,0.009902921198090555,0.0,0.0008043294090493882,9.89901386388269e-06,0.07735529434220363,0.019150866057453513,0.0,0.6536325851879371,0.49440211792186506,0.580754716981132,0.2450980392156863,0.39930415920252504,0.13384297261733194,0.020202020202020204,0.5,0.0,1.0,0.0,0.45,0.002490168663728289,0.0,0.0,0.0,0.0,0.0001581433908096862,0.003736609730366927,0.0,0.0,0.004162034196963829,0.001561971981114317,0.03312159997701538,0,1
6897,0.20000000000004547,1.0,0.0,0.10231660231660232,0.4444444444444444,0.6000000000000001,0.5,0.0,0.0,0.0,0.0,1.0,0.0,0.0,0.0,0.0,0.009770786935533304,0.0,0.0008043294090493882,9.89901386388269e-06,0.0,0.00022935865585855552,0.0,0.6540985198105396,0.49399205401373325,0.3841509433962264,0.12181372549019609,0.39652567055411353,0.07118240491258851,0.25252525252525254,0.5,0.0,0.0,0.0,0.5,0.0,0.002048566350484198,0.0,0.0,0.0,0.0,0.003635474265717191,0.017223216973097394,0.0,0.00011683288982712212,0.0010875197381985762,0.03312156029362849,0,0
4072,0.6000000000000227,1.0,0.0,0.08687258687258688,0.8888888888888888,0.6000000000000001,0.5,0.0,0.0,0.0,0.0,1.0,0.0,0.0,0.0,0.0,0.04591739366220568,0.0007061838488695853,0.0008043294090493882,0.0001280697570753657,0.1867002670777186,0.14167218249303717,0.0,0.6519884449544172,0.49756749256982974,0.580188679245283,0.24301470588235294,0.3952278238828161,0.10201140422332228,0.030303030303030304,0.14999999999999858,1.0,1.0,0.0,0.2,0.015757524384255032,0.0,0.000430367687643185,0.0,0.0,0.00035719590373924553,0.005732924352338846,0.0,0.044828362422997946,0.013211965611682983,0.0030054691841994597,0.037588669551754716,0,0
10980,0.0,1.0,0.0,0.02316602316602317,0.0,1.0,0.029411764705882346,0.0,0.0,0.0,0.0,0.0,0.0,0.0,0.0,0.0,0.009770786935533304,0.0,0.0008043294090493882,9.89901386388269e-06,8.965250976417052e-05,2.060903864236296e-05,0.0,0.6540136984928802,0.4938926769176212,0.20339622641509433,0.2450980392156863,0.39068840712170516,0.1342189360235604,0.020202020202020204,0.3999999999999986,0.0,1.0,0.0,0.9,0.0,0.0,0.0,0.0,0.0,0.0,0.0036354330375410375,0.0,0.0011267710472279261,0.00026323854528598347,0.0010825576210823542,0.03312156029362849,1,3
9474,1.0,0.0,0.0,0.10424710424710425,0.0,0.6000000000000001,0.0,0.0,0.0,0.0,0.0,0.0,0.0,0.0,0.0,0.0,0.009770786935533304,0.0,0.0008043294090493882,9.89901386388269e-06,0.0008903795626981934,0.002259515164055842,0.0,0.6541006796793336,0.49399458452722506,0.20339622641509433,0.24068627450980395,0.39068840712170516,0.13196315558618962,0.020202020202020204,0.3999999999999986,0.0,1.0,0.0,0.75,0.0,0.0,0.0,0.0,0.0,0.0,0.0036354330375410375,0.0,0.0,0.0006748525582744649,0.0010825576210823542,0.03312156029362849,1,2
1239,0.4000000000000341,0.0,1.0,0.03474903474903475,0.0,0.6000000000000001,0.23529411764705882,0.0,0.0,0.0,0.0,0.0,0.0,0.0,0.0,0.0,0.009770786935533304,0.0,0.0008043294090493882,9.89901386388269e-06,0.0024050731752460744,0.0024397611512142502,0.0,0.654146865221597,0.49404851097696034,0.3924528301886792,0.20759803921568631,0.39679377033597785,0.11479416003508992,0.25252525252525254,0.44999999999999574,0.0,1.0,1.0,0.55,0.0,0.0,0.0,0.0,0.0,0.0,0.0036354330375410375,0.0,0.0,0.000655180017815289,0.0011023261361482939,0.03312160989786211,0,4
5545,0.0,1.0,0.0,0.03474903474903475,0.1111111111111111,0.6000000000000001,0.5,0.0,0.0,0.0,0.0,1.0,0.0,0.0,0.0,0.0,0.009770786935533304,4.092016554269338e-06,0.0008043294090493882,9.89901386388269e-06,0.025660138903549807,0.005898672503678256,0.0,0.6539973581693563,0.4943807527642351,0.580754716981132,0.24117647058823533,0.39566043943991525,0.1065229650980638,0.020202020202020204,0.19999999999999574,1.0,1.0,0.0,0.10000000000000002,0.0,0.0,0.002687958223384924,0.011718506212394904,0.0,4.564330498003511e-05,0.003908594834113297,0.0,0.0,0.00019999989767209125,0.0012365815242182706,0.03312411987208298,0,0
7250,0.8000000000000114,0.0,1.0,0.05791505791505792,0.0,0.6000000000000001,0.32352941176470584,0.0,0.0,0.0,0.0,0.0,0.0,0.0,0.0,0.0,0.010488691346326988,6.536314442686223e-06,0.0016576730556977493,9.89901386388269e-06,0.02530514388504813,0.010691354300537123,0.0,0.6540782344712572,0.4940648022978283,0.579622641509434,0.2450980392156863,0.400364371976261,0.1112851682436243,0.020202020202020204,0.3500000000000014,0.0,1.0,0.0,0.4,0.0,0.0,0.0,0.0,0.0,0.0008387454198587768,0.003717673432734953,0.0,0.0,0.0020154760729209145,0.0016871339960015481,0.03312156029362849,0,4
11000,0.20000000000004547,1.0,1.0,0.1312741312741313,0.0,0.4,0.2647058823529412,0.0,0.0,0.0,0.0,0.0,1.0,0.0,0.0,0.0,0.009800750411245318,0.0,0.0008043294090493882,9.89901386388269e-06,0.0,0.0,0.0,0.6529607066285457,0.4940262763071012,0.580754716981132,0.2450980392156863,0.39099306596473277,0.13384297261733194,0.24242424242424243,0.3999999999999986,0.0,1.0,0.0,0.6,0.0003978963671885165,0.0,0.0,0.0,0.0,0.0,0.0036354330375410375,0.0,0.0024054671457905547,0.0,0.0012630917019525864,0.03312156029362849,1,4
12353,0.20000000000004547,1.0,1.0,0.03474903474903475,0.0,0.6000000000000001,0.23529411764705882,0.0,0.0,0.0,0.0,0.0,0.0,0.0,0.0,0.0,0.011228191732834755,0.0,0.0008043294090493882,9.89901386388269e-06,0.10356816988861399,0.027576805025613795,0.0,0.6539654524775335,0.493834367970981,0.580754716981132,0.24497549019607845,0.4028686676659477,0.13390563318503665,0.020202020202020204,0.9499999999999957,0.0,1.0,0.0,0.5,0.0,0.0,0.0,0.0,0.0,0.0,0.004111215221286832,0.0,0.0,0.001697108366790296,0.001220346523099877,0.03312156029362849,1,4
8732,0.4000000000000341,0.0,0.0,0.03474903474903475,0.0,0.4,0.5294117647058824,0.0,0.0,0.0,0.0,1.0,0.0,0.0,0.0,0.0,0.009770786935533304,0.0,0.0008043294090493882,9.89901386388269e-06,0.0,0.0,0.00011204772014968375,0.6541255411971376,0.49402841942184095,0.3920754716981132,0.14522058823529413,0.39669018632934844,0.08258662823485181,0.24242424242424243,0.3999999999999986,0.0,1.0,1.0,0.45,0.0,0.0,0.0,0.0,0.0,0.0,0.0036354330375410375,0.0,0.0,0.000574468879780568,0.001158177030298583,0.03312295913301641,0,1
7205,0.6000000000000227,1.0,0.0,0.10424710424710425,0.0,0.6000000000000001,0.029411764705882346,0.0,0.0,0.0,0.0,0.0,0.0,0.0,0.0,0.0,0.010798860725746685,0.0,0.0008043294090493882,9.89901386388269e-06,0.0,0.0,5.82421961492339e-05,0.6540941934465708,0.4939869852232475,0.5722641509433962,0.24387254901960786,0.40260056788408344,0.13359233034651294,0.25252525252525254,0.8500000000000014,0.0,1.0,1.0,0.45,7.04074940131736e-05,0.0,0.0,0.0,0.0,0.0,0.0036354330375410375,0.0,0.0,0.00022238412771341637,0.0010902628882612972,0.03312156029362849,0,3
2508,0.4000000000000341,1.0,0.0,0.10424710424710425,0.2962962962962963,0.6000000000000001,0.5,0.0,0.0,0.0,0.0,1.0,0.0,0.0,0.0,0.0,0.009770786935533304,0.0,0.0008043294090493882,9.89901386388269e-06,0.0,0.000620265582365311,0.0,0.6541080227031227,0.49400318765201706,0.3920754716981132,0.20637254901960786,0.3967815839822567,0.11441819662886148,0.24242424242424243,0.3999999999999986,0.0,0.0,0.0,0.55,0.0,0.00012153046808784424,0.0,0.0,0.0,0.0,0.0036354330375410375,0.0038974599315523177,0.0,0.00024251714376201394,0.0010860098928594877,0.03312156029362849,0,0
4457,0.6000000000000227,1.0,0.0,0.05791505791505792,0.7037037037037037,0.6000000000000001,0.5,0.0,0.0,0.0,0.0,1.0,0.0,0.0,0.0,0.0,0.009770786935533304,0.0,0.0008815077297230494,9.89901386388269e-06,0.00903755138751719,0.003100746205090682,0.0,0.6540610111825031,0.49393695721606456,0.5056603773584906,0.18664215686274513,0.40040702421428487,0.10182342252020805,0.020202020202020204,0.3999999999999986,0.0,1.0,0.0,0.45,0.00021731889797085139,0.0,0.00044750577780466107,0.0019509600973941785,1.990876121505361e-05,0.0,0.0037126911058091207,0.0,0.0,0.0005383727099653569,0.0011470019442233325,0.03312156029362849,0,0
12379,0.4000000000000341,0.0,0.0,0.02316602316602317,0.0,0.6000000000000001,0.0,0.0,0.0,0.0,0.0,0.0,0.0,0.0,0.0,0.0,0.009770786935533304,0.0,0.0008043294090493882,9.89901386388269e-06,0.001838599454276497,0.0007578807758804443,0.0,0.653994026756452,0.49386962940909784,0.5241509433962264,0.2450980392156863,0.4010468077846428,0.1342189360235604,0.24242424242424243,0.9499999999999957,0.0,1.0,0.0,0.35000000000000003,5.7773384828088636e-05,0.0,0.0,0.0,0.0,0.0,0.0036354330375410375,0.0,0.0,0.001816627364222377,0.0010843258155319917,0.03312156029362849,1,2
1070,0.0,1.0,0.0,0.05791505791505792,0.0,0.6000000000000001,0.5294117647058824,0.0,0.0,0.0,0.0,1.0,0.0,0.0,0.0,0.0,0.01656861316137017,0.005097495949940255,0.0008043294090493882,1.0526558710059302e-05,0.0,0.06118333277240184,0.0,0.6505039289312133,0.49248307997715024,0.580754716981132,0.24497549019607845,0.39088948195810336,0.0961213108590764,0.030303030303030304,0.0,1.0,1.0,0.0,0.2,0.0029647590295540462,0.0,0.0,0.0,0.0017578559666549538,0.0,0.0042567475419144915,0.0,0.0,0.054000049117396205,0.001680911014279601,0.0333755934948135,0,0
955,0.6000000000000227,1.0,0.0,0.04247104247104247,0.14814814814814814,0.6000000000000001,0.5,0.0,0.0,0.0,0.0,1.0,0.0,0.0,0.0,0.0,0.009770786935533304,0.0,0.0008043294090493882,5.645879277376037e-05,0.0019907918196422863,0.0007053609677273258,0.0,0.6541074707256092,0.4940022137206854,0.4833962264150943,0.2442401960784314,0.3997733338207875,0.13378031204962718,0.24242424242424243,1.0,0.0,1.0,0.0,0.2,7.946386244568478e-05,0.0,0.0,0.0,0.0,0.0,0.0036436857404590884,0.0,0.0,0.00023939614254482348,0.001092608650599676,0.033148554917561336,0,0
11253,0.8000000000000114,0.0,0.0,0.03474903474903475,0.0,0.6000000000000001,0.0,0.0,0.0,0.0,0.0,0.0,0.0,0.0,0.0,0.0,0.009770786935533304,0.0,0.0008043294090493882,9.89901386388269e-06,0.0,0.0,0.0,0.6540328742447118,0.4939142051087941,0.20339622641509433,0.24497549019607845,0.39068840712170516,0.13271508239864654,0.020202020202020204,0.29999999999999716,0.0,1.0,0.0,0.7,0.0,0.0,0.01604911575015689,0.0052749319866918064,0.0,0.005324582443264793,0.0036354330375410375,0.0,0.0,0.0,0.0010825576210823542,0.03312156029362849,1,2
4462,0.4000000000000341,0.0,0.0,0.05791505791505792,0.0,0.6000000000000001,0.029411764705882346,0.0,0.0,0.0,0.0,0.0,0.0,0.0,0.0,0.0,0.009776159592906076,0.0,0.0008043294090493882,9.89901386388269e-06,0.00021581672713391048,7.528947181443887e-05,0.0,0.6541014940615234,0.4940263566593474,0.580754716981132,0.2450980392156863,0.39123069986229425,0.023623034024688266,0.020202020202020204,0.6000000000000014,0.0,1.0,0.0,0.6,0.0,0.0,7.369378769434721e-05,0.0003212777272347701,0.0,1.915356424340349e-06,0.003643361019490717,0.0,0.0,5.7047809133891464e-05,0.0010925731598162621,0.03312156029362849,0,2
12382,0.20000000000004547,1.0,1.0,0.02316602316602317,0.0,0.6000000000000001,0.23529411764705882,0.0,0.0,0.0,0.0,0.0,0.0,0.0,0.0,0.0,0.009770786935533304,0.0,0.0008043294090493882,9.89901386388269e-06,0.0,0.0005369984181731833,0.0,0.653982800673564,0.493856476872107,0.20339622641509433,0.056372549019607844,0.39068840712170516,0.03772166175825553,0.04040404040404041,0.9499999999999957,0.0,1.0,0.0,0.35000000000000003,0.0,0.0,0.0,0.0,0.0,0.0,0.0036354330375410375,0.0,0.0002221252566735113,0.0,0.0010825576210823542,0.03312156029362849,1,4
9325,0.20000000000004547,0.0,0.0,0.03861003861003861,0.0,0.6000000000000001,0.5588235294117647,0.0,0.0,0.0,0.0,0.0,0.0,0.0,0.0,0.0,0.0255192948003437,0.0,0.0008043294090493882,9.89901386388269e-06,0.0,0.0,0.0,0.6540820956632998,0.49396792737842554,0.580754716981132,0.2450980392156863,0.40275289730559727,0.13158719217996115,0.020202020202020204,0.29999999999999716,0.0,1.0,0.0,0.45,2.9843924759609596e-05,0.0,0.0,0.0,7.432917217790063e-05,0.0,0.003640716919126736,0.0,0.0,0.00032987959586615713,0.0011426482263747393,0.03312156029362849,1,2
832,0.6000000000000227,1.0,1.0,0.02316602316602317,0.0,0.8,0.32352941176470584,0.0,0.0,0.0,0.0,0.0,0.0,0.0,0.0,0.0,0.009770786935533304,0.0,0.0009729396339682859,9.89901386388269e-06,0.0,0.0,2.1008947528065703e-05,0.6540887989100309,0.4941046430376268,0.580754716981132,0.2450980392156863,0.39842064855774506,0.13384297261733194,0.020202020202020204,0.0,0.0,1.0,0.0,0.4,3.080115710517487e-05,0.0,8.196039588988273e-05,0.0003573170892501615,0.0,0.00010418816172402316,0.0036676440225958612,0.0,0.0,0.00025124059798383325,0.0011316641758850714,0.03312156029362849,0,4
7676,0.0,0.0,0.0,0.20463320463320464,0.0,0.6000000000000001,0.029411764705882346,0.0,0.0,0.0,0.0,0.0,0.0,0.0,0.0,0.0,0.013908937069402017,6.670532585666257e-05,0.026090763670048256,2.55572699450959e-05,0.023778520704668727,0.005466131995075437,3.675478397767188e-06,0.652959032473458,0.49880191656736544,0.580754716981132,0.2386029411764706,0.39174252671858056,0.050817720408546915,0.030303030303030304,0.3999999999999986,1.0,1.0,0.0,0.2,0.00280435811729397,0.0,0.0,0.0,0.0,0.02904529601110762,0.00633147619168398,0.0,0.0,0.00637899392223386,0.0025948132106504607,0.03314248831979032,0,2
1059,0.6000000000000227,0.0,0.0,0.03474903474903475,0.0,0.6000000000000001,0.5294117647058824,0.0,0.0,0.0,0.0,1.0,0.0,0.0,0.0,0.0,0.009770786935533304,0.0,0.0008043294090493882,1.0040717538825795e-05,0.006416661485137204,0.0014750420802497682,0.0,0.6541675116986283,0.4942110162136074,0.34735849056603774,0.15465686274509804,0.3935522002461644,0.06629488063161854,0.020202020202020204,0.29999999999999716,1.0,1.0,0.0,0.05,0.00011685023497779808,0.0,0.0,0.0,0.0,4.987154463376759e-05,0.003752403655677407,0.0,0.0,0.0007774362868067093,0.0011790328223675727,0.03312156029362849,0,1
834,0.8000000000000114,0.0,1.0,0.10231660231660232,0.0,0.4,0.32352941176470584,0.0,0.0,0.0,0.0,0.0,0.0,0.0,0.0,0.0,0.009770786935533304,0.0,0.0008043294090493882,9.89901386388269e-06,0.0,2.4265480982137032e-05,0.00039103610409381087,0.6540314638195767,0.4939111478416885,0.580754716981132,0.2450980392156863,0.40287476084280827,0.13309104580487502,0.020202020202020204,0.8500000000000014,0.0,1.0,0.0,0.5,0.0,0.0,0.0,0.0,0.0,0.0002517790227996078,0.0037495333893185264,0.0,0.0,0.0015745195320954045,0.001109733944959546,0.03312156029362849,0,4
3827,1.0,0.0,0.0,0.02316602316602317,0.0,0.2,0.5294117647058824,0.0,0.0,0.0,0.0,1.0,0.0,0.0,0.0,0.0,0.009770786935533304,0.0,0.0008043294090493882,9.89901386388269e-06,0.019425312952329448,0.004465430207449087,0.0,0.6540483514821475,0.49393320395100054,0.20339622641509433,0.132843137254902,0.39068840712170516,0.07669653487060595,0.020202020202020204,0.29999999999999716,0.0,1.0,0.0,0.75,0.0,0.0,0.0,0.0,0.0,0.0007658534593324657,0.0036354330375410375,0.0,0.0,0.0004611151388512976,0.0010825576210823542,0.03312156029362849,0,1
9419,0.20000000000004547,0.0,1.0,0.02316602316602317,0.0,0.6000000000000001,0.23529411764705882,0.0,0.0,0.0,0.0,0.0,0.0,0.0,0.0,0.0,0.08802798116078445,0.0,0.0008043294090493882,9.89901386388269e-06,0.0,0.0060239887547777855,0.0,0.6519845724975274,0.4941044702997063,0.580754716981132,0.2450980392156863,0.3915292655284613,0.1342189360235604,0.020202020202020204,0.5,0.0,1.0,0.0,0.75,0.0013594939638048454,0.0,0.006787994263780411,0.0,0.0,0.0025927059613481073,0.0036354330375410375,0.0,0.0,0.00814908766994747,0.0014426778914104943,0.03312156029362849,1,4
11299,0.0,0.0,0.0,0.015444015444015444,0.0,0.6000000000000001,0.5588235294117647,0.0,0.0,0.0,0.0,0.0,0.0,0.0,0.0,0.0,0.009770786935533304,0.0,0.0008043294090493882,9.89901386388269e-06,0.0,0.0,0.0,0.6540799179032778,0.49397025992261523,0.20339622641509433,0.2450980392156863,0.39068840712170516,0.1342189360235604,0.04040404040404041,0.44999999999999574,0.0,1.0,0.0,0.85,0.0,0.0,0.0,0.0,0.0,0.0,0.0036354330375410375,0.0,0.0,0.00036367338773426056,0.0010825576210823542,0.03312156029362849,1,2
11038,0.20000000000004547,0.0,1.0,0.04247104247104247,0.0,0.6000000000000001,0.2647058823529412,0.0,0.0,0.0,0.0,0.0,0.0,0.0,0.0,0.0,0.009770786935533304,0.0,0.0008043294090493882,9.89901386388269e-06,0.0,0.0,0.0,0.6540669066734252,0.49395501589817326,0.20339622641509433,0.2450980392156863,0.39068840712170516,0.1342189360235604,0.020202020202020204,0.3999999999999986,0.0,1.0,0.0,0.2,0.0,0.0,0.0,0.0,0.0,0.0,0.0036354330375410375,0.0,0.0,0.0005645942365851949,0.0010825576210823542,0.03312156029362849,1,4
7553,0.8000000000000114,0.0,0.0,0.02316602316602317,0.0,0.6000000000000001,0.5294117647058824,0.0,0.0,0.0,0.0,1.0,0.0,0.0,0.0,0.0,0.009770786935533304,0.0,0.0008043294090493882,9.89901386388269e-06,0.023215300502198655,0.005336743796824795,0.0,0.6538078489820164,0.49282496869206704,0.580754716981132,0.24375000000000005,0.39074324571345015,0.01635440817093803,0.030303030303030304,0.3500000000000014,1.0,1.0,0.0,0.6,0.0,0.0,4.6575280321187975e-05,0.00020305103964769327,0.0,2.1827835477388132e-05,0.0036354330375410375,0.0,0.0,0.002314759624067729,0.0017221409944348297,0.03312280039946885,0,1
5920,0.8000000000000114,1.0,0.0,0.05791505791505792,0.7037037037037037,0.4,0.5,0.0,0.0,0.0,0.0,1.0,0.0,0.0,0.0,0.0,0.009770786935533304,0.0,0.000883566234133824,9.89901386388269e-06,0.1714445188335341,0.06331429074782971,0.008147796162491725,0.6528832591473457,0.493912239001901,0.580754716981132,0.2450980392156863,0.4006751239961492,0.12738893414374336,0.020202020202020204,0.3999999999999986,1.0,1.0,0.0,0.4,0.0007070348926329165,0.0,0.0,0.0,0.00017537552626939915,0.0,0.0037597183194256405,0.0,0.0,0.029626385455929674,0.0021109087212671743,0.03312156029362849,0,0
5969,0.0,0.0,1.0,0.03474903474903475,0.0,0.6000000000000001,0.23529411764705882,0.0,0.0,0.0,0.0,0.0,0.0,0.0,0.0,0.0,0.009770786935533304,0.0,0.0008043294090493882,9.89901386388269e-06,0.015159588697421334,0.003316310101212817,0.0001531086859188225,0.6542450814365525,0.49415944831579367,0.3933962264150943,0.2346813725490196,0.39682423622028057,0.12638636506046746,0.020202020202020204,0.6000000000000014,0.0,1.0,0.0,0.55,0.001430933367864302,0.0,0.0,0.0,0.0011341889791264621,0.0,0.003652386456224674,0.0,0.0,0.00025065221250846127,0.0011345980641245758,0.03312156029362849,0,4
10962,0.6000000000000227,1.0,0.0,0.03474903474903475,0.2222222222222222,0.6000000000000001,0.5,0.0,0.0,0.0,0.0,1.0,0.0,0.0,0.0,0.0,0.009770786935533304,0.0,0.0008043294090493882,9.89901386388269e-06,0.005540380502603538,0.0012736053477131238,0.0,0.6540821774991016,0.49397159330409157,0.580566037735849,0.24448529411764708,0.4028686676659477,0.12807820038849552,0.04040404040404041,0.3999999999999986,0.0,1.0,0.0,0.7,0.0,0.0,0.0005166630122209704,0.0,0.0,0.0007825857239450993,0.0036354330375410375,0.0,0.0,0.0003279353655997106,0.0010828652409173634,0.03312156029362849,1,0
2535,0.20000000000004547,0.0,0.0,0.02364864864864865,0.0,0.0,0.7941176470588235,0.3333333333333333,0.0,0.0,0.0,0.0,0.0,0.0,0.0,0.0,0.009770786935533304,0.0,0.0008043294090493882,9.89901386388269e-06,0.00011568065776022002,0.0008161345504300267,0.0,0.6541064409860461,0.49400133450407874,0.3920754716981132,0.19436274509803925,0.3967815839822567,0.10827746099379662,0.25252525252525254,0.5,0.0,0.0,0.0,0.55,0.0,0.0017211910238184999,0.0,0.0,0.0,0.0,0.0036354330375410375,0.003654245209098625,0.0,0.00013238673195869433,0.0010843656187429992,0.03312156029362849,0,2
11735,0.20000000000004547,0.0,0.0,0.10231660231660232,0.0,0.6000000000000001,0.5588235294117647,0.0,0.0,0.0,0.0,0.0,0.0,0.0,0.0,0.0,0.009770786935533304,0.0,0.0008043294090493882,9.89901386388269e-06,0.0,0.0,0.0,0.6539801007547417,0.49385331363319845,0.580754716981132,0.2450980392156863,0.40287476084280827,0.11892975750360299,0.020202020202020204,0.6000000000000014,0.0,1.0,0.0,0.8,0.0,0.0,0.0,0.0,0.0,0.0,0.0036354330375410375,0.0,0.0,7.569707050546406e-05,0.0012283167815192262,0.03312156029362849,1,2
7529,0.6000000000000227,0.0,0.0,0.10231660231660232,0.0,0.6000000000000001,0.5588235294117647,0.0,0.0,0.0,0.0,0.0,0.0,0.0,0.0,0.0,0.009770786935533304,0.0,0.0008043294090493882,9.89901386388269e-06,0.0028876784193394922,0.004410001865616603,0.0,0.6538061241351163,0.4936290000513641,0.5754716981132075,0.24485294117647063,0.40270415189071285,0.13233911899241807,0.020202020202020204,0.9499999999999957,0.0,1.0,0.0,0.4,0.0,0.0,0.0,0.0,0.0,0.0,0.0036853289469192508,0.0,0.0,0.005561982316714087,0.0012499018695328649,0.03312156029362849,0,2
11772,0.4000000000000341,0.0,0.0,0.0637065637065637,0.0,0.4,0.029411764705882346,0.0,0.0,0.0,0.0,0.0,0.0,0.0,0.0,0.0,0.009770786935533304,0.0,0.0009006268691746373,0.05338727452414894,0.01773312183053073,0.009530018352847516,0.0,0.6534006969827353,0.4939853040368795,0.580754716981132,0.24473039215686276,0.39160847682764843,0.06598157779309481,0.020202020202020204,0.6000000000000014,0.0,1.0,0.0,0.25000000000000006,3.7644350043684076e-05,0.0,0.0,0.0,3.8534095999577036e-05,0.0,0.0037720463293941455,0.0,0.0,0.010835706914450287,0.0013607471204907166,0.03312156029362849,1,2
1282,0.8000000000000114,0.0,0.0,0.07335907335907337,0.0,0.6000000000000001,0.029411764705882346,0.0,0.0,0.0,0.0,0.0,0.0,0.0,0.0,0.0,0.011959324619344592,0.0,0.0008043294090493882,9.89901386388269e-06,0.018850163182027854,0.004333216576481347,0.0,0.6542071593223595,0.49411687598780035,0.29056603773584905,0.1504901960784314,0.39350345483127996,0.08534369321386052,0.020202020202020204,0.6000000000000014,0.0,1.0,0.0,0.5,8.856096416949662e-05,0.0,0.0,0.0,0.00012081425143003052,0.0,0.0037021551472307566,0.0,0.0,0.0014408537012772058,0.001146680346174744,0.03312156029362849,0,2
6477,0.20000000000004547,0.0,0.0,0.03861003861003861,0.0,0.6000000000000001,0.5588235294117647,0.0,0.0,0.0,0.0,0.0,0.0,0.0,0.0,0.0,0.009770786935533304,0.0,0.0008043294090493882,9.89901386388269e-06,0.0051054935298362105,0.0018598826365109895,0.0,0.6541132191108793,0.49400688036176515,0.4845283018867924,0.2450980392156863,0.399767240643927,0.1326524218309418,0.04040404040404041,0.6000000000000014,0.0,1.0,0.0,0.85,0.0,0.0,0.0,0.0,0.0,3.8487822489103246e-05,0.0036354330375410375,0.0,0.0,0.0003826296328321142,0.0011122432821376814,0.03312156029362849,0,2
4942,0.20000000000004547,1.0,0.0,0.02316602316602317,0.0,0.6000000000000001,0.5588235294117647,0.0,0.0,0.0,0.0,0.0,0.0,0.0,0.0,0.0,0.00980204466484212,2.1060245199306194e-06,0.0008077134655428585,9.89901386388269e-06,0.18589773251450709,0.04273367263456227,0.0,0.6554319046555895,0.49448955746905643,0.38169811320754715,0.20490196078431375,0.3978600762865743,0.10765085531674919,0.020202020202020204,0.7999999999999972,0.0,1.0,0.0,0.25000000000000006,0.0,0.0,0.0,0.0,0.0,0.0,0.004126681677083865,0.0,0.0,0.003493116657397464,0.0017349943087978516,0.046886244039654495,0,3
7605,0.8000000000000114,1.0,0.0,0.15830115830115832,0.0,0.6000000000000001,0.029411764705882346,0.0,0.0,0.0,0.0,0.0,0.0,0.0,0.0,0.0,0.01004944274481691,0.0,0.0008043294090493882,9.89901386388269e-06,0.008147533326874496,0.0018794113626438738,0.0,0.65414012619241,0.49403800618234217,0.280188679245283,0.22095588235294122,0.39316833010394964,0.11805250955573661,0.24242424242424243,0.5499999999999972,0.0,1.0,0.0,0.5,0.0,0.0,0.0,0.0,0.0,0.0,0.0036354330375410375,0.0,0.0,0.0006165768142354494,0.001098805807324195,0.03312156029362849,0,3
12355,0.4000000000000341,0.0,1.0,0.0694980694980695,0.0,0.6000000000000001,0.32352941176470584,0.0,0.64,0.0,0.0,0.0,0.0,0.0,0.0,0.0,0.01871222820580408,0.0,0.0008043294090493882,9.89901386388269e-06,0.0,0.0,0.0,0.6523152941650483,0.494991547840387,0.580754716981132,0.24325980392156868,0.3908955751349639,0.130897925935209,0.020202020202020204,0.9499999999999957,0.0,1.0,0.0,0.35000000000000003,0.0,0.0,8.367420490603033e-06,0.0,4.5859017578700535e-05,0.0,0.0038836231241417404,0.0,0.0,0.0,0.001491306262431656,0.03317716663951,1,4
5073,0.8000000000000114,0.0,1.0,0.03474903474903475,0.0,0.4,0.23529411764705882,0.0,0.0,0.0,0.0,0.0,0.0,0.0,0.0,0.0,0.015823243485295513,0.0,0.004854655163473711,9.89901386388269e-06,0.0,0.018712425380529692,0.0006816598782320531,0.6540655260670032,0.4936591822182675,0.580188679245283,0.2450980392156863,0.40080308071022075,0.11166113164985275,0.030303030303030304,0.14999999999999858,0.0,1.0,0.0,0.4,0.0,0.0,0.0,0.0,0.0,0.008182258089580135,0.004343650254857429,0.0,0.0,0.007487333083994329,0.004210360363348984,0.03780924469736695,0,4
4507,0.6000000000000227,1.0,0.0,0.15830115830115832,0.0,0.6000000000000001,0.1764705882352941,0.0,0.0,0.0,0.0,0.0,0.0,0.0,0.0,0.0,0.009770786935533304,0.0,0.0008043294090493882,9.89901386388269e-06,0.0,0.002547958604086656,0.00029503869789414006,0.654359483249042,0.49429375030220885,0.39622641509433965,0.21127450980392157,0.39691563387318884,0.11598471082148006,0.020202020202020204,0.6999999999999957,0.0,1.0,0.0,0.55,5.295327869084505e-07,0.0,0.00018105888194124155,0.0,0.00010099939946599132,0.0,0.003910309533591988,0.0,0.0,0.0012247371579753605,0.0011890924767400818,0.03312156029362849,0,3
12052,0.20000000000004547,1.0,1.0,0.02316602316602317,0.0,0.6000000000000001,0.23529411764705882,0.0,0.0,0.0,0.0,0.0,0.0,0.0,0.0,0.0,0.009770786935533304,0.0,0.0008043294090493882,9.89901386388269e-06,0.0003430654506701525,0.00033497997890066567,0.0,0.654068314779327,0.49395666564235796,0.20339622641509433,0.22181372549019612,0.39068840712170516,0.12231342815965915,0.04040404040404041,0.6499999999999986,0.0,1.0,0.0,0.0,0.0,0.0,0.0,0.0,0.0,0.0,0.0036354330375410375,0.0,0.0002259240246406571,6.932715818513269e-05,0.0010825576210823542,0.03312156029362849,1,4
2825,0.20000000000004547,0.0,0.0,0.10424710424710425,0.0,0.6000000000000001,0.5294117647058824,0.0,0.0,0.0,0.0,1.0,0.0,0.0,0.0,0.0,0.009770786935533304,0.0,0.0008043294090493882,9.89901386388269e-06,0.0,0.0,0.0,0.6540837506018833,0.49397470763293727,0.4056603773584906,0.2382352941176471,0.39722029271621645,0.13052196252898052,0.25252525252525254,0.6999999999999957,0.0,1.0,0.0,0.55,0.0,0.0,0.0,0.0,0.0,0.0,0.0036354330375410375,0.0,0.00012322895277207393,3.885902335174042e-05,0.0010829763231039982,0.03312156029362849,0,1
4813,0.20000000000004547,1.0,0.0,0.06756756756756757,0.2962962962962963,0.6000000000000001,0.5,0.0,0.0,0.0,0.0,1.0,0.0,0.0,0.0,0.0,0.009770786935533304,0.0,0.0008043294090493882,9.89901386388269e-06,0.00012001868242622827,2.7589519472840736e-05,0.0,0.6541039213047792,0.49400519102372,0.5694339622641509,0.24362745098039218,0.4001693903167234,0.12275205213359236,0.24242424242424243,0.5,0.0,0.0,0.0,0.10000000000000002,0.0,0.002171778901175334,0.0,0.0,0.0,0.0,0.0036354330375410375,0.011527868089726383,0.0,1.0360700761984774e-05,0.0010907001287647805,0.03312156029362849,0,0
8158,0.0,1.0,0.0,0.03474903474903475,0.0,0.6000000000000001,0.029411764705882346,0.0,0.0,0.0,0.0,0.0,0.0,0.0,0.0,0.0,0.009770786935533304,0.0,0.0008043294090493882,9.89901386388269e-06,0.0010682385740045318,0.010939576874830421,0.0,0.653901005955296,0.49376064575555434,0.20339622641509433,0.24436274509803926,0.39068840712170516,0.13384297261733194,0.020202020202020204,0.14999999999999858,0.0,1.0,0.0,0.75,0.0,0.0,2.5102261471809104e-05,0.0,0.0,0.00011007878619888121,0.0036354330375410375,0.0,0.0,0.006409769040793533,0.0010825576210823542,0.03312156029362849,0,3
38,0.20000000000004547,1.0,0.0,0.03474903474903475,0.2222222222222222,0.6000000000000001,0.5,0.0,0.0,0.0,0.0,1.0,0.0,0.0,0.0,0.0,0.00988270977273584,0.0,0.0008043294090493882,9.89901386388269e-06,0.0,0.0,0.0,0.6540568180087868,0.49413045008295226,0.580754716981132,0.24497549019607845,0.399712402052182,0.1264490256281722,0.020202020202020204,0.29999999999999716,1.0,1.0,0.0,0.45,0.0,0.0,0.0,0.0,0.0,0.0001969564625029227,0.003694599789463646,0.0,0.0,0.00033947283731243933,0.0012153922873168435,0.03312156029362849,0,0
2593,0.8000000000000114,1.0,0.0,0.06756756756756757,0.0,0.4,0.1764705882352941,0.0,0.0,0.0,0.0,0.0,0.0,0.0,0.0,0.0,0.009770786935533304,0.0,0.0008043294090493882,9.89901386388269e-06,0.003331602943494337,0.000868072651847272,1.1744132158546044e-05,0.654109814476468,0.49400528690297024,0.39264150943396225,0.15416666666666667,0.39679986351283836,0.08772479478664078,0.24242424242424243,0.10000000000000142,0.0,0.0,0.0,0.55,0.0,0.0031768232566422813,0.0,0.0,0.0,0.0,0.0036354330375410375,0.007800944235397868,0.0,5.8531563810916444e-05,0.001088687018168707,0.03312156029362849,0,3
8489,0.0,0.0,0.0,0.05067567567567568,0.0,0.0,0.4411764705882353,0.3333333333333333,0.0,0.0,0.0,0.0,0.0,0.0,0.0,0.0,0.010476064849027952,0.0,0.0008043294090493882,0.03691302795246692,0.008838725256991812,0.0020318185274426385,0.0,0.6539895907258824,0.4940973278778242,0.580754716981132,0.2421568627450981,0.3907615252440318,0.02224450153518391,0.020202020202020204,0.14999999999999858,0.0,1.0,0.0,0.25000000000000006,0.0,0.0,0.0013959478497997616,0.003493181089004039,0.0,0.0002131827839091268,0.0036929015812554164,0.0,0.0,0.0008698383884172994,0.0012645833062186352,0.03322915683676104,0,2
8381,1.0,0.0,0.0,0.07722007722007722,0.0,0.6000000000000001,0.5294117647058824,0.0,0.0,0.0,0.0,1.0,0.0,0.0,0.0,0.0,0.016632663664951454,6.961884164330234e-06,0.0008121267742417161,0.0022135328629041234,0.07252815739510295,0.018138031529336095,0.0,0.6537962157080334,0.49574614393588223,0.580754716981132,0.24375000000000005,0.39191313567067604,0.03653111097186541,0.030303030303030304,0.3500000000000014,1.0,1.0,0.0,0.2,0.007134673582174775,0.0,0.0,0.0,0.004274811712343005,0.0,0.004632193302329337,0.0,0.0,0.0030075707303296342,0.001884338038359527,0.033153803045477714,0,1
12154,0.20000000000004547,0.0,1.0,0.0637065637065637,0.0,0.6000000000000001,0.32352941176470584,0.0,0.0,0.0,0.0,0.0,0.0,0.0,0.0,0.0,0.009770786935533304,0.0,0.0008043294090493882,9.89901386388269e-06,0.00016701394964131766,0.0002283614443113444,0.0,0.6539784372018632,0.49384946448888417,0.580754716981132,0.2450980392156863,0.40287476084280827,0.13340434864339873,0.020202020202020204,0.7999999999999972,0.0,1.0,0.0,0.2,8.995268495560216e-06,0.0,0.0,0.0,1.1128246245206853e-05,0.0,0.0036354330375410375,0.0,0.000994199178644764,3.645431749587235e-05,0.0011058841863218034,0.03312156029362849,1,4
4949,0.20000000000004547,0.0,0.0,0.03474903474903475,0.0,0.8,0.5588235294117647,0.0,0.0,0.0,0.0,0.0,0.0,0.0,0.0,0.0,0.009770786935533304,0.0,0.0008043294090493882,9.89901386388269e-06,0.007486346067363739,0.0017209378275995747,0.0,0.654018294881863,0.4940581912876612,0.579811320754717,0.23713235294117652,0.39230919216661186,0.07713515884453914,0.24242424242424243,0.6000000000000014,1.0,1.0,0.0,0.25000000000000006,5.375436675309117e-05,0.0,0.0,0.0,0.0,0.0,0.0036354330375410375,0.0,0.0,0.00027068290064829846,0.0011234178725315995,0.03312540462173359,0,2
3426,0.4000000000000341,0.0,0.0,0.10231660231660232,0.0,0.4,0.1176470588235294,0.0,0.0,0.0,0.0,0.0,0.0,0.0,0.0,0.0,0.00989079133298564,0.0,0.0008043294090493882,9.89901386388269e-06,0.0,0.0,5.58933697175247e-06,0.6540783709746999,0.4939684475330626,0.3509433962264151,0.18026960784313728,0.3954532714266565,0.10107149570775113,0.020202020202020204,0.14999999999999858,0.0,1.0,0.0,0.35000000000000003,7.619841025974934e-05,0.0,0.0,0.0,0.00010499054263410347,0.0,0.0036354330375410375,0.0,0.0012833675564681726,0.000434407554664848,0.0011256257363232499,0.03312156029362849,0,2
4772,0.0,0.0,0.0,0.10231660231660232,0.0,0.0,0.4411764705882353,0.0,0.0,0.0,0.0,0.0,0.0,0.0,0.0,0.0,0.009770786935533304,0.0,0.0008043294090493882,9.89901386388269e-06,0.0,0.0,0.0,0.6541026463891297,0.4939968681613518,0.20339622641509433,0.2450980392156863,0.39068840712170516,0.13158719217996115,0.24242424242424243,0.3500000000000014,0.0,1.0,0.0,0.35000000000000003,0.0,0.0,0.0,0.0,0.0,0.0,0.0036354330375410375,0.0,0.0,0.00023054477843705376,0.0010825576210823542,0.03312156029362849,0,2
6211,0.20000000000004547,0.0,0.0,0.03581081081081081,0.0,0.0,0.7941176470588235,0.2222222222222222,0.0,0.0,0.0,0.0,0.0,0.0,0.0,0.0,0.009962456863543457,0.0,0.0008043294090493882,9.89901386388269e-06,0.005776802846900987,0.0033793837315739196,0.0,0.6540859025190204,0.4940446556218444,0.58,0.25453431372549024,0.40015111078614174,0.1388558180337114,0.020202020202020204,0.25,0.0,1.0,0.0,0.45,0.0,0.0,0.00016321510571429293,0.0007115576475965702,0.0,0.0,0.0036465866334631112,0.0,6.845482546201232e-05,0.0005066766402268406,0.001127609353880034,0.03312156029362849,0,2
10286,0.4000000000000341,0.0,0.0,0.03474903474903475,0.0,0.6000000000000001,0.029411764705882346,0.0,0.0,0.0,0.0,0.0,0.0,0.0,0.0,0.0,0.009770786935533304,0.0,0.0008043294090493882,9.89901386388269e-06,0.00048405125231542066,0.0049509891299786305,0.0,0.6540049450439558,0.4939104941548162,0.580754716981132,0.2450980392156863,0.40051670139777484,0.1342189360235604,0.020202020202020204,0.14999999999999858,0.0,1.0,0.0,0.45,0.0,0.0,0.0,0.0,7.3718762046307e-06,0.0,0.0036354330375410375,0.0,0.0,0.0030113056989993867,0.0011040582945650518,0.03312156029362849,1,2
6713,0.6000000000000227,0.0,0.0,0.06756756756756757,0.0,0.6000000000000001,0.5294117647058824,0.0,0.0,0.0,0.0,1.0,0.0,0.0,0.0,0.0,0.009770786935533304,0.0,0.0008043294090493882,9.89901386388269e-06,3.759621377207151e-05,0.00019429004978163144,0.0,0.6541042652139384,0.49399878535818204,0.3920754716981132,0.1366421568627451,0.3967815839822567,0.07876433360486247,0.23232323232323235,0.9499999999999957,0.0,0.0,0.0,0.5,0.0,6.307809762344856e-05,0.0,0.0,0.0,0.0,0.0036354330375410375,0.0017475313782906493,0.0,5.758503065488327e-05,0.0010839061221476825,0.03312156029362849,0,1
3538,0.8000000000000114,0.0,0.0,0.20463320463320464,0.0,0.6000000000000001,0.0,0.0,0.0,0.0,0.0,0.0,0.0,0.0,0.0,0.0,0.009770786935533304,0.0,0.0008043294090493882,9.89901386388269e-06,0.024263656463150648,0.014329514428612326,0.0,0.6536813328203039,0.493773577420912,0.579622641509434,0.24448529411764708,0.4024908907005935,0.13384297261733194,0.020202020202020204,0.6499999999999986,0.0,1.0,0.0,0.45,0.005838771074972128,0.0,0.0012398904170352616,0.0054054647978938955,0.0,0.0,0.0036980590297675774,0.0,0.0,0.008465485563834453,0.0025329685873945506,0.03312156029362849,0,2
8573,0.4000000000000341,0.0,0.0,0.10231660231660232,0.0,0.6000000000000001,0.5588235294117647,0.0,0.0,0.0,0.0,0.0,0.0,0.0,0.0,0.0,0.009770786935533304,0.0,0.0008043294090493882,9.89901386388269e-06,0.0,0.0,0.0,0.6541094318029818,0.49400483856072713,0.3920754716981132,0.14093137254901963,0.3967815839822567,0.0809574534745285,0.25252525252525254,0.9499999999999957,0.0,0.0,0.0,0.55,0.0,0.010123614147912671,0.0,0.0,0.0,0.0,0.0036469851724992624,0.015447571857438327,0.0,1.0232790876034344e-07,0.0010900774538747731,0.03312156029362849,0,2
11679,0.20000000000004547,0.0,1.0,0.05791505791505792,0.0,0.6000000000000001,0.23529411764705882,0.0,0.0,0.0,0.0,0.0,0.0,0.0,0.0,0.0,0.009770786935533304,0.0,0.0008043294090493882,9.89901386388269e-06,0.00011893417625972621,0.0016094163362364653,0.0,0.6541078457787576,0.49400298036651247,0.3920754716981132,0.12401960784313726,0.3967815839822567,0.07231029513127389,0.020202020202020204,0.6000000000000014,0.0,1.0,0.0,0.45,2.6014995377348493e-05,0.0,2.6211196717551672e-05,0.0,0.0,9.396088119405488e-06,0.0036354330375410375,0.0,0.0,0.00032358642947739603,0.0014035861318196863,0.03312156029362849,1,4
5994,0.8000000000000114,0.0,0.0,0.10231660231660232,0.0,0.4,0.5294117647058824,0.0,0.0,0.0,0.0,1.0,0.0,0.0,0.0,0.0,0.009770786935533304,0.0,0.0016776343105901086,9.89901386388269e-06,0.0,0.01190030709960606,0.0,0.6540682925809517,0.49395656588135667,0.20339622641509433,0.24473039215686276,0.39068840712170516,0.13384297261733194,0.020202020202020204,0.6999999999999957,0.0,1.0,0.0,0.8,0.0,0.0,0.0009699150908444794,0.004228471975000989,0.0010202144514786474,0.0,0.0036354526700058724,0.0,0.0,0.004205856123890446,0.0010853334365448935,0.033399344001867975,0,1
2203,0.6000000000000227,0.0,0.0,0.10231660231660232,0.0,0.6000000000000001,0.0,0.0,0.0,0.0,0.0,0.0,0.0,0.0,0.0,0.0,0.009770786935533304,0.0,0.0008043294090493882,9.89901386388269e-06,0.0028583967528439365,0.0006570793086498545,0.0,0.6541785267312906,0.4941277588649681,0.27962264150943394,0.06397058823529413,0.3930708392741808,0.04135597468513065,0.020202020202020204,0.44999999999999574,0.0,1.0,0.0,0.45,7.680262074737565e-05,0.0,0.0,0.0,4.0005340932136025e-05,0.0,0.0036899476805963387,0.0,0.0,0.00017761566763076613,0.0012999439732827244,0.03312156029362849,0,2
324,0.4000000000000341,1.0,0.0,0.15830115830115832,0.4444444444444444,0.6000000000000001,0.5,0.0,0.0,0.0,0.0,1.0,0.0,0.0,0.0,0.0,0.009775527515568103,0.0,0.0008043294090493882,9.89901386388269e-06,0.00011423464953821727,2.6259904076559253e-05,5.798121543459955e-05,0.6540997503294383,0.4939932173745148,0.580754716981132,0.2450980392156863,0.40287476084280827,0.13371765148192244,0.24242424242424243,0.0,0.0,0.0,1.0,0.5,0.0,0.06014811998883938,0.0,0.0,0.0,0.0,0.0036354330375410375,0.03749175414042364,0.0,0.00011268860952232822,0.0010924613341076284,0.03312156029362849,0,0
5093,0.20000000000004547,0.0,1.0,0.0694980694980695,0.0,0.6000000000000001,0.32352941176470584,0.0,0.0,0.0,0.0,0.0,0.0,0.0,0.0,0.0,0.014153114564845228,5.594605032997039e-05,0.0008043294090493882,9.89901386388269e-06,0.019389524248834878,0.006680070851880429,0.002205091303124337,0.6534121543263103,0.4938359897665584,0.580754716981132,0.2450980392156863,0.39673893174423286,0.1070869102074065,0.030303030303030304,0.5,1.0,1.0,0.0,0.10000000000000002,0.0007173064709225638,0.0,0.0,0.0,0.0,0.002148415548502065,0.0038712554565942686,0.0,0.0,0.003679404615295669,0.0014168650877430086,0.03312156029362849,0,4
2224,0.4000000000000341,0.0,1.0,0.04247104247104247,0.0,0.6000000000000001,0.2647058823529412,0.0,0.0,0.0,0.0,0.0,0.0,0.0,0.0,0.0,0.009770786935533304,0.0,0.0008043294090493882,9.89901386388269e-06,0.0004106663350487811,0.001341914338697085,0.0,0.6541184880775047,0.4940154489389731,0.44867924528301883,0.24460784313725495,0.39827441231309185,0.1339682937527414,0.24242424242424243,1.0,0.0,1.0,1.0,0.25000000000000006,0.0002108830379453487,0.0,0.0,0.0,0.0,0.0,0.0036354330375410375,0.0,0.0,0.00041962117184897837,0.0010903427920921117,0.03312156029362849,0,4
4318,0.20000000000004547,0.0,0.0,0.06756756756756757,0.0,0.6000000000000001,0.5588235294117647,0.0,0.0,0.0,0.0,0.0,0.0,0.0,0.0,0.0,0.009770786935533304,0.0,0.0008043294090493882,9.89901386388269e-06,0.0,0.0,0.0,0.6541017998689934,0.49399605338181213,0.580754716981132,0.2442401960784314,0.4024726111700119,0.13378031204962718,0.17171717171717174,0.3500000000000014,0.0,1.0,0.0,0.85,0.0,0.0,0.0,0.0,0.0,0.0,0.0036354330375410375,0.0,0.0,1.3123554298514047e-05,0.0010832867187544701,0.03312156029362849,0,2
1065,0.6000000000000227,1.0,0.0,0.03474903474903475,0.0,0.6000000000000001,0.1764705882352941,0.0,0.0,0.0,0.0,0.0,0.0,0.0,0.0,0.0,0.009770786935533304,0.0,0.0008043294090493882,9.89901386388269e-06,0.0007374641932214026,0.0003168639691263305,0.0,0.6540670010993503,0.49395274313294935,0.5054716981132076,0.22928921568627456,0.4004435832754482,0.12362930008145875,0.25252525252525254,0.0,0.0,0.0,1.0,0.55,0.0,0.0,0.0,0.0,0.0,0.0,0.0036406870777801865,0.017679138378827515,0.0,0.0006887947358430618,0.0010922423916630206,0.03312156029362849,0,3
8107,0.8000000000000114,0.0,0.0,0.02316602316602317,0.0,0.6000000000000001,0.5294117647058824,0.0,0.0,0.0,0.0,1.0,0.0,0.0,0.0,0.0,0.009770786935533304,0.0,0.0008043294090493882,9.89901386388269e-06,0.0,0.00038567156588389717,0.0,0.6541021139594393,0.49399626493724286,0.20339622641509433,0.23357843137254902,0.39068840712170516,0.1283288426593145,0.04040404040404041,0.3999999999999986,0.0,1.0,0.0,0.85,3.0617857294321946e-06,0.0,9.143675162622834e-05,4.9224494460046856e-05,0.0,2.6525879537090875e-05,0.0036354330375410375,0.0,8.983572895277208e-05,4.911739620496485e-05,0.0010825576210823542,0.03312156029362849,0,1
5591,0.8000000000000114,1.0,0.0,0.015444015444015444,0.0,0.6000000000000001,0.1764705882352941,0.0,0.0,0.0,0.0,0.0,0.0,0.0,0.0,0.0,0.009770786935533304,0.0,0.0008043294090493882,9.89901386388269e-06,0.0,0.000586194187835598,0.0,0.6541037930843124,0.49399823220866124,0.4,0.20171568627450984,0.3970374974103999,0.11203709505608123,0.25252525252525254,0.6499999999999986,0.0,1.0,0.0,0.55,0.00015924680233989132,0.0,0.0,0.0,0.0,0.0,0.0036370825572364764,0.0,0.0,0.0002415194466516006,0.0010848675456603862,0.03312156029362849,0,3
7819,0.0,0.0,0.0,0.10231660231660232,0.0,0.6000000000000001,0.0,0.0,0.0,0.0,0.0,0.0,0.0,0.0,0.0,0.0,0.009770786935533304,0.0002659265158067834,0.0008043294090493882,9.89901386388269e-06,6.868539054513064e-06,0.0,0.0,0.6540778286054384,0.49396657808177,0.2926415094339623,0.09019607843137256,0.39357047977674603,0.05495331787705997,0.020202020202020204,0.6000000000000014,0.0,1.0,0.0,0.45,1.89952915098698e-05,0.0,0.0,0.0,2.8016259885963807e-05,0.0,0.00365404343625675,0.0,0.0,0.0015124576554322562,0.0011811402611212392,0.03312156029362849,0,2
3004,1.0,1.0,0.0,0.10231660231660232,0.4444444444444444,0.2,0.5,0.0,0.0,0.0,0.0,1.0,0.0,0.0,0.0,0.0,0.009770786935533304,0.0,0.0008043294090493882,9.89901386388269e-06,0.0,3.074735603900925e-05,0.0,0.6541245363065021,0.4940219442729597,0.44339622641509435,0.2450980392156863,0.39843892808832676,0.13284040353405605,0.24242424242424243,0.44999999999999574,0.0,1.0,0.0,0.35000000000000003,0.0003715622943626462,0.0,0.0,0.0,0.0,0.0,0.0036438490825665155,0.0,0.0,6.369912320331379e-05,0.0010939388114556982,0.03312156029362849,0,0
3159,0.0,0.0,1.0,0.07722007722007722,0.0,0.8,0.32352941176470584,0.0,0.0,0.0,0.0,0.0,0.0,0.0,0.0,0.0,0.014645231920838634,3.27361324341547e-08,0.0008313238873452273,1.5921420048964692e-05,0.018652783059724478,0.0042878434510832415,0.0006945784236064538,0.6539404378903348,0.49439129094191203,0.580754716981132,0.2450980392156863,0.391437867875553,0.02606679616517326,0.030303030303030304,0.5,1.0,1.0,0.0,0.10000000000000002,0.0011530304879656171,0.0,0.0,0.0,0.0003089770873792243,0.0,0.003879274140531486,0.0,0.0,0.001353286593355542,0.0015025659613103807,0.03340366949103914,0,4
6679,0.4000000000000341,1.0,0.0,0.05791505791505792,0.7037037037037037,0.6000000000000001,0.5,0.0,0.0,0.0,0.0,1.0,0.0,0.0,0.0,0.0,0.011471797348781705,0.0020277306031922663,0.00127217132058906,3.271330552972275e-05,0.1867002670777186,0.08871808871110823,0.0,0.6538944988494341,0.4970767557828896,0.580754716981132,0.2394607843137255,0.396519577377253,0.12688764960210538,0.030303030303030304,0.5,0.0,1.0,0.0,0.10000000000000002,0.00618251253137643,0.0,0.03039218503088637,0.13249871444958666,0.01130432609085886,0.0,0.004816835456154847,0.0,0.0,0.01487371968599658,0.0020745678443678758,0.039712301199128774,0,0
9110,0.0,0.0,0.0,0.1274131274131274,0.0,0.8,0.029411764705882346,0.0,0.0,0.0,0.0,0.0,0.0,0.0,0.0,0.0,0.012031321238031823,6.7436432814358695e-06,0.0008287663515621437,5.949530009396979e-05,0.034391859552113414,0.0032824049086076393,0.0,0.6514135723015436,0.4926310123441072,0.580754716981132,0.24497549019607845,0.3936375047222121,0.13158719217996115,0.030303030303030304,1.0,0.0,1.0,0.0,0.2,0.0014868330212925607,0.0,0.0004448846581329059,0.0019395329826088104,0.0,3.454869323904479e-05,0.0042012202563230005,0.0,0.01325608316221766,0.004247810566482187,0.0014118466612274038,0.03312156029362849,1,2
8047,0.4000000000000341,1.0,0.0,0.06756756756756757,0.2962962962962963,0.6000000000000001,0.5,0.0,0.0,0.0,0.0,1.0,0.0,0.0,0.0,0.0,0.009770786935533304,0.0,0.0008043294090493882,9.89901386388269e-06,0.0,0.00024149139634962403,0.0,0.6541077576478941,0.49400287711193525,0.3920754716981132,0.16850490196078433,0.3967815839822567,0.09505608120809576,0.25252525252525254,0.5,0.0,0.0,1.0,0.55,0.0,0.001162108818549334,0.0,0.0,0.0,0.0,0.0036354330375410375,0.0067434351913089625,0.0,9.370678244728451e-05,0.0010862479190354006,0.03312156029362849,0,0
12252,0.8000000000000114,0.0,1.0,0.015444015444015444,0.0,0.6000000000000001,0.32352941176470584,0.0,0.52,0.0,0.0,0.0,0.0,0.0,0.0,0.0,0.009770786935533304,0.0,0.0008043294090493882,9.89901386388269e-06,0.002988898994879685,0.0009450241429070627,0.0,0.6510196174020942,0.4903796588588482,0.580754716981132,0.2450980392156863,0.40287476084280827,0.13403095432044615,0.030303030303030304,0.8500000000000014,0.0,1.0,0.0,0.25000000000000006,0.0,0.0,0.00012329343686756037,7.559475934935767e-05,0.0,4.900421342274554e-05,0.003647014621196515,0.0,0.04612422997946612,0.0017353790046666644,0.0010827012695325405,0.03312156029362849,1,4
7792,0.6000000000000227,1.0,0.0,0.015444015444015444,0.35185185185185186,0.6000000000000001,0.5,0.0,0.0,0.0,0.0,1.0,0.0,0.0,0.0,0.0,0.009904681984960622,0.0,0.0008043294090493882,9.89901386388269e-06,0.0,0.0,0.0,0.6541204975274565,0.4940174511461507,0.48188679245283017,0.2177696078431373,0.3996819361678793,0.11986966601917416,0.020202020202020204,0.14999999999999858,0.0,1.0,0.0,0.35000000000000003,1.591313913478728e-05,0.0,0.0,0.0,0.0,0.00011672832548338356,0.003658085368116985,0.0,0.0,1.7293416580498042e-05,0.0011010629418403055,0.03312156029362849,0,0
1335,0.8000000000000114,1.0,0.0,0.15830115830115832,0.0,0.6000000000000001,0.1764705882352941,0.0,0.0,0.0,0.0,0.0,0.0,0.0,0.0,0.0,0.009798071607289146,0.0,0.0008043294090493882,9.89901386388269e-06,0.0010870366808905674,0.00047035144643457397,0.0,0.6541840057541847,0.49408479176289577,0.4056603773584906,0.2442401960784314,0.39722029271621645,0.1297700357165236,0.24242424242424243,0.0,0.0,1.0,0.0,0.35000000000000003,0.0007266276057485291,0.0,0.0,0.0,0.0,0.0,0.003703504682863516,0.0,0.0,0.0007738036460457171,0.001127906068725726,0.03312156029362849,0,3
9407,0.4000000000000341,0.0,0.0,0.10231660231660232,0.0,0.8,0.029411764705882346,0.0,0.0,0.0,0.0,0.0,0.0,0.0,0.0,0.0,0.009770786935533304,0.0,0.0008043294090493882,9.89901386388269e-06,0.0,0.0021863863172603606,0.0,0.653836230101937,0.493684754029481,0.580754716981132,0.2450980392156863,0.40287476084280827,0.1342189360235604,0.020202020202020204,0.14999999999999858,0.0,1.0,0.0,0.8,0.0,0.0,0.0,0.0,0.0,1.8069400229625938e-07,0.0036354330375410375,0.0,0.0,0.00479986963424424,0.0010883572909462641,0.03312156029362849,1,2
12297,0.20000000000004547,0.0,0.0,0.02316602316602317,0.0,1.0,0.5588235294117647,0.0,0.0,0.0,0.0,0.0,0.0,0.0,0.0,0.0,0.009770786935533304,0.0,0.0008043294090493882,9.89901386388269e-06,5.350230421410176e-05,1.2298942415603702e-05,0.0,0.6532717489393005,0.4930137696864934,0.20339622641509433,0.2450980392156863,0.39068840712170516,0.13296572466946552,0.020202020202020204,0.9499999999999957,0.0,0.0,0.0,0.25000000000000006,0.0,0.0,0.0,0.0,0.0,0.0,0.0036354330375410375,0.0,0.0,0.0,0.0010825576210823542,0.03312156029362849,1,2
6890,0.6000000000000227,0.0,0.0,0.10231660231660232,0.0,0.6000000000000001,0.5588235294117647,0.0,0.0,0.0,0.0,0.0,0.0,0.0,0.0,0.0,0.009770786935533304,0.0,0.0008043294090493882,9.89901386388269e-06,0.0011578910837687023,0.000266172382143099,0.0,0.6540898084391328,0.49402875014702813,0.580754716981132,0.2450980392156863,0.4010468077846428,0.13415627545585562,0.020202020202020204,0.6999999999999957,0.0,1.0,0.0,0.45,3.0848679278358964e-05,0.0,0.0,0.0,5.3183939157824035e-05,0.0,0.003641589778513301,0.0,0.0,0.000210948983909448,0.0011294157157922813,0.03312156029362849,0,2
8884,0.8000000000000114,1.0,1.0,0.08687258687258688,0.0,0.6000000000000001,0.2941176470588235,0.0,0.0,0.0,0.0,0.0,0.0,0.0,0.0,0.0,0.016873364735035812,0.00284240199494864,0.0008283608885721427,9.89901386388269e-06,0.1865350606383548,0.10631546537993136,0.0,0.6492747793740412,0.49388221715131486,0.580754716981132,0.2450980392156863,0.3973726221377302,0.13327902750798926,0.030303030303030304,0.29999999999999716,0.0,1.0,0.0,0.45,0.0003274413510021588,0.0,0.0,0.0,0.0,0.0037940681050150173,0.003999377707406228,0.0,0.0,0.05831864501476336,0.0028525653226026777,0.0332658689300589,0,4
6430,0.6000000000000227,1.0,0.0,0.03861003861003861,0.0,0.6000000000000001,0.5588235294117647,0.0,0.0,0.0,0.0,0.0,0.0,0.0,0.0,0.0,0.009807808608186018,0.0,0.0008043294090493882,9.89901386388269e-06,0.0,2.9750144491798143e-05,4.697652863418418e-06,0.6541250412367127,0.49402312665432124,0.3920754716981132,0.19019607843137257,0.3967815839822567,0.10614700169183534,0.24242424242424243,0.29999999999999716,0.0,1.0,1.0,0.55,0.00031531640795833194,0.0,0.0,0.0,0.0,0.0,0.0036354330375410375,0.0,0.0,5.768735856364361e-05,0.0010942023652202397,0.03312156029362849,0,3
4242,0.0,0.0,0.0,0.03581081081081081,0.0,0.0,0.7941176470588235,0.2222222222222222,0.0,0.0,0.0,0.0,0.0,0.0,0.0,0.0,0.00994284741660586,0.0,0.0008043294090493882,9.89901386388269e-06,0.0003542720143906738,0.0010554653217606934,0.0,0.6541163099861638,0.4940125900293447,0.30849056603773584,0.15171568627450982,0.3942590087619884,0.08565699605238425,0.24242424242424243,0.0,0.0,0.0,0.0,0.05,0.0,0.0008763650363151121,0.0,0.0,0.0,0.0,0.0036354330375410375,0.007038474962592896,0.0,0.0003596570173154171,0.0010882854171530376,0.03312156029362849,0,2
7619,0.0,0.0,0.0,0.047972972972972976,0.0,0.0,0.7941176470588235,0.3333333333333333,0.0,0.0,0.0,0.0,0.0,0.0,0.0,0.0,0.009770786935533304,0.0,0.0008043294090493882,9.89901386388269e-06,0.0,0.0,6.781148901916031e-05,0.654034303886351,0.49391615491233287,0.42886792452830186,0.1306372549019608,0.39796975347006425,0.07556864465192056,0.25252525252525254,0.29999999999999716,0.0,1.0,0.0,0.75,0.0006953037047383293,0.0,0.0,0.0,0.0,0.0,0.0036354330375410375,0.0,0.0,0.0004213351643207141,0.0011209630603000495,0.03312156029362849,0,2
11350,0.0,0.0,1.0,0.08687258687258688,0.0,0.8,0.2941176470588235,0.0,0.0,0.0,0.0,0.0,0.0,0.0,0.0,0.0,0.009770786935533304,0.0,0.0008043294090493882,9.89901386388269e-06,0.013221214675826647,0.0051946411513472115,0.0043068777400392414,0.6526704297383559,0.49231840911160746,0.580754716981132,0.1927696078431373,0.40287476084280827,0.10746287361363496,0.020202020202020204,0.44999999999999574,0.0,1.0,0.0,0.35000000000000003,0.00044510625180596986,0.0,6.250362294185399e-06,2.7249273718954508e-05,0.008256125712182327,0.0,0.0036489067981573145,0.0,0.0,0.01189124487529042,0.0016942086078210288,0.03312156029362849,1,4
1662,0.4000000000000341,0.0,0.0,0.06756756756756757,0.0,0.0,0.4411764705882353,0.0,0.0,0.0,0.0,0.0,0.0,0.0,0.0,0.0,0.009770786935533304,0.0,0.0008043294090493882,9.89901386388269e-06,0.0016596559368036567,0.000550710076947336,0.0,0.6541103044973219,0.4940056141345815,0.3920754716981132,0.21789215686274513,0.3967815839822567,0.11886709693589827,0.25252525252525254,0.6999999999999957,0.0,1.0,0.0,0.55,0.0,0.0,0.0,0.0,0.0,0.0,0.0036354330375410375,0.0,0.0,9.639289005224352e-05,0.0010863083921579771,0.03312156029362849,0,2
3412,0.0,0.0,1.0,0.06756756756756757,0.0,0.8,0.2647058823529412,0.0,0.0,0.0,0.0,0.0,0.0,0.0,0.0,0.0,0.009952539269121449,0.0,0.0008043294090493882,9.89901386388269e-06,0.0,7.778250068246665e-05,3.690702272787526e-05,0.6541629385019779,0.49406644117311016,0.5373584905660377,0.2450980392156863,0.401247882621041,0.13114856820602797,0.24242424242424243,0.14999999999999858,0.0,1.0,0.0,0.35000000000000003,0.0,0.0,0.0,0.0,0.0,0.0,0.0036354330375410375,0.0,0.0,0.00023635188725920327,0.00119255714055053,0.033136932645625526,0,4
9036,0.6000000000000227,0.0,1.0,0.02316602316602317,0.0,0.6000000000000001,0.32352941176470584,0.0,0.0,0.0,0.0,0.0,0.0,0.0,0.0,0.0,0.009770786935533304,0.0,0.0008043294090493882,9.89901386388269e-06,0.0,0.0,0.0,0.6540861248340935,0.4939775319949815,0.20339622641509433,0.2450980392156863,0.39068840712170516,0.1342189360235604,0.020202020202020204,0.3999999999999986,0.0,1.0,0.0,0.45,0.0,0.0,0.0,0.0,0.0,0.0,0.0036354330375410375,0.0,0.0,0.0002678177192030089,0.0010825576210823542,0.03312156029362849,1,4
7298,1.0,0.0,0.0,0.33976833976833976,0.0,0.6000000000000001,0.5294117647058824,0.0,0.0,0.0,0.0,1.0,0.0,0.0,0.0,0.0,0.023408442431261403,3.7864793182172275e-05,0.0008791841148957357,0.0006803294650929192,0.0,0.029412006676331308,0.0,0.6538385516544205,0.49654147008033533,0.580754716981132,0.24448529411764708,0.3971837336550531,0.09104580487499218,0.030303030303030304,0.14999999999999858,1.0,1.0,0.0,0.2,0.003295492988269674,0.0,0.0,0.0,0.00032503556930268734,0.0,0.005326135361814885,0.0,0.0,0.011438674116820612,0.003342663102396089,0.03319269276463124,0,1
9556,0.20000000000004547,0.0,1.0,0.04247104247104247,0.0,0.8,0.23529411764705882,0.0,0.0,0.0,0.0,0.0,0.0,0.0,0.0,0.0,0.009770786935533304,0.0,0.0008043294090493882,9.89901386388269e-06,0.0,0.0,0.0,0.6540537251455881,0.4939395723517287,0.20339622641509433,0.2450980392156863,0.39068840712170516,0.1342189360235604,0.020202020202020204,0.3999999999999986,0.0,1.0,0.0,0.2,0.0,0.0,0.0,0.0,0.0,0.0,0.0036354330375410375,0.0,0.0,0.0007681500290867081,0.0010825576210823542,0.03312156029362849,1,4
3745,0.6000000000000227,0.0,0.0,0.10424710424710425,0.0,0.0,0.4411764705882353,0.0,0.0,0.0,0.0,0.0,0.0,0.0,0.0,0.0,0.009770786935533304,0.0,0.0008043294090493882,9.89901386388269e-06,0.00012182619270373171,0.0005187162064743128,0.0,0.6540637435705909,0.4939513099904717,0.2788679245283019,0.05294117647058825,0.3931256778659258,0.035967165862522715,0.04040404040404041,0.0,0.0,1.0,0.0,1.0,0.0,0.0,3.1251811470926994e-06,1.3624636859477254e-05,0.0,9.757476123998006e-07,0.0036354330375410375,0.0,0.0,0.000289613563768962,0.0010863881968525251,0.03312156029362849,0,2
8987,0.8000000000000114,0.0,0.0,0.1274131274131274,0.0,0.6000000000000001,0.5294117647058824,0.0,0.0,0.0,0.0,1.0,0.0,0.0,0.0,0.0,0.01454223341366986,1.1021164586165417e-06,0.0008043294090493882,1.1204712011572738e-05,0.1313806920306149,0.03197010359781461,0.0015561410077931234,0.652812691837242,0.494074318798636,0.580754716981132,0.24473039215686276,0.39543499189607484,0.09248699793220128,0.020202020202020204,0.29999999999999716,1.0,1.0,0.0,0.10000000000000002,0.0001964838194705689,0.0,0.006449264952353589,0.028116415929398012,0.0,0.0026775598648264304,0.0037816148001054394,0.0,0.004491786447638604,0.0015849569787889596,0.0018557172990791497,0.03331659421935278,0,1
7711,0.8000000000000114,1.0,0.0,0.10424710424710425,0.0,0.6000000000000001,0.1764705882352941,0.0,0.0,0.0,0.0,0.0,0.0,0.0,0.0,0.0,0.009770786935533304,0.0,0.0008043294090493882,9.89901386388269e-06,0.0,0.0,0.0,0.654100869525141,0.4939948069515587,0.5460377358490566,0.23995098039215687,0.4017536163004668,0.13158719217996115,0.24242424242424243,0.6499999999999986,0.0,0.0,0.0,0.2,0.0,0.014615195219353033,0.0,0.0,0.0,0.0,0.0036354330375410375,0.00795479743550195,0.0,4.8145281071741586e-05,0.0010839889504983594,0.03312156029362849,0,3
5315,0.0,1.0,0.0,0.10424710424710425,0.2962962962962963,0.2,0.5,0.0,0.0,0.0,0.0,1.0,0.0,0.0,0.0,0.0,0.009770786935533304,0.0,0.0008043294090493882,9.89901386388269e-06,0.0,0.0,0.0,0.6541078808985754,0.4940030215130733,0.3920754716981132,0.18370098039215688,0.3967815839822567,0.10282599160348395,0.25252525252525254,0.5499999999999972,0.0,1.0,0.0,0.55,1.0685700084537193e-05,0.0,0.0,0.0,0.0,0.0,0.0036354330375410375,0.0,0.0,4.996160145223768e-05,0.0010868925030403087,0.03312156029362849,0,0
8718,0.8000000000000114,1.0,0.0,0.05791505791505792,0.0,0.6000000000000001,0.029411764705882346,0.0,0.0,0.0,0.0,0.0,0.0,0.0,0.0,0.0,0.013777269340118033,0.0,0.0008043294090493882,1.3441605737460339e-05,0.0,0.0009179332292078276,0.0,0.6535759783367234,0.4933622352521683,0.41150943396226414,0.19669117647058826,0.3974091811988935,0.1089667272385488,0.020202020202020204,0.29999999999999716,0.0,1.0,0.0,0.35000000000000003,0.000549200177724781,0.0,0.0016893116284462054,0.007364775479169689,0.0,5.7822080734803e-07,0.0039058423625434272,0.0,0.0038501026694045177,0.008329619682977907,0.0014690307894579771,0.033121877760723624,0,3
5005,0.4000000000000341,0.0,0.0,0.03474903474903475,0.0,0.8,0.5294117647058824,0.0,0.0,0.0,0.0,1.0,0.0,0.0,0.0,0.0,0.009770786935533304,0.0,0.0008043294090493882,9.89901386388269e-06,0.0,0.00778880389045465,0.0,0.6530537754709618,0.4927623063616548,0.2788679245283019,0.20232843137254908,0.3931256778659258,0.11191177392067175,0.020202020202020204,0.6499999999999986,0.0,1.0,0.0,0.05,0.0,0.0,0.001112362863774866,0.004849491713144259,0.0,0.0,0.0036766317649973355,0.0,0.010780287474332649,0.00017633656877126183,0.0010954813221946047,0.03312156029362849,0,1
10888,0.6000000000000227,0.0,1.0,0.03861003861003861,0.0,0.4,0.2941176470588235,0.0,0.0,0.0,0.0,0.0,0.0,0.0,0.0,0.0,0.009770786935533304,0.0,0.003550873324394954,9.89901386388269e-06,0.014585523433286241,0.022081338390857897,0.0,0.6539853677334528,0.4938946348728371,0.5118867924528302,0.24093137254901964,0.3961296140581777,0.11510746287361365,0.020202020202020204,0.5,0.0,1.0,0.0,0.0,1.5892772489136958e-05,0.0,0.0009442079556022653,0.002004140131587622,0.0,0.00033797006189492353,0.0036658818125522696,0.0,0.0,0.007394137941090847,0.0011045684002244265,0.03315172462808928,1,4
2124,0.6000000000000227,1.0,0.0,0.10231660231660232,0.4444444444444444,0.4,0.5,0.0,0.0,0.0,0.0,1.0,0.0,0.0,0.0,0.0,0.010569371503681136,0.0,0.0008043294090493882,9.89901386388269e-06,0.0041706492143114325,0.003034016132389805,0.0,0.6540859157717819,0.49397323179119834,0.3309433962264151,0.16127450980392158,0.39489879233234626,0.09117112601040167,0.24242424242424243,0.3500000000000014,0.0,1.0,1.0,0.35000000000000003,0.0,0.0,0.0,0.0,0.0,0.0,0.0036354330375410375,0.0,0.0006410164271047228,0.0008801223432477139,0.0011052669639264546,0.03316848589862752,0,0
11259,0.20000000000004547,1.0,1.0,0.015444015444015444,0.0,0.6000000000000001,0.32352941176470584,0.0,0.0,0.0,0.0,0.0,0.0,0.0,0.0,0.0,0.009770786935533304,0.0,0.0008043294090493882,9.89901386388269e-06,0.0,0.0,0.0,0.6540687345605454,0.49395715746021257,0.20339622641509433,0.2450980392156863,0.39068840712170516,0.1342189360235604,0.020202020202020204,0.29999999999999716,0.0,1.0,0.0,0.10000000000000002,0.0,0.0,0.0,0.0,0.0,0.0,0.0036354330375410375,0.0,0.0,0.000276796993196729,0.0010825576210823542,0.03312156029362849,1,4
11455,0.0,0.0,1.0,0.07335907335907337,0.0,0.6000000000000001,0.5882352941176471,0.0,0.0,0.0,0.0,0.0,0.0,0.0,0.0,0.0,0.009770786935533304,0.0,0.0008043294090493882,0.00403129748338322,0.0,0.0,0.0,0.6541019048971277,0.49400876184648596,0.5809433962264151,0.2450980392156863,0.39084073654321894,0.012156150134720222,0.020202020202020204,0.6000000000000014,0.0,1.0,0.0,0.9,2.8479359501037818e-05,0.0,0.0,0.0,4.753373255512407e-05,0.0,0.0036354330375410375,0.0,0.0,2.4149386467441052e-05,0.0011025464665006329,0.03312156029362849,1,4
2968,0.4000000000000341,0.0,0.0,0.1274131274131274,0.0,0.6000000000000001,0.0,0.0,0.0,0.0,0.0,0.0,0.0,0.0,0.0,0.0,0.011598905091556026,0.0038502602162431058,0.0008925176093746163,9.89901386388269e-06,0.0,0.0,0.0,0.6521433886207153,0.4942681536477888,0.580754716981132,0.2450980392156863,0.3958188620382896,0.11059590199887213,0.020202020202020204,0.29999999999999716,1.0,1.0,0.0,0.45,0.0011200025776026735,0.0,0.0,0.0,0.0,2.7465488349031423e-06,0.0037587794949572296,0.0,0.0,0.0,0.0019757227906315143,0.033150380353358336,0,2
8883,0.6000000000000227,1.0,0.0,0.015444015444015444,0.35185185185185186,0.6000000000000001,0.5,0.0,0.0,0.0,0.0,1.0,0.0,0.0,0.0,0.0,0.009770786935533304,0.0016789271121063476,0.00098996907954833,9.89901386388269e-06,0.0,0.0,0.0015612736285142655,0.6539290156665777,0.49522278336064535,0.580754716981132,0.24497549019607845,0.3999683154803252,0.13302838523717025,0.030303030303030304,0.29999999999999716,0.0,1.0,0.0,0.45,0.0009526023281207687,0.0,0.0024646589898103975,0.010745003933564513,0.0010244247162324598,0.0,0.004410456391496642,0.0,0.0,0.0018741100669685,0.001992946031622705,0.0331488426221163,0,0
10062,0.6000000000000227,0.0,0.0,0.10231660231660232,0.0,0.6000000000000001,0.5588235294117647,0.0,0.0,0.0,0.0,0.0,0.0,0.0,0.0,0.0,0.010690865797715839,0.0,0.0008043294090493882,9.89901386388269e-06,0.008356843017009395,0.0018359495593779228,0.0,0.6540801531397932,0.49393534318398924,0.5754716981132075,0.2442401960784314,0.4027772700130394,0.12626104392505796,0.020202020202020204,0.14999999999999858,0.0,1.0,0.0,0.35000000000000003,0.0,0.0,0.0,0.0,1.0705654615642036e-05,0.0,0.0036486013170044817,0.0,0.0,0.0004239189440169128,0.0011557628143681728,0.03315628325715843,1,2
3067,0.0,0.0,0.0,0.2953667953667954,0.0,0.6000000000000001,0.0,0.0,0.0,0.0,0.0,0.0,1.0,0.0,0.0,0.0,0.009770786935533304,0.0,0.0008043294090493882,9.89901386388269e-06,0.0,0.0008216192139396878,0.0,0.6540598532224733,0.4939227558299473,0.5511320754716981,0.24473039215686276,0.5048623551347202,0.11874177580048878,0.020202020202020204,0.6000000000000014,0.0,1.0,0.0,0.05,0.0,0.0,0.0,0.0,0.0,0.0,0.0036354330375410375,0.0,0.0008107546201232033,0.0001336914127953887,0.0010850121359051047,0.033308573214777364,0,2
7180,0.4000000000000341,1.0,0.0,0.06756756756756757,0.2962962962962963,0.6000000000000001,0.5,0.0,0.0,0.0,0.0,1.0,0.0,0.0,0.0,0.0,0.009770786935533304,0.0,0.0008043294090493882,9.89901386388269e-06,3.976522610507563e-05,0.0,8.962512708401528e-05,0.6540821953903295,0.4939729356135953,0.40094339622641506,0.21102941176470588,0.3970679632947026,0.11679929820164171,0.25252525252525254,0.5499999999999972,0.0,1.0,1.0,0.55,0.0,0.0,0.0,0.0,0.0,0.0,0.0036354330375410375,0.0,0.0,0.0006230490544645411,0.0010900292736492447,0.03312156029362849,0,0
1593,0.0,0.0,0.0,0.06756756756756757,0.0,0.6000000000000001,0.5588235294117647,0.0,0.0,0.0,0.0,0.0,0.0,0.0,0.0,0.0,0.009770786935533304,0.0,0.0008043294090493882,9.89901386388269e-06,0.0,0.00039356615729931846,0.0,0.6541032841782736,0.49399763597170415,0.3920754716981132,0.19338235294117648,0.3967815839822567,0.10777617645215867,0.25252525252525254,0.29999999999999716,0.0,0.0,0.0,0.55,0.0,0.0003420935494445027,0.0,0.0,0.0,0.0,0.0036354330375410375,0.002731434950643013,0.0,0.0001691736151580378,0.0010842468039275758,0.03312156029362849,0,2
1414,0.6000000000000227,1.0,1.0,0.0694980694980695,0.0,0.4,0.23529411764705882,0.0,0.0,0.0,0.0,0.0,0.0,0.0,0.0,0.0,0.009770786935533304,0.0,0.0008043294090493882,9.89901386388269e-06,0.06620512494234042,0.02351266936495491,0.0033870294629175656,0.653349470421343,0.49425913284658674,0.5507547169811321,0.19865196078431377,0.3983414372585579,0.09630929256219062,0.04040404040404041,0.5,1.0,0.0,0.0,0.05,3.553300777793372e-05,0.0,0.0,0.0,0.0002900543732998219,0.0,0.004237555236941069,0.0,0.0,0.006173442735511519,0.0019768205760788155,0.03312156029362849,0,4
3332,0.20000000000004547,0.0,0.0,0.03581081081081081,0.0,0.0,0.7941176470588235,0.2222222222222222,0.0,0.0,0.0,0.0,0.0,0.0,0.0,0.0,0.009770786935533304,0.0,0.0008043294090493882,9.89901386388269e-06,0.0007074595226148456,0.0002655075744449583,0.0,0.6540986483623255,0.4939916080005407,0.5769811320754716,0.23394607843137258,0.40275289730559727,0.1186164546650793,0.24242424242424243,0.5,0.0,1.0,0.0,0.5,5.166339113299113e-05,0.0,0.0,0.0,0.0,0.0,0.0036354330375410375,0.0,0.0,6.047579407736297e-05,0.0010827063750502664,0.03312156029362849,0,2
8412,0.6000000000000227,0.0,0.0,0.05405405405405406,0.0,0.4,0.5294117647058824,0.0,0.0,0.0,0.0,1.0,0.0,0.0,0.0,0.0,0.014596005135778866,0.0,0.0010314354676411294,9.89901386388269e-06,0.0,0.0005517072884945471,0.0,0.6540488736409478,0.49411141125871033,0.2862264150943396,0.15171568627450982,0.392973348444412,0.08609562002631746,0.020202020202020204,0.44999999999999574,0.0,1.0,0.0,0.45,0.0,0.0,0.0007297802039936791,0.003180253945650884,0.0,1.0841640137775562e-07,0.003819565139930134,0.0,0.0,0.0006427727588780973,0.001249872723470508,0.0332204314520683,0,1
10350,0.4000000000000341,0.0,0.0,0.10231660231660232,0.0,0.8,0.5588235294117647,0.0,0.0,0.0,0.0,0.0,0.0,0.0,0.0,0.0,0.009770786935533304,0.0,0.0008043294090493882,9.89901386388269e-06,0.0,0.0,0.0,0.6541028329217469,0.4939971072772148,0.20339622641509433,0.24485294117647063,0.39068840712170516,0.13409361488815089,0.020202020202020204,0.0,0.0,1.0,0.0,0.4,0.0,0.0,0.0,0.0,0.0,0.0,0.0036354330375410375,0.0,0.0,9.797897263802884e-06,0.0010825576210823542,0.03312156029362849,1,2
6052,0.6000000000000227,1.0,1.0,0.0694980694980695,0.0,0.6000000000000001,0.23529411764705882,0.0,0.0,0.0,0.0,0.0,0.0,0.0,0.0,0.0,0.009770786935533304,0.0,0.001990293060072071,9.89901386388269e-06,0.0,0.0069002884018895495,0.00517542155834238,0.6533365148530884,0.49304345770649155,0.5783018867924529,0.24497549019607845,0.4017536163004668,0.12394260291998246,0.020202020202020204,0.5,0.0,1.0,0.0,0.4,0.0,0.0,0.0014819407374923447,0.00646071489788115,0.00015717278311444053,0.0,0.0038247653872156354,0.0,0.0,0.020417103905293475,0.0018092326011170672,0.03312156029362849,0,4
8944,0.6000000000000227,1.0,0.0,0.03861003861003861,0.537037037037037,0.4,0.5,0.0,0.0,0.0,0.0,1.0,0.0,0.0,0.0,0.0,0.009770786935533304,0.0,0.0008043294090493882,9.89901386388269e-06,0.005828859142893087,0.004692212733477347,0.0,0.6542239210836966,0.49413848569574476,0.3315094339622642,0.16887254901960785,0.3948256742100197,0.09505608120809576,0.25252525252525254,0.3999999999999986,0.0,1.0,0.0,0.35000000000000003,0.00019657207493505363,0.0,0.0,0.0,0.0,0.0,0.0036354330375410375,0.0,0.0,0.0015009713476739077,0.0011343643008081233,0.03312156029362849,0,0
11267,0.8000000000000114,1.0,0.0,0.02316602316602317,0.0,0.6000000000000001,0.029411764705882346,0.0,0.0,0.0,0.0,0.0,0.0,0.0,0.0,0.0,0.009770786935533304,0.0,0.0008043294090493882,9.89901386388269e-06,0.0,0.0,0.0,0.6539756425257967,0.49384809034902205,0.20339622641509433,0.2450980392156863,0.39068840712170516,0.1342189360235604,0.25252525252525254,0.3999999999999986,0.0,1.0,0.0,0.75,0.0,0.0,0.0,0.0,0.0,0.0,0.0036354330375410375,0.0,0.0017967145790554417,0.00018321812063539492,0.0010825576210823542,0.03312156029362849,1,3
2818,0.0,0.0,0.0,0.1027992277992278,0.0,0.0,0.4411764705882353,0.3333333333333333,0.0,0.0,0.0,0.0,0.0,0.0,0.0,0.0,0.010162539439932824,0.0,0.0008043294090493882,9.89901386388269e-06,0.0005079103879784661,0.00011675685198596757,3.1317685756122784e-05,0.6542638712017075,0.4941415949783141,0.2977358490566038,0.1627450980392157,0.39373499555198094,0.08246130709944234,0.020202020202020204,0.29999999999999716,0.0,1.0,0.0,0.35000000000000003,4.714878468050242e-05,0.0,0.0,0.0,0.000624167836867235,0.0,0.003564464033058206,0.0,0.0,0.0006008438982635465,0.0011529919557189594,0.03312156029362849,0,2
2882,0.20000000000004547,0.0,0.0,0.02364864864864865,0.0,0.0,0.7941176470588235,0.3333333333333333,0.0,0.0,0.0,0.0,0.0,0.0,0.0,0.0,0.009770786935533304,0.0,0.0008043294090493882,9.89901386388269e-06,0.0012150084085378108,0.00027930233418137863,3.3492525044742422e-06,0.6541194677878934,0.49401659677275056,0.32452830188679244,0.11789215686274511,0.3946002266661793,0.06917726674603672,0.24242424242424243,0.0,0.0,0.0,0.0,0.05,0.0,0.0005367946107755473,0.0,0.0,0.0,0.0,0.003642743382147007,0.011358799487804778,0.0,8.467634449918419e-06,0.001091015976909911,0.03312156029362849,0,2
5927,0.0,1.0,0.0,0.06756756756756757,0.2962962962962963,0.6000000000000001,0.5,0.0,0.0,0.0,0.0,1.0,0.0,0.0,0.0,0.0,0.009770786935533304,0.0,0.0008043294090493882,9.89901386388269e-06,0.00014676983453327914,4.562242828490832e-05,6.046053222362593e-06,0.6541022083853645,0.493995965654239,0.580754716981132,0.24485294117647063,0.40287476084280827,0.12964471458111412,0.25252525252525254,0.6000000000000014,0.0,0.0,0.0,0.4,0.0,0.0019285077046742342,0.0,0.0,0.0,0.0,0.0036354330375410375,0.0029010442013601644,0.0,2.998207726678063e-05,0.001084042533650413,0.03312156029362849,0,0
10610,0.6000000000000227,0.0,1.0,0.03474903474903475,0.0,0.4,0.23529411764705882,0.0,0.0,0.0,0.0,0.0,0.0,0.0,0.0,0.0,0.009770786935533304,0.0,0.0008043294090493882,9.89901386388269e-06,0.004374174871558319,0.0010055216434378701,0.0006096292009929707,0.6532246486251794,0.49296817153357775,0.5067924528301886,0.2450980392156863,0.40037655832998215,0.13390563318503665,0.020202020202020204,0.10000000000000142,0.0,1.0,0.0,0.35000000000000003,0.0,0.0,0.00010847402949263692,0.002520997323418114,7.293618495452031e-05,0.0,0.0037289401116544765,0.0,0.0,0.01520469930688191,0.0011353076319521873,0.03312156029362849,1,4
3256,0.8000000000000114,0.0,0.0,0.015444015444015444,0.0,0.6000000000000001,0.029411764705882346,0.0,0.0,0.0,0.0,0.0,0.0,0.0,0.0,0.0,0.009770786935533304,0.0,0.0008043294090493882,9.89901386388269e-06,0.0017764211007303787,0.0057362101224451125,0.0,0.6539798827468162,0.4938530582139811,0.20339622641509433,0.2450980392156863,0.39068840712170516,0.1342189360235604,0.020202020202020204,0.7999999999999972,0.0,1.0,0.0,0.35000000000000003,0.0,0.0,0.0,0.0,0.0,0.0,0.0036354330375410375,0.0,0.0,0.0035485016380139996,0.0010825576210823542,0.03312156029362849,0,2
11434,0.4000000000000341,0.0,0.0,0.015444015444015444,0.0,0.6000000000000001,0.029411764705882346,0.0,0.0,0.0,0.0,0.0,0.0,0.0,0.0,0.0,0.009770786935533304,0.0,0.0008043294090493882,9.89901386388269e-06,0.0006648022800657645,0.021208279681274568,0.0,0.6538893471697472,0.4937468569995708,0.580754716981132,0.2450980392156863,0.40287476084280827,0.13415627545585562,0.020202020202020204,0.6000000000000014,0.0,1.0,0.0,0.8,0.0,0.0,3.024368852025193e-07,0.0,0.0,2.529716032147631e-07,0.0036354330375410375,0.0,0.0,0.009788329604333791,0.0010924200438526231,0.03312156029362849,1,2
7038,0.4000000000000341,0.0,1.0,0.03474903474903475,0.0,0.6000000000000001,0.32352941176470584,0.4444444444444444,0.0,0.0,0.0,0.0,0.0,0.0,0.0,0.0,0.036353416411873035,0.0,0.0017727153817453547,0.000450395009115595,0.1867002670777186,0.06787038410511274,0.0,0.6518656233312723,0.5206543325471926,0.580754716981132,0.24497549019607845,0.39435649959175717,0.08503039037533681,0.030303030303030304,0.3999999999999986,1.0,1.0,0.0,0.25000000000000006,0.005779680647058651,0.0,0.09352850593658403,0.2765027754703796,0.0,0.011615841660014115,0.018835431524741826,0.0,0.0,0.03010487075729304,0.009393521563460717,0.03365876422282349,0,4
5445,0.0,0.0,0.0,0.03474903474903475,0.0,0.4,0.5588235294117647,0.0,0.0,0.0,0.0,0.0,0.0,0.0,0.0,0.0,0.010130153001091914,1.4873116169250954e-05,0.0012311883691381847,7.547745028933866e-05,0.017666966954374103,0.004061227126979517,0.0,0.6535980657202412,0.49416633143670746,0.580754716981132,0.2439950980392157,0.39398481580326356,0.1297700357165236,0.020202020202020204,0.5,1.0,1.0,0.0,0.10000000000000002,6.082838167563739e-06,0.0,0.00017460689505692116,0.0007612216464714388,0.00027601494027316856,0.0,0.0037984272576915604,0.0,0.0,0.0014462259164871238,0.001229622257444885,0.033267585236541955,0,2
3026,0.20000000000004547,1.0,0.0,0.03474903474903475,0.0,0.6000000000000001,0.029411764705882346,0.0,0.0,0.0,0.0,0.0,0.0,0.0,0.0,0.0,0.009770786935533304,0.0,0.0008043294090493882,9.89901386388269e-06,0.0,0.0,0.0,0.6540973800730566,0.49399071869138134,0.580754716981132,0.24448529411764708,0.40287476084280827,0.13390563318503665,0.25252525252525254,0.14999999999999858,0.0,0.0,0.0,0.5,0.0,0.0,0.0,0.0,0.0,0.0,0.0036354330375410375,0.00178182395903674,0.0,4.8401100843642444e-05,0.0010830826467498403,0.03312156029362849,0,3
52,0.8000000000000114,1.0,0.0,0.10231660231660232,0.0,0.6000000000000001,0.029411764705882346,0.0,0.0,0.0,0.0,0.0,0.0,0.0,0.0,0.0,0.010193842317622926,0.0,0.0008511136002033554,9.89901386388269e-06,0.013994106070487117,0.003216838249378509,6.761575348318455e-05,0.6541799981191283,0.4940856046015599,0.3073584905660377,0.12475490196078433,0.394033561218148,0.07218497399586442,0.25252525252525254,0.0,0.0,1.0,0.0,0.35000000000000003,0.00036744823194128056,0.0,0.0,0.0,0.0,0.0,0.0036947128724610957,0.0,0.0,0.00077170592391613,0.0011478116396801286,0.03312156029362849,0,3
4855,0.6000000000000227,1.0,0.0,0.13706563706563707,0.4444444444444444,0.6000000000000001,0.5,0.0,0.0,0.0,0.0,1.0,0.0,0.0,0.0002476104479747467,0.0,0.01043436279418215,0.0,0.0008043294090493882,9.89901386388269e-06,0.008654720710741961,0.002076028239368998,0.0,0.6541098191149345,0.4940050361418542,0.3920754716981132,0.20772058823529413,0.3967815839822567,0.11491948117049944,0.020202020202020204,0.14999999999999858,0.0,1.0,0.0,0.55,7.31637800578509e-05,0.0,2.520307376687661e-06,1.0987610370546173e-05,0.0,0.0,0.003692447286019134,0.0,0.0,0.0005636477034291617,0.0011015674958687553,0.03312156029362849,0,0
3492,0.6000000000000227,0.0,0.0,0.03474903474903475,0.0,0.6000000000000001,0.5588235294117647,0.0,0.0,0.0,0.0,0.0,0.0,0.0,0.0,0.0,0.009770786935533304,0.0,0.0008043294090493882,9.89901386388269e-06,0.011087268042206088,0.004017432919864496,0.0,0.6541682618049253,0.49407328081841245,0.3745283018867924,0.15625000000000003,0.3962149185342254,0.08866470330221193,0.020202020202020204,1.0,0.0,1.0,0.0,0.35000000000000003,0.0,0.0,0.0,0.0,0.0,0.0003140100371904395,0.003741383167866915,0.0,0.0,0.0007941413179118354,0.0011388736625951518,0.03312156029362849,0,2
2703,0.6000000000000227,1.0,0.0,0.13706563706563707,0.0,1.0,0.5588235294117647,0.0,0.0,0.0,0.0,0.0,0.0,0.0,0.0044999862850500375,0.0,0.011874039327099496,0.0,0.0008183646663955784,9.89901386388269e-06,0.06207821747674457,0.0142703465434778,0.0,0.6540848263947924,0.4939622918522905,0.3550943396226415,0.16482843137254904,0.3955873213175886,0.09211103452597282,0.020202020202020204,0.44999999999999574,0.0,1.0,0.0,0.35000000000000003,8.156162694766826e-05,0.0,0.0,0.0,0.0006701677183224571,0.0,0.0038394210222149807,0.0,0.0,0.00406397847839423,0.0012324275163785807,0.03312156029362849,0,3
10606,0.0,1.0,0.0,0.04247104247104247,0.14814814814814814,0.4,0.5,0.0,0.0,0.0,0.0,1.0,0.0,0.0,0.0,0.0,0.009770786935533304,0.0,0.0008043294090493882,9.89901386388269e-06,9.109851798617327e-05,0.0005681612790235305,0.0,0.6540867735567654,0.4939782621523489,0.20339622641509433,0.23799019607843142,0.39068840712170516,0.13039664139357104,0.04040404040404041,0.10000000000000142,0.0,1.0,0.0,0.35000000000000003,0.0,0.0,0.00019476935407042244,0.00017712027917320431,0.0,5.865327314536579e-05,0.0036354330375410375,0.0,0.0001259240246406571,0.00029322062255276413,0.0010825576210823542,0.03312156029362849,1,0
4680,0.8000000000000114,0.0,0.0,0.015444015444015444,0.0,0.4,0.5294117647058824,0.0,0.0,0.0,0.0,1.0,0.0,0.0,0.0,0.0,0.009770786935533304,0.0,0.0008043294090493882,9.89901386388269e-06,0.003208330742568602,0.00939248626029465,0.0,0.6539605075409249,0.49381857467876933,0.580754716981132,0.2442401960784314,0.40287476084280827,0.12563443824801054,0.020202020202020204,0.3999999999999986,0.0,1.0,0.0,0.35000000000000003,0.0,0.0,0.0,0.0,0.0,0.0,0.0036354330375410375,0.0,0.0,0.004864719946421107,0.0010825992583142923,0.03312156029362849,0,1
11637,0.8000000000000114,0.0,0.0,0.03861003861003861,0.0,0.6000000000000001,0.029411764705882346,0.0,0.0,0.0,0.0,0.0,0.0,0.0,0.0,0.0,0.009770786935533304,0.0,0.0008043294090493882,9.89901386388269e-06,0.0009362903237467808,0.0002405772857646805,0.0,0.6535988072122432,0.4940052737050168,0.580754716981132,0.2450980392156863,0.3966658136219062,0.13409361488815089,0.020202020202020204,0.6000000000000014,0.0,1.0,0.0,0.4,4.7651161939877105e-05,0.0,0.0,0.0,0.0,1.1203028142368081e-06,0.0036354330375410375,0.0,0.0,9.999994883604562e-05,0.0012476281792602455,0.03312156029362849,1,2
10711,0.4000000000000341,1.0,1.0,0.015444015444015444,0.0,0.6000000000000001,0.23529411764705882,0.0,0.0,0.0,0.0,0.0,0.0,0.0,0.0,0.0,0.05998325145548976,1.5964320583722778e-05,0.002786029772679514,9.89901386388269e-06,0.0,0.009472346285033807,0.016142440142278856,0.6510363397364662,0.48970441584681346,0.580754716981132,0.2450980392156863,0.40313067427095145,0.13215113728930386,0.030303030303030304,0.5,0.0,1.0,0.0,0.8,0.000645575144942119,0.0,0.0,0.0,0.0016444605460550611,0.0,0.006141995027925933,0.0,0.0,0.024525543860044074,0.0038537665187253333,0.05048618200658411,1,4
11579,0.8000000000000114,0.0,0.0,0.10424710424710425,0.0,0.6000000000000001,0.029411764705882346,0.0,0.0,0.0,0.0,0.0,0.0,0.0,0.0,0.0,0.009770786935533304,0.0,0.0008043294090493882,9.89901386388269e-06,0.0,0.0,0.0,0.6519960106245983,0.49152874333649593,0.580754716981132,0.2450980392156863,0.40287476084280827,0.1342189360235604,0.020202020202020204,0.6000000000000014,0.0,1.0,0.0,0.75,0.0,0.0,0.0,0.0,0.0,0.0,0.0036354330375410375,0.0,0.0,0.032544419266094006,0.0010849368914788164,0.03312156029362849,1,2
97,0.8000000000000114,0.0,0.0,0.06756756756756757,0.0,0.6000000000000001,0.0,0.0,0.0,0.0,0.0,0.0,0.0,0.0,0.0,0.0,0.009770786935533304,0.0,0.0008043294090493882,9.89901386388269e-06,0.001092097709667577,0.0005357519037391693,0.0,0.6540951012607288,0.493987928100571,0.580754716981132,0.2450980392156863,0.40287476084280827,0.13415627545585562,0.020202020202020204,0.6000000000000014,0.0,1.0,0.0,0.45,8.486102354302092e-07,0.0,0.0,0.0,4.0067947099478964e-06,0.0,0.0036509623172255416,0.0,0.0,0.00021647469098250654,0.0011136326273448157,0.03312156029362849,0,2
11269,0.20000000000004547,0.0,0.0,0.04247104247104247,0.0,0.6000000000000001,0.5588235294117647,0.0,0.0,0.0,0.0,0.0,0.0,0.0,0.0,0.0,0.009867359323099349,0.0,0.0008043294090493882,9.89901386388269e-06,0.0,0.0,0.00014397436090662002,0.653607928093978,0.4934201222524723,0.580754716981132,0.2450980392156863,0.40225934997989254,0.13415627545585562,0.020202020202020204,0.3999999999999986,0.0,1.0,0.0,0.8,0.0,0.0,0.0,0.0,0.0,0.0,0.0036636700190639557,0.0,0.0038818018480492817,8.280886016430793e-05,0.0010916190228191477,0.03312156029362849,1,2
5700,0.8000000000000114,1.0,0.0,0.03861003861003861,0.537037037037037,0.6000000000000001,0.5,0.0,0.0,0.0,0.0,1.0,0.0,0.0,0.0,0.0,0.009770786935533304,0.0,0.0008043294090493882,9.89901386388269e-06,0.0048611181403177455,0.0012903917420911775,0.0,0.6541968914141227,0.49410524936713657,0.2958490566037736,0.07598039215686275,0.39367406378337544,0.047684692023309744,0.020202020202020204,0.6000000000000014,0.0,1.0,0.0,0.45,5.845227301643281e-05,0.0,0.0,0.0,0.0,0.0001417725142016451,0.0036524033401444324,0.0,0.0,0.0010672033424388118,0.0013131792101125116,0.03312156029362849,0,0
10093,0.6000000000000227,0.0,1.0,0.03861003861003861,0.0,0.6000000000000001,0.23529411764705882,0.0,0.0,0.0,0.0,0.0,0.0,0.0,0.0,0.0,0.012849063769304413,0.0,0.0010288935265884305,9.89901386388269e-06,0.0,0.0,0.00036019688298118444,0.6534521372449056,0.49372103054549027,0.580754716981132,0.2450980392156863,0.3934912684775589,0.13334168807569396,0.020202020202020204,0.14999999999999858,0.0,1.0,0.0,0.45,0.0,0.0,0.0,0.0,0.0,0.0,0.0036354330375410375,0.0,0.008983572895277209,0.0015219741509469682,0.0011720875833758995,0.033525338755248026,1,4
2856,0.4000000000000341,0.0,0.0,0.10231660231660232,0.0,0.4,0.5588235294117647,0.0,0.0,0.0,0.0,0.0,0.0,0.0,0.0,0.0,0.009770786935533304,0.0,0.0008043294090493882,9.89901386388269e-06,5.928633710211276e-05,0.0,0.0,0.6541101139888763,0.4940056719726717,0.3920754716981132,0.1607843137254902,0.3967815839822567,0.09110846544269692,0.24242424242424243,0.6000000000000014,0.0,1.0,0.0,0.55,6.109993695097506e-06,0.0,0.0,0.0,0.0,0.0,0.0036354330375410375,0.0,0.0,7.206442974447187e-05,0.001092089523540048,0.03312156029362849,0,2
3602,0.4000000000000341,1.0,0.0,0.06756756756756757,0.0,0.6000000000000001,0.1764705882352941,0.0,0.0,0.0,0.0,0.0,0.0,0.0,0.0,0.0,0.009770786935533304,0.0,0.0008043294090493882,9.89901386388269e-06,0.00014351631603377296,0.0005931746686660758,2.479316789026387e-06,0.6541025582582662,0.4939967676240003,0.580754716981132,0.2450980392156863,0.40287476084280827,0.13409361488815089,0.24242424242424243,0.6000000000000014,0.0,0.0,0.0,0.8,0.0,0.0008978115895070845,0.0,0.0,0.0,0.0,0.0036354330375410375,0.004724111939942878,0.0,0.00019240205044663574,0.001085140319097714,0.03312156029362849,0,3
276,1.0,0.0,0.0,0.10231660231660232,0.0,0.4,0.23529411764705882,0.0,0.0,0.0,0.0,0.0,0.0,0.0,0.0,0.0,0.010505110307653862,0.0,0.0008043294090493882,9.89901386388269e-06,0.0,0.0,2.4836664676036264e-05,0.6540698878821087,0.493957580182899,0.4049056603773585,0.2450980392156863,0.3972141995393559,0.13371765148192244,0.020202020202020204,0.6999999999999957,0.0,1.0,0.0,0.35000000000000003,1.8289247793991866e-05,0.0,0.00011260733359040469,0.000490926431356003,8.592696467817949e-06,0.0,0.0036825607693775127,0.0,0.0,0.0012583518760031333,0.0010989110900392384,0.03312569232628855,0,2
2085,0.6000000000000227,1.0,0.0,0.10424710424710425,0.2962962962962963,0.4,0.5,0.0,0.0,0.0,0.0,1.0,0.0,0.0,0.0,0.0,0.009770786935533304,0.0,0.0008043294090493882,9.89901386388269e-06,0.0,0.0,0.0,0.6541002913734236,0.4939941295860052,0.5469811320754717,0.2450980392156863,0.4017840821847695,0.1342189360235604,0.24242424242424243,0.5,0.0,0.0,1.0,0.25000000000000006,0.0,0.009314532415729238,0.0,0.0,0.0,0.0,0.0036492342676707626,0.010040929430889136,0.0,6.541311567504954e-05,0.001084648702352045,0.03312156029362849,0,0
7932,0.6000000000000227,0.0,0.0,0.03474903474903475,0.0,0.6000000000000001,0.5294117647058824,0.0,0.0,0.0,0.0,1.0,0.0,0.0,0.0,0.0,0.009770786935533304,0.0,0.0008043294090493882,9.89901386388269e-06,0.006438713110522747,0.0014801112389480914,0.00018222978399343946,0.6540770191930341,0.4942773611612151,0.5779245283018868,0.23517156862745103,0.39549592366468034,0.12713829187292439,0.020202020202020204,0.14999999999999858,0.0,1.0,0.0,0.25000000000000006,1.570268379640059e-05,0.0,0.0,0.0,0.0,0.002142597201628125,0.00377581811853825,0.0,0.0,0.000505909180911138,0.0011558492611925776,0.033260462068594954,0,1
674,0.8000000000000114,0.0,0.0,0.10231660231660232,0.0,0.6000000000000001,0.0,0.0,0.0,0.0,0.0,0.0,0.0,0.0,0.0,0.0,0.009770786935533304,0.0,0.0014298340447779292,9.89901386388269e-06,0.002100326942458995,0.0027261270671883743,0.0,0.6540690807889377,0.49397313280654725,0.580754716981132,0.2450980392156863,0.40194859796000443,0.1342189360235604,0.25252525252525254,0.9499999999999957,0.0,0.0,0.0,0.45,0.0,0.11395163465838688,0.0,0.0,0.0,0.0,0.003640631714229352,0.09474028274541768,0.0,0.0012212324271003187,0.0011135801346916939,0.03312156029362849,0,2
910,0.0,0.0,0.0,0.0,0.0,0.0,0.7941176470588235,0.3333333333333333,0.0,0.0,0.0,0.0,0.0,0.0,0.0,0.0,0.010374420793297694,0.0,0.0008445950029025693,1.2793817509148997e-05,0.0,0.0006816771934810619,0.00012237820677062701,0.6539389234310224,0.4942482375478157,0.580754716981132,0.24362745098039218,0.3912002339779915,0.03151826555548594,0.020202020202020204,0.29999999999999716,1.0,1.0,0.0,0.10000000000000002,0.0010704980509086168,0.0,0.0002517283007835636,0.0010974425238101516,0.0008241162838187365,0.0,0.0037131893777666335,0.0,0.0,0.0005056533611392371,0.0013027786261194428,0.033136034808997114,0,2
6381,0.4000000000000341,1.0,0.0,0.06756756756756757,0.2962962962962963,0.2,0.5,0.0,0.0,0.0,0.0,1.0,0.0,0.0,0.0,0.0,0.009770786935533304,0.0,0.0008043294090493882,9.89901386388269e-06,0.0,8.310096226759258e-08,4.8629406493535106e-05,0.6541114104402632,0.4940066470685287,0.3920754716981132,0.1564950980392157,0.3967815839822567,0.08822607932827872,0.25252525252525254,0.0,0.0,1.0,1.0,0.55,0.0,0.0,0.0,0.0,0.0,0.0,0.0036354330375410375,0.0,0.0,0.00010043484244827708,0.0010919006689523287,0.03312156029362849,0,0
10122,0.4000000000000341,1.0,1.0,0.02316602316602317,0.0,0.2,0.23529411764705882,0.0,0.0,0.0,0.0,0.0,0.0,0.0,0.0,0.0,0.009770786935533304,0.0,0.0008043294090493882,9.89901386388269e-06,0.0005527366428605513,0.0001276430780430222,0.0,0.6540705061234294,0.4939592330324845,0.20339622641509433,0.1397058823529412,0.39068840712170516,0.08033084779748106,0.020202020202020204,0.14999999999999858,0.0,1.0,0.0,0.75,0.0,0.0,0.0,0.0,0.0,0.0,0.0036354330375410375,0.0,0.0,0.0002901763672671439,0.0010825576210823542,0.03312156029362849,1,4
11838,0.4000000000000341,0.0,0.0,0.06756756756756757,0.0,0.6000000000000001,0.029411764705882346,0.0,0.0,0.0,0.0,0.0,0.0,0.0,0.0,0.0,0.013334137977817547,2.684362859600686e-06,0.0008043294090493882,9.89901386388269e-06,0.0013552712060720777,0.0003115455075412046,0.0,0.6540072248502408,0.4938850151174522,0.20339622641509433,0.2450980392156863,0.39068840712170516,0.13415627545585562,0.020202020202020204,0.6499999999999986,0.0,1.0,0.0,0.30000000000000004,0.0,0.0,2.2178704914851417e-06,0.0,0.0,7.3723152936873825e-06,0.0036354330375410375,0.0,0.0,0.0009691732058464028,0.0010825576210823542,0.03312156029362849,1,2
9400,0.4000000000000341,0.0,0.0,0.02316602316602317,0.0,0.6000000000000001,0.029411764705882346,0.0,0.0,0.0,0.0,0.0,0.0,0.0,0.0,0.0,0.009770786935533304,0.0,0.0008043294090493882,9.89901386388269e-06,0.000713966559613858,0.0011392310917264267,0.0,0.6539928538870654,0.4938682552692358,0.20339622641509433,0.2450980392156863,0.39068840712170516,0.1342189360235604,0.020202020202020204,0.14999999999999858,0.0,1.0,0.0,0.75,0.0,0.0,0.00016029154915733523,0.0,0.0,6.241170839312798e-05,0.0036354330375410375,0.0,0.0,0.0020083642832620704,0.0010825576210823542,0.03312156029362849,1,2
2038,0.6000000000000227,1.0,0.0,0.05791505791505792,0.7037037037037037,0.2,0.5,0.0,0.0,0.0,0.0,1.0,0.0,0.0,0.0,0.0,0.010431097061269289,2.5337766504035744e-05,0.0008083528494886294,9.89901386388269e-06,0.07574552568905907,0.017411978422004138,0.0,0.6532712148530149,0.4939357608603993,0.580754716981132,0.2450980392156863,0.3916633154193934,0.04448900307036782,0.020202020202020204,0.5,1.0,0.0,0.0,0.10000000000000002,0.0001837953992304164,0.0,0.002219382675911154,0.00967568969230296,0.00045741631014932526,0.0,0.0037367114265347725,0.0,0.0,0.006204013198253673,0.0016954741318312805,0.033455004912406466,0,0
11381,0.20000000000004547,0.0,1.0,0.015444015444015444,0.0,0.6000000000000001,0.2647058823529412,0.0,0.0,0.0,0.0,0.0,0.0,0.0,0.0,0.0,0.009770786935533304,0.0,0.0008043294090493882,9.89901386388269e-06,0.0,0.0,0.0,0.6537295997087499,0.4935579209202089,0.20339622641509433,0.2450980392156863,0.39068840712170516,0.1336549909142177,0.020202020202020204,0.6999999999999957,0.0,1.0,0.0,0.55,0.0,0.0,0.0,0.0,0.0,0.0,0.0036354330375410375,0.0,0.002738475359342916,0.000252366204980197,0.0010825576210823542,0.03312156029362849,1,4
1975,0.4000000000000341,1.0,0.0,0.02316602316602317,0.14814814814814814,0.6000000000000001,0.5,0.0,0.0,0.0,0.0,1.0,0.0,0.0,0.0,0.0,0.009770786935533304,0.0,0.0008043294090493882,9.89901386388269e-06,0.0,4.063637054885277e-05,0.0,0.654065311040949,0.49395305173215565,0.5771698113207546,0.24387254901960786,0.4027589904824578,0.13334168807569396,0.25252525252525254,0.5499999999999972,0.0,1.0,0.0,0.0,1.2165676335127478e-05,0.0,0.0,0.0,0.0,0.0,0.0036354330375410375,0.0,0.0,0.0005990275778830505,0.0010831164522167233,0.03312156029362849,0,0
9983,0.4000000000000341,0.0,0.0,0.02316602316602317,0.0,0.6000000000000001,0.5294117647058824,0.0,0.0,0.0,0.0,1.0,0.0,0.0,0.0,0.0,0.009770786935533304,0.0,0.0008043294090493882,9.89901386388269e-06,5.4586810380603824e-05,0.001479778835099021,0.0,0.6541006505232584,0.49399455036781603,0.20339622641509433,0.2450980392156863,0.39068840712170516,0.1342189360235604,0.24242424242424243,0.0,0.0,1.0,1.0,0.85,0.0,0.0,0.0,0.0,0.0,0.0,0.0036354330375410375,0.0,0.0,0.000495190332468492,0.0010825576210823542,0.03312156029362849,1,1
5024,0.6000000000000227,0.0,0.0,0.015444015444015444,0.0,0.6000000000000001,0.1176470588235294,0.0,0.0,0.0,0.0,0.0,0.0,0.0,0.0,0.0,0.009770786935533304,0.0,0.0008043294090493882,9.89901386388269e-06,0.0005596051819150644,0.0017119629236746748,0.0,0.6541008499773179,0.49399478404922764,0.580754716981132,0.2450980392156863,0.40287476084280827,0.1342189360235604,0.25252525252525254,0.14999999999999858,0.0,1.0,0.0,0.75,7.114748213846873e-06,0.0,0.0,0.0,0.0,0.0,0.0036354330375410375,0.0,0.00026036960985626286,0.00026832935874681056,0.0010826837224133666,0.03312156029362849,0,2
8585,0.4000000000000341,0.0,0.0,0.03474903474903475,0.0,0.8,0.5588235294117647,0.0,0.0,0.0,0.0,0.0,0.0,0.0,0.0,0.0,0.009770786935533304,0.0,0.0008043294090493882,9.89901386388269e-06,0.006033107804250975,0.0013868719592838525,0.0,0.6540885109937888,0.4940696676845604,0.580754716981132,0.2450980392156863,0.39106618408705934,0.02274578607682186,0.020202020202020204,0.14999999999999858,0.0,1.0,0.0,0.10000000000000002,0.0,0.0,0.0,0.0,0.0,0.0,0.0036914538832984816,0.0,0.0,0.00023097967204928523,0.00112365297418765,0.03312156029362849,0,2
5013,0.0,0.0,0.0,0.24324324324324326,0.0,0.0,0.7941176470588235,0.3333333333333333,0.0,0.0,0.0,0.0,0.0,0.0,0.0,0.0,0.014053953670085578,0.0,0.0008043294090493882,9.89901386388269e-06,0.0,0.00427479660000723,0.00014564898715885714,0.6540875687224512,0.4939786829341598,0.580754716981132,0.24497549019607845,0.40287476084280827,0.13403095432044615,0.25252525252525254,0.3999999999999986,0.0,1.0,0.0,0.8,0.00022382943569707197,0.0,0.0,0.0,0.0,0.0,0.0036354330375410375,0.0,0.0,0.0017306463388864985,0.001141266118115061,0.03312274087438851,0,2
1406,0.4000000000000341,1.0,0.0,0.03861003861003861,0.537037037037037,0.6000000000000001,0.5,0.0,0.0,0.0,0.0,1.0,0.0,0.0,0.0,0.0,0.009770786935533304,0.0,0.00082848564641522,1.7955879953505e-05,0.006175178112062745,0.0014195306374550163,0.00013560122964543443,0.6540974794687673,0.4940879930429643,0.580754716981132,0.2450980392156863,0.40052279457463535,0.13183783445078015,0.020202020202020204,0.9499999999999957,0.0,1.0,0.0,0.2,0.00012976268832010413,0.0,1.2097475408100773e-05,5.274052977862163e-05,0.0,0.0,0.003730677584792376,0.0,0.0,0.0002503963927365604,0.00116407291190915,0.03312156029362849,0,0
4375,0.20000000000004547,0.0,0.0,0.05405405405405406,0.0,0.0,0.7941176470588235,0.3333333333333333,0.0,0.0,0.0,0.0,0.0,0.0,0.0,0.0,0.009770786935533304,0.0,0.0008509108687083549,9.89901386388269e-06,0.0024513454383501623,0.0018614615547940738,0.0,0.6541051571247826,0.49400267836628287,0.5218867924528302,0.23112745098039217,0.4007116830573125,0.1469390312676233,0.020202020202020204,0.5,0.0,1.0,0.0,0.5,0.0,0.0,0.0,0.0,0.0,3.975268050517706e-05,0.003656366742145327,0.0,0.0,0.000438884400673113,0.0011043026158938883,0.03312156029362849,0,2
167,0.4000000000000341,0.0,0.0,0.06756756756756757,0.0,0.6000000000000001,0.5588235294117647,0.0,0.0,0.0,0.0,0.0,0.0,0.0,0.0,0.0,0.009770786935533304,0.0,0.0008043294090493882,9.89901386388269e-06,0.00013339425847975372,0.0,4.871640006507989e-06,0.6541024989521588,0.49399671599671174,0.5447169811320755,0.2450980392156863,0.40171096406244294,0.1342189360235604,0.25252525252525254,0.10000000000000142,0.0,0.0,1.0,0.35000000000000003,0.0,0.0,0.0,0.0,0.0,0.0,0.0036369247122192026,0.001175138774891374,0.0,2.1795844565953154e-05,0.0010833263236929445,0.03312156029362849,0,2
4745,0.6000000000000227,1.0,0.0,0.10231660231660232,0.4444444444444444,0.6000000000000001,0.5,0.0,0.0,0.0,0.0,1.0,0.0,0.0,0.0,0.0,0.009771283567727426,0.0,0.0008043294090493882,9.89901386388269e-06,0.02453116798422116,0.005639065097554297,0.0,0.654148358145172,0.4942201926730255,0.2879245283018868,0.16519607843137257,0.3925163601798706,0.09311360360924871,0.24242424242424243,0.29999999999999716,0.0,1.0,1.0,0.05,0.0010005725675091676,0.0,0.0,0.0,0.0,0.0,0.003738421021572606,0.0,0.0,0.0015644402330825106,0.001150358004253809,0.03312156029362849,0,0
8785,0.8000000000000114,1.0,0.0,0.0501930501930502,0.35185185185185186,0.6000000000000001,0.5,0.0,0.0,0.0,0.0,1.0,0.0,0.0,0.0,0.0,0.009770786935533304,0.0,0.0008043294090493882,9.89901386388269e-06,0.0,2.6924711774699996e-05,0.0,0.6540140443899535,0.49389267381222035,0.5567924528301886,0.241421568627451,0.4021253000889604,0.13202581615389436,0.24242424242424243,0.5,0.0,1.0,0.0,0.85,0.0,0.0,0.0,0.0,0.0,0.0,0.0036496964158929794,0.0,0.0,0.0013930921498633156,0.0010884196476579047,0.03312255237830077,0,0
2536,0.4000000000000341,0.0,0.0,0.10231660231660232,0.0,0.8,0.5588235294117647,0.0,0.0,0.0,0.0,0.0,0.0,0.0,0.0,0.0,0.009770786935533304,0.0,0.0008043294090493882,9.89901386388269e-06,0.0004341639686563258,9.980425568337868e-05,0.0,0.6540818902454976,0.49397257072899914,0.580754716981132,0.2450980392156863,0.40287476084280827,0.1342189360235604,0.020202020202020204,0.9499999999999957,0.0,1.0,0.0,0.10000000000000002,5.9755738338053606e-05,0.0,0.0,0.0,1.9627033462010398e-05,0.0,0.0036391270821243956,0.0,0.0,0.00036392920750616143,0.0010829136194154248,0.03312156029362849,0,2
2198,0.20000000000004547,1.0,1.0,0.03474903474903475,0.0,0.6000000000000001,0.23529411764705882,0.0,0.0,0.0,0.0,0.0,0.0,0.0,0.0,0.0,0.009770786935533304,0.0,0.0008043294090493882,9.89901386388269e-06,0.0020233270046373483,0.0004647836819626453,8.764602333137141e-06,0.6540819773824039,0.49401439543174547,0.580754716981132,0.2450980392156863,0.39244933523440456,0.05188295005952755,0.25252525252525254,0.14999999999999858,1.0,1.0,0.0,0.75,0.0001004822407568202,0.0,0.0,0.0,0.0,0.0,0.0036354330375410375,0.0,0.0,5.223839742215533e-05,0.0011029819225513188,0.03312156029362849,0,4
3343,0.8000000000000114,1.0,0.0,0.03861003861003861,0.0,0.6000000000000001,0.029411764705882346,0.0,0.0,0.0,0.0,0.0,0.0,0.0,0.0,0.0,0.00990659326643497,0.0,0.0008043294090493882,9.89901386388269e-06,0.001002083697847906,5.3018413926724066e-05,0.0,0.6541506154217626,0.49405006988817113,0.3920754716981132,0.20735294117647063,0.3967815839822567,0.11285168243624288,0.020202020202020204,0.6000000000000014,0.0,1.0,0.0,0.55,2.91446699256151e-05,0.0,0.0,0.0,0.00011990646200355794,0.0,0.0036867189254295705,0.0,0.0,0.0003388588698598773,0.0011119967798109813,0.03312156029362849,0,3
3981,0.6000000000000227,1.0,0.0,0.06756756756756757,0.0,0.6000000000000001,0.5588235294117647,0.0,0.0,0.0,0.0,0.0,0.0,0.0,0.0,0.0,0.009770786935533304,0.0,0.0008043294090493882,9.89901386388269e-06,0.00017568999897333415,4.038706766204999e-05,4.414923755897865e-06,0.6541082327593913,0.4940033728115409,0.3905660377358491,0.17058823529411768,0.39673893174423286,0.09580800802055267,0.24242424242424243,0.5,0.0,0.0,1.0,0.05,0.0,0.0012201406683629067,0.0,0.0,0.0,0.0,0.0036358869401280232,0.004008447405723787,0.0,2.166793468000272e-05,0.0010854794146973432,0.03312156029362849,0,3
6520,1.0,1.0,0.0,0.03474903474903475,0.0,0.4,0.0,0.0,0.0,0.0,0.0,0.0,0.0,0.0,0.0,0.0,0.009770786935533304,0.0,0.0008043294090493882,9.89901386388269e-06,0.03576629036712703,0.008221843004831074,0.0007536688070782493,0.6540702109181686,0.49395281106359223,0.3369811320754717,0.09497549019607844,0.39500237633897567,0.057459740585249705,0.25252525252525254,0.0,0.0,1.0,0.0,0.45,0.00032098512433100575,0.0,0.0,0.0,0.0,0.0,0.00373567875888445,0.0,0.0,0.0033848537299290206,0.001920704442847454,0.033161447057877665,0,3
8802,0.0,0.0,0.0,0.03861003861003861,0.0,0.6000000000000001,0.0,0.0,0.0,0.0,0.0,0.0,0.0,0.0,0.0,0.0,0.009770786935533304,0.0,0.002678005075305004,9.89901386388269e-06,0.00143010213156072,0.0003394674308631157,0.0,0.6540904667700568,0.4940222819852987,0.580754716981132,0.2224264705882353,0.3918704834326522,0.09348956701547717,0.020202020202020204,1.0,0.0,1.0,0.0,0.8,0.0,0.0,0.00016371916718963046,0.0007137551696706794,2.1380006147612603e-05,0.0,0.003650337612194491,0.0,0.0,5.840365392496602e-05,0.0010892795556336928,0.03312156029362849,0,2
2661,0.8000000000000114,1.0,0.0,0.10424710424710425,0.0,0.6000000000000001,0.029411764705882346,0.0,0.0,0.0,0.0,0.0,0.0,0.0,0.0,0.0,0.009770786935533304,0.0,0.0008043294090493882,9.89901386388269e-06,0.0,0.0,0.0,0.6540768180823794,0.4939666281563582,0.580754716981132,0.24485294117647063,0.40287476084280827,0.13409361488815089,0.020202020202020204,0.5,0.0,1.0,0.0,0.75,0.0,0.0,0.0,0.0,0.0,7.289196052631103e-05,0.0036354330375410375,0.0,0.0,0.0004108209716955888,0.0010853124196563914,0.03312156029362849,0,3
6574,0.0,1.0,0.0,0.015444015444015444,0.35185185185185186,0.6000000000000001,0.5,0.0,0.0,0.0,0.0,1.0,0.0,0.0,0.0,0.0,0.009770786935533304,0.0,0.0008043294090493882,9.89901386388269e-06,0.00027474156218052257,0.0007662739730694712,0.0,0.6540943650698313,0.4939867418374584,0.580754716981132,0.2433823529411765,0.40287476084280827,0.1319004950184849,0.25252525252525254,0.6499999999999986,0.0,0.0,0.0,0.5,0.0,0.01068311687383266,0.0,0.0,0.0,0.0,0.0036354330375410375,0.011423677343270355,0.0,0.00035369641663012707,0.0010866791122266261,0.03312156029362849,0,0
3781,0.4000000000000341,1.0,0.0,0.03861003861003861,0.537037037037037,0.4,0.5,0.0,0.0,0.0,0.0,1.0,0.0,0.0,0.0,0.0,0.010052347290679501,0.0,0.0008043294090493882,9.89901386388269e-06,0.0019322284866511751,0.0004540636578301258,0.0,0.654119714289256,0.49401687509429887,0.3920754716981132,0.195343137254902,0.3967815839822567,0.10871608496772982,0.020202020202020204,0.14999999999999858,0.0,1.0,0.0,0.55,5.098450294464697e-05,0.0,0.0,0.0,5.2010073520143985e-05,0.0,0.0036364150534320856,0.0,0.0,4.694292814380755e-05,0.0010913097176676074,0.03312156029362849,0,0
1976,0.20000000000004547,0.0,0.0,0.03581081081081081,0.0,0.0,0.7941176470588235,0.3333333333333333,0.0,0.0,0.0,0.0,0.0,0.0,0.0,0.0,0.009817605806924604,0.0,0.0008043294090493882,9.89901386388269e-06,0.014654570325886873,0.0039250246498229325,0.0,0.6540509970646479,0.49414861007876265,0.39283018867924524,0.13308823529411765,0.3953862464811904,0.07688451657372017,0.25252525252525254,0.3500000000000014,0.0,1.0,0.0,0.45,0.00014277018600877838,0.0,0.0,0.0,0.0,0.0,0.0036354330375410375,0.0,0.0,0.0004254538626483179,0.0012090803803638285,0.03312156029362849,0,2
5800,0.4000000000000341,1.0,0.0,0.06756756756756757,0.2962962962962963,0.6000000000000001,0.5,0.0,0.0,0.0,0.0,1.0,0.0,0.0,0.0,0.0,0.009770786935533304,0.0,0.0008043294090493882,9.89901386388269e-06,5.386380626960245e-05,1.2382043377871293e-05,2.6685278071362956e-05,0.6541021010379969,0.4939961414975603,0.580754716981132,0.2450980392156863,0.40287476084280827,0.13378031204962718,0.25252525252525254,0.9499999999999957,0.0,0.0,0.0,0.5,0.0,0.0038656360826903394,0.0,0.0,0.0,0.0,0.0036354330375410375,0.008047325615082618,0.0,5.2494217194056186e-05,0.0010871200703401038,0.03312156029362849,0,0
2647,0.6000000000000227,0.0,0.0,0.31660231660231664,0.0,0.4,0.5294117647058824,0.0,0.0,0.0,0.0,1.0,0.0,0.0,0.0,0.0,0.03179398673224519,0.0,0.0008043294090493882,0.0015016540867542289,0.05121616521511541,0.01500113640565901,0.0,0.6531922161360896,0.49420915180859115,0.580754716981132,0.2421568627450981,0.3980306852386698,0.13227645842471336,0.020202020202020204,0.29999999999999716,0.0,1.0,0.0,0.25000000000000006,0.0010562889211265733,0.0,0.0007855294031660101,0.0,0.0,0.0005596816027124338,0.0044664364017272295,0.0,0.0,0.00790158204063339,0.0015541330286799728,0.03386611984017754,0,1
8885,0.0,0.0,0.0,0.06756756756756757,0.0,0.4,0.5294117647058824,0.0,0.000848024,0.0009279063436360119,0.0,1.0,0.0,0.0,0.0,0.0,0.009770786935533304,0.0,0.0008043294090493882,9.89901386388269e-06,0.0001308637440912489,0.0004008790419788666,1.1309164300822117e-06,0.6541033666767134,0.4939976324781282,0.5837735849056603,0.24558823529411766,0.39068840712170516,0.13446957829437936,0.020202020202020204,0.14999999999999858,0.0,1.0,0.0,0.5,0.0,0.0,0.0,0.0,0.0,0.0,0.0036354330375410375,0.0,0.0001174281314168378,0.0,0.0010825729872036647,0.03312284008285574,0,1
837,0.20000000000004547,1.0,1.0,0.03861003861003861,0.0,0.4,0.2647058823529412,0.0,0.0,0.0,0.0,0.0,0.0,0.0,0.0,0.0,0.01001406146335084,0.0,0.0008043294090493882,9.89901386388269e-06,0.00048007472970491307,0.00015955384755377775,0.0,0.6540783944983515,0.49399894645084946,0.580754716981132,0.2450980392156863,0.39174252671858056,0.053825427658374586,0.020202020202020204,0.44999999999999574,1.0,1.0,0.0,0.45,1.4385640711012904e-05,0.0,0.0,0.0,0.0,2.948926117474953e-05,0.0036354330375410375,0.0,0.00016429671457905546,2.6272690574218176e-05,0.0010972816367945946,0.03317185402608992,0,4
10496,0.6000000000000227,0.0,0.0,0.10231660231660232,0.0,1.0,0.029411764705882346,0.0,0.0,0.0,0.0,0.0,0.0,0.0,0.0,0.0,0.009770786935533304,0.0,0.0008043294090493882,9.89901386388269e-06,0.0,0.0,0.0,0.653800457916967,0.4936428431518619,0.580754716981132,0.2450980392156863,0.40287476084280827,0.1342189360235604,0.020202020202020204,0.0,0.0,1.0,0.0,0.4,3.181948938769112e-05,0.0,0.0,0.0,2.494855768615995e-05,0.0,0.0036354377493325978,0.0,0.0,0.0002502173188962298,0.0011349337890911432,0.03312156029362849,1,2
7351,0.4000000000000341,0.0,0.0,0.10231660231660232,0.0,0.6000000000000001,0.029411764705882346,0.0,0.0,0.0,0.0,0.0,0.0,0.0,0.0,0.0,0.009770786935533304,0.0,0.0008043294090493882,9.89901386388269e-06,0.0,0.0010236376532122054,0.0,0.6540827874574464,0.49397362190717614,0.580754716981132,0.2450980392156863,0.40287476084280827,0.1342189360235604,0.25252525252525254,0.8999999999999986,0.0,0.0,1.0,0.45,0.0,0.013027519502170832,0.0,0.0,0.0,0.0,0.0036354330375410375,0.01224314644623437,0.0,0.0006344841982685095,0.0010847396103084433,0.03312156029362849,0,2
4368,0.6000000000000227,0.0,0.0,0.03474903474903475,0.0,0.6000000000000001,0.1176470588235294,0.0,0.0,0.0,0.0,0.0,0.0,0.0,0.0,0.0,0.009770786935533304,0.0,0.0008043294090493882,9.89901386388269e-06,0.009707776198415464,0.0024962698055562135,2.7620458965469402e-06,0.6540228773554463,0.49402377141316617,0.580754716981132,0.24485294117647063,0.3973116903691247,0.12983269628422836,0.020202020202020204,0.29999999999999716,0.0,1.0,0.0,0.45,1.4372062947246022e-05,0.0,0.0,0.0,0.0,0.0,0.0036815858211738054,0.0,0.0,0.00047446893094452245,0.0011225538008326175,0.03312156029362849,0,2
4676,0.0,1.0,1.0,0.03474903474903475,0.0,0.6000000000000001,0.32352941176470584,0.0,0.0,0.0,0.0,0.0,0.0,0.0,0.0,0.0,0.009770786935533304,0.0,0.0008043294090493882,9.89901386388269e-06,0.0002038871593023878,0.00043918858558422675,0.0,0.6541050395065249,0.4939994895078176,0.4479245283018868,0.16127450980392158,0.39858516433297997,0.09123378657810642,0.07070707070707072,0.29999999999999716,0.0,1.0,0.0,0.35000000000000003,0.0,0.0,0.0,0.0,0.0,1.004658652767202e-05,0.0036354330375410375,0.0,0.0,0.00012453306496133795,0.0011046205459006157,0.03312156029362849,0,4
9811,0.20000000000004547,1.0,1.0,0.03861003861003861,0.0,0.6000000000000001,0.9411764705882353,0.0,0.0,0.0,0.0,0.0,0.0,0.0,0.0,0.0,0.009770786935533304,0.0,0.0008043294090493882,9.89901386388269e-06,0.033671747457556044,0.022865395969852632,0.0,0.6536960549816572,0.49351332425905714,0.580754716981132,0.24497549019607845,0.40287476084280827,0.1325271006955323,0.020202020202020204,0.6000000000000014,0.0,1.0,0.0,0.5,0.0,0.0,0.0,0.0,0.0,0.00013812249535526065,0.003660741247959867,0.0,0.0,0.005651263417107487,0.0010947186173281389,0.03312156029362849,1,4
8544,0.6000000000000227,0.0,0.0,0.10231660231660232,0.0,0.6000000000000001,0.0,0.0,0.0,0.0,0.0,0.0,0.0,0.0,0.0,0.0,0.009770786935533304,0.0,0.004989580770761753,9.89901386388269e-06,0.012169243694319645,0.004887666196730725,0.0,0.6542011594659412,0.49408682657678193,0.4949056603773585,0.22463235294117648,0.3991396434272902,0.10865342440002508,0.020202020202020204,0.8999999999999986,0.0,1.0,0.0,0.35000000000000003,0.0004658055526685835,0.0,0.0,0.0,0.00043656845642412763,0.0,0.003842813119489176,0.0,0.0,0.001558044738784989,0.00127080549485045,0.03366184960615429,0,2
526,0.0,0.0,0.0,0.0,0.0,0.0,0.7941176470588235,0.4444444444444444,0.0,0.0,0.0,0.0,0.0,0.0,0.0,0.0,0.009770786935533304,0.0,0.0008043294090493882,9.89901386388269e-06,0.0,0.0004719303647176582,0.0,0.654116395135156,0.4940108067529248,0.28056603773584904,0.06617647058823531,0.39318051645767077,0.042358543768406545,0.24242424242424243,0.6499999999999986,0.0,1.0,0.0,0.45,0.00021390409038348025,0.0,0.0,0.0,0.0,0.0,0.0036354330375410375,0.0,0.0,0.0002611919871107766,0.001108573753232471,0.03312156029362849,0,2
11383,0.6000000000000227,0.0,1.0,0.05791505791505792,0.0,0.8,0.2647058823529412,0.0,0.0,0.0,0.0,0.0,0.0,0.0,0.0,0.0,0.009770786935533304,0.0,0.0008043294090493882,9.89901386388269e-06,0.001380214847901625,0.00031727947393766847,0.00031361182541895177,0.6539941138933584,0.49385695393930773,0.580377358490566,0.2450980392156863,0.4028077358973422,0.13340434864339873,0.020202020202020204,0.6999999999999957,0.0,1.0,0.0,0.4,4.109989092235589e-05,0.0,0.0,0.0,0.0001435715932591877,0.0,0.0036665481384087705,0.0,0.0,0.002130620552253491,0.001802353783423962,0.03312156029362849,1,4
2294,0.6000000000000227,1.0,0.0,0.05791505791505792,0.0,0.6000000000000001,0.0,0.0,0.0,0.0,0.0,0.0,0.0,0.0,0.0,0.0,0.011353027007084458,0.0007815315136888647,0.0008043294090493882,9.89901386388269e-06,0.10122057554019252,0.028376651787439373,0.0,0.6531647030720426,0.49531946690972267,0.580566037735849,0.24460784313725495,0.39461241301990035,0.08452910583369887,0.030303030303030304,0.3999999999999986,1.0,1.0,0.0,0.2,0.000191935268608663,0.0,0.008478616452062493,0.03696363979976179,0.0008667667353211116,0.0,0.004664210711280887,0.0,0.0,0.01619697303813096,0.0020049777046088155,0.03335190747326272,0,3
8354,0.20000000000004547,0.0,0.0,0.03648648648648648,0.0,0.0,0.7941176470588235,0.2222222222222222,0.0,0.0,0.0,0.0,0.0,0.0,0.0,0.0,0.009770786935533304,0.0,0.0008043294090493882,9.89901386388269e-06,0.0010884826891125704,0.00025013389642545365,2.7011503964655902e-05,0.6541174987588639,0.49401418271178943,0.3920754716981132,0.21041666666666672,0.3967815839822567,0.11617269252459429,0.25252525252525254,0.25,0.0,0.0,0.0,0.55,0.0,0.000880990763474165,0.0,0.0,0.0,0.0,0.0036444313814735225,0.009936275271179781,0.0,0.00010291629423571541,0.0010902008785265895,0.03312156029362849,0,2
12106,0.4000000000000341,0.0,0.0,0.06756756756756757,0.0,0.8,0.5588235294117647,0.0,0.0,0.0,0.0,0.0,0.0,0.0,0.0,0.0,0.009770786935533304,0.0,0.0008043294090493882,0.02922231403720653,0.006224342391610838,0.0009548300564546388,0.0,0.6525951212528507,0.49318111003221465,0.5752830188679245,0.2450980392156863,0.39129163163089975,0.08033084779748106,0.36363636363636365,0.7999999999999972,0.0,1.0,0.0,0.45,0.0,0.0,0.0,0.0,0.0,0.0,0.003652335411816103,0.0,0.012797150924024642,0.010560879733497196,0.0014053689984367687,0.03312156029362849,1,2
7231,0.6000000000000227,0.0,0.0,0.06756756756756757,0.0,0.0,0.4411764705882353,0.0,0.0,0.0,0.0,0.0,0.0,0.0,0.0,0.0,0.009770786935533304,0.0,0.0008043294090493882,9.89901386388269e-06,0.0,0.0,0.0,0.6540761382157181,0.4939658316210483,0.3920754716981132,0.22867647058823531,0.3967815839822567,0.12582241995112478,0.25252525252525254,0.10000000000000142,0.0,0.0,1.0,0.55,0.0,0.0,0.0,0.0,0.0,0.0,0.0036368481456063462,0.003766468451945629,0.0,0.00041767694158253185,0.0010831489689121416,0.03312156029362849,0,2
6757,0.8000000000000114,1.0,0.0,0.03474903474903475,0.1111111111111111,0.6000000000000001,0.5,0.0,0.0,0.0,0.0,1.0,0.0,0.0,0.0,0.0,0.009770786935533304,0.0,0.0008043294090493882,9.89901386388269e-06,0.0,0.0026111153354100264,0.0,0.6542198017941253,0.49413393278997003,0.2869811320754717,0.11531862745098041,0.3935643865998855,0.06779873425653238,0.24242424242424243,0.3999999999999986,0.0,0.0,0.0,0.75,0.0,0.0,0.0,0.0,0.0,0.0,0.0036354330375410375,0.10358112632127808,0.0,0.0008924272742761452,0.001122823054932484,0.03312156029362849,0,0
6924,0.8000000000000114,0.0,0.0,0.10231660231660232,0.0,0.6000000000000001,0.5294117647058824,0.0,0.0,0.0,0.0,1.0,0.0,0.0,0.0,0.0,0.01059554251536531,0.0,0.0008043294090493882,9.89901386388269e-06,0.028309225966258844,0.006507470153250639,0.0,0.653998884224835,0.4942401902897702,0.580754716981132,0.2450980392156863,0.3924919874724284,0.04530359045052948,0.020202020202020204,0.5,1.0,1.0,0.0,0.10000000000000002,0.0,0.0,0.0,0.0,0.0,0.0003866128873130765,0.0037494391534873186,0.0,0.0,0.0007867737084810906,0.0012604511579257125,0.03312156029362849,0,1
5375,0.6000000000000227,1.0,0.0,0.05791505791505792,0.0,0.6000000000000001,0.5588235294117647,0.0,0.0,0.0,0.0,0.0,0.0,0.0,0.0,0.0,0.009770786935533304,0.0,0.0008142008733828753,9.89901386388269e-06,0.01197222507407177,0.002752137668378131,0.0005551929735988212,0.6537176785185248,0.4940489135145414,0.580754716981132,0.24497549019607845,0.40165612547069796,0.13378031204962718,0.030303030303030304,0.3500000000000014,0.0,1.0,0.0,0.45,7.557383312647271e-05,0.0,0.0022191810513210192,0.009674810683473317,0.0,0.0,0.003848353008416323,0.0,0.0,0.004661982777189677,0.0018646503689189338,0.033121585095745296,0,3
878,0.20000000000004547,0.0,0.0,0.05540540540540541,0.0,0.0,0.7941176470588235,0.3333333333333333,0.0,0.0,0.0,0.0,0.0,0.0,0.0,0.0,0.009770786935533304,0.0,0.0008043294090493882,9.89901386388269e-06,0.0,0.0,0.0,0.6540961979267371,0.49398995398642986,0.580754716981132,0.2450980392156863,0.40281992225106333,0.13371765148192244,0.25252525252525254,0.5,0.0,0.0,0.0,0.45,0.0,0.0,0.0,0.0,0.0,0.0,0.003645072970424331,0.2101657884084435,0.0,5.768735856364361e-05,0.0012409303843898044,0.03312156029362849,0,2
1229,0.8000000000000114,0.0,0.0,0.10424710424710425,0.0,0.6000000000000001,0.0,0.0,0.0,0.0,0.0,0.0,0.0,0.0,0.0,0.0,0.009770786935533304,0.0,0.0008043294090493882,9.89901386388269e-06,0.0011286094172731466,0.00035533971465622583,0.0,0.6541118100110203,0.4940076054728562,0.3920754716981132,0.18308823529411766,0.3967815839822567,0.10245002819725549,0.020202020202020204,0.9499999999999957,0.0,1.0,0.0,0.55,0.0,0.0,0.0,0.0,0.0,0.0,0.0036614169973994883,0.0,0.0,8.089021187505149e-05,0.0010887932922464159,0.03312156029362849,0,2
7353,0.8000000000000114,0.0,1.0,0.10424710424710425,0.0,0.6000000000000001,0.23529411764705882,0.0,0.0,0.0,0.0,0.0,0.0,0.0,0.0,0.0,0.009770786935533304,0.0,0.0008043294090493882,9.89901386388269e-06,0.0,0.0,8.35138286829941e-06,0.6541032652930885,0.4939976138457233,0.20339622641509433,0.2442401960784314,0.39068840712170516,0.13378031204962718,0.25252525252525254,0.6499999999999986,0.0,1.0,0.0,0.55,6.697910866203554e-05,0.0,0.0,0.0,0.0,0.0,0.0036354330375410375,0.0,0.0,1.2944480458183445e-05,0.0010825576210823542,0.03312156029362849,0,4
5788,0.0,1.0,0.0,0.10231660231660232,0.4444444444444444,0.4,0.5,0.0,0.0,0.0,0.0,1.0,0.0,0.0,0.0,0.0,0.009770786935533304,0.0,0.0008043294090493882,9.89901386388269e-06,0.0,0.000463620268490899,0.0,0.6538736062023591,0.4937229834544299,0.48716981132075465,0.239093137254902,0.3998525451199747,0.12970737514881886,0.020202020202020204,0.6000000000000014,0.0,1.0,0.0,0.85,0.00024742080024203175,0.0,0.0,0.0,0.0,0.00031870808125014226,0.003660427521171803,0.0,0.0,0.004148219929281182,0.0011095803828827077,0.03312156029362849,0,0
2424,0.4000000000000341,1.0,0.0,0.09266409266409267,0.7037037037037037,0.6000000000000001,0.5,0.0,0.0,0.0,0.0,1.0,0.0,0.0,0.0025606182254633986,0.0,0.009770786935533304,0.0,0.0008043294090493882,9.89901386388269e-06,0.0,0.0017293310247886015,0.0,0.654019704313041,0.4939490779836335,0.4007547169811321,0.13909313725490197,0.3969095406963283,0.07976690268813837,0.020202020202020204,0.6999999999999957,0.0,1.0,0.0,0.05,0.0,0.0,0.00021019363521575091,0.0,0.0,7.567464816167342e-05,0.0036908001222194756,0.0,0.0,0.0020638515917873667,0.0014111017017526448,0.03312156029362849,0,0
7221,0.20000000000004547,0.0,0.0,0.0694980694980695,0.0,0.6000000000000001,0.029411764705882346,0.0,0.0,0.0,0.0,0.0,0.0,0.0,0.0,0.0,0.009824257668433749,0.00013375983712595612,0.0008043294090493882,9.89901386388269e-06,0.0013592477286825853,0.0014227715749834525,0.0,0.6540484452454346,0.4939295205574549,0.580754716981132,0.2450980392156863,0.40287476084280827,0.13183783445078015,0.24242424242424243,0.6000000000000014,0.0,0.0,0.0,0.45,0.0,0.1642652484467544,0.0,0.0,0.0,0.0,0.0036354330375410375,0.10174778625557998,0.0,0.0002314145656615167,0.0011032646096152984,0.03312156029362849,0,2
2521,0.8000000000000114,1.0,0.0,0.15830115830115832,0.4444444444444444,0.6000000000000001,0.5,0.0,0.0,0.0,0.0,1.0,0.0,0.0,0.0,0.0,0.012706409933908038,0.0,0.0008043294090493882,0.0002002374143856761,0.016418338854674728,0.0037741964033072522,0.0,0.6534100872268462,0.4943746960681141,0.580754716981132,0.2450980392156863,0.3922056081599825,0.13334168807569396,0.020202020202020204,0.5499999999999972,0.0,1.0,0.0,0.25000000000000006,0.0,0.0,0.002502060351280442,0.011575227773162982,0.0001024236897730431,0.0,0.0037845235460953965,0.0,0.0038501026694045177,0.0026947543132492644,0.001261259614179177,0.03312156029362849,0,0
1144,0.0,0.0,0.0,0.03861003861003861,0.0,0.6000000000000001,0.5588235294117647,0.0,0.0,0.0,0.0,0.0,0.0,0.0,0.0,0.0,0.009770786935533304,0.0,0.0008043294090493882,9.89901386388269e-06,0.0,0.0,5.0456271495975596e-05,0.6540807942421274,0.493973397541967,0.580754716981132,0.2450980392156863,0.4027224314212945,0.13296572466946552,0.020202020202020204,0.5,0.0,1.0,0.0,0.45,0.00018238331179866056,0.0,0.0,0.0,0.0003433791763341676,0.0,0.0036354330375410375,0.0,0.0,0.0003945508342026942,0.0012303715293472376,0.033134581404952214,0,2
10519,0.0,0.0,1.0,0.015444015444015444,0.0,0.6000000000000001,0.23529411764705882,0.0,0.0,0.0,0.0,0.0,0.0,0.0,0.0,0.0,0.009770786935533304,0.0,0.0008043294090493882,9.89901386388269e-06,0.0,0.0,0.0,0.6540896503999527,0.4942159510836828,0.580754716981132,0.2450980392156863,0.3972141995393559,0.1339682937527414,0.25252525252525254,0.0,0.0,1.0,0.0,0.4,0.00020325912359024368,0.0,0.0,0.0,0.0,0.0,0.0036354330375410375,0.0,0.0,0.00021325136185655573,0.0011540298628612829,0.03312156029362849,1,4
11183,0.20000000000004547,0.0,1.0,0.04247104247104247,0.0,0.6000000000000001,0.2647058823529412,0.0,0.0,0.0,0.0,0.0,0.0,0.0,0.0,0.0,0.009770786935533304,0.0,0.0008043294090493882,9.89901386388269e-06,0.0,0.0,0.0,0.6540669066734252,0.49395501589817326,0.20339622641509433,0.2450980392156863,0.39068840712170516,0.1342189360235604,0.020202020202020204,0.3999999999999986,0.0,1.0,0.0,0.8,0.0,0.0,0.0,0.0,0.0,0.0,0.0036354330375410375,0.0,0.0,0.0005645942365851949,0.0010825576210823542,0.03312156029362849,1,4
1962,0.8000000000000114,1.0,0.0,0.02316602316602317,0.0,0.6000000000000001,0.029411764705882346,0.0,0.0,0.0,0.0,0.0,0.0,0.0,0.0,0.0,0.014977132721116268,3.7864793182172278e-06,0.0009615086965963333,0.0001157111722821134,0.1865350606383548,0.042880096530077766,0.0,0.6479260385543226,0.49569138058062645,0.580754716981132,0.24473039215686276,0.3926382237170817,0.0785136913340435,0.030303030303030304,0.29999999999999716,1.0,1.0,0.0,0.05,0.0012334583716387508,0.0,0.0,0.0,0.0,0.0021704602167822084,0.004942813841806822,0.0,0.013622304928131417,0.013211991193660172,0.0038060032107658194,0.03327372128024003,0,3
3963,0.6000000000000227,1.0,0.0,0.31660231660231664,0.6666666666666666,0.4,0.5,0.0,0.0,0.0,0.0,1.0,0.0,0.0,0.0,0.0,0.011506907739960073,0.0,0.0008043294090493882,9.89901386388269e-06,0.023599577187195887,0.005424997018752978,0.0,0.6529855181171752,0.49426983871590785,0.31169811320754715,0.10134803921568629,0.3911575817399676,0.03621780813334169,0.030303030303030304,0.0,1.0,1.0,0.0,0.05,0.0,0.0,0.0004908550646836889,0.0,0.0,0.0011643560119966362,0.004013594753141159,0.0,0.0,0.002277282027484253,0.001558242772176662,0.0331233212439218,0,0
2110,0.0,0.0,0.0,0.06756756756756757,0.0,0.0,0.4411764705882353,0.0,0.0,0.0,0.0,0.0,0.0,0.0,0.0,0.0,0.009770786935533304,0.0,0.0008043294090493882,9.89901386388269e-06,0.0,1.1384831830660183e-05,0.0,0.6541033673393515,0.4939977334036548,0.43943396226415093,0.19080882352941178,0.39404574757186905,0.10646030453035907,0.24242424242424243,0.5,0.0,0.0,0.0,0.05,0.0,0.00012489463329442817,0.0,0.0,0.0,0.0,0.003636262312855669,0.000507746454560361,0.0,1.4018923500167052e-05,0.0010827591651121878,0.03312156029362849,0,2
9106,0.6000000000000227,0.0,0.0,0.31660231660231664,0.0,0.8,0.029411764705882346,0.0,0.0,0.0,0.0,0.0,0.0,0.0,0.0,0.0,0.02523925444070072,0.0,0.0008043294090493882,7.348347714906782e-05,0.42376138550723796,0.10791540820646932,0.0,0.6522174838159116,0.4955542775226731,0.580754716981132,0.2450980392156863,0.3941432384016379,0.1292060906071809,0.030303030303030304,1.0,0.0,1.0,0.0,0.2,0.00139988102212944,0.0,2.490063688167409e-05,0.0,0.0,1.0841640137775563e-05,0.004836553518536552,0.0,0.0,0.026790393046613944,0.0018213809079207373,0.03312156029362849,1,2
4110,0.6000000000000227,1.0,0.0,0.03861003861003861,0.537037037037037,0.6000000000000001,0.5,0.0,0.0,0.0,0.0,1.0,0.0,0.0,0.0,0.0,0.009770786935533304,0.0,0.0008043294090493882,9.89901386388269e-06,0.000703483000004338,0.0015504977539887424,0.0,0.6540252426420425,0.49390464940230105,0.2807547169811321,0.08590686274509805,0.393204889165113,0.05282285857509869,0.020202020202020204,0.29999999999999716,0.0,1.0,0.0,0.35000000000000003,2.11134226575036e-06,0.0,0.0,0.0,4.114790348614461e-05,0.0,0.0036354330375410375,0.0,0.0,0.0013256836399674393,0.001115510516073357,0.033141401987074166,0,0
4052,0.20000000000004547,0.0,0.0,0.03581081081081081,0.0,0.0,0.7941176470588235,0.2222222222222222,0.0,0.0,0.0,0.0,0.0,0.0,0.0,0.0,0.01030790217820623,0.0,0.0008043294090493882,2.149847182708265e-05,0.0022987915709288724,0.000772838949088611,0.0,0.6541043248513648,0.4940829925712966,0.5583018867924527,0.2450980392156863,0.3967450249210934,0.130897925935209,0.24242424242424243,0.5,0.0,1.0,0.0,0.25000000000000006,0.0003620103375526438,0.0,0.0,0.0,0.0,0.0,0.0036354330375410375,0.0,0.0,7.155279020067015e-05,0.00110840859221245,0.033122899607936074,0,2
7920,0.0,0.0,0.0,0.06756756756756757,0.0,0.0,0.4411764705882353,0.0,0.0,0.0,0.0,0.0,0.0,0.0,0.0,0.0,0.009770786935533304,0.0,0.0008043294090493882,9.89901386388269e-06,0.0,0.0,0.0,0.6541014960494377,0.4939955409906771,0.20339622641509433,0.24068627450980395,0.39068840712170516,0.13196315558618962,0.020202020202020204,0.9499999999999957,0.0,1.0,0.0,0.35000000000000003,0.0,0.0,2.6211196717551672e-06,0.0,0.0,1.5901072202070824e-06,0.0036354330375410375,0.0,0.0,2.990533133521037e-05,0.0010825576210823542,0.03312156029362849,0,2
10251,0.4000000000000341,0.0,0.0,0.20463320463320464,0.0,0.6000000000000001,0.0,0.0,0.0,0.0,0.0,0.0,0.0,0.0,0.0,0.0,0.019859764612894393,2.917880604297656e-05,0.0008893518791065312,0.0002193977755761975,0.0,0.0209745997753781,0.0,0.6533210352964195,0.4941443956616771,0.580754716981132,0.2439950980392157,0.39901777989007914,0.12601040165423902,0.020202020202020204,0.14999999999999858,1.0,1.0,0.0,0.2,0.0,0.0,0.0001894263024318446,0.0008258287954502503,0.0,3.458483203950404e-05,0.004117398662411272,0.0,0.0,0.017905235146976135,0.00168144749018587,0.033136158819581145,1,2
3865,0.8000000000000114,1.0,0.0,0.33976833976833976,1.0,0.6000000000000001,0.5,0.0,0.0,0.0,0.0,1.0,0.0,0.0,0.0,0.0,0.013970308769027127,0.0,0.006945487450335658,0.00011972948363585718,0.0,0.02509574269615255,0.0,0.6536540887873139,0.49508503399114673,0.580377358490566,0.24411764705882358,0.4008822920094079,0.1332163669402845,0.020202020202020204,0.0,0.0,1.0,0.0,0.2,0.0052441464885652385,0.0,0.0,0.0,0.0,0.0,0.004695263773559741,0.0,0.0,0.009198562702193552,0.0025934834959076376,0.03314921465386841,0,0
9521,0.20000000000004547,0.0,1.0,0.04247104247104247,0.0,0.8,0.23529411764705882,0.0,0.0,0.0,0.0,0.0,0.0,0.0,0.0,0.0,0.009770786935533304,0.0,0.0008043294090493882,9.89901386388269e-06,0.0,0.0,0.0,0.654037159193801,0.4939201635966142,0.20339622641509433,0.2450980392156863,0.39068840712170516,0.1342189360235604,0.020202020202020204,0.3999999999999986,0.0,1.0,0.0,0.2,0.0,0.0,0.0,0.0,0.0,0.0,0.0036354330375410375,0.0,0.0,0.0010239698009875666,0.0010825576210823542,0.03312156029362849,1,4
8411,0.20000000000004547,1.0,0.0,0.05791505791505792,0.7037037037037037,0.6000000000000001,0.5,0.0,0.0,0.0,0.0,1.0,0.0,0.0,0.0,0.0,0.019365103898088668,0.0,0.0010742741920077787,9.89901386388269e-06,0.0,0.00041243007573406196,0.007935075131671838,0.6539806099920996,0.4938707881117782,0.580754716981132,0.2450980392156863,0.40267977918327064,0.13284040353405605,0.020202020202020204,0.8500000000000014,0.0,1.0,0.0,0.35000000000000003,0.0020590542974840927,0.0,0.0,0.0,0.0,0.0019814181515798615,0.004343254464366355,0.0,0.0,0.005799945868536266,0.0016361500977197555,0.034402202713692855,0,0
9006,0.4000000000000341,0.0,0.0,0.08687258687258688,0.0,0.6000000000000001,0.029411764705882346,0.0,0.0,0.0,0.0,0.0,0.0,0.0,0.0,0.0,0.009770786935533304,0.0,0.0008168207880874975,9.89901386388269e-06,0.08105273736586466,0.018632149850979197,0.0,0.6539830875958489,0.49424680673438864,0.580754716981132,0.2450980392156863,0.4025457292923385,0.13340434864339873,0.020202020202020204,0.3999999999999986,0.0,1.0,0.0,0.4,0.006150244975784432,0.0,0.0,0.0,0.00022527264164171903,0.0,0.0036841447166404023,0.0,0.0,0.001842823308865025,0.004029116070265408,0.03337785048744295,1,2
3840,0.8000000000000114,1.0,0.0,0.06756756756756757,0.2962962962962963,0.6000000000000001,0.5,0.0,0.0,0.0,0.0,1.0,0.0,0.0,0.0,0.0,0.009770786935533304,0.0,0.0008043294090493882,9.89901386388269e-06,0.0,0.0,0.0,0.654083849997594,0.4939852504687154,0.580754716981132,0.2450980392156863,0.3997611474670664,0.1342189360235604,0.24242424242424243,0.9499999999999957,0.0,0.0,0.0,0.6,0.0,0.0,0.0,0.0,0.0,0.0,0.0036354330375410375,0.006462375053167016,0.0,0.00030296735586218685,0.0010885256243268137,0.03312156029362849,0,0
8152,1.0,1.0,0.0,0.2953667953667954,0.0,0.4,0.1764705882352941,0.0,0.0,0.0,0.0,0.0,1.0,0.0,0.0,0.0,0.010261354197102633,0.0,0.0012300655485504896,1.0131812758432077e-05,0.01626759249753094,0.008686792888718254,0.0,0.6543044531451194,0.4942280054733093,0.36,0.21323529411764708,0.3956421599093336,0.11103452597280533,0.020202020202020204,0.04999999999999716,0.0,1.0,0.0,0.35000000000000003,4.646310761027481e-05,0.0,0.0,0.0,0.0,6.757955685880101e-06,0.0037027500109152577,0.0,0.0,0.001580659206621025,0.0011527457508010586,0.033651879155197836,0,3
2164,0.20000000000004547,0.0,0.0,0.06756756756756757,0.0,0.6000000000000001,0.5588235294117647,0.0,0.0,0.0,0.0,0.0,0.0,0.0,0.0,0.0,0.009795603495778965,0.0,0.0008043294090493882,9.89901386388269e-06,0.0,1.545677898177222e-05,0.0,0.6541022822695094,0.4939957284792515,0.20339622641509433,0.24522058823529416,0.39068840712170516,0.0909204837395827,0.020202020202020204,0.8500000000000014,0.0,1.0,0.0,0.10000000000000002,0.0,0.0,0.0,0.0,0.0,0.0,0.0036354330375410375,0.0,0.0,1.1921201370580011e-05,0.0010825576210823542,0.03312156029362849,0,2
10117,0.6000000000000227,1.0,1.0,0.015444015444015444,0.0,0.6000000000000001,0.23529411764705882,0.0,0.0,0.0,0.0,0.0,0.0,0.0,0.0,0.0,0.010799221912796956,0.0,0.0008043294090493882,9.89901386388269e-06,9.03755138751719e-06,2.0775240566898143e-06,1.3549248768100344e-05,0.6540613829224613,0.49395327415648926,0.580754716981132,0.24411764705882358,0.4026188474146651,0.13158719217996115,0.020202020202020204,0.14999999999999858,0.0,1.0,0.0,0.85,9.891400904174518e-06,0.0,0.0028533911995907023,0.012439732957117556,0.0002892091900406923,0.0,0.003667223887848392,0.0,0.0,0.0005887947870070161,0.0013159083323935204,0.03312156029362849,1,4
11501,0.4000000000000341,0.0,0.0,0.02316602316602317,0.0,0.6000000000000001,0.0,0.0,0.0,0.0,0.0,0.0,0.0,0.0,0.0,0.0,0.009770786935533304,0.0,0.0008043294090493882,9.89901386388269e-06,0.0,0.0,0.0,0.6538687537037616,0.4936880962171117,0.20339622641509433,0.14730392156862746,0.39068840712170516,0.07575662635503479,0.020202020202020204,0.6000000000000014,0.0,1.0,0.0,0.55,0.0,0.0,3.1251811470926994e-06,0.0,0.0,1.1203028142368081e-06,0.0036354330375410375,0.0,0.0,0.0,0.0010825576210823542,0.03312156029362849,1,2
12191,0.6000000000000227,0.0,0.0,0.02316602316602317,0.0,0.2,0.0,0.0,0.0,0.0,0.0,0.0,0.0,0.0,0.0,0.0,0.009770786935533304,0.0,0.0008043294090493882,9.89901386388269e-06,0.0015522898263199524,0.0004888829610202472,0.0,0.653996900286449,0.49387299605176,0.20339622641509433,0.2450980392156863,0.39068840712170516,0.1342189360235604,0.020202020202020204,0.7999999999999972,0.0,1.0,0.0,0.55,0.0,0.0,0.0,0.0,0.0,0.0,0.0036354330375410375,0.0,0.001540041067761807,0.00015139414101092812,0.0010825576210823542,0.03312156029362849,1,2
5839,0.8000000000000114,0.0,0.0,0.10424710424710425,0.0,0.2,0.029411764705882346,0.0,0.0,0.0,0.0,0.0,0.0,0.0,0.0,0.0,0.009770786935533304,0.0,0.0008043294090493882,9.89901386388269e-06,0.000559966683970565,0.0018618770596054116,0.0,0.6541043003337561,0.49399882650474286,0.28094339622641507,0.2450980392156863,0.3931987959882524,0.1342189360235604,0.25252525252525254,0.9499999999999957,0.0,0.0,0.0,0.05,0.0,0.0,0.0,0.0,0.0,0.0,0.0036354330375410375,0.0006410550004336776,0.0,0.0005651314581061867,0.0010831222516883147,0.03312156029362849,0,2
7063,0.20000000000004547,1.0,0.0,0.06756756756756757,0.2962962962962963,0.6000000000000001,0.5,0.0,0.0,0.0,0.0,1.0,0.0,0.0,0.0,0.0,0.009770786935533304,0.0,0.0008043294090493882,9.89901386388269e-06,0.0,0.0001811600977433518,0.0,0.6541136253080171,0.4940077238662624,0.31943396226415094,0.2450980392156863,0.39443571089094437,0.12519581427407733,0.25252525252525254,0.75,0.0,0.0,0.0,0.35000000000000003,0.0,0.0007058439124063894,0.0,0.0,0.0,0.0,0.003647385674781897,0.007960435630084079,0.0,0.00012750057431538793,0.0010877257929285363,0.03312156029362849,0,0
1146,0.8000000000000114,0.0,0.0,0.20463320463320464,0.0,0.6000000000000001,0.5588235294117647,0.0,0.0,0.0,0.0,0.0,0.0,0.0,0.0,0.0,0.010231074682721632,0.0,0.0008043294090493882,9.89901386388269e-06,0.05233537557894554,0.012030526307479377,0.0,0.6537926805339219,0.49363649532441417,0.34849056603773587,0.08799019607843138,0.3953740601274693,0.05395074879378409,0.020202020202020204,0.5,0.0,1.0,0.0,0.75,0.0005217866726794435,0.0,0.008121035241458048,0.0354047176403887,0.0,7.589148096442893e-07,0.0037375670093522826,0.0,0.0,0.0009725244448583041,0.0013914783221808894,0.03312156029362849,0,2
151,0.4000000000000341,1.0,0.0,0.06756756756756757,0.2962962962962963,0.6000000000000001,0.5,0.0,0.0,0.0,0.0,1.0,0.0,0.0,0.0,0.0,0.009770786935533304,5.341445608839576e-05,0.0008043294090493882,9.89901386388269e-06,0.0001077276125392049,0.0002724049543131685,0.0,0.6540989998918223,0.49399236028388893,0.580754716981132,0.2450980392156863,0.40287476084280827,0.13215113728930386,0.25252525252525254,0.9499999999999957,0.0,0.0,0.0,0.5,0.0,0.00219932300380424,0.0,0.0,0.0,0.0,0.003636916466583972,0.0036517736717475552,0.0,0.00014522888450811742,0.0010841020154103245,0.03312156029362849,0,0
5390,0.8000000000000114,1.0,0.0,0.015444015444015444,0.35185185185185186,0.6000000000000001,0.5,0.0,0.0,0.0,0.0,1.0,0.0,0.0,0.0,0.0,0.00978108076646601,0.0,0.0008043294090493882,9.89901386388269e-06,0.000605154440908151,0.00013911101083594998,0.0,0.6541060914444634,0.49400092497934583,0.3920754716981132,0.2024509803921569,0.3967815839822567,0.11209975562378596,0.24242424242424243,0.10000000000000142,0.0,1.0,0.0,0.55,0.0,0.0,0.0,0.0,0.0,0.0,0.0036363624384263275,0.0,0.0,0.00010445121286712057,0.0010870989047472017,0.03312156029362849,0,0
9097,0.8000000000000114,0.0,1.0,0.02316602316602317,0.0,0.6000000000000001,0.23529411764705882,0.0,0.0,0.0,0.0,0.0,0.0,0.0,0.0,0.0,0.009770786935533304,0.0,0.0008043294090493882,9.89901386388269e-06,0.0014141960411186898,0.0023536685543050244,0.0,0.653957124110932,0.4938263940780298,0.20339622641509433,0.2450980392156863,0.39068840712170516,0.1342189360235604,0.020202020202020204,1.0,0.0,1.0,0.0,0.55,0.0,0.0,4.929721228801065e-05,0.0,0.0,3.1585311601386136e-05,0.0036354330375410375,0.0,0.002387063655030801,0.0005052696314813858,0.0010825576210823542,0.03312156029362849,1,4
590,0.6000000000000227,1.0,0.0,0.05791505791505792,0.7037037037037037,0.6000000000000001,0.5,0.0,0.0,0.0,0.0,1.0,0.0,0.0,0.0,0.0,0.010447516022596163,6.918235987751361e-06,0.0010039731474337508,9.89901386388269e-06,0.06684534508263214,0.019768223106139456,0.0,0.6547954609983897,0.4952464286588262,0.3932075471698113,0.1919117647058824,0.39562997355561247,0.09424149382793409,0.030303030303030304,0.0,1.0,0.0,0.0,0.05,0.0033081338863366425,0.0,0.0,0.0,0.0047254039502519505,0.0,0.004274697111863858,0.0,0.0,0.0035437178082794534,0.001676762558070836,0.03312215554443186,0,0
11719,0.8000000000000114,0.0,0.0,0.10231660231660232,0.0,0.6000000000000001,0.029411764705882346,0.0,0.0,0.0,0.0,0.0,0.0,0.0,0.0,0.0,0.009770786935533304,0.0,0.0008043294090493882,9.89901386388269e-06,0.09036972984228388,0.02456348103282862,9.460550905495424e-05,0.6542545985758541,0.494169953886762,0.37660377358490565,0.24191176470588235,0.3962819434796915,0.13202581615389436,0.020202020202020204,0.6000000000000014,0.0,1.0,0.0,0.35000000000000003,3.2722410678188862e-06,0.0,0.0,0.0,0.00027826876229751426,0.0,0.00413072478689199,0.0,0.0007700205338809035,0.007619284922340792,0.0012712188930818354,0.03312156029362849,1,2
9014,0.6000000000000227,0.0,0.0,0.03474903474903475,0.0,0.6000000000000001,0.0,0.0,0.0,0.0,0.0,0.0,0.0,0.0,0.0,0.0,0.010003963275403696,0.0,0.0008043294090493882,9.89901386388269e-06,0.005459042540115883,0.0012549076312029154,0.0,0.654073310739067,0.49396251893472537,0.20339622641509433,0.2450980392156863,0.39068840712170516,0.1342189360235604,0.030303030303030304,0.3999999999999986,0.0,1.0,0.0,0.7,0.0,0.0,0.0024360282980112253,0.00028743588729348787,0.0,0.0008500930032029818,0.0036354330375410375,0.0,0.0,0.00046569431276832296,0.0010825576210823542,0.03312156029362849,1,2
10965,0.6000000000000227,0.0,0.0,0.05791505791505792,0.0,0.8,0.029411764705882346,0.0,0.0,0.0,0.0,0.0,0.0,0.0,0.0,0.0,0.009770786935533304,0.0,0.0008043294090493882,9.89901386388269e-06,0.0013176749923000063,0.00034545070014638235,0.0,0.6526827541438475,0.49233333560881576,0.580754716981132,0.2450980392156863,0.40287476084280827,0.1342189360235604,0.020202020202020204,0.3999999999999986,0.0,1.0,0.0,0.45,3.3129743591195366e-05,0.0,0.0,0.0,3.881582375262025e-05,0.0,0.0036354565964988395,0.0,0.0,0.0014297255411995185,0.0015459692067002447,0.03312156029362849,1,2
1611,0.4000000000000341,1.0,0.0,0.10231660231660232,0.4444444444444444,0.6000000000000001,0.5,0.0,0.0,0.0,0.0,1.0,0.0,0.0,0.0,0.0,0.009770786935533304,0.0,0.0008043294090493882,9.89901386388269e-06,0.0,0.0007182416168788026,0.0,0.6540780124875033,0.49396802752760194,0.40962264150943395,0.13615196078431374,0.397348249430288,0.0785136913340435,0.25252525252525254,0.7999999999999972,0.0,1.0,1.0,0.35000000000000003,1.189412105978981e-05,0.0,0.0,0.0,0.0,0.0,0.0036354330375410375,0.0,0.0,0.00043356334941757515,0.0011000836737996283,0.03312156029362849,0,0
10369,0.8000000000000114,1.0,1.0,0.20463320463320464,0.0,0.8,0.2647058823529412,0.0,0.0,0.0,0.0,0.0,0.0,0.0,0.0,0.0,0.009770786935533304,0.0,0.000929087252126634,9.89901386388269e-06,0.06611547243257625,0.0186293244182621,0.0,0.6507491219149335,0.4943249716138611,0.5247169811320754,0.2319852941176471,0.393204889165113,0.12695031016981015,0.020202020202020204,0.14999999999999858,0.0,1.0,0.0,0.05,0.0022027409825471356,0.0,0.0,0.0,0.002155279916947911,0.0,0.0036767303199708072,0.0,0.032084188911704316,0.0017311835604074902,0.0018346658615881841,0.03316124368051985,1,4
12416,0.8000000000000114,0.0,0.0,0.02316602316602317,0.0,0.6000000000000001,0.029411764705882346,0.0,0.04,0.0,0.0,0.0,0.0,0.0,0.0,0.0,0.009770786935533304,0.0,0.0008043294090493882,9.89901386388269e-06,0.0,0.0,0.0,0.6539080077204783,0.493768849059991,0.580754716981132,0.2450980392156863,0.40287476084280827,0.1342189360235604,0.020202020202020204,0.9499999999999957,0.0,1.0,0.0,0.75,7.495604487507951e-05,0.0,0.0,0.0,0.000113019783595835,0.0,0.0036354330375410375,0.0,0.0025667351129363453,0.00046021976964964463,0.0010858110750769834,0.03312156029362849,1,2
3763,0.4000000000000341,0.0,0.0,0.10231660231660232,0.0,0.6000000000000001,0.0,0.0,0.0,0.0,0.0,0.0,0.0,0.0,0.0,0.0,0.009770786935533304,0.0,0.0008043294090493882,9.89901386388269e-06,0.0,0.0,0.0,0.6541199720554658,0.4940182663138655,0.5686792452830188,0.2450980392156863,0.40245433163943023,0.13415627545585562,0.020202020202020204,0.9499999999999957,0.0,1.0,0.0,0.4,3.8112782893641555e-05,0.0,0.0,0.0,4.862934048362544e-05,0.0,0.0036354330375410375,0.0,0.0,4.860575666116313e-06,0.001176525914027967,0.03312156029362849,0,2
5421,0.6000000000000227,1.0,0.0,0.10231660231660232,0.4444444444444444,0.6000000000000001,0.5,0.0,0.0,0.0,0.0,1.0,0.0,0.0,0.0,0.0,0.00999526468727635,0.0,0.0008043294090493882,9.89901386388269e-06,0.007079294752869965,0.0028762905060059143,0.0,0.6541809659020318,0.49408643917802986,0.2977358490566038,0.08762254901960786,0.39373499555198094,0.0532614825490319,0.020202020202020204,0.3999999999999986,0.0,1.0,0.0,0.35000000000000003,3.8343604877678566e-05,0.0,0.0,0.0,2.707716737581977e-06,0.0,0.0036354330375410375,0.0,0.0,0.0003996160656863312,0.0011245407394543298,0.03312156029362849,0,0
3469,0.0,0.0,0.0,0.03474903474903475,0.0,0.6000000000000001,0.5588235294117647,0.0,0.0,0.0,0.0,0.0,0.0,0.0,0.0,0.0,0.009770786935533304,0.0007633629601879089,0.0008043294090493882,9.89901386388269e-06,0.0,0.0,2.264007699453043e-05,0.6539022812022646,0.49364669734245253,0.580754716981132,0.24497549019607845,0.39893247541403143,0.09330158531236295,0.020202020202020204,0.7999999999999972,1.0,1.0,0.0,0.45,8.112713850712799e-06,0.0,0.0,0.0,0.0,5.312403667510026e-06,0.003643208671563597,0.0,0.0,0.0012694544541036305,0.0011315941856809089,0.03312156029362849,0,2
7969,0.8000000000000114,0.0,0.0,0.06756756756756757,0.0,0.4,0.029411764705882346,0.0,0.0,0.0,0.0,0.0,0.0,0.0,0.0,0.0,0.009770786935533304,0.0,0.0008043294090493882,9.89901386388269e-06,0.00011206563720521315,0.0005898506301753721,0.0,0.6540879954613692,0.49397950392450113,0.580754716981132,0.2450980392156863,0.40287476084280827,0.13284040353405605,0.030303030303030304,0.9499999999999957,0.0,1.0,0.0,0.95,0.0,0.0,0.0010276805359181605,0.0030875185141234747,0.0,0.0004867173645852042,0.0036802551327072873,0.0,0.0,0.00041258612812170476,0.0010828368383770056,0.03312156029362849,0,2
9761,0.4000000000000341,0.0,0.0,0.02316602316602317,0.0,0.6000000000000001,0.0,0.0,0.0,0.0,0.0,0.0,0.0,0.0,0.0,0.0,0.009770786935533304,0.0,0.0008043294090493882,9.89901386388269e-06,0.0,0.0,0.0,0.6540726010536925,0.49396168746365626,0.20339622641509433,0.2450980392156863,0.39068840712170516,0.1342189360235604,0.020202020202020204,0.5499999999999972,0.0,1.0,0.0,0.55,0.0,0.0,0.0,0.0,0.0,0.0,0.0036354330375410375,0.0,0.00044661190965092405,3.1542577875375865e-05,0.0010825576210823542,0.03312156029362849,1,2
9664,0.20000000000004547,1.0,1.0,0.04247104247104247,0.0,0.8,0.23529411764705882,0.0,0.0,0.0,0.0,0.0,0.0,0.0,0.0,0.0,0.009770786935533304,0.0,0.0008043294090493882,9.89901386388269e-06,0.0,0.0,0.0,0.6540537251455881,0.4939395723517287,0.20339622641509433,0.2450980392156863,0.39068840712170516,0.1342189360235604,0.020202020202020204,0.3999999999999986,0.0,1.0,0.0,0.2,0.0,0.0,0.0,0.0,0.0,0.0,0.0036354330375410375,0.0,0.0,0.0007681500290867081,0.0010825576210823542,0.03312156029362849,1,4
8081,0.20000000000004547,1.0,0.0,0.10231660231660232,0.4444444444444444,0.4,0.5,0.0,0.0,0.0,0.0,1.0,0.0,0.0,0.0,0.0,0.009770786935533304,0.0,0.0008043294090493882,9.89901386388269e-06,0.0,0.0,0.0,0.6541251403011044,0.4940232042893417,0.3924528301886792,0.23933823529411768,0.39679377033597785,0.13114856820602797,0.25252525252525254,0.19999999999999574,0.0,1.0,0.0,0.55,0.0,0.0,0.0,0.0,0.0,0.0,0.0036354330375410375,0.0,0.0,0.00010908155073852611,0.001094938997248611,0.03312156029362849,0,0
6247,0.8000000000000114,1.0,0.0,0.10424710424710425,0.2962962962962963,0.6000000000000001,0.5,0.0,0.0,0.0,0.0,1.0,0.0,0.0,0.0,0.0,0.009870203671120228,0.0,0.0008043294090493882,9.89901386388269e-06,0.005453981511338873,0.0012536611167689015,0.0,0.6540733263110617,0.4939618819393825,0.30962264150943397,0.20894607843137258,0.39413105204791676,0.11523278400902313,0.24242424242424243,0.6999999999999957,0.0,1.0,0.0,0.35000000000000003,0.00017551296333261757,0.0,0.0,0.0,0.0,0.0,0.0036354330375410375,0.0,0.0,0.0007243536841372811,0.0010900906885663534,0.0331240405053092,0,0
9492,0.20000000000004547,0.0,0.0,0.35135135135135137,0.0,0.8,0.0,0.0,0.0,0.0,0.0,0.0,1.0,0.0,0.0,0.0,0.009770786935533304,0.0,0.0008043294090493882,9.89901386388269e-06,0.0,0.0,0.0005028010951359741,0.6539463800972409,0.49381277340186563,0.580754716981132,0.24473039215686276,0.40287476084280827,0.13384297261733194,0.020202020202020204,0.3999999999999986,0.0,1.0,0.0,0.75,0.0,0.0,0.0,0.0,0.0,4.336656055110225e-07,0.0036354330375410375,0.0,0.0,0.001547556128137054,0.001146666566233698,0.03312156029362849,1,2
11220,0.20000000000004547,0.0,0.0,0.15830115830115832,0.0,0.4,0.5588235294117647,0.0,0.0,0.0,0.0,0.0,0.0,0.0,0.0,0.0,0.010012180280797348,0.0,0.0008043294090493882,9.89901386388269e-06,0.0006304595847931991,0.00014492807819468145,0.0,0.6540781592618361,0.4939652862350296,0.31886792452830187,0.17365196078431375,0.3944174313603627,0.09643461369760012,0.020202020202020204,0.3999999999999986,0.0,1.0,0.0,0.35000000000000003,9.715568863393379e-05,0.0,0.0,0.0,7.237272944843388e-05,0.0,0.0036711095452885397,0.0,0.0,0.000617062871802061,0.0011060258520466594,0.03312156029362849,1,2
7057,0.0,0.0,0.0,0.047972972972972976,0.0,0.0,0.7941176470588235,0.3333333333333333,0.0,0.0,0.0,0.0,0.0,0.0,0.0,0.0,0.009770786935533304,0.0,0.0008043294090493882,9.89901386388269e-06,0.0007396332055544068,0.00038575466684616475,0.0,0.6541113183335713,0.49400704882975954,0.3920754716981132,0.16825980392156864,0.3967815839822567,0.09493076007268628,0.25252525252525254,0.6000000000000014,0.0,0.0,0.0,0.55,0.0,0.0019545799850252594,0.0,0.0,0.0,0.0,0.0036409262012018773,0.010555858790876041,0.0,0.00011657707005522126,0.0010901848680195468,0.03312156029362849,0,2
11222,0.0,0.0,0.0,0.03861003861003861,0.0,1.0,0.5588235294117647,0.0,0.0,0.0,0.0,0.0,0.0,0.0,0.0,0.0,0.01169695232624401,0.0,0.0008043294090493882,0.0008504548485531852,0.0,2.326826943492592e-05,0.0,0.6540985910441323,0.49399719578113815,0.580754716981132,0.24411764705882358,0.4020643683203549,0.12607306222194373,0.020202020202020204,0.3999999999999986,0.0,1.0,0.0,0.2,0.0005661316491420846,0.0,0.0,0.0,0.0012462540186703175,0.0,0.0039345073317997485,0.0,0.0,3.3486808141822394e-05,0.001247687462747624,0.03387038580426836,1,2
4844,0.20000000000004547,1.0,0.0,0.05791505791505792,0.14814814814814814,0.6000000000000001,0.5,0.0,0.0,0.0,0.0,1.0,0.0,0.0,0.00018071855958923353,0.0,0.011466003306516951,0.0,0.0008043294090493882,9.89901386388269e-06,0.0,2.3018966548123143e-05,0.0,0.6540838705393742,0.49418367665297813,0.580754716981132,0.24497549019607845,0.39349736165441945,0.08509305094304156,0.24242424242424243,0.14999999999999858,1.0,1.0,0.0,0.6,0.000519118642099251,0.0,0.0,0.0,0.0,0.0,0.0036354330375410375,0.0,0.0,0.00015960595568894568,0.001131364189542584,0.033193803899464205,0,0
10567,0.8000000000000114,0.0,1.0,0.03861003861003861,0.0,0.8,0.23529411764705882,0.0,0.0,0.0,0.0,0.0,0.0,0.0,0.0,0.0,0.009770786935533304,0.0,0.014995534059086095,9.89901386388269e-06,0.07908580468188542,0.041878065127055136,0.0022933245330636356,0.653755491297436,0.49296532310467717,0.580754716981132,0.2450980392156863,0.4366918924188694,0.13403095432044615,0.030303030303030304,0.10000000000000142,0.0,1.0,0.0,0.8,2.203671059365167e-05,0.0,0.0,0.0,0.00013184858842422298,0.0,0.003740960284574368,0.0,0.0,0.015366454148654824,0.0012575331810569844,0.04559702504759824,1,4
4373,0.8000000000000114,0.0,1.0,0.03474903474903475,0.0,0.6000000000000001,0.23529411764705882,0.0,0.0,0.0,0.0,0.0,0.0,0.0,0.0,0.0,0.009770786935533304,0.0038332592514656347,0.0008043294090493882,8.910124646601157e-05,0.04469539113799401,0.01027443677284061,0.0,0.6521487427363329,0.49368373817523825,0.580754716981132,0.24375000000000005,0.3954167123654932,0.13177517388307539,0.030303030303030304,0.9499999999999957,0.0,1.0,0.0,0.25000000000000006,0.0015417754423752543,0.0,0.0030483621782512594,0.009486263289514744,0.0,0.00031437142519503205,0.0039289057969330195,0.0,0.0,0.001846123383922546,0.001538331947000134,0.033121972008767486,0,4
7024,0.4000000000000341,0.0,0.0,0.0,0.0,0.0,0.7941176470588235,0.3333333333333333,0.0,0.0,0.0,0.0,0.0,0.0,0.0,0.0,0.009770786935533304,0.0,0.0008043294090493882,9.89901386388269e-06,0.028162094629670065,0.04621635086223481,0.0,0.653953491529024,0.49314244274575036,0.5660377358490566,0.21311274509803926,0.4576585139960273,0.11780186728491761,0.020202020202020204,0.3999999999999986,0.0,1.0,0.0,0.35000000000000003,0.0002747799942323017,0.0,0.0,0.0,3.2273479265283446e-05,0.0,0.0036459073501798195,0.0,0.0,0.01330342118013754,0.0012078923809139951,0.04180230117611241,0,2
2376,1.0,0.0,0.0,0.03861003861003861,0.0,0.6000000000000001,0.029411764705882346,0.0,0.0,0.0,0.0,0.0,0.0,0.0,0.0,0.0,0.011385443544846226,0.0,0.0008043294090493882,9.89901386388269e-06,0.028802676272017283,0.0052188235313670815,0.0,0.6540695227685314,0.4939580809287809,0.5756603773584905,0.24350490196078436,0.40271024506757336,0.13340434864339873,0.24242424242424243,0.9499999999999957,0.0,1.0,0.0,0.35000000000000003,0.0002776313246233472,0.0,0.0,0.0,0.0,0.0,0.00374299263733409,0.0,0.0,0.0,0.0012011501729961532,0.03312156029362849,0,2
10305,0.0,0.0,1.0,0.02316602316602317,0.0,0.6000000000000001,0.32352941176470584,0.0,0.0,0.0,0.0,0.0,0.0,0.0,0.0,0.0,0.009770786935533304,0.0,0.0008043294090493882,9.89901386388269e-06,0.0,0.0,0.0,0.6540639423620124,0.49395154289553306,0.20339622641509433,0.13100490196078432,0.39068840712170516,0.07588194749044427,0.020202020202020204,0.14999999999999858,0.0,1.0,0.0,0.75,0.0,0.0,0.0,0.0,0.0,3.613880045925187e-08,0.0036354330375410375,0.0,0.0002974845995893224,2.9828585403640114e-05,0.0010825576210823542,0.03312156029362849,1,4
5501,0.0,1.0,1.0,0.10231660231660232,0.0,0.4,0.32352941176470584,0.0,0.0,0.0,0.0,0.0,0.0,0.0,0.0,0.0,0.010084778877901697,0.0,0.0008043294090493882,9.89901386388269e-06,0.0009333983073027753,0.0002717401466150277,0.0,0.6540774058423489,0.49402065242621923,0.580754716981132,0.2450980392156863,0.3931987959882524,0.11830315182655557,0.24242424242424243,0.10000000000000142,0.0,1.0,0.0,0.6,2.46640078825436e-05,0.0,0.0,0.0,0.0,0.0,0.0036354330375410375,0.0,0.0002651180698151951,0.00015581982306481297,0.001092610930733806,0.03312156029362849,0,4
10794,0.6000000000000227,0.0,1.0,0.06756756756756757,0.0,0.6000000000000001,0.23529411764705882,0.0,0.0,0.0,0.0,0.0,0.0,0.0,0.0,0.0,0.010458652623312832,0.0,0.0009693528459798151,9.89901386388269e-06,0.0,0.0,8.625412618665484e-05,0.6529394147420327,0.49263814816701257,0.4364150943396226,0.22475490196078435,0.3981220828915781,0.12381728178457299,0.020202020202020204,0.5,0.0,1.0,0.0,0.75,4.917187148176804e-05,0.0,8.064983605400515e-07,3.5160353185747753e-06,0.0,9.034700114812968e-07,0.0036354330375410375,0.0,0.012922484599589322,0.00503842157154179,0.00113174809473468,0.03312156029362849,1,4
2708,0.4000000000000341,0.0,0.0,0.03474903474903475,0.0,0.4,0.5294117647058824,0.0,0.0,0.0,0.0,1.0,0.0,0.0,0.0,0.0,0.009976467911201863,0.0,0.0008043294090493882,9.89901386388269e-06,0.0,0.0,0.0,0.6540942597103779,0.4940017304426831,0.580754716981132,0.24497549019607845,0.39739090166831187,0.10157278024938907,0.020202020202020204,0.14999999999999858,0.0,1.0,0.0,0.45,1.233539838221352e-05,0.0,0.0,0.0,0.0,0.0,0.0036354330375410375,0.0,0.0,0.00014200555538216661,0.0010927755960724946,0.03312156029362849,0,1
8363,0.4000000000000341,0.0,0.0,0.03474903474903475,0.0,0.4,0.5294117647058824,0.0,0.0,0.0,0.0,1.0,0.0,0.0,0.0,0.0,0.010400050024406462,3.295437331704907e-06,0.000813171621177488,1.4919372633295586e-05,0.0,0.0031752877682447124,0.0,0.6538582538722,0.49549964187702594,0.580754716981132,0.24460784313725495,0.3969460997574916,0.1070869102074065,0.030303030303030304,0.3999999999999986,1.0,1.0,0.0,0.2,0.0,0.0,0.010514218314065583,0.045838112943844524,0.0,1.1203028142368081e-06,0.0047894642663311535,0.0,0.0,0.004197414071417717,0.0018433488106275402,0.03312184303776009,0,1
5531,0.8000000000000114,0.0,0.0,0.05791505791505792,0.0,0.4,0.029411764705882346,0.0,0.0,0.0,0.0,0.0,0.0,0.0,0.0,0.0,0.032083478153036915,0.0,0.0008043294090493882,9.89901386388269e-06,0.04219813493859526,0.008626129186262913,0.0,0.6546974803512687,0.49467784257877184,0.39471698113207543,0.21409313725490198,0.3968668884583044,0.11736324331098441,0.020202020202020204,0.8999999999999986,0.0,1.0,0.0,0.55,0.0003636193025590194,0.0,0.0020732048480632697,0.00903840829081128,0.0,0.0002771484607220026,0.004232228949231327,0.0,0.0,0.003126117612628492,0.0014192658211411723,0.03312156029362849,0,2
10491,0.4000000000000341,0.0,0.0,0.31660231660231664,0.0,0.6000000000000001,0.0,0.0,0.0,0.0,0.0,0.0,0.0,0.0,0.0,0.0,0.010783435028808054,0.0,0.0008043294090493882,9.89901386388269e-06,0.011111850181980135,0.0,0.0018067042422349917,0.6535304816067352,0.49450818133411406,0.36264150943396223,0.19669117647058826,0.3939543499189608,0.10877874553543457,0.020202020202020204,0.0,0.0,1.0,0.0,0.8,0.0002654588594063363,0.0,0.0,0.0,0.0009332075304138022,0.0,0.0038215919955997017,0.0,0.0,0.0195998364800018,0.00152523560007974,0.03312156029362849,1,2
9985,0.4000000000000341,0.0,0.0,0.03474903474903475,0.0,0.6000000000000001,0.0,0.0,0.0,0.0,0.0,0.0,0.0,0.0,0.0,0.0,0.009770786935533304,0.0,0.0008043294090493882,9.89901386388269e-06,0.0,0.0,0.0,0.6540194323001127,0.49387998592082694,0.20339622641509433,0.2450980392156863,0.39068840712170516,0.11360360924869982,0.020202020202020204,0.0,0.0,1.0,0.0,0.75,0.0,0.0,0.0,0.0,0.0,0.0,0.0036354330375410375,0.0,0.0011550308008213552,0.0001465335653448118,0.0010825576210823542,0.03312156029362849,1,2
655,0.20000000000004547,0.0,0.0,0.23938223938223938,0.0,0.0,0.4411764705882353,0.0,0.0,0.0,0.0,0.0,0.0,0.0,0.0,0.0,0.009770786935533304,0.0,0.0012748692089456053,9.89901386388269e-06,0.0,0.0,0.0,0.6541068442013126,0.49400906112948983,0.5777358490566038,0.24497549019607845,0.4027224314212945,0.1339682937527414,0.020202020202020204,0.29999999999999716,0.0,1.0,0.0,0.4,0.0,0.0,0.0,0.0,0.0,1.8575343436055464e-05,0.0037691191288872434,0.0,0.0,0.00012870292724332196,0.001526577756424011,0.03312156029362849,0,2
7209,0.6000000000000227,0.0,1.0,0.05791505791505792,0.0,0.6000000000000001,0.2647058823529412,0.0,0.0,0.0,0.0,0.0,0.0,0.0,0.0,0.0,0.009770786935533304,0.0010224148881835197,0.07189551218747672,2.8836697850922068e-05,0.1866991825715521,0.07185000608714548,0.0,0.6524138161874737,0.4938404696954139,0.42433962264150943,0.23223039215686275,0.39600165734410614,0.12494517200325836,0.030303030303030304,0.14999999999999858,0.0,1.0,0.0,0.10000000000000002,0.0,0.0,0.0007701051220206816,0.0,0.0,0.0006607979663974205,0.005259125832839981,0.0,0.0,0.0351629904512712,0.0022284963784154005,0.03865089957079242,0,4
1646,0.4000000000000341,1.0,0.0,0.06756756756756757,0.0,0.4,0.5588235294117647,0.0,0.0,0.0,0.0,0.0,0.0,0.0,0.0,0.0,0.01026290429152671,0.0,0.0008043294090493882,9.89901386388269e-06,0.0,0.0,0.0,0.6540988809482885,0.4939924771245947,0.3922641509433962,0.18921568627450983,0.3967876771591173,0.1056457171501974,0.25252525252525254,0.5,0.0,1.0,0.0,0.55,0.0,0.0,0.0,0.0,0.0,0.0,0.0036354330375410375,0.0,0.0,0.00024392415250746867,0.001089974352157593,0.03312156029362849,0,3
11286,0.20000000000004547,1.0,0.0,0.02316602316602317,0.14814814814814814,0.6000000000000001,0.5,0.0,0.0,0.0,0.0,1.0,0.0,0.0,0.0,0.0,0.009770786935533304,0.0,0.0008043294090493882,9.89901386388269e-06,0.0,0.0001243190395523185,0.0,0.654049904374468,0.4939350458418609,0.20339622641509433,0.2450980392156863,0.39068840712170516,0.13409361488815089,0.020202020202020204,0.5499999999999972,0.0,1.0,0.0,0.25000000000000006,0.0,0.0,0.0,0.0,0.0,0.0,0.0036354330375410375,0.0,0.0003446868583162218,0.00010340235180232704,0.0010825576210823542,0.03312156029362849,1,0
12392,0.20000000000004547,0.0,0.0,0.015444015444015444,0.0,0.6000000000000001,0.5588235294117647,0.0,0.0,0.0,0.0,0.0,0.0,0.0,0.0,0.0,0.009770786935533304,0.0,0.0008445950029025693,9.89901386388269e-06,0.009808273769844654,0.04517310138192745,0.0,0.6537479064107508,0.493580982791211,0.580754716981132,0.2450980392156863,0.40287476084280827,0.13415627545585562,0.020202020202020204,0.9499999999999957,0.0,1.0,0.0,0.25000000000000006,0.0,0.0,0.0023061820619642774,0.007534863687705743,0.0,0.00033388637744302804,0.00370521192200557,0.0,0.0,0.009659242947432619,0.0010917141440668727,0.03313436810674768,1,2
8702,0.6000000000000227,1.0,0.0,0.05791505791505792,0.7037037037037037,0.4,0.5,0.0,0.0,0.0,0.0,1.0,0.0,0.0,0.0,0.0,0.015338229474624088,3.7100950092042e-05,0.0008043294090493882,9.89901386388269e-06,0.0,0.0001812431987056194,0.0,0.6549186026757231,0.4948946736973345,0.4281132075471698,0.24362745098039218,0.3979819398237854,0.130897925935209,0.030303030303030304,0.29999999999999716,0.0,1.0,0.0,0.35000000000000003,0.0026801894676458217,0.0,0.0,0.0,0.0023782204788561053,0.0,0.004780715254702073,0.0,0.0,0.003073955961137907,0.0015050706390839898,0.03332506166203072,0,0
8645,0.0,0.0,1.0,0.10424710424710425,0.0,0.6000000000000001,0.23529411764705882,0.0,0.0,0.0,0.0,0.0,0.0,0.0,0.0,0.0,0.010043422960645736,0.00016172740626886896,0.0008043294090493882,0.01244809090736102,0.0,0.00692546799345663,0.009278451611859303,0.6473536140178041,0.4957751394514979,0.580754716981132,0.23700980392156865,0.39513033305304723,0.1287674666332477,0.030303030303030304,0.0,1.0,1.0,0.0,0.25000000000000006,5.2756401116225244e-05,0.0,0.014277037227460262,0.06224261522706996,0.0,0.0028175977166060317,0.005992207566869931,0.0,0.0,0.025246469559237882,0.003209058990029011,0.03385493408549754,0,4
444,0.20000000000004547,0.0,0.0,0.02316602316602317,0.0,0.6000000000000001,0.029411764705882346,0.0,0.0,0.0,0.0,0.0,0.0,0.0,0.0,0.0,0.010000486850044843,0.0,0.0008043294090493882,9.89901386388269e-06,0.002000552375140805,0.0007670218817298794,0.0,0.6540970205919028,0.49399475493609496,0.2788679245283019,0.09607843137254903,0.39310130515848357,0.05796102512688765,0.24242424242424243,0.7999999999999972,0.0,1.0,0.0,0.45,9.733219956290327e-05,0.0,0.0,0.0,0.0,0.0,0.0036354330375410375,0.0,0.0008670431211498974,0.0,0.0011641041398331034,0.03312156029362849,0,2
537,0.8000000000000114,1.0,0.0,0.07335907335907337,0.0,0.6000000000000001,0.1764705882352941,0.0,0.0,0.0,0.0,0.0,0.0,0.0,0.0,0.0,0.009852415208894412,0.0,0.0008043294090493882,9.89901386388269e-06,0.00021292471068990498,0.0023592363187769534,0.0,0.6541280867212892,0.4940266807855578,0.3920754716981132,0.20441176470588238,0.3967815839822567,0.11341562754558558,0.24242424242424243,0.0,0.0,0.0,0.0,0.55,0.0,0.00569805481865152,0.0,0.0,0.0,0.0,0.0036442597937308644,0.01754613877512308,0.0,0.00075379853988307,0.0010940316525692936,0.03312156029362849,0,3
10553,0.4000000000000341,1.0,0.0,0.10424710424710425,0.2962962962962963,0.2,0.5,0.0,0.0,0.0,0.0,1.0,0.0,0.0,0.0,0.0,0.009770786935533304,0.0,0.0008043294090493882,9.89901386388269e-06,0.002946964756441605,0.03258305629550037,0.0,0.654003649586526,0.4938809035667687,0.20339622641509433,0.2317401960784314,0.39068840712170516,0.12738893414374336,0.020202020202020204,0.10000000000000142,0.0,1.0,0.0,0.75,0.0,0.0,0.0,0.0,0.0,0.0,0.0036354330375410375,0.0,0.0,0.011279554218698277,0.0010825576210823542,0.03312156029362849,1,0
6004,0.20000000000004547,1.0,1.0,0.03474903474903475,0.0,0.6000000000000001,0.23529411764705882,0.0,0.0,0.0,0.0,0.0,0.0,0.0,0.0,0.0,0.009770786935533304,0.0,0.0008043294090493882,9.89901386388269e-06,0.0,0.0,0.0,0.6540973910065848,0.4939906348455593,0.20339622641509433,0.2450980392156863,0.39068840712170516,0.1325271006955323,0.020202020202020204,0.9499999999999957,0.0,1.0,0.0,0.8,0.0,0.0,0.0,0.0,0.0,0.0,0.0036354330375410375,0.0,0.0,4.8452264798022616e-05,0.0010825576210823542,0.03312156029362849,0,4
4751,0.8000000000000114,0.0,0.0,0.02316602316602317,0.0,0.6000000000000001,0.029411764705882346,0.0,0.0,0.0,0.0,0.0,0.0,0.0,0.0,0.0,0.009770786935533304,0.0,0.0008043294090493882,9.89901386388269e-06,0.0003615020555006876,0.0009609795276624406,0.0,0.6540755577447674,0.4939641675143848,0.580754716981132,0.24240196078431378,0.40287476084280827,0.12945673287799989,0.020202020202020204,0.6000000000000014,0.0,1.0,0.0,0.7,0.0,0.0,0.00012510805817877549,0.0,0.0,4.871510301907153e-05,0.0036541278558555406,0.0,0.0,0.0006961623452738065,0.0010829002360194448,0.03312156029362849,0,2
9709,0.20000000000004547,1.0,1.0,0.04247104247104247,0.0,0.8,0.23529411764705882,0.0,0.0096,0.0,0.0,0.0,0.0,0.0,0.0,0.0,0.009770786935533304,0.0,0.0008043294090493882,9.89901386388269e-06,0.0,0.0,0.0,0.6540636647166604,0.4939512176047973,0.20339622641509433,0.2450980392156863,0.39068840712170516,0.1342189360235604,0.020202020202020204,0.3999999999999986,0.0,1.0,0.0,0.2,0.0,0.0,0.0,0.0,0.0,0.0,0.0036354330375410375,0.0,0.0006160164271047228,6.907133841323183e-07,0.0010825576210823542,0.03312156029362849,1,4
4436,0.6000000000000227,1.0,0.0,0.05791505791505792,0.0,0.6000000000000001,0.029411764705882346,0.0,0.0,0.0,0.0,0.0,0.0,0.0,0.0,0.0,0.009770786935533304,0.0,0.0008691411085280174,9.89901386388269e-06,0.017352460166088504,0.0031403022631300557,0.0,0.6543109436850296,0.4942385001753748,0.300377358490566,0.08026960784313726,0.39382030002802865,0.04981515132527102,0.020202020202020204,0.7999999999999972,0.0,1.0,0.0,0.0,0.0,0.0,3.3268057372277125e-06,1.4503645689120948e-05,0.0,7.227760091850375e-08,0.0037423019672211937,0.0,0.0,0.0009369399145868946,0.0013706855807774057,0.03312156029362849,0,3
10718,0.8000000000000114,0.0,1.0,0.05791505791505792,0.0,0.6000000000000001,0.23529411764705882,0.0,0.0,0.0,0.0,0.0,0.0,0.0,0.0,0.0,0.011009131786845764,7.595873929138364e-05,0.0008043294090493882,9.89901386388269e-06,0.020461016341338917,0.010297040234577396,0.0015964407798112453,0.6539319829598618,0.4945468602658314,0.580754716981132,0.2450980392156863,0.39267478277824497,0.037283037784322334,0.030303030303030304,0.5,1.0,1.0,0.0,0.10000000000000002,0.0035479918721605204,0.0,0.0,0.0,0.004553409157019069,0.0,0.003843316495887546,0.0,0.0,0.006242897803582603,0.0017565155530558517,0.03312156029362849,1,4
2186,0.8000000000000114,1.0,0.0,0.10231660231660232,0.0,0.6000000000000001,0.1764705882352941,0.0,0.0,0.0,0.0,0.0,0.0,0.0,0.0,0.0,0.009840511085695917,0.0,0.0008043294090493882,9.89901386388269e-06,0.0011065577918876047,0.0002640948580864092,0.0,0.654109666708178,0.4939986634711999,0.3920754716981132,0.1689950980392157,0.3967815839822567,0.08972993295319258,0.020202020202020204,0.6000000000000014,0.0,1.0,0.0,0.55,0.0,0.0,0.0,0.0,1.1519534791100202e-05,0.0,0.0036476495351092796,0.0,0.0,0.00018828335211903193,0.0010966965345495978,0.03312156029362849,0,3
11738,0.8000000000000114,0.0,0.0,0.10231660231660232,0.0,0.6000000000000001,0.029411764705882346,0.0,0.0,0.0,0.0,0.0,0.0,0.0,0.0,0.0,0.009770786935533304,0.00016924580468457984,0.0008043294090493882,9.89901386388269e-06,0.005983582022647381,0.007118594629766516,0.0,0.654079067407313,0.49409956299006313,0.580754716981132,0.24436274509803926,0.39486223327118297,0.11529544457672788,0.020202020202020204,0.6000000000000014,0.0,1.0,0.0,0.45,7.156839281524212e-05,0.0,0.00030959455815231224,0.0,0.0,7.010927289094864e-06,0.0036517758865683048,0.0,0.0,0.0022585816021583,0.001113452843725483,0.03312156029362849,1,2
8043,0.20000000000004547,0.0,0.0,0.0694980694980695,0.0,0.4,0.5294117647058824,0.0,0.0,0.0,0.0,1.0,0.0,0.0,0.0,0.0,0.009770786935533304,0.0,0.0026140510859975308,9.89901386388269e-06,0.03174060347707137,0.007296347588056896,0.0011509684483232848,0.6540083271486726,0.4943493319305803,0.5750943396226414,0.2450980392156863,0.40105899413836393,0.13340434864339873,0.020202020202020204,0.9499999999999957,0.0,1.0,0.0,0.4,0.0003665113662413656,0.0,0.0,0.0,0.0,0.00041559620528139655,0.0038051352782763914,0.0,0.0,0.0034128404129749744,0.0016074393427093787,0.032263962619519415,0,1
294,0.6000000000000227,1.0,0.0,0.15830115830115832,0.4444444444444444,0.4,0.5,0.0,0.0,0.0,0.0,1.0,0.0,0.0,0.0,0.0,0.009770786935533304,0.0,0.0008043294090493882,9.89901386388269e-06,0.00018653506063835479,2.484718771801018e-05,0.0,0.6540978594917013,0.4939862531250046,0.32811320754716977,0.08995098039215688,0.39471599702652976,0.05188295005952755,0.25252525252525254,1.0,0.0,0.0,1.0,0.5,0.0,0.004162944182822194,0.0,0.0,0.0,0.0,0.0036354330375410375,0.016873571673463265,0.0,7.114347856562878e-05,0.0010915352526739389,0.03312156029362849,0,0
9948,0.6000000000000227,0.0,0.0,0.02316602316602317,0.0,0.6000000000000001,0.029411764705882346,0.0,0.0,0.0,0.0,0.0,0.0,0.0,0.0,0.0,0.009770786935533304,0.0,0.0008043294090493882,9.89901386388269e-06,0.0,0.0,0.0,0.6537606718018789,0.4935962295328787,0.20339622641509433,0.2450980392156863,0.39068840712170516,0.1342189360235604,0.020202020202020204,1.0,0.0,1.0,0.0,0.55,0.0,0.0,0.0,0.0,0.0,2.9995204381179054e-06,0.0036354330375410375,0.0,0.00531129363449692,0.0,0.0010825576210823542,0.03312156029362849,1,2
11723,0.20000000000004547,0.0,0.0,0.02316602316602317,0.0,1.0,0.029411764705882346,0.0,0.0,0.0,0.0,0.0,0.0,0.0,0.0,0.0,0.010367407744738277,0.0,0.0008224504857563582,9.89901386388269e-06,0.03979703828595969,0.05432509345741969,0.0007897493908764491,0.6531576748013374,0.49469477050680755,0.580754716981132,0.2450980392156863,0.3985790711561194,0.10934269064477727,0.020202020202020204,0.6000000000000014,1.0,1.0,0.0,0.4,0.0010449039662080418,0.0,0.0006053778318803761,0.0026392240110051906,0.0016005579712058272,0.0,0.003648048859444024,0.0,0.0,0.0131548922205719,0.002643116811262505,0.03312156029362849,1,2
977,0.8000000000000114,0.0,0.0,0.06756756756756757,0.0,0.6000000000000001,0.5294117647058824,0.0,0.0,0.0,0.0,1.0,0.0,0.0,0.0,0.0,0.009770786935533304,0.0,0.0008043294090493882,9.89901386388269e-06,0.005639070563755225,0.0011718897698975905,0.0,0.654087104544482,0.493978679828759,0.37924528301886795,0.17156862745098042,0.3963550616020181,0.09662259540071434,0.020202020202020204,0.7999999999999972,0.0,1.0,0.0,0.0,0.0,0.0,0.0024935921184947715,0.0,0.0,0.0008938932293595951,0.003648388108436373,0.0,0.0,0.00014476840891869587,0.0010828319806999462,0.03312156029362849,0,1
5147,0.8000000000000114,1.0,0.0,0.15830115830115832,0.0,0.4,0.029411764705882346,0.0,0.0,0.0,0.0,0.0,0.0,0.0,0.0,0.0,0.009773089502978777,0.0,0.0008121267742417161,9.89901386388269e-06,0.007466463454311201,0.0017687208809034404,0.0,0.6542268035593076,0.4941406303631849,0.2894339622641509,0.1321078431372549,0.3934608025932561,0.07575662635503479,0.24242424242424243,1.0,0.0,1.0,0.0,0.35000000000000003,9.177210530036454e-05,0.0,0.0,0.0,0.0,0.0,0.0036354330375410375,0.0,0.0,0.000337886754726654,0.0011264795969867804,0.03312156029362849,0,3
11007,0.20000000000004547,0.0,1.0,0.04247104247104247,0.0,0.6000000000000001,0.2647058823529412,0.0,0.0,0.0,0.0,0.0,0.0,0.0,0.0,0.0,0.009770786935533304,0.0,0.0008043294090493882,9.89901386388269e-06,0.0,0.0,0.0,0.6540636647166604,0.4939512176047973,0.20339622641509433,0.2450980392156863,0.39068840712170516,0.1342189360235604,0.020202020202020204,0.3999999999999986,0.0,1.0,0.0,0.25000000000000006,0.0,0.0,0.0,0.0,0.0,0.0,0.0036354330375410375,0.0,0.0,0.0006146581659461929,0.0010825576210823542,0.03312156029362849,1,4
6001,0.6000000000000227,1.0,1.0,0.03861003861003861,0.0,0.6000000000000001,0.5882352941176471,0.0,0.0,0.0,0.0,0.0,0.0,0.0,0.0,0.0,0.009770786935533304,0.0,0.0008043294090493882,9.89901386388269e-06,8.676049332016502e-05,0.00040478478720544346,0.0,0.6540995488874646,0.4939930640453494,0.4084905660377358,0.1696078431372549,0.3973116903691247,0.09543204461432422,0.24242424242424243,0.7999999999999972,0.0,1.0,1.0,0.55,0.0,0.0,0.0,0.0,0.0,0.0,0.003649609640398408,0.0,0.0,0.0003596825992926072,0.0010970032621582084,0.03312156029362849,0,4
6721,0.20000000000004547,1.0,1.0,0.10424710424710425,0.0,0.6000000000000001,0.23529411764705882,0.0,0.0,0.0,0.0,0.0,0.0,0.0,0.0,0.0,0.009770786935533304,0.0001765896103939752,0.012336804070536524,0.028145973409102965,0.0,0.0,0.0,0.6300561525399255,0.4994116449383363,0.580566037735849,0.2439950980392157,0.3943443132380361,0.1332163669402845,0.020202020202020204,0.5499999999999972,0.0,0.0,0.0,0.25000000000000006,0.034361206031560385,0.0,0.0,0.0,0.006472131670661697,0.0,0.005616589826063131,0.0,0.0,0.0,0.007614461332899455,0.03349646413086121,0,4
9906,0.4000000000000341,1.0,0.0,0.02316602316602317,0.0,0.6000000000000001,0.0,0.0,0.0,0.0,0.0,0.0,0.0,0.0,0.0,0.0,0.009835725357279834,0.0,0.0008043294090493882,9.89901386388269e-06,0.017200629302778214,0.003954026885654323,0.0,0.6536523268326818,0.493466191261787,0.20339622641509433,0.2450980392156863,0.39068840712170516,0.13346700921110347,0.030303030303030304,0.8500000000000014,0.0,1.0,0.0,0.8,0.0,0.0,0.0002131171917727086,0.0009291123329333844,0.0,0.0001936678316611308,0.0037171421782365172,0.0,0.0,0.006966765430153272,0.0010825576210823542,0.03312156029362849,1,3
4598,0.0,0.0,0.0,0.02316602316602317,0.0,0.0,0.4411764705882353,0.0,0.0,0.0,0.0,0.0,0.0,0.0,0.0,0.0,0.009942787218764149,0.0,0.0014064887333920997,9.89901386388269e-06,0.009652466383923858,0.021082880329212773,0.002593604593643349,0.6540512455539247,0.4937073139900758,0.5779245283018868,0.2450980392156863,0.40281992225106333,0.13058462309668528,0.030303030303030304,0.6499999999999986,0.0,1.0,0.0,0.4,0.00019233581263978605,0.0,0.0,0.0,7.830466380417706e-05,0.0,0.0039000943694890286,0.0,0.0,0.010293292252088897,0.0021427623933350116,0.03382912004232471,0,2
8353,0.6000000000000227,0.0,0.0,0.10424710424710425,0.0,0.0,0.4411764705882353,0.0,0.0,0.0,0.0,0.0,0.0,0.0,0.0,0.0,0.009770786935533304,0.0,0.0008070428921363183,9.89901386388269e-06,0.0,0.00011177079424991201,0.0,0.6541024032009575,0.49399656771382267,0.20339622641509433,0.24522058823529416,0.39068840712170516,0.12463186916473465,0.020202020202020204,0.6000000000000014,0.0,1.0,0.0,0.5,0.0,0.0,0.0,0.0,0.0,0.0,0.0036354330375410375,0.0,0.0,5.085697065389069e-05,0.0010825662459375415,0.03312156029362849,0,2
3267,0.20000000000004547,0.0,1.0,0.02316602316602317,0.0,0.4,0.5882352941176471,0.0,0.0,0.0,0.0,0.0,0.0,0.0,0.0,0.0,0.009770786935533304,0.0,0.0008043294090493882,5.289595751804799e-05,0.003394865803206957,0.001509528979590819,0.0,0.6540350364327391,0.4939357798809793,0.580754716981132,0.24497549019607845,0.4001937630241656,0.13284040353405605,0.24242424242424243,0.0,0.0,1.0,0.0,0.2,0.00010417539250141247,0.0,0.0,0.0,0.0,0.0,0.0036354330375410375,0.0,0.0005476899383983574,0.00011517006130976655,0.0010957540460637993,0.03312156029362849,0,4
9015,0.8000000000000114,0.0,0.0,0.03474903474903475,0.0,0.6000000000000001,0.0,0.0,0.0,0.0,0.0,0.0,0.0,0.0,0.0,0.0,0.009945661665705884,0.0,0.0008043294090493882,9.89901386388269e-06,0.0018411299686650019,0.0015127699171192553,0.0,0.654091535273947,0.4939838708944019,0.20339622641509433,0.2450980392156863,0.39068840712170516,0.1342189360235604,0.030303030303030304,0.3999999999999986,0.0,1.0,0.0,0.7,0.0,0.0,0.002371407616872954,0.0001762412703435606,0.0,0.02164923752551851,0.0036354330375410375,0.0,0.0,0.0005196722846394042,0.0010825576210823542,0.03312156029362849,1,2
1715,0.20000000000004547,0.0,0.0,0.03474903474903475,0.0,0.6000000000000001,0.5294117647058824,0.0,0.0,0.0,0.0,1.0,0.0,0.0,0.0,0.0,0.009770786935533304,0.0,0.0008043294090493882,9.89901386388269e-06,0.0,0.0014599177051170663,0.0,0.6540880183223826,0.4940424841703222,0.580754716981132,0.24276960784313728,0.39822566689820743,0.11209975562378596,0.020202020202020204,0.14999999999999858,0.0,1.0,0.0,0.2,5.634771963256589e-06,0.0,0.0,0.0,0.0,2.5622409525609577e-05,0.003653310752669107,0.0,0.0,0.0003440008472750846,0.0011197876015879306,0.03312156029362849,0,1
3969,0.4000000000000341,0.0,0.0,0.03474903474903475,0.0,0.6000000000000001,0.1176470588235294,0.0,0.0,0.0,0.0,0.0,0.0,0.0,0.0,0.0,0.009770786935533304,0.0,0.000989470048176021,9.89901386388269e-06,0.0,0.0,0.0,0.6540225980534992,0.49390730917810194,0.580754716981132,0.2450980392156863,0.40233856127907974,0.1339682937527414,0.020202020202020204,0.3999999999999986,0.0,1.0,0.0,0.85,0.0,0.0,0.0,0.0,0.0,0.0,0.0036364920126942387,0.0,0.0,0.0012489632903743718,0.0010985059696861075,0.03312156029362849,0,2
469,0.20000000000004547,0.0,0.0,0.07162162162162163,0.0,0.0,0.7941176470588235,0.3333333333333333,0.0,0.0,0.0,0.0,0.0,0.0,0.0,0.0,0.010936653585424838,0.0,0.000876813715877268,9.89901386388269e-06,0.005420000318121809,0.0012459327272780155,0.0,0.6539812779312757,0.49428867879449745,0.580754716981132,0.2439950980392157,0.39077980477461344,0.01673037157716649,0.020202020202020204,0.3999999999999986,1.0,1.0,0.0,0.8,0.0004453438626718903,0.0,0.0,0.0,0.0006171246430411548,0.0,0.00379710874135324,0.0,0.0,0.00013729847157919082,0.0014556965650660704,0.03318091175914788,0,2
6900,0.0,0.0,0.0,0.08378378378378379,0.0,0.0,0.7941176470588235,0.3333333333333333,0.0,0.0,0.0,0.0,0.0,0.0,0.0,0.0,0.009770786935533304,0.0,0.0008808371563165092,1.0749235913541325e-05,0.06161115682103768,0.014439623203616886,0.0,0.6535633414973812,0.49428173783549345,0.580754716981132,0.2450980392156863,0.3908712024275217,0.02387367629550724,0.020202020202020204,0.5,1.0,1.0,0.0,0.10000000000000002,0.00014582518285632715,0.0,0.006238869692547703,0.027199170215664818,0.0004467419586173547,0.0,0.004172949506960566,0.0,0.0,0.0022976196993503713,0.0018994806569571448,0.03314589613063961,0,2
234,0.6000000000000227,1.0,0.0,0.06756756756756757,0.0,0.6000000000000001,0.0,0.0,0.0,0.0,0.0,0.0,0.0,0.0,0.0,0.0,0.009770786935533304,0.0,0.0008043294090493882,9.89901386388269e-06,0.0,4.03039666997824e-05,0.0,0.6540999405065648,0.4939936257347224,0.580754716981132,0.24460784313725495,0.40287476084280827,0.13334168807569396,0.25252525252525254,0.29999999999999716,0.0,1.0,1.0,0.5,0.0,0.0,0.0,0.0,0.0,0.0,0.0036354330375410375,0.0,0.0,6.628290289951247e-05,0.0010850162500601651,0.03312156029362849,0,3
6741,0.6000000000000227,0.0,0.0,0.10231660231660232,0.0,0.6000000000000001,0.08823529411764706,0.0,0.0,0.0,0.0,1.0,0.0,0.0,0.0,0.0,0.009776114444524793,0.0,0.0008043294090493882,9.89901386388269e-06,0.0,0.0005520396923436175,0.00026841866500143573,0.6541364349670328,0.4940334587110189,0.39169811320754716,0.21862745098039219,0.39676939762853564,0.11773920671721289,0.24242424242424243,0.29999999999999716,0.0,1.0,1.0,0.55,0.00016102548939335304,0.0,0.0,0.0,0.0,0.0,0.003668002511403749,0.0,0.0,0.0007850597160093548,0.001103776004046138,0.03312156029362849,0,1
3657,0.6000000000000227,1.0,0.0,0.06756756756756757,0.2962962962962963,0.6000000000000001,0.5,0.0,0.0,0.0,0.0,1.0,0.0,0.0,0.0,0.0,0.009770786935533304,0.0,0.0008043294090493882,9.89901386388269e-06,0.006559093295004475,0.011737927819335183,0.0,0.6539486585782497,0.4938242824054734,0.580754716981132,0.2450980392156863,0.40272852459815506,0.13415627545585562,0.020202020202020204,0.6499999999999986,0.0,1.0,0.0,0.45,8.370012474095239e-05,0.0,0.0,0.0,0.00015394856549627933,0.0,0.003640889684817284,0.0,0.0,0.005548244794963011,0.0011841868672957758,0.03312156029362849,0,0
8699,1.0,1.0,0.0,0.015444015444015444,0.35185185185185186,0.6000000000000001,0.5,0.0,0.0,0.0,0.0,1.0,0.0,0.0,0.0,0.0,0.009770786935533304,0.0,0.0008043294090493882,9.89901386388269e-06,0.00032968987461662704,0.0005141456535495952,0.0,0.6541004653159175,0.4939942984421747,0.3920754716981132,0.20490196078431375,0.3967815839822567,0.11341562754558558,0.25252525252525254,0.5,0.0,0.0,0.0,0.55,0.0,0.0,0.0,0.0,0.0,0.0,0.0036354330375410375,0.0032601122371452448,0.0,0.00022240970969060646,0.0010841021641147244,0.03312156029362849,0,0
9373,0.0,1.0,1.0,0.0694980694980695,0.0,0.4,0.23529411764705882,0.0,0.0,0.0,0.0,0.0,0.0,0.0,0.0,0.0,0.009868939516444282,0.0,0.0008043294090493882,9.89901386388269e-06,0.016280606571528966,0.004157374940323122,0.0,0.6531207724871363,0.4941489415803,0.579811320754717,0.24485294117647063,0.3944235245372233,0.1265743467635817,0.24242424242424243,0.14999999999999858,1.0,1.0,0.0,0.45,0.0008621404770239084,0.0,0.0,0.0,0.0,0.0,0.0036354330375410375,0.0,0.006097792607802875,0.001824404285288163,0.0013596679726615212,0.03312245813025691,1,4
1151,0.0,0.0,1.0,0.02316602316602317,0.0,0.4,0.32352941176470584,0.0,0.0,0.0,0.0,0.0,0.0,0.0,0.0,0.0,0.009770786935533304,1.4731259595369618e-05,0.003666898118456792,9.89901386388269e-06,0.0,0.0,0.0,0.6521889572469343,0.49603458870271594,0.580754716981132,0.23786764705882357,0.39205937191532925,0.04693276521085282,0.030303030303030304,0.8999999999999986,1.0,1.0,0.0,0.25000000000000006,0.0,0.0,0.0,0.0,0.0,0.0011099309785050028,0.006523009340666583,0.0,0.0,0.02044204633305381,0.0029634068559505353,0.03312156029362849,0,4
2566,0.8000000000000114,1.0,0.0,0.10231660231660232,0.0,0.6000000000000001,0.0,0.0,0.0,0.0,0.0,0.0,0.0,0.0,0.0,0.0,0.009906608315895397,0.0,0.0008043294090493882,9.89901386388269e-06,0.0027105424121441554,0.0005620949087779962,0.0,0.654058459694609,0.4941084661742092,0.580754716981132,0.2450980392156863,0.39254073288731284,0.13327902750798926,0.020202020202020204,0.5,0.0,1.0,0.0,0.25000000000000006,8.221335960847866e-05,0.0,0.0,0.0,0.0,7.805980899198404e-06,0.0037055071942766887,0.0,0.0,0.00011235604381885709,0.0011079890971006736,0.03312156029362849,0,3
4276,0.6000000000000227,1.0,0.0,0.10231660231660232,0.0,0.6000000000000001,0.029411764705882346,0.0,0.0,0.0,0.0,0.0,0.0,0.0,0.0,0.0,0.013747185468722594,0.0,0.0008043294090493882,9.89901386388269e-06,0.001906923342766127,0.00046711050890613784,0.0,0.654263199286703,0.4941835714575254,0.3950943396226415,0.20465686274509806,0.39687907481202556,0.11335296697788085,0.020202020202020204,0.14999999999999858,0.0,1.0,0.0,0.55,0.00019547906495181953,0.0,2.0162459013501287e-07,0.0,0.0,0.0006567504207459843,0.0038190727577120717,0.0,0.0,3.714503088000467e-05,0.0012150085308291474,0.03312156029362849,0,3
8720,0.6000000000000227,0.0,0.0,0.0694980694980695,0.0,0.4,0.5294117647058824,0.0,0.0,0.0,0.0,1.0,0.0,0.0,0.0,0.0,0.01334051894903899,1.5822464009841441e-06,0.0008043294090493882,9.89901386388269e-06,0.022900432211857558,0.005264279757727455,0.0,0.6533965935964776,0.4945519841771816,0.58,0.24411764705882358,0.3925772919484761,0.06560561438686635,0.030303030303030304,0.0,1.0,1.0,0.0,0.2,0.00015899561371020399,0.0,0.005087089221401443,0.020999520940187845,0.0,9.728565083630605e-05,0.004036927544948289,0.0,0.0,0.002228932090594991,0.0015579183487444777,0.03312156029362849,0,1
1745,0.4000000000000341,0.0,0.0,0.03474903474903475,0.0,0.0,0.4411764705882353,0.0,0.0,0.0,0.0,0.0,0.0,0.0,0.0,0.0,0.012170092312637791,0.0,0.0008111910904186367,9.89901386388269e-06,0.017599004567939974,0.004642601459003594,8.88856817258846e-05,0.6540184655111664,0.49417916683463975,0.580754716981132,0.2450980392156863,0.39796366029320374,0.1037659001190551,0.020202020202020204,0.29999999999999716,1.0,1.0,0.0,0.45,0.0023721100077752385,0.0,0.0,0.0,0.0,0.0,0.0036354330375410375,0.0,0.0,0.00021644910900531645,0.001293636775302369,0.033122304357132704,0,2
7657,0.8000000000000114,0.0,0.0,0.10231660231660232,0.0,0.6000000000000001,0.0,0.0,0.0,0.0,0.0,0.0,0.0,0.0,0.0,0.0,0.009788786090205111,0.0,0.0008043294090493882,9.89901386388269e-06,0.0,0.0,0.0,0.6541240022202166,0.49402105535197544,0.4184905660377358,0.18909313725490198,0.3976346287427339,0.10501911147314996,0.25252525252525254,0.5,0.0,0.0,0.0,0.8,0.0,0.0,0.0,0.0,0.0,0.0,0.0036369388475938837,0.029590789877849674,0.00015118069815195072,5.244305323967601e-05,0.0011065102318448725,0.03312156029362849,0,2
2400,0.8000000000000114,0.0,0.0,0.10231660231660232,0.0,0.4,0.029411764705882346,0.0,0.0,0.0,0.0,0.0,0.0,0.0,0.0,0.0,0.009770786935533304,0.0,0.0008043294090493882,9.89901386388269e-06,0.012154060607988617,0.00279393745239873,0.00010885070639541287,0.6540073805701876,0.49388037758950515,0.580188679245283,0.2450980392156863,0.4028564813122266,0.13302838523717025,0.020202020202020204,0.6000000000000014,0.0,1.0,0.0,0.35000000000000003,0.0,0.0,2.9235565569576866e-06,0.0,4.4763409650199155e-06,0.0,0.0036690461732343787,0.0,0.0,0.0016190833363605342,0.0011450122297861577,0.03312156029362849,0,2
2707,0.0,0.0,1.0,0.02316602316602317,0.0,0.6000000000000001,0.5882352941176471,0.0,0.0,0.0,0.0,0.0,0.0,0.0,0.0,0.0,0.009770786935533304,0.0,0.0008043294090493882,9.89901386388269e-06,0.0,0.004717807829855766,0.0,0.6540214990682577,0.4939014523921586,0.30792452830188677,0.08762254901960786,0.3940640271024507,0.05363744595526036,0.020202020202020204,0.14999999999999858,0.0,1.0,0.0,0.35000000000000003,4.738639554642288e-06,0.0,3.2663183601872084e-05,0.0001423994304022784,6.536083870602507e-05,0.0,0.0036404801516008254,0.0,0.0,0.0027062150390304227,0.0011848237186718956,0.03312156029362849,0,4
91,0.6000000000000227,0.0,0.0,0.10231660231660232,0.0,0.6000000000000001,0.5588235294117647,0.0,0.0,0.0,0.0,0.0,0.0,0.0,0.0,0.0,0.009770786935533304,0.0,0.0008043294090493882,9.89901386388269e-06,0.00862796955863491,0.002068382950840379,0.0,0.6538991972846798,0.49373829424498944,0.5484905660377358,0.24460784313725495,0.4019912501980283,0.13014599912275207,0.020202020202020204,0.8999999999999986,0.0,1.0,0.0,0.35000000000000003,1.4304174128411606e-05,0.0,0.0,0.0,0.00016396555227114908,0.0,0.0037048718877146273,0.0,0.0,0.0034776139792202718,0.0011241242184305493,0.03317116452724268,0,2
2070,0.0,0.0,1.0,0.04247104247104247,0.0,0.8,0.5882352941176471,0.0,0.0,0.0,0.0,0.0,0.0,0.0,0.0,0.0,0.009770786935533304,0.0,0.0008043294090493882,9.89901386388269e-06,0.0,0.0,0.0,0.6541023886229199,0.4940006652902024,0.20339622641509433,0.24522058823529416,0.39068840712170516,0.022996428347640832,0.25252525252525254,0.44999999999999574,0.0,1.0,0.0,0.45,2.661241698309136e-06,0.0,0.0,0.0,0.0,0.0,0.0036354330375410375,0.0,0.0,1.667944912793598e-05,0.0010843502526216887,0.03312156029362849,0,4
4568,1.0,0.0,0.0,0.03474903474903475,0.0,0.6000000000000001,0.029411764705882346,0.0,0.0,0.0,0.0,0.0,0.0,0.0,0.0,0.0,0.009778793248480964,0.0,0.0008043294090493882,9.89901386388269e-06,0.038396940825005534,0.008826568707252345,0.0,0.6542554311805909,0.4941655818705849,0.34037735849056605,0.12254901960784315,0.3951120535224656,0.07137038661570275,0.020202020202020204,0.3999999999999986,0.0,1.0,0.0,0.35000000000000003,7.983725094927407e-05,0.0,0.0,0.0,0.0,0.0004454468544607386,0.003715958733256262,0.0,0.0,0.00410286308372316,0.0014822368802254078,0.0331220216130011,0,2
4292,0.0,0.0,0.0,0.15405405405405406,0.0,0.0,0.7941176470588235,0.3333333333333333,0.0,0.0,0.0,0.0,0.0,0.0,0.0,0.0,0.011359498275068469,3.382733684862653e-06,0.0009009699532430997,0.00018141106900037773,0.0,0.0,9.604090298544321e-05,0.6539782112422808,0.4941627221846064,0.580754716981132,0.24448529411764708,0.3926686896013844,0.052384234601165494,0.020202020202020204,0.3999999999999986,1.0,1.0,0.0,0.15000000000000002,9.080808407291581e-05,0.0,0.0,0.0,0.000256043572890772,0.0,0.0037318543547345874,0.0,0.0,0.0013191858177611575,0.0012108673115678384,0.033152300037199205,0,2
583,0.8000000000000114,1.0,0.0,0.06756756756756757,0.0,0.0,0.4411764705882353,0.0,0.0,0.0,0.0,0.0,0.0,0.0,0.0,0.0,0.009770786935533304,0.0,0.0008043294090493882,9.89901386388269e-06,0.0,0.0,1.1439654658139295e-05,0.6541145705612261,0.4940108409123338,0.3920754716981132,0.17953431372549022,0.3967815839822567,0.10063287173381792,0.24242424242424243,0.5,0.0,0.0,0.0,0.55,0.0,0.006307809762344857,0.0,0.0,0.0,0.0,0.003652246280425752,0.013242033713777593,0.0,2.6477346391738864e-05,0.001088910768722241,0.03312156029362849,0,3
7455,0.6000000000000227,0.0,0.0,0.10424710424710425,0.0,0.6000000000000001,0.5294117647058824,0.0,0.0,0.0,0.0,1.0,0.0,0.0,0.0,0.0,0.009770786935533304,0.0,0.0008043294090493882,9.89901386388269e-06,0.0,0.0,0.0,0.6540919149655621,0.49398415853215266,0.580754716981132,0.2439950980392157,0.40287476084280827,0.13258976126323704,0.25252525252525254,0.14999999999999858,0.0,0.0,1.0,0.45,0.0,0.0,0.0,0.0,0.0,0.0,0.0036354330375410375,0.004818493772536849,0.0,0.00017592725713622045,0.0010833106601628344,0.03312156029362849,0,1
4179,0.6000000000000227,1.0,0.0,0.05791505791505792,0.7037037037037037,0.4,0.5,0.0,0.0,0.0,0.0,1.0,0.0,0.0,0.0,0.0,0.018275447715804184,0.0,0.003284874008223881,9.89901386388269e-06,0.0,0.0,0.000674113185900543,0.6538660763146338,0.4943332758438243,0.580754716981132,0.24436274509803926,0.3974762061443596,0.1108465442696911,0.030303030303030304,0.29999999999999716,1.0,1.0,0.0,0.2,0.0,0.0,0.0038022365207660727,0.0,0.0,0.0013941626441170188,0.004375143084348588,0.0,0.0,0.0028566626468853177,0.0014097624203601028,0.035601771974338184,0,0
6951,0.6000000000000227,1.0,0.0,0.03861003861003861,0.537037037037037,0.4,0.5,0.0,0.0,0.0,0.0,1.0,0.0,0.0,0.0,0.0,0.009772472475101232,0.0,0.002044110474629518,9.89901386388269e-06,0.0030001055586002063,0.0006896548858587508,0.0001669841605802158,0.6541077175582908,0.4940330689832162,0.4662264150943396,0.2450980392156863,0.39793319440890096,0.13378031204962718,0.24242424242424243,0.29999999999999716,0.0,1.0,1.0,0.35000000000000003,0.00016275665427363067,0.0,0.0,0.0,0.0,0.0,0.003647751231277125,0.0,0.0,0.0008491937328249001,0.0011126627772494579,0.03312190752326379,0,0
11275,0.8000000000000114,0.0,0.0,0.15830115830115832,0.0,0.6000000000000001,0.5588235294117647,0.0,0.0,0.0,0.0,0.0,0.0,0.0,0.0,0.0,0.009770786935533304,0.0,0.0008043294090493882,9.89901386388269e-06,0.050260353780371594,0.0,0.0,0.65344429823652,0.49405526367103975,0.20339622641509433,0.2450980392156863,0.39068840712170516,0.13415627545585562,0.020202020202020204,0.3999999999999986,0.0,1.0,0.0,0.25000000000000006,0.0009618080519547156,0.0,0.0,0.0,0.0007317408839042346,0.0,0.0036354369640340047,0.0,0.011717094455852157,0.0,0.0011885461863434274,0.03312156029362849,1,2
10416,0.8000000000000114,0.0,1.0,0.20463320463320464,0.0,0.8,0.23529411764705882,0.0,0.0,0.0,0.0,0.0,0.0,0.0,0.0,0.0,0.009770786935533304,0.0,0.0008043294090493882,9.89901386388269e-06,0.13752116594534958,0.0316129356619885,0.0031027344711092066,0.6532178897168502,0.49423118928549825,0.580754716981132,0.2450980392156863,0.3979027285245982,0.13114856820602797,0.020202020202020204,0.14999999999999858,0.0,1.0,0.0,0.45,4.685007387763098e-05,0.0,0.0,0.0,0.00016767496768621803,0.0,0.003969541465297849,0.0,0.0,0.017235294328322166,0.0015537406969052228,0.03312156029362849,1,4
718,0.20000000000004547,1.0,0.0,0.10424710424710425,0.2962962962962963,0.6000000000000001,0.5,0.0,0.0,0.0,0.0,1.0,0.0,0.0,0.0,0.0,0.009770786935533304,0.0,0.0008043294090493882,9.89901386388269e-06,0.0,2.6924711774699996e-05,0.0,0.6541032517090081,0.493997491182391,0.5809433962264151,0.24362745098039218,0.40288085401966883,0.12782755811767657,0.24242424242424243,0.10000000000000142,0.0,0.0,0.0,0.4,0.0,0.0,0.0,0.0,0.0,0.0,0.0036354330375410375,4.7113680754764254e-05,0.0,1.1435143803968379e-05,0.0010828635556008326,0.03312156029362849,0,0
3999,0.0,0.0,0.0,0.10231660231660232,0.0,0.6000000000000001,0.5588235294117647,0.0,0.0,0.0,0.0,0.0,0.0,0.0,0.0,0.0,0.009770786935533304,0.0,0.0008043294090493882,9.89901386388269e-06,0.0,0.0,0.0,0.6541010037093505,0.4939657225438446,0.580754716981132,0.2450980392156863,0.40287476084280827,0.12350397894604927,0.020202020202020204,0.5,0.0,1.0,0.0,0.85,0.0,0.0,0.0,0.0,0.0,0.0,0.0036354330375410375,0.0,0.0,3.804040008165767e-05,0.0011299674586835943,0.03312156029362849,0,2
6596,0.6000000000000227,0.0,0.0,0.03474903474903475,0.0,0.6000000000000001,0.5588235294117647,0.0,0.0,0.0,0.0,0.0,0.0,0.0,0.0,0.0,0.009770786935533304,3.1339390783630776e-05,0.0008331172813394627,1.937291670293606e-05,0.0,0.0,0.0,0.6538453400501438,0.4943612531761467,0.58,0.23517156862745103,0.3960991481738749,0.12550911711260104,0.020202020202020204,0.7999999999999972,1.0,1.0,0.0,0.10000000000000002,0.0,0.0,0.0010535892957505098,0.004593260639303122,4.133572198817342e-05,0.0,0.003991858473374414,0.0,0.0,0.0,0.0012559941896555394,0.03312453654764534,0,2
1889,0.8000000000000114,1.0,0.0,0.05791505791505792,0.0,0.6000000000000001,0.029411764705882346,0.0,0.0,0.0,0.0,0.0,0.0,0.0,0.0,0.0,0.01756560981579987,0.0,0.0008046724931178507,9.89901386388269e-06,0.023497633607544692,0.005732470579143071,0.0003715930408535513,0.6524480185828524,0.4952256306250207,0.580754716981132,0.23982843137254906,0.3929977211518542,0.09919167867660883,0.020202020202020204,0.14999999999999858,1.0,1.0,0.0,0.2,2.487446322093029e-05,0.0,0.0,0.0,0.0,0.0004918129354499587,0.0043076317495725006,0.0,0.0,0.0024614722632528715,0.0017721961841718698,0.03313913011317464,0,3
5619,0.0,1.0,0.0,0.10231660231660232,0.4444444444444444,0.6000000000000001,0.5,0.0,0.0,0.0,0.0,1.0,0.0,0.0,0.0,0.0,0.010089203419267508,0.0,0.0008043294090493882,9.89901386388269e-06,0.013755876215912163,0.0031628226239045734,0.0,0.6542413428325531,0.494159521680888,0.2820754716981132,0.1718137254901961,0.393204889165113,0.09562002631743845,0.020202020202020204,0.0,0.0,1.0,0.0,0.05,6.564169893099754e-05,0.0,0.0,0.0,0.0,2.3851608303106235e-06,0.003525277633247498,0.0,0.0009327258726899385,2.3023779471077274e-07,0.0011841646607720756,0.03312156029362849,0,0
6217,0.6000000000000227,0.0,1.0,0.015444015444015444,0.0,0.6000000000000001,0.2941176470588235,0.0,0.0,0.0,0.0,0.0,0.0,0.0,0.0,0.0,0.009770786935533304,0.0,0.006054420150886815,9.89901386388269e-06,0.0,0.014503610944562931,0.0,0.6540167565675801,0.4940046006093894,0.5684905660377358,0.24485294117647063,0.4018450139533751,0.12933141174259039,0.020202020202020204,0.6499999999999986,0.0,1.0,0.0,0.4,0.0009232064695654662,0.0,0.0,0.0,0.0,0.000135159113717602,0.003776309322808422,0.0,0.0,0.008450264287406351,0.002112032083871237,0.03312156029362849,0,4
2670,0.8000000000000114,0.0,0.0,0.06756756756756757,0.0,0.6000000000000001,0.5588235294117647,0.0,0.0,0.0,0.0,0.0,0.0,0.0,0.0,0.0,0.009770786935533304,0.0,0.0008043294090493882,9.89901386388269e-06,0.0,0.0,0.0,0.6540988564306799,0.4939922154945758,0.580566037735849,0.2450980392156863,0.4028686676659477,0.1302086596904568,0.24242424242424243,0.0,0.0,0.0,0.0,0.4,0.0,0.0,0.0,0.0,0.0,0.0,0.003636389138578503,0.0028754792368850383,0.0,7.122022449719903e-05,0.0010828072462014497,0.03312156029362849,0,2
9561,0.20000000000004547,0.0,1.0,0.04247104247104247,0.0,0.8,0.23529411764705882,0.0,0.0,0.0,0.0,0.0,0.0,0.0,0.0,0.0,0.009770786935533304,0.0,0.0008043294090493882,9.89901386388269e-06,0.0,0.0,0.0,0.6540669066734252,0.49395501589817326,0.20339622641509433,0.2450980392156863,0.39068840712170516,0.1342189360235604,0.020202020202020204,0.3999999999999986,0.0,1.0,0.0,0.2,0.0,0.0,0.0,0.0,0.0,0.0,0.0036354330375410375,0.0,0.0,0.0005645942365851949,0.0010825576210823542,0.03312156029362849,1,4
3435,0.8000000000000114,1.0,0.0,0.015444015444015444,0.0,0.6000000000000001,0.1764705882352941,0.0,0.0,0.0,0.0,0.0,0.0,0.0,0.0,0.0,0.009770786935533304,0.0,0.0008043294090493882,9.89901386388269e-06,0.0,0.0,0.0,0.6540976872058027,0.4939910668844481,0.580566037735849,0.2416666666666667,0.40288085401966883,0.13233911899241807,0.24242424242424243,0.7999999999999972,0.0,0.0,0.0,0.85,0.0,0.0,0.0,0.0,0.0,0.0,0.0036354330375410375,0.0007022255498726502,0.0,8.764385385323416e-05,0.001082875055407749,0.03312156029362849,0,3
1688,0.8000000000000114,1.0,0.0,0.05791505791505792,0.7037037037037037,0.4,0.5,0.0,0.0,0.0,0.0,1.0,0.0,0.0,0.0,0.0,0.013551121098267484,0.0,0.0008043294090493882,9.89901386388269e-06,0.12283912146324463,0.029791196367158334,0.0,0.6534359271297628,0.4945425227972384,0.5683018867924529,0.2431372549019608,0.39226044675172744,0.06341249451720032,0.020202020202020204,0.10000000000000142,1.0,1.0,0.0,0.25000000000000006,0.0002037818674952687,0.0,3.2663183601872084e-05,0.0001423994304022784,0.0,2.0057034254884788e-05,0.004288508943524593,0.0,0.0,0.005621409249726657,0.0015339577575125044,0.034443056760497505,0,0
1620,0.6000000000000227,0.0,0.0,0.10231660231660232,0.0,0.6000000000000001,0.029411764705882346,0.0,0.0,0.0,0.0,0.0,0.0,0.0,0.0,0.0,0.009770786935533304,0.0,0.0008043294090493882,9.89901386388269e-06,0.0018921017584905987,0.0006519270489892638,4.530190238194706e-05,0.6540720427811172,0.49397049049862596,0.580754716981132,0.24325980392156868,0.4009005715399896,0.1332163669402845,0.020202020202020204,0.6000000000000014,0.0,1.0,0.0,0.8,8.946388545999437e-05,0.0,0.0,0.0,0.0,1.969564625029227e-05,0.0037098789515461516,0.0,0.0,0.0006185977904334662,0.001091286718053775,0.03312156029362849,0,2
11880,0.0,0.0,0.0,0.03474903474903475,0.0,0.6000000000000001,1.0,0.0,0.020658276,0.022604248640349305,0.0,1.0,0.0,0.0,0.0,0.0,0.011174119021517192,0.0,0.0008043294090493882,9.89901386388269e-06,7.085440287813477e-05,0.0,0.0,0.6539968986298538,0.4938720582207129,0.20339622641509433,0.2450980392156863,0.39068840712170516,0.13327902750798926,0.030303030303030304,0.6499999999999986,0.0,1.0,0.0,0.15000000000000002,0.0,0.0,0.0,0.0,0.0,0.0,0.003635597164947058,0.0,0.0013256160164271048,0.00032448179867904906,0.0010825576210823542,0.03312156029362849,1,1
3286,0.0,1.0,1.0,0.03474903474903475,0.0,0.8,0.2941176470588235,0.0,0.0,0.0,0.0,0.0,0.0,0.0,0.0,0.0,0.009770786935533304,0.0018815310357413312,0.0008043294090493882,9.89901386388269e-06,0.0,0.0023726155737020358,0.0,0.6540678237645161,0.4939213494715517,0.580566037735849,0.24497549019607845,0.40197297066744664,0.11874177580048878,0.24242424242424243,0.44999999999999574,1.0,1.0,0.0,0.45,6.42839225543092e-05,0.0,0.0,0.0,0.0,0.0,0.0036354330375410375,0.0,0.0,0.0012819896229267728,0.001159693121222462,0.03312156029362849,0,4
7776,0.0,0.0,0.0,0.20463320463320464,0.0,0.8,0.5588235294117647,0.0,0.0,0.0,0.0,0.0,0.0,0.0,0.0,0.0,0.009770786935533304,0.0,0.0008043294090493882,9.89901386388269e-06,0.0030167346531532377,0.0008856900558480016,1.1526648229684082e-06,0.654099487262124,0.49400057639810396,0.580754716981132,0.2450980392156863,0.40282601542792384,0.1342189360235604,0.020202020202020204,0.14999999999999858,0.0,1.0,0.0,0.8,0.0,0.0,0.0,0.0,0.0,5.312403667510026e-06,0.0036354330375410375,0.0,0.0,0.00012200044921951946,0.001384918673697843,0.03312156029362849,0,2
7764,0.20000000000004547,1.0,1.0,0.08687258687258688,0.0,0.0,0.32352941176470584,0.4444444444444444,0.0,0.0,0.0,0.0,0.0,0.0,0.0,0.0,0.011496162425214528,0.0022613247321982494,0.010698047422795363,3.4180950734490634e-05,0.18646601374575417,0.04286422424628466,0.0,0.6558644346990513,0.4971815467571533,0.3054716981132075,0.15710784313725493,0.39381420685116814,0.08885268500532616,0.04040404040404041,0.3500000000000014,0.0,1.0,0.0,0.0,0.00035960028448402196,0.0,0.0,0.0,0.0,0.0,0.0070800012152024555,0.0,0.0,0.006817417847317551,0.004198453205513622,0.03319109054788551,0,4
4553,0.6000000000000227,1.0,0.0,0.06756756756756757,0.0,0.6000000000000001,0.0,0.0,0.0,0.0,0.0,0.0,0.0,0.0,0.0,0.0,0.009770786935533304,0.0,0.0008043294090493882,9.89901386388269e-06,0.001509994085826372,0.0004137596911303434,0.0,0.6540428436344973,0.49391198979348533,0.3922641509433962,0.24240196078431378,0.3963185025408548,0.11466883889968044,0.25252525252525254,0.6000000000000014,0.0,0.0,0.0,0.6,0.0,0.0,0.0,0.0,0.0,0.0,0.0036483614082841974,0.011114580703302214,0.0,0.0011380142553009695,0.0010870593493768606,0.03312156029362849,0,3
1430,0.0,1.0,0.0,0.06756756756756757,0.2962962962962963,0.6000000000000001,0.5,0.0,0.0,0.0,0.0,1.0,0.0,0.0,0.0,0.0,0.009770786935533304,0.0,0.0008043294090493882,9.89901386388269e-06,0.00012869473175824476,0.00038218132546865826,0.0,0.6541050723071095,0.4939996983460226,0.3920754716981132,0.1968137254901961,0.3967815839822567,0.10859076383232034,0.25252525252525254,0.10000000000000142,0.0,0.0,0.0,0.55,0.0,0.002468876740981777,0.0,0.0,0.0,0.0,0.0036354330375410375,0.0017390354686463475,0.0,0.00010949086237356748,0.0010832907833413974,0.03312156029362849,0,0
12455,0.0,0.0,1.0,0.10231660231660232,0.0,0.6000000000000001,0.23529411764705882,0.0,0.0,0.0,0.0,0.0,0.0,0.0,0.0,0.0,0.009770786935533304,0.0,0.0011088633040009452,9.89901386388269e-06,0.010517179300681504,0.0020304058110840895,0.0,0.6537560210765742,0.4935932087542327,0.58,0.2442401960784314,0.4020095297286099,0.13246444012782757,0.020202020202020204,1.0,0.0,1.0,0.0,0.25000000000000006,0.0,0.0,0.0,0.0,0.0,0.0,0.0036649787191698584,0.0,0.004639630390143737,0.0007516240718219127,0.0010995869515362335,0.03312156029362849,1,4
8597,0.0,1.0,0.0,0.0250965250965251,0.0,0.8,0.5588235294117647,0.0,0.0,0.0,0.0,0.0,0.0,0.0,0.0,0.0,0.009770786935533304,0.0,0.0008043294090493882,9.89901386388269e-06,0.0,0.0,0.0,0.6541008791333931,0.4939948182086366,0.3920754716981132,0.2270833333333334,0.3967815839822567,0.12500783257096312,0.25252525252525254,0.29999999999999716,0.0,0.0,0.0,0.55,0.0,0.0,0.0,0.0,0.0,0.0,0.0036354330375410375,0.0011924395363488612,0.0,6.047579407736297e-05,0.0010831436651218829,0.03312156029362849,0,3
12376,0.4000000000000341,0.0,1.0,0.02316602316602317,0.0,0.6000000000000001,0.23529411764705882,0.0,0.0,0.0,0.0,0.0,0.0,0.0,0.0,0.0,0.009962772902212444,0.0,0.0008043294090493882,9.89901386388269e-06,0.0,0.0,0.0,0.6539312364980743,0.49379603412692963,0.580754716981132,0.2450980392156863,0.40287476084280827,0.1342189360235604,0.25252525252525254,0.9499999999999957,0.0,1.0,0.0,0.8,0.0001075834112069002,0.0,0.0,0.0,0.0,0.0,0.0036354330375410375,0.0,0.0,0.0026596814225216567,0.0010882145842906095,0.03312156029362849,1,4
4496,0.6000000000000227,1.0,0.0,0.10231660231660232,0.0,0.6000000000000001,0.5588235294117647,0.0,0.0,0.0,0.0,0.0,0.0,0.0,0.0,0.0,0.009807643064121312,0.0,0.0008043294090493882,9.89901386388269e-06,0.005125737644944249,0.0016116600622176904,2.58370907488013e-05,0.6541635176476525,0.49406800202519646,0.2822641509433962,0.12965686274509805,0.3932353550494157,0.07494203897487312,0.24242424242424243,0.0,0.0,0.0,0.0,0.05,0.0,0.0012195098873866723,0.0,0.0,0.0,0.0,0.00369356280267106,0.02397700172706396,0.0,0.00019237646846944565,0.0010989349323113362,0.03312156029362849,0,3
10308,0.20000000000004547,0.0,1.0,0.02316602316602317,0.0,0.6000000000000001,0.32352941176470584,0.0,0.0,0.0,0.0,0.0,0.0,0.0,0.0,0.0,0.009770786935533304,0.0,0.0008043294090493882,9.89901386388269e-06,0.0,0.0009050525800563508,0.0,0.6540918255094224,0.4939812134476516,0.580566037735849,0.2450980392156863,0.39068840712170516,0.1342189360235604,0.020202020202020204,0.14999999999999858,0.0,1.0,0.0,0.8,0.0,0.0,0.0,0.0,0.0,0.0,0.0036354330375410375,0.0,0.00045993326488706366,0.0,0.001083016919405138,0.03315986468282537,1,4
10041,0.8000000000000114,0.0,0.0,0.015444015444015444,0.0,0.6000000000000001,0.5294117647058824,0.0,0.0,0.0,0.0,1.0,0.0,0.0,0.0,0.0,0.009770786935533304,0.0,0.0008043294090493882,9.89901386388269e-06,0.0004338024666008251,0.0020343115563106664,0.0,0.6540766776031083,0.4939664635701148,0.20339622641509433,0.24473039215686276,0.39068840712170516,0.13403095432044615,0.020202020202020204,0.14999999999999858,0.0,1.0,0.0,0.25000000000000006,0.0,0.0,0.0,0.0,0.0,0.0,0.0036354330375410375,0.0,0.0,0.0010086461966507052,0.0010825576210823542,0.03312156029362849,1,1
1202,0.0,0.0,0.0,0.33976833976833976,0.0,0.0,0.4411764705882353,0.0,0.0,0.0,0.0,0.0,0.0,0.0,0.0,0.0,0.0195505132505608,0.0028581044264728898,0.004510822547952821,2.4777899732908816e-05,0.0,0.06159900378566433,0.0,0.6528160139732133,0.5001379508323767,0.580566037735849,0.24497549019607845,0.3943382200611755,0.08127075631305221,0.020202020202020204,0.29999999999999716,1.0,1.0,0.0,0.2,0.03208726325581971,0.0,0.0,0.0,0.018547703137018184,0.0,0.007196984790765616,0.0,0.0,0.02721216310454689,0.0035465939369824662,0.03322314976407036,0,2
12419,0.20000000000004547,1.0,1.0,0.06756756756756757,0.0,0.6000000000000001,0.23529411764705882,0.0,0.0,0.0,0.0,0.0,0.0,0.0,0.0,0.0,0.009770786935533304,0.0,0.0008043294090493882,9.89901386388269e-06,0.0036862364599405113,0.0011966538566533331,0.0,0.6532628043192925,0.49301060101313343,0.20339622641509433,0.2450980392156863,0.39068840712170516,0.13390563318503665,0.020202020202020204,0.9499999999999957,0.0,1.0,0.0,0.45,0.0,0.0,2.4194950816201545e-06,1.0548105955724325e-05,0.0,2.529716032147631e-07,0.0036354330375410375,0.0,0.0,0.006660984056800176,0.0010825576210823542,0.03312156029362849,1,4
4332,0.4000000000000341,0.0,0.0,0.10424710424710425,0.0,0.2,0.029411764705882346,0.0,0.0,0.0,0.0,0.0,0.0,0.0,0.0,0.0,0.01202179492958094,4.604882629071095e-06,0.0008664744096322413,9.037657954049952e-05,0.03615020555006876,0.032383198481246815,0.0,0.6515644135755412,0.49722466253028985,0.580188679245283,0.24203431372549022,0.39403965439500854,0.09374020928629614,0.030303030303030304,0.14999999999999858,1.0,1.0,0.0,0.2,0.0019169562107817749,0.0,0.0,0.0,0.0,6.501370202619412e-05,0.005689143170458148,0.0,0.0,0.027515437444135357,0.002786989656388182,0.033139333490532455,0,2
2806,0.8000000000000114,1.0,0.0,0.03861003861003861,0.537037037037037,0.6000000000000001,0.5,0.0,0.0,0.0,0.0,1.0,0.0,0.0,0.0,0.0,0.009770786935533304,0.0,0.0008043294090493882,9.89901386388269e-06,0.0,0.0,0.00012098630962591045,0.6541396000577813,0.4940275662129661,0.27943396226415096,0.09656862745098041,0.393150050573368,0.0565824926373833,0.24242424242424243,0.29999999999999716,1.0,1.0,0.0,0.45,7.460302301714054e-05,0.0,0.0,0.0,0.0,0.0,0.0036586884774367167,0.0,0.0,0.00021683283866316775,0.0011349739888472168,0.03318397234036187,0,0
4928,0.6000000000000227,0.0,0.0,0.03474903474903475,0.0,0.6000000000000001,0.47058823529411764,0.0,0.0,0.0,0.0,0.0,0.0,0.0,0.0,0.0,0.009770786935533304,0.0,0.0008043294090493882,9.89901386388269e-06,0.007249200718955288,0.001666423596352034,0.0,0.6539838877313202,0.49402407923602226,0.580754716981132,0.2450980392156863,0.39424682240826725,0.10439250579610253,0.020202020202020204,0.5,1.0,1.0,0.0,0.25000000000000006,0.0003685819752158153,0.0,0.0028425034717234113,0.012392266480316796,0.0004775441929500792,0.0,0.0036634383559789024,0.0,0.0,0.0018466350234663477,0.001128589167170177,0.03312156029362849,0,2
9743,0.6000000000000227,0.0,0.0,0.03474903474903475,0.0,0.6000000000000001,0.0,0.0,0.0,0.0,0.0,0.0,0.0,0.0,0.0,0.0,0.009770786935533304,0.0,0.0008043294090493882,9.89901386388269e-06,0.004414301599718896,0.008066444205390676,0.0,0.6538511924695912,0.4937007918720071,0.2790566037735849,0.1584558823529412,0.39313177104278635,0.08954195125007834,0.020202020202020204,0.5499999999999972,0.0,1.0,0.0,0.0,0.0,0.0,0.00015121844260125965,0.0,0.0,5.7930497136180755e-05,0.003646528914016496,0.0,0.0,0.004698206856890839,0.0010827377021104864,0.03312156029362849,1,2
10748,0.4000000000000341,0.0,0.0,0.05791505791505792,0.0,0.8,0.5588235294117647,0.0,0.0,0.0,0.0,0.0,0.0,0.0,0.0,0.0,0.009770786935533304,0.0,0.0008043294090493882,0.0001353573746438683,0.006690680043206726,0.0,0.0004329887539712837,0.6540983793312684,0.4940759510749411,0.580754716981132,0.2450980392156863,0.4026675928295495,0.13415627545585562,0.020202020202020204,0.5,0.0,0.0,0.0,0.45,0.00015084216656819055,0.0,3.730054917497738e-06,3.2523326696816674e-05,6.351395676940845e-05,0.0,0.003654916688292612,0.0,0.0,0.0005843179409987511,0.0018703806929644133,0.03312156029362849,1,2
11570,0.4000000000000341,0.0,0.0,0.03474903474903475,0.0,0.6000000000000001,0.0,0.0,0.0,0.0,0.0,0.0,0.0,0.0,0.0,0.0,0.009770786935533304,0.0,0.0008043294090493882,9.89901386388269e-06,0.00029643168551056384,0.005415772811941276,0.0,0.6541023684124587,0.4939965630557214,0.20339622641509433,0.24522058823529416,0.39068840712170516,0.13428159659126512,0.020202020202020204,0.6000000000000014,0.0,1.0,0.0,0.35000000000000003,0.0,0.0,1.0988540162358202e-05,0.0,0.0,3.975268050517706e-06,0.0036354330375410375,0.0,0.001623998973305955,4.461496821950974e-05,0.0010825576210823542,0.03312156029362849,1,2
2318,0.0,0.0,0.0,0.20463320463320464,0.0,0.2,0.5294117647058824,0.0,0.0,0.0,0.0,1.0,0.0,0.0,0.0,0.0,0.011482286822699974,0.0012477267756836618,0.0008043294090493882,9.89901386388269e-06,0.0,0.0,0.0,0.6537172153345129,0.49474559427295023,0.580754716981132,0.24485294117647063,0.399060432128103,0.13390563318503665,0.020202020202020204,0.14999999999999858,0.0,1.0,0.0,0.10000000000000002,0.007172277198927158,0.0,0.0,0.0,0.0,0.004927850691823126,0.0037617816914798014,0.0,0.0,0.001116448648529727,0.0016454484847016632,0.03345946929343174,0,1
5508,0.8000000000000114,1.0,1.0,0.03861003861003861,0.0,0.6000000000000001,0.23529411764705882,0.0,0.0,0.0,0.0,0.0,0.0,0.0,0.0,0.0,0.009770786935533304,0.0,0.0008043294090493882,9.89901386388269e-06,0.0,0.0,0.0,0.6541369034521494,0.4940369868345236,0.3920754716981132,0.20257352941176474,0.3967815839822567,0.11241305846230969,0.020202020202020204,0.5,0.0,1.0,0.0,0.55,2.4983085331065355e-05,0.0,5.524513769699353e-05,0.0002408484193223721,1.5948921130612917e-05,0.0,0.0036354330375410375,0.0,0.0,1.9723704413556196e-05,0.0010971357577784114,0.03312156029362849,0,4
2972,0.4000000000000341,0.0,0.0,0.10424710424710425,0.0,0.0,0.4411764705882353,0.4444444444444444,0.0,0.0,0.0,0.0,0.0,0.0,0.0,0.0,0.009898842794314584,0.0,0.0008178344455625001,9.89901386388269e-06,0.020551030353158587,0.008835045005403639,0.0,0.6540093631832975,0.49390396737864634,0.49377358490566037,0.19129901960784315,0.39930415920252504,0.09894103640578984,0.04040404040404041,0.3999999999999986,0.0,1.0,0.0,0.35000000000000003,0.00028889407966797696,0.0,0.0,0.0,0.0001287339315989119,0.0,0.0037342624728712516,0.0,0.0,0.004103144485472251,0.003005207067910783,0.03312156029362849,0,2
6109,0.8000000000000114,0.0,0.0,0.03861003861003861,0.0,0.6000000000000001,0.029411764705882346,0.0,0.0,0.0,0.0,0.0,0.0,0.0,0.0,0.0,0.00977205109020925,0.0,0.0008043294090493882,9.89901386388269e-06,0.001068961578115533,0.00035874685410919717,0.0,0.6541233435579735,0.4940200484257601,0.2788679245283019,0.08504901960784315,0.3931256778659258,0.05219625289805126,0.24242424242424243,0.14999999999999858,0.0,1.0,0.0,0.45,0.00028093072121869987,0.0,0.0,0.0,0.0,0.0,0.0036354330375410375,0.0,0.00038501026694045176,9.946272731505382e-05,0.0011206430484317254,0.03312156029362849,0,2
900,0.8000000000000114,1.0,0.0,0.06756756756756757,0.2962962962962963,0.4,0.5,0.0,0.0,0.0,0.0,1.0,0.0,0.0,0.0,0.0,0.009804151589302031,4.255697216440112e-07,0.0008043294090493882,3.489959080027353e-05,0.039476385962730585,0.009074708180583377,0.0,0.6536619867704879,0.4947677206419558,0.580754716981132,0.24460784313725495,0.3939116976809369,0.1147314994673852,0.37373737373737376,0.5,1.0,1.0,0.0,0.2,0.0024832779486165957,0.0,0.0,0.0,0.0,0.000265439489373205,0.004119527606897982,0.0,0.0,0.0028864400683345777,0.0013525185129608184,0.03312156029362849,0,0
6660,0.0,0.0,1.0,0.06756756756756757,0.0,0.6000000000000001,0.2647058823529412,0.0,0.0,0.0,0.0,0.0,0.0,0.0,0.0,0.0,0.009770786935533304,0.0,0.0008043294090493882,9.89901386388269e-06,0.0,0.0,0.0,0.6540964871682553,0.4939836403183911,0.3920754716981132,0.20808823529411768,0.3967815839822567,0.0975625039162855,0.24242424242424243,0.14999999999999858,0.0,0.0,0.0,0.55,0.0,0.0,0.0,0.0,0.0,0.0,0.0036354330375410375,0.004803046664092664,0.0,0.0001926578702185366,0.0010856455670800295,0.03312156029362849,0,4
12098,0.6000000000000227,0.0,1.0,0.03861003861003861,0.0,0.6000000000000001,0.2647058823529412,0.0,0.0,0.0,0.0,0.0,0.0,0.0,0.0,0.0,0.009770786935533304,0.0,0.0008043294090493882,9.89901386388269e-06,0.007805190880315345,0.00390026056306719,0.0,0.653852090012859,0.4937033355834524,0.580754716981132,0.24767156862745102,0.40287476084280827,0.13553480794536,0.020202020202020204,0.7999999999999972,0.0,1.0,0.0,0.35000000000000003,0.0,0.0,0.0,0.0,1.7201044477471633e-05,0.0,0.003668347257486252,0.0,0.0,0.0047346867563639004,0.0012610029008170254,0.03312156029362849,1,4
12177,0.0,0.0,0.0,0.02316602316602317,0.0,0.2,0.5294117647058824,0.0,0.0,0.0,0.0,1.0,0.0,0.0,0.0,0.0,0.009770786935533304,0.0,0.0008043294090493882,9.89901386388269e-06,0.0,0.0,0.0,0.6540883549425229,0.4939800795881778,0.3924528301886792,0.23480392156862748,0.39679377033597785,0.12851682436242873,0.25252525252525254,0.7999999999999972,0.0,0.0,0.0,0.55,0.0,0.0,0.0,0.0,0.0,0.0,0.0036354330375410375,0.0006613679480377808,0.0001590605749486653,7.096440472529818e-05,0.0010826963622873479,0.03312156029362849,1,1
5935,0.0,0.0,0.0,0.06756756756756757,0.0,0.0,0.4411764705882353,0.0,0.0,0.0,0.0,0.0,0.0,0.0,0.0,0.0,0.009770786935533304,0.0,0.0008043294090493882,9.89901386388269e-06,0.0,3.0414952189938883e-05,6.3070339369969495e-06,0.6541047611985349,0.49399936645631015,0.38660377358490566,0.17389705882352943,0.39660488185330073,0.09781314618710447,0.24242424242424243,0.5,0.0,1.0,0.0,0.55,0.0001308149650120376,0.0,0.0,0.0,0.0,0.0,0.0036354330375410375,0.0,0.0,1.9698122436366113e-05,0.0010833733142832746,0.03312156029362849,0,2
3176,0.6000000000000227,1.0,0.0,0.03861003861003861,0.537037037037037,0.6000000000000001,0.5,0.0,0.0,0.0,0.0,1.0,0.0,0.0,0.0,0.0,0.010911942371402172,0.0,0.0008043294090493882,9.89901386388269e-06,0.01659294434748156,0.0038143341680824993,0.0,0.6541036658578027,0.4939969807321315,0.5694339622641509,0.24485294117647063,0.4024969838774541,0.13378031204962718,0.020202020202020204,0.5,0.0,1.0,0.0,0.45,0.0,0.0,0.0,0.0,0.0,0.0,0.003728604003856501,0.0,0.0,0.00020780240071506742,0.0011777454388105537,0.03312156029362849,0,0
2139,0.8000000000000114,0.0,0.0,0.02316602316602317,0.0,0.6000000000000001,0.5294117647058824,0.0,0.0,0.0,0.0,1.0,0.0,0.0,0.0,0.0,0.010150033338317214,0.0007617807137869247,0.0008043294090493882,9.89901386388269e-06,0.0,0.00351882714625894,0.00032524721561306687,0.6541292735060752,0.49404397747994067,0.580754716981132,0.24485294117647063,0.40258838153036236,0.1325271006955323,0.020202020202020204,0.9499999999999957,0.0,1.0,0.0,0.25000000000000006,0.0018778590400150342,0.0,0.0,0.0,0.0007681150671304803,0.0,0.003783678564808897,0.0,0.0,0.0009572775864530129,0.001298742689573177,0.03313148114035133,0,1
10033,0.20000000000004547,0.0,1.0,0.015444015444015444,0.0,0.6000000000000001,0.23529411764705882,0.0,0.0,0.0,0.0,0.0,0.0,0.0,0.0,0.0,0.009817425213399468,0.0,0.0008043294090493882,9.89901386388269e-06,0.0,0.0007112611360483249,1.3266519660579792e-06,0.6540296375890516,0.4938243856600506,0.580754716981132,0.2450980392156863,0.40287476084280827,0.12883012720095247,0.020202020202020204,0.14999999999999858,0.0,1.0,0.0,0.45,6.483382198686798e-06,0.0,1.9658397538163755e-05,0.0,2.5480710108574905e-05,0.0,0.003651726020107624,0.0,0.0,0.0001568175201752263,0.0016546333606584063,0.033121689264635885,1,4
1196,0.0,0.0,0.0,0.03474903474903475,0.0,0.6000000000000001,0.5588235294117647,0.0,0.0,0.0,0.0,0.0,0.0,0.0,0.0,0.0,0.009770786935533304,0.0,0.0008043294090493882,9.89901386388269e-06,0.0001948496079148706,0.0004895477687183879,0.0,0.6541007830508727,0.49402633880329266,0.20339622641509433,0.24093137254901964,0.39068840712170516,0.13196315558618962,0.25252525252525254,0.9499999999999957,0.0,0.0,0.0,0.4,0.0,0.010549811827521773,0.0,0.0,0.0,0.0,0.0036354330375410375,0.015125190704208187,0.0,0.00019142993531341248,0.0010865972752386144,0.03312156029362849,0,2
6813,0.0,0.0,0.0,0.047972972972972976,0.0,0.0,0.7941176470588235,0.3333333333333333,0.0,0.0,0.0,0.0,0.0,0.0,0.0,0.0,0.009770786935533304,0.0,0.0008043294090493882,9.89901386388269e-06,9.326753031917739e-05,0.0007435874103704184,0.0,0.6541032629738552,0.4939976111284976,0.580754716981132,0.24497549019607845,0.40287476084280827,0.1342189360235604,0.25252525252525254,0.6999999999999957,0.0,0.0,0.0,0.5,0.0,0.03919126309475024,0.0,0.0,0.0,0.0,0.0036354330375410375,0.029194262604087445,0.0,0.00022553071090779695,0.0010927911108982048,0.03312156029362849,0,2
8965,0.0,0.0,0.0,0.13706563706563707,0.0,0.6000000000000001,0.5588235294117647,0.0,0.0,0.0,0.0,0.0,0.0,0.0,0.0014947367952832433,0.0,0.010613330977591129,0.0,0.0008043294090493882,9.89901386388269e-06,0.0,5.318461585125925e-05,0.0,0.65414742084362,0.494048559110673,0.3247169811320755,0.23602941176470593,0.3946063198430398,0.12789021868538128,0.04040404040404041,0.0,0.0,1.0,0.0,0.85,1.61439611188243e-05,0.0,0.0,0.0,0.0,0.0,0.003571100198821741,0.0,0.0,0.00025807098589358617,0.0010969413019916339,0.03312156029362849,0,2
8369,0.4000000000000341,0.0,0.0,0.0694980694980695,0.0,0.6000000000000001,0.5294117647058824,0.0,0.0,0.0,0.0,1.0,0.0,0.0,0.0,0.0,0.009770786935533304,0.0,0.0008043294090493882,9.89901386388269e-06,0.0,0.00010379310187222313,0.0,0.654062696602438,0.49395008374532356,0.5745283018867925,0.2450980392156863,0.4025213565848963,0.13258976126323704,0.25252525252525254,0.8999999999999986,0.0,1.0,1.0,0.4,7.02785052573882e-05,0.0,0.0,0.0,0.0,0.0,0.0036354330375410375,0.0,0.0,0.0013782546030930657,0.001593889397801526,0.03312156029362849,0,1
9000,0.6000000000000227,0.0,1.0,0.0501930501930502,0.0,0.8,0.2941176470588235,0.0,0.0,0.0,0.0,0.0,0.0,0.0,0.0,0.0,0.009770786935533304,0.0,0.0008043294090493882,9.89901386388269e-06,6.72393823231279e-05,0.0,0.0,0.6540109296596984,0.49388943293829135,0.2788679245283019,0.2450980392156863,0.3931256778659258,0.1342189360235604,0.24242424242424243,0.3999999999999986,0.0,1.0,0.0,0.35000000000000003,0.0002638770499274944,0.0,0.0,0.0,0.0,0.0,0.0036354330375410375,0.0,0.0,0.0019155528700164392,0.0010886853328521762,0.03312156029362849,1,4
831,0.8000000000000114,1.0,0.0,0.05791505791505792,0.0,0.6000000000000001,0.1764705882352941,0.0,0.18813639999999998,0.0,0.0,0.0,0.0,0.0,0.0,0.0,0.01110955683628136,0.0,0.0009602767128959454,9.89901386388269e-06,0.1867002670777186,0.04291799056887179,0.0,0.6482364245220676,0.4948644709571507,0.580754716981132,0.24436274509803926,0.39125507256973646,0.13258976126323704,0.020202020202020204,0.7999999999999972,0.0,1.0,0.0,0.25000000000000006,0.002774256215022789,0.0,0.0,0.0,0.0011397452764781478,0.0,0.005046194082485795,0.0,0.012072407597535934,0.013211965611682983,0.002139620814617149,0.033153520301346114,0,3
5539,0.8000000000000114,1.0,0.0,0.20463320463320464,0.6666666666666666,0.4,0.5,0.0,0.0,0.0,0.0,1.0,0.0,0.0,0.0,0.0,0.010061482313159256,0.0,0.0008433162350110276,9.89901386388269e-06,0.016650423174306168,0.003845995634706452,0.0,0.6542293235718936,0.4941350309373344,0.4141509433962264,0.1582107843137255,0.3974944856749412,0.0893539695469641,0.020202020202020204,0.10000000000000142,0.0,1.0,0.0,0.45,0.0,0.0,0.001738810465324351,0.007580572146847216,0.0,9.757476123998006e-07,0.0037504078193022787,0.0,0.0,0.0010818106514143507,0.0013709251435654497,0.03313396135203204,0,0
2827,0.0,0.0,0.0,0.10231660231660232,0.0,0.6000000000000001,0.5588235294117647,0.0,0.0,0.0,0.0,0.0,0.0,0.0,0.0,0.0,0.009770786935533304,0.0,0.0008043294090493882,9.89901386388269e-06,0.0,0.00011102288558950368,0.0,0.6541488551237257,0.49405013083166216,0.3920754716981132,0.170343137254902,0.3967815839822567,0.09549470518202896,0.020202020202020204,0.5,0.0,1.0,0.0,0.55,0.0,0.0,0.0,0.0,0.0,0.0,0.0036732962092218646,0.0,0.0,8.234838457488639e-05,0.0011118074295419296,0.03312156029362849,0,2
2611,0.8000000000000114,1.0,0.0,0.015444015444015444,0.35185185185185186,0.6000000000000001,0.5,0.0,0.0,0.0,0.0,1.0,0.0,0.0,0.0,0.0,0.009770786935533304,0.0,0.0008043294090493882,9.89901386388269e-06,0.009223001941989042,0.0037773542398734207,0.0,0.6540064084801367,0.49388382109083756,0.3120754716981132,0.10563725490196078,0.39419807699338283,0.06291120997556238,0.020202020202020204,0.6999999999999957,0.0,1.0,0.0,0.35000000000000003,2.037343453220846e-05,0.0,0.0,0.0,0.0,0.0001274254104193221,0.0036354330375410375,0.0,0.0,0.0018451001048349427,0.0011319139001404333,0.03312156029362849,0,0
4353,0.20000000000004547,1.0,0.0,0.06756756756756757,0.2962962962962963,0.4,0.5,0.0,0.0,0.0,0.0,1.0,0.0,0.0,0.0,0.0,0.009770786935533304,0.0,0.0008043294090493882,9.89901386388269e-06,0.0,0.0005721501252123749,0.0,0.6541016610463174,0.4939957587569095,0.580754716981132,0.24178921568627454,0.4028321086047844,0.13227645842471336,0.24242424242424243,0.29999999999999716,0.0,0.0,0.0,0.5,0.0,0.013606366178028679,0.0,0.0,0.0,0.0,0.0036354330375410375,0.010497159778788139,0.0,0.00010291629423571541,0.0010863701540520187,0.03312156029362849,0,0
10457,1.0,0.0,0.0,0.03861003861003861,0.0,1.0,0.0,0.0,0.0,0.0,0.0,0.0,0.0,0.0,0.0,0.0,0.009784527092904007,0.0,0.0008043294090493882,9.89901386388269e-06,0.1866999055756631,0.05979729182274066,0.0,0.6512302942313087,0.49063023636810343,0.580754716981132,0.2450980392156863,0.40287476084280827,0.13415627545585562,0.04040404040404041,0.14999999999999858,0.0,1.0,0.0,0.8,1.6157538882591183e-06,0.0,0.0,0.0,0.0001746242522612839,0.0,0.004383890525380481,0.0,0.0,0.04956515755172292,0.001224284562582955,0.03312156029362849,1,2
3126,0.8000000000000114,1.0,0.0,0.0501930501930502,0.35185185185185186,0.6000000000000001,0.5,0.0,0.0,0.0,0.0,1.0,0.0,0.0,0.0,0.0,0.009770786935533304,0.0,0.0008043294090493882,9.89901386388269e-06,0.0010613700349500186,0.000410186349752837,0.0,0.6540993143135873,0.49416280370137783,0.580754716981132,0.24546568627450985,0.39154754505904293,0.05420139106460306,0.020202020202020204,0.3999999999999986,1.0,1.0,0.0,0.6,0.0,0.0,0.0,0.0,0.0,6.07493235720024e-05,0.0036919128903263247,0.0,0.0,0.00011568170085356826,0.0011112732337697905,0.03312156029362849,0,0
7432,0.6000000000000227,1.0,0.0,0.05791505791505792,0.7037037037037037,0.6000000000000001,0.5,0.0,0.0,0.0,0.0,1.0,0.0,0.0,0.0,0.0,0.0100486300739538,0.0,0.000884876191486135,9.89901386388269e-06,0.0,0.0049120978796373975,0.0,0.6538784103283775,0.4943352225419623,0.580754716981132,0.24497549019607845,0.3992615069645012,0.13183783445078015,0.020202020202020204,0.29999999999999716,0.0,1.0,0.0,0.10000000000000002,0.000270849231621789,0.0,2.8529879504104322e-05,0.00012437974939458267,0.0,3.8343267287266236e-05,0.0038661113581581956,0.0,0.0,0.004932870333655496,0.0013922841017551578,0.03312156029362849,0,0
8263,0.4000000000000341,1.0,1.0,0.03861003861003861,0.0,0.4,0.2941176470588235,0.0,0.0,0.0,0.0,0.0,0.0,0.0,0.0,0.0,0.009986791841055425,0.0,0.0008043294090493882,9.89901386388269e-06,0.0019083693509881297,0.0,0.0,0.6541194353186279,0.4940108676964159,0.3232075471698113,0.16200980392156866,0.3945575744281554,0.08521837207845104,0.25252525252525254,0.5,0.0,1.0,0.0,0.5,0.00014561472751794044,0.0,0.0,0.0,0.0,0.0,0.0036354330375410375,0.0,0.0,0.00024648235022647723,0.0010941150261694363,0.03312156029362849,0,4
11410,0.4000000000000341,0.0,0.0,0.04247104247104247,0.0,0.4,0.5294117647058824,0.0,0.0,0.0,0.0,1.0,0.0,0.0,0.0,0.0,0.009770786935533304,0.0,0.0008043294090493882,9.89901386388269e-06,0.00036909359866620203,0.0008091540695995489,0.0,0.6540074140334101,0.4938853140122809,0.20339622641509433,0.16446078431372552,0.39068840712170516,0.09298828247383922,0.020202020202020204,0.6999999999999957,0.0,1.0,0.0,0.85,0.0,0.0,0.0,0.0,0.0,0.0,0.003635605410582289,0.0,0.0008983572895277208,0.00032256315038979263,0.0010825576210823542,0.03312156029362849,1,1
10476,0.6000000000000227,0.0,1.0,0.0694980694980695,0.0,0.6000000000000001,0.23529411764705882,0.0,0.0,0.0,0.0,0.0,0.0,0.0,0.0,0.0,0.02121147704961047,0.0,0.0008719793494580247,1.8431599433671144e-05,0.0,0.0038179906104222733,0.0,0.6518462511072525,0.49145602843545966,0.5779245283018868,0.2410539215686275,0.4008335465945235,0.1253211354094868,0.030303030303030304,0.0,0.0,1.0,0.0,0.8,0.005581187318550583,0.0,0.07261267664204327,0.2254020366634583,0.0,0.02824923051459122,0.009446227205752226,0.0,0.0250230749486653,0.0,0.00142813142875159,0.0331265604003768,1,4
6355,0.20000000000004547,0.0,0.0,0.10231660231660232,0.0,0.6000000000000001,0.5588235294117647,0.0,0.0,0.0,0.0,0.0,0.0,0.0,0.0038907756211945645,0.0,0.009770786935533304,0.0,0.0008043294090493882,9.89901386388269e-06,0.0,0.0,0.0,0.6540657613035186,0.49395361225700335,0.3920754716981132,0.197671568627451,0.3967815839822567,0.10978131461871048,0.020202020202020204,0.6000000000000014,0.0,1.0,0.0,0.8,1.9008869273636685e-06,0.0,0.0,0.0,0.0,0.0,0.003640479366302232,0.0,0.0,0.0003054488076496252,0.0010868128966182937,0.03312156029362849,0,2
4390,0.6000000000000227,1.0,0.0,0.15830115830115832,0.0,0.6000000000000001,0.5588235294117647,0.0,0.0,0.0,0.0,0.0,0.0,0.0,0.0,0.0,0.009770786935533304,0.0,0.0008043294090493882,9.89901386388269e-06,0.0,0.001577256263838907,0.0,0.6541138350329667,0.49400689744146964,0.3837735849056604,0.19693627450980394,0.39651348420039245,0.1040792029575788,0.25252525252525254,1.0,0.0,0.0,1.0,0.55,0.0,0.0018113927034200312,0.0,0.0,0.0,0.0,0.0036354330375410375,0.01075520372534825,0.000513347022587269,0.00012215394108265997,0.001091744727605094,0.03312156029362849,0,3
438,0.6000000000000227,0.0,1.0,0.10231660231660232,0.0,0.6000000000000001,0.23529411764705882,0.0,0.0,0.0,0.0,0.0,0.0,0.0,0.0,0.0,0.009770786935533304,0.0,0.0008043294090493882,9.89901386388269e-06,0.0035513961932387545,0.00037553324848725085,0.0,0.6541161208029943,0.49400869081044224,0.3920754716981132,0.16752450980392158,0.3967815839822567,0.0933642458800677,0.020202020202020204,0.6499999999999986,0.0,1.0,0.0,0.55,0.0,0.0,0.0,0.0,0.0,0.000135159113717602,0.0037159288919097126,0.0,0.0,0.0006066765890628861,0.001125570765263465,0.03312156029362849,0,4
12040,0.6000000000000227,1.0,1.0,0.0501930501930502,0.0,0.6000000000000001,0.2647058823529412,0.0,0.0,0.0,0.0,0.0,0.0,0.0,0.0,0.0,0.009770786935533304,0.0,0.0008043294090493882,9.89901386388269e-06,0.0,0.0,0.0,0.6536054541347383,0.49341437570825797,0.3920754716981132,0.19178921568627455,0.3967815839822567,0.10696158907199702,0.25252525252525254,0.6499999999999986,0.0,0.0,1.0,0.0,0.0,0.0,0.0,0.0,0.0,0.0,0.003640672157106912,0.019231341070841443,0.0,0.0,0.0011012617596228098,0.03312156029362849,1,4
5806,0.0,0.0,1.0,0.03861003861003861,0.0,0.6000000000000001,0.2941176470588235,0.0,0.0,0.0,0.0,0.0,0.0,0.0,0.0,0.0,0.009858284498461305,0.0,0.0011670940272572497,9.89901386388269e-06,0.0,0.004858747061861603,0.0,0.654048504551542,0.4939845560234574,0.580754716981132,0.24497549019607845,0.40217404550384483,0.13409361488815089,0.020202020202020204,0.10000000000000142,0.0,1.0,0.0,0.4,0.0002057370654776999,0.0,0.0,0.0,0.0,0.0,0.003639516197577426,0.0,0.0,0.0022797378972945013,0.0012184793906562532,0.03312156029362849,0,4
10154,0.0,1.0,0.0,0.03861003861003861,0.0,0.6000000000000001,0.38235294117647056,0.0,0.0,0.0,0.0,1.0,0.0,0.0,0.0,0.0,0.011779935051043631,0.0,0.0008043294090493882,9.89901386388269e-06,0.0,0.0014812746524198376,0.0,0.6537239033405684,0.4935446037969747,0.42283018867924527,0.2237745098039216,0.3991640161347324,0.12331599724293504,0.020202020202020204,0.14999999999999858,0.0,0.0,0.0,0.0,0.0,0.0,0.0020008216202048,0.0001199847052463642,0.0,0.0007074170189898554,0.0036354330375410375,0.0,0.005103593429158111,0.0009466866478963173,0.0010898805692494658,0.033228869132206074,1,0
6969,1.0,0.0,0.0,0.02316602316602317,0.0,0.6000000000000001,0.029411764705882346,0.0,0.0,0.0,0.0,0.0,0.0,0.0,0.0,0.0,0.009770786935533304,0.0,0.0008043294090493882,9.89901386388269e-06,0.003527175555520209,0.0008108160888449007,0.0,0.6540957748323284,0.49398806939630824,0.5811320754716981,0.2450980392156863,0.4028869471965294,0.1251331537063726,0.020202020202020204,0.9499999999999957,0.0,1.0,0.0,0.8,2.4616485709359508e-05,0.0,0.000257978663077749,0.0011246917975291063,0.0,0.000202594115374566,0.0036703026509838205,0.0,0.0,0.00011880270207075873,0.0010826815414155032,0.03312156029362849,0,2
7082,0.8000000000000114,0.0,0.0,0.03861003861003861,0.0,0.2,0.5294117647058824,0.0,0.0,0.0,0.0,1.0,0.0,0.0,0.0,0.0,0.0100015403122748,0.0,0.0008043294090493882,9.89901386388269e-06,0.01089314143840222,0.002504081296009367,0.0,0.6541498858572459,0.49404027623034036,0.3937735849056604,0.21286764705882358,0.3968364225740017,0.10815213985838713,0.020202020202020204,0.8999999999999986,0.0,1.0,0.0,0.55,0.0,0.0,1.2500724588370797e-05,0.0,0.0,2.2839721890247184e-05,0.0036848522706730566,0.0,0.0,0.00022673306383573098,0.0011075325250252193,0.03312156029362849,0,1
8902,0.4000000000000341,1.0,0.0,0.10424710424710425,0.2962962962962963,0.6000000000000001,0.5,0.0,0.0,0.0,0.0,1.0,0.0,0.0,0.0,0.0,0.009770786935533304,0.0,0.0008043294090493882,9.89901386388269e-06,0.0,7.130062562559443e-05,1.7572701452046676e-05,0.6541022584145388,0.49399643418158745,0.580754716981132,0.2450980392156863,0.40287476084280827,0.1342189360235604,0.24242424242424243,0.44999999999999574,0.0,1.0,1.0,0.4,0.0,0.0,0.0,0.0,0.0,0.0,0.0036354330375410375,0.0,0.0,6.129441734744572e-05,0.001086185017074294,0.03312156029362849,0,0
8309,0.8000000000000114,1.0,0.0,0.06756756756756757,0.0,0.6000000000000001,0.0,0.0,0.0,0.0,0.0,0.0,0.0,0.0,0.0,0.0,0.009770786935533304,0.0,0.0008043294090493882,9.89901386388269e-06,0.0,0.000412014570922724,0.0,0.6540940920629459,0.49398478077684166,0.580754716981132,0.2450980392156863,0.40287476084280827,0.12820352152390502,0.25252525252525254,0.14999999999999858,0.0,0.0,0.0,0.6,0.0,0.0,0.0,0.0,0.0,0.0,0.003635445602318532,0.004680087680876951,0.0,0.0002716038518271416,0.0010871840132320085,0.03312156029362849,0,3
1940,0.0,0.0,0.0,0.03474903474903475,0.0,0.4,0.5588235294117647,0.0,0.0,0.0,0.0,0.0,0.0,0.0,0.0,0.0,0.009770786935533304,0.0,0.0010286752003630453,9.89901386388269e-06,0.005311549701471603,0.0012859042901287275,0.0,0.6540952602938659,0.49401117319022136,0.46169811320754717,0.23995098039215687,0.3968425157508622,0.12594774108653425,0.020202020202020204,0.6499999999999986,0.0,1.0,0.0,0.6,8.139869378246566e-05,0.0,0.0,0.0,2.1426960773119806e-05,0.0,0.0036520252188717095,0.0,0.0,0.0004399076797607164,0.0010970395460317545,0.03312156029362849,0,2
3244,0.20000000000004547,0.0,0.0,0.015444015444015444,0.0,0.6000000000000001,0.5294117647058824,0.0,0.0,0.0,0.0,1.0,0.0,0.0,0.0,0.0,0.009770786935533304,0.0,0.0008043294090493882,9.89901386388269e-06,0.0006449196670132266,0.00029060406504977126,0.0,0.6541101348619756,0.4940056622682942,0.2816981132075472,0.1064950980392157,0.39321707551883406,0.06334983394949559,0.020202020202020204,0.9499999999999957,0.0,1.0,0.0,0.05,0.0,0.0,0.0,0.0,0.0,6.154437718210593e-05,0.0036372757406904527,0.0,0.0,3.875669544298008e-05,0.0010859330622529353,0.03312156029362849,0,1
9410,0.4000000000000341,0.0,1.0,0.15830115830115832,0.0,0.6000000000000001,0.2941176470588235,0.0,0.0,0.0,0.0,0.0,0.0,0.0,0.0,0.0,0.010217304426430074,0.0,0.0008054990138282374,9.89901386388269e-06,0.0004945348119249406,0.00015581430425173608,1.7855430559567228e-05,0.6541286161691083,0.4940152983270334,0.4390566037735849,0.21200980392156865,0.3984328349114662,0.10207406479102701,0.020202020202020204,0.10000000000000142,0.0,1.0,0.0,0.35000000000000003,0.0,0.0,0.0004604097515733019,0.0005726742525128665,0.0,0.00010147775168957927,0.0036491785114706314,0.0,0.0,0.0,0.001095975665187603,0.033142394071746455,1,4
3231,0.0,0.0,0.0,0.15830115830115832,0.0,0.4,0.029411764705882346,0.0,0.0,0.0,0.0,0.0,0.0,0.0,0.0,0.0,0.009770786935533304,0.0,0.0008043294090493882,9.89901386388269e-06,0.0008560368674256282,0.00019678307864965923,0.0,0.6541178645350795,0.4940147183934306,0.3920754716981132,0.17708333333333334,0.3967815839822567,0.09944232094742779,0.24242424242424243,0.6999999999999957,0.0,1.0,0.0,0.55,1.112018852507746e-05,0.0,0.0,0.0,0.0,0.0,0.0036354330375410375,0.0,0.0,7.119464252000894e-05,0.0010930346887050425,0.03312156029362849,0,2
8314,0.4000000000000341,0.0,0.0,0.03474903474903475,0.0,0.2,0.029411764705882346,0.0,0.0,0.0,0.0,0.0,0.0,0.0,0.0,0.0,0.009770786935533304,0.0,0.0008043294090493882,8.320030057373794e-06,0.0017005056690752344,0.0021824805720337837,0.0,0.6540919010501626,0.4940221907641496,0.2788679245283019,0.09901960784313726,0.39224826039800637,0.05865029137163984,0.020202020202020204,0.9499999999999957,0.0,1.0,0.0,0.05,0.0,0.0,3.830867212565245e-06,0.0,0.0,1.3732744174515712e-06,0.003646001193361731,0.0,0.0,0.0008108975129713416,0.0010968472712428404,0.03312156029362849,0,2
9058,0.0,0.0,1.0,0.02316602316602317,0.0,0.6000000000000001,0.23529411764705882,0.0,0.0,0.0,0.0,0.0,0.0,0.0,0.0,0.0,0.00996898832936918,0.0,0.0011748134187976541,9.89901386388269e-06,0.01449008689063406,0.00494375934626135,0.0,0.6536509816773967,0.49344762135306863,0.5749056603773585,0.2450980392156863,0.4033256559304891,0.1326524218309418,0.020202020202020204,0.9499999999999957,0.0,1.0,0.0,0.25000000000000006,0.00016847289281948856,0.0,0.0,0.0,0.0002628519935893163,0.0,0.003652507392208058,0.0,0.0,0.007527292132365243,0.0011162234545340302,0.03337646156890175,1,4
7458,0.0,1.0,0.0,0.06756756756756757,0.0,0.6000000000000001,0.029411764705882346,0.0,0.0,0.0,0.0,0.0,0.0,0.0,0.0,0.0,0.009770786935533304,0.0,0.0008043294090493882,9.89901386388269e-06,0.0004569385981528691,0.00010503961630623701,0.0,0.6541010749429432,0.49402572005217965,0.580754716981132,0.2450980392156863,0.3955020168415409,0.12933141174259039,0.25252525252525254,0.3500000000000014,0.0,1.0,0.0,0.8,0.0,0.0,0.0,0.0,0.0,0.0,0.0036354330375410375,0.0,0.0,3.696595703967407e-05,0.0010897627457967076,0.03312156029362849,0,3
7163,0.8000000000000114,0.0,0.0,0.03474903474903475,0.0,0.6000000000000001,0.5294117647058824,0.0,0.0,0.0,0.0,1.0,0.0,0.0,0.0,0.0,0.011813961881071188,0.09285049633105431,0.0011068203943205553,9.89901386388269e-06,0.0,0.0,0.0,0.6434456324383977,0.501148789852745,0.4464150943396227,0.15477941176470592,0.3976041628584312,0.08766213421893604,0.030303030303030304,0.14999999999999858,0.0,0.0,0.0,0.30000000000000004,0.021788746682858965,0.0,0.08436547481330824,0.17962984938183704,0.01967497413465325,0.0,0.004773719422182761,0.0,0.0,0.0,0.0255403715563237,0.03323258448930378,0,1
11899,0.20000000000004547,0.0,1.0,0.02316602316602317,0.0,1.0,0.23529411764705882,0.0,0.0,0.0,0.0,0.0,0.0,0.0,0.0,0.0,0.009770786935533304,0.0,0.0008043294090493882,9.89901386388269e-06,0.0,0.0,0.0,0.6530734773574222,0.4927911089542446,0.20339622641509433,0.2450980392156863,0.39068840712170516,0.1342189360235604,0.04040404040404041,0.6499999999999986,0.0,1.0,0.0,0.0,0.0,0.0,0.0,0.0,0.0,0.0,0.0036398735084374233,0.0,0.0,0.0005750061013015599,0.0010825576210823542,0.03312156029362849,1,4
415,0.8000000000000114,0.0,0.0,0.15830115830115832,0.0,0.4,0.029411764705882346,0.0,0.0,0.0,0.0,0.0,0.0,0.0,0.0,0.0,0.010073010199847052,0.0,0.0008043294090493882,9.89901386388269e-06,0.0004941733098694399,0.00048406310520872673,0.0,0.6540962751240724,0.4939894241274152,0.580754716981132,0.2442401960784314,0.40287476084280827,0.13378031204962718,0.25252525252525254,0.6999999999999957,0.0,1.0,0.0,0.8,0.0,0.0,0.0,0.0,0.0,0.0,0.003642149696410396,0.0,0.0,0.0002236120626185405,0.001086060749764212,0.03312156029362849,0,2
5108,0.6000000000000227,1.0,0.0,0.03861003861003861,0.537037037037037,0.4,0.5,0.0,0.0,0.0,0.0,1.0,0.0,0.0,0.0,0.0,0.009770786935533304,0.0,0.0009992635388575847,9.89901386388269e-06,0.0,0.0,3.640680969149274e-05,0.6541240088465973,0.49402160423157004,0.3920754716981132,0.18284313725490198,0.3967815839822567,0.10188608308791279,0.24242424242424243,0.6999999999999957,0.0,0.0,0.0,0.55,0.0,0.002501256831095147,0.0,0.0,0.0,0.0,0.003647730028215103,0.016465227361741237,0.0,6.33409755226526e-05,0.001094568971133828,0.03318356558564623,0,0
5211,0.6000000000000227,1.0,0.0,0.06756756756756757,0.0,0.6000000000000001,0.0,0.0,0.0,0.0,0.0,0.0,0.0,0.0,0.0,0.0,0.009770786935533304,0.0,0.0008043294090493882,9.89901386388269e-06,0.0,0.0,0.0,0.6541012246991473,0.49399522307526833,0.20339622641509433,0.2450980392156863,0.39068840712170516,0.1342189360235604,0.25252525252525254,0.8999999999999986,0.0,0.0,1.0,0.85,0.0,0.00044154668336414,0.0,0.0,0.0,0.0,0.0036354330375410375,0.0010077693548986295,0.0,3.4637997115376256e-05,0.0010825576210823542,0.03312156029362849,0,3
3685,0.20000000000004547,0.0,0.0,0.10231660231660232,0.0,0.6000000000000001,0.5588235294117647,0.0,0.0,0.0,0.0,0.0,0.0,0.0,0.0007251650056750238,0.0,0.009770786935533304,0.0,0.0008043294090493882,9.89901386388269e-06,0.0,0.00037146130133613883,0.0,0.654105484799309,0.49400021423073354,0.3920754716981132,0.1888480392156863,0.3967815839822567,0.10545773544708317,0.25252525252525254,0.7999999999999972,0.0,0.0,0.0,0.55,0.0,0.0001629517521939088,0.0,0.0,0.0,0.0,0.0036354330375410375,0.0016926941433137925,0.0,6.357121331736336e-05,0.0010838465412515044,0.03312156029362849,0,2
4940,0.8000000000000114,0.0,0.0,0.015444015444015444,0.0,0.6000000000000001,0.5294117647058824,0.0,0.0,0.0,0.0,1.0,0.0,0.0,0.0,0.0,0.009770786935533304,0.0,0.0008043294090493882,9.89901386388269e-06,0.0015418062667104326,0.0012569020542973377,0.0,0.654088040189439,0.49397977603524784,0.3920754716981132,0.128921568627451,0.3967815839822567,0.07481671783946363,0.24242424242424243,0.8500000000000014,0.0,1.0,0.0,0.5,0.0,0.0,0.0,0.0,0.0,0.0,0.0036354330375410375,0.0,0.0,0.00041657691656335813,0.001088092101433325,0.03312156029362849,0,1
6805,0.4000000000000341,1.0,1.0,0.06756756756756757,0.0,0.6000000000000001,0.32352941176470584,0.0,0.0,0.0,0.0,0.0,0.0,0.0,0.0,0.0,0.009770786935533304,0.0,0.0008043294090493882,9.89901386388269e-06,0.0,0.00024996769450091845,0.0,0.6541033418277857,0.49399741393554564,0.20339622641509433,0.2090686274509804,0.39068840712170516,0.045052948179710506,0.25252525252525254,0.14999999999999858,0.0,0.0,0.0,0.75,0.0,0.00488666022288856,0.0,0.0,0.0,0.0,0.0036354330375410375,0.0018791407422351055,0.0,7.861341590513385e-05,0.0010825576210823542,0.03312156029362849,0,4
3204,0.8000000000000114,1.0,0.0,0.15830115830115832,0.0,0.6000000000000001,0.1764705882352941,0.0,0.0,0.0,0.0,0.0,0.0,0.0,0.0,0.0,0.009770786935533304,0.0,0.0008043294090493882,9.89901386388269e-06,0.001174520178321734,0.006904360349040662,0.0,0.6539744414942922,0.49384668321427627,0.2788679245283019,0.10514705882352943,0.3931256778659258,0.06266056770474342,0.25252525252525254,0.29999999999999716,0.0,1.0,0.0,0.35000000000000003,9.544489039930648e-05,0.0,0.0,0.0,0.0,0.0,0.0036354330375410375,0.0,0.0,0.0032603462469448724,0.0010985383872452591,0.03312156029362849,0,3
1676,0.0,0.0,0.0,0.0888030888030888,0.0,0.8,0.5588235294117647,0.0,0.0,0.0,0.0,0.0,0.0,0.0,0.055115187045970286,0.0,0.009869887632451241,0.0,0.0008043294090493882,9.89901386388269e-06,0.0,0.0,0.0,0.6541002473079919,0.4939907598379422,0.20339622641509433,0.24497549019607845,0.39068840712170516,0.07556864465192056,0.020202020202020204,0.29999999999999716,0.0,1.0,0.0,0.45,0.0,0.0,0.0,0.0,0.0,0.0,0.0036354330375410375,0.0,0.0,4.9705781680336825e-05,0.0010825576210823542,0.03312156029362849,0,2
7880,0.0,1.0,0.0,0.06756756756756757,0.2962962962962963,0.6000000000000001,0.5,0.0,0.0,0.0,0.0,1.0,0.0,0.0,0.0,0.0,0.009770786935533304,0.0,0.0008043294090493882,9.89901386388269e-06,0.0,0.00045389745590559066,0.0,0.6541035038427943,0.49399789333179694,0.3920754716981132,0.15318627450980393,0.3967815839822567,0.08722351024500283,0.24242424242424243,0.6999999999999957,0.0,0.0,0.0,0.05,0.0,0.0024589945056874367,0.0,0.0,0.0,0.0,0.0036355351263581796,0.0025822931186144068,0.0,0.0001508569194899363,0.0010835359473284996,0.03312156029362849,0,0
592,0.4000000000000341,1.0,1.0,0.03474903474903475,0.0,0.6000000000000001,0.2647058823529412,0.0,0.0,0.0,0.0,0.0,0.0,0.0,0.0,0.0,0.009770786935533304,0.0,0.0008043294090493882,9.89901386388269e-06,0.0,0.0005620949087779962,0.0,0.6540913825358716,0.4939826842431142,0.4132075471698113,0.13198529411764706,0.3974640197906385,0.07406479102700672,0.23232323232323235,0.14999999999999858,0.0,0.0,1.0,0.0,0.0,0.0,0.0,0.0,0.0,0.0,0.0036354330375410375,0.0,0.0,0.0002701456791273067,0.0010846071642563735,0.03312156029362849,0,4
5713,0.8000000000000114,0.0,0.0,0.02316602316602317,0.0,0.0,0.4411764705882353,0.0,0.0,0.0,0.0,0.0,0.0,0.0,0.0,0.0,0.009770786935533304,0.0,0.0008043294090493882,9.89901386388269e-06,0.0017070127060742468,0.00487711237452274,0.0,0.6541058363288058,0.4939546079261407,0.4218867924528302,0.24276960784313728,0.3985486052718167,0.04862460053888089,0.020202020202020204,0.5,0.0,1.0,0.0,0.75,7.089629350878139e-05,0.0,0.0,0.0,0.0,0.0,0.003643210242160784,0.0,0.0,0.0014709125244755567,0.001085879181692082,0.03315206689730122,0,2
6401,0.6000000000000227,1.0,0.0,0.05791505791505792,0.7037037037037037,0.4,0.5,0.0,0.0,0.0,0.0,1.0,0.0,0.0,0.0,0.0,0.010987475613289967,0.0,0.0008043294090493882,9.89901386388269e-06,0.05098263488726197,0.011719728708598581,0.00026037175963354304,0.6537448105656808,0.4943771819414691,0.580754716981132,0.24473039215686276,0.393095211981623,0.0627858888401529,0.020202020202020204,0.29999999999999716,1.0,1.0,0.0,0.2,8.270215910408645e-05,0.0,8.357339261096283e-05,0.0003643491598873111,0.000252396763643046,0.0,0.003812090275268847,0.0,0.0,0.005564156784775245,0.0014154174008430278,0.03312156029362849,0,0
2635,0.6000000000000227,1.0,1.0,0.0694980694980695,0.0,0.4,0.23529411764705882,0.0,0.0,0.0,0.0,0.0,0.0,0.0,0.0,0.0,0.010187055010969929,0.0,0.0016422966515384787,9.89901386388269e-06,0.057310366866746,0.013174327952130522,0.00044977851327942733,0.6532197918194345,0.49424754970153445,0.5784905660377359,0.2450980392156863,0.399115270719848,0.12538379597719157,0.020202020202020204,0.5,0.0,1.0,0.0,0.4,0.0,0.0,0.002113832202975475,0.00678682717367896,0.0,0.0004639860590963348,0.003874917696584594,0.0,0.0,0.010989147613636422,0.0018700086345561666,0.033194230495873285,0,4
9311,0.4000000000000341,0.0,1.0,0.02316602316602317,0.0,0.8,0.2647058823529412,0.0,0.0,0.0,0.0,0.0,0.0,0.0,0.0,0.0,0.009920544116251664,0.0,0.0008043294090493882,9.89901386388269e-06,0.0,0.0,0.0,0.6498349994425591,0.48898439877760524,0.580754716981132,0.2450980392156863,0.41006470953825913,0.1342189360235604,0.25252525252525254,0.29999999999999716,0.0,0.0,1.0,0.45,0.0,0.001102605146457881,0.0,0.0,0.0,0.0,0.0036360216188367914,0.0034342783848534306,0.0,0.06591569919892597,0.0010872875114942547,0.03326789278279036,1,4
5059,0.8000000000000114,1.0,0.0,0.10424710424710425,0.2962962962962963,0.6000000000000001,0.5,0.0,0.0,0.0,0.0,1.0,0.0,0.0,0.0,0.0,0.010368340811284809,0.0,0.0008043294090493882,9.89901386388269e-06,0.00026064298201599576,0.0007592934922389933,0.0,0.6541010646720531,0.4939947168949349,0.4258490566037736,0.20919117647058827,0.39787226264029546,0.11523278400902313,0.24242424242424243,0.0,0.0,0.0,0.0,0.55,0.0,0.003216982978795877,0.0,0.0,0.0,0.0,0.003640135012869026,0.013007237665425981,0.0,0.0004211049265260033,0.0010897007360619998,0.03312156029362849,0,0
7076,0.4000000000000341,0.0,0.0,0.06756756756756757,0.0,0.6000000000000001,0.5588235294117647,0.0,0.0,0.0,0.0,0.0,0.0,0.0,0.0,0.0,0.009770786935533304,0.0,0.0008043294090493882,9.89901386388269e-06,0.0,0.0,0.0,0.6540438001525535,0.4939279441783645,0.4088679245283019,0.24154411764705885,0.3973238767228458,0.13240177956012283,0.020202020202020204,0.14999999999999858,0.0,1.0,0.0,0.85,0.0,0.0,0.0,0.0,0.0,3.613880045925187e-08,0.0036390320609945943,0.0,0.0,0.0011540285730219633,0.001088551845869308,0.03312156029362849,0,2
9193,0.6000000000000227,1.0,1.0,0.03861003861003861,0.0,0.6000000000000001,0.23529411764705882,0.0,0.0,0.0,0.0,0.0,0.0,0.0,0.0,0.0,0.009770786935533304,0.0,0.0008043294090493882,9.89901386388269e-06,0.04560131528907873,0.012237364602563415,0.0007741122963912739,0.6539983673671392,0.49378635808615484,0.580754716981132,0.2450980392156863,0.40373389878014604,0.1342189360235604,0.020202020202020204,0.8999999999999986,0.0,1.0,0.0,0.25000000000000006,6.317054592542477e-05,0.0,0.0,0.0,8.2014079219246e-06,0.0,0.003721572047601892,0.0,0.0,0.0032114590885346183,0.0012885567355971224,0.034249595288978786,1,4
6473,0.6000000000000227,1.0,1.0,0.06756756756756757,0.0,0.6000000000000001,0.23529411764705882,0.0,0.0,0.0,0.0,0.0,0.0,0.0,0.0,0.0,0.009770786935533304,0.0,0.0008043294090493882,9.89901386388269e-06,0.0,5.733966396463888e-05,2.8338155930713883e-05,0.6541041263912624,0.49399605338181213,0.5207547169811321,0.2450980392156863,0.4009371306011529,0.12268939156588761,0.24242424242424243,0.9499999999999957,0.0,0.0,1.0,0.5,0.0,0.0006654739299273824,0.0,0.0,0.0,0.0,0.0036386091777020476,0.005567369589910938,0.0,9.529286503306983e-05,0.0010864636891194795,0.03312156029362849,0,4
5025,0.4000000000000341,1.0,1.0,0.06756756756756757,0.0,0.6000000000000001,0.2941176470588235,0.0,0.0,0.0,0.0,0.0,0.0,0.0,0.0,0.0,0.009961207758327938,0.0,0.0008043294090493882,9.89901386388269e-06,0.0,0.0012007258038044452,0.0,0.6541054732031427,0.49400016764972127,0.3920754716981132,0.16004901960784315,0.3967815839822567,0.09060718090105897,0.24242424242424243,0.29999999999999716,0.0,0.0,1.0,0.55,0.0,0.0008990731514595536,0.0,0.0,0.0,0.0,0.0036354330375410375,0.006926406190830334,0.0,0.0004170118101755896,0.0010872708070333462,0.03312156029362849,0,4
11376,0.4000000000000341,0.0,1.0,0.04247104247104247,0.0,0.4,0.2941176470588235,0.0,0.0,0.0,0.0,0.0,0.0,0.0,0.0,0.0,0.009770786935533304,0.0,0.0008043294090493882,9.89901386388269e-06,0.0,0.0,0.0,0.6533337562907968,0.4930822542552649,0.20339622641509433,0.2450980392156863,0.39068840712170516,0.13233911899241807,0.24242424242424243,0.6999999999999957,0.0,1.0,1.0,0.25000000000000006,0.0,0.0,0.0,0.0,0.0,0.0,0.0036354330375410375,0.0,0.0077728696098562635,0.004139266237264652,0.0010825576210823542,0.03312156029362849,1,4
883,0.0,0.0,0.0,0.03474903474903475,0.0,0.6000000000000001,0.5588235294117647,0.0,0.0,0.0,0.0,0.0,0.0,0.0,0.0,0.0,0.010178868104497132,0.0,0.0008043294090493882,9.89901386388269e-06,0.0,0.0,0.0,0.6539513144316402,0.4940253124683222,0.39264150943396225,0.13860294117647062,0.3924188693501018,0.04755937088790024,0.020202020202020204,0.44999999999999574,1.0,1.0,0.0,0.45,0.0,0.0,0.0,0.0,2.1661733900655815e-05,0.0,0.003640936017434295,0.0,0.0,0.0012225371079370132,0.0011791452428938055,0.03312156029362849,0,2
2024,0.0,0.0,0.0,0.03581081081081081,0.0,0.0,0.7941176470588235,0.3333333333333333,0.0,0.0,0.0,0.0,0.0,0.0,0.0,0.0,0.009770786935533304,0.0,0.0008043294090493882,9.89901386388269e-06,1.9882613052537815e-05,4.570552924717592e-06,0.0,0.654075313562638,0.4939648472089889,0.28452830188679246,0.21164215686274512,0.39330847317174233,0.11711260104016544,0.25252525252525254,0.6999999999999957,0.0,1.0,0.0,0.05,0.0,0.0,0.0,0.0,0.0,0.0,0.0036354330375410375,0.0,0.0005037217659137577,2.0798147455539803e-05,0.0010848535178786737,0.03312156029362849,0,2
4235,1.0,1.0,0.0,0.06756756756756757,0.2962962962962963,0.6000000000000001,0.5,0.0,0.0,0.0,0.0,1.0,0.0,0.0,0.0,0.0,0.009770786935533304,0.0,0.0008043294090493882,9.89901386388269e-06,0.0008390462708170958,0.0035635354639589048,0.0,0.6540308886497306,0.4939128169946283,0.20339622641509433,0.2450980392156863,0.39068840712170516,0.1342189360235604,0.020202020202020204,0.29999999999999716,0.0,1.0,0.0,0.75,0.0,0.0,0.0,0.0,0.0,2.1574863874173368e-05,0.0036354330375410375,0.0,0.0,0.0021583258335503537,0.0010825576210823542,0.03312156029362849,0,0
5122,0.6000000000000227,0.0,0.0,0.10424710424710425,0.0,0.6000000000000001,0.5588235294117647,0.0,0.0,0.0,0.0,0.0,0.0,0.0,0.0,0.0,0.009770786935533304,0.0,0.0008043294090493882,1.7682594294686153e-05,0.000421149894658301,0.0,0.0,0.6540981848469944,0.49399196007535845,0.580754716981132,0.24448529411764708,0.4025274497617568,0.1436180211792719,0.25252525252525254,1.0,0.0,0.0,0.0,0.2,0.0,0.0033263183480098544,0.0,0.0,0.0,0.0,0.0036354330375410375,0.004494104495208964,0.0,9.782548077488833e-05,0.0010841688332539586,0.03312156029362849,0,2
2727,0.0,0.0,0.0,0.03474903474903475,0.0,0.6000000000000001,0.47058823529411764,0.0,0.0,0.0,0.0,0.0,0.0,0.0,0.0,0.0,0.009941387618944352,0.0,0.0008445950029025693,9.89901386388269e-06,0.007719876395217183,0.0017746210492244395,0.0,0.6530499560251177,0.49316985295424826,0.580754716981132,0.241421568627451,0.3915658245896246,0.1316498527476659,0.030303030303030304,0.3500000000000014,0.0,1.0,0.0,0.10000000000000002,0.0,0.0,0.00019567666472602999,0.0,0.0,7.068749369829666e-05,0.0037275226476933877,0.0,0.004705030800821355,0.0031802234943855237,0.0011404080937283368,0.03313436810674768,0,2
10924,1.0,0.0,0.0,0.10231660231660232,0.0,1.0,0.0,0.0,0.0,0.0,0.0,0.0,0.0,0.0,0.0,0.0,0.009770786935533304,0.0,0.0008121267742417161,9.89901386388269e-06,0.05267301849878318,0.012612731649126132,0.0,0.6535030271861575,0.49329428558868776,0.39679245283018866,0.23811274509803923,0.3969217270500494,0.13058462309668528,0.020202020202020204,0.29999999999999716,0.0,1.0,0.0,0.75,0.0,0.0,0.0,0.0,0.0,0.0016912958614929876,0.0036611912240538855,0.0,0.0023100616016427105,0.005420513982852913,0.0011018599478549872,0.03312156029362849,1,2
55,0.8000000000000114,0.0,0.0,0.03474903474903475,0.0,0.8,0.029411764705882346,0.0,0.0,0.0,0.0,0.0,0.0,0.0,0.0,0.0,0.01199187660225021,0.0,0.0008043294090493882,4.164063705113843e-05,0.05450330340578317,0.014086111710130546,0.0,0.654346895113598,0.49427029288077756,0.44132075471698107,0.2147058823529412,0.39836580996600013,0.11805250955573661,0.020202020202020204,0.7999999999999972,0.0,1.0,0.0,0.35000000000000003,0.00039964789871444443,0.0,0.0,0.0,0.00030789713099255866,0.0,0.00412012639707545,0.0,0.0,0.005919209046196447,0.001470769094323259,0.03312156029362849,0,2
9003,0.4000000000000341,0.0,1.0,0.08687258687258688,0.0,0.6000000000000001,0.23529411764705882,0.0,0.0,0.0,0.0,0.0,0.0,0.0,0.0,0.0,0.013509855477774092,0.003921668633126142,0.001149768281799897,9.89901386388269e-06,0.05601004397311003,0.01287541379085399,9.454026387629566e-05,0.6530261709628609,0.49546333236613294,0.580754716981132,0.24485294117647063,0.3992554137876406,0.12594774108653425,0.030303030303030304,0.3999999999999986,1.0,1.0,0.0,0.45,0.0010031116093335748,0.0,0.01359100955952588,0.05925178768420729,0.0,0.003445581652186451,0.003895401032445568,0.0,0.0,0.004804755791887546,0.0028010384054210262,0.039526900415572365,1,4
10132,0.6000000000000227,0.0,0.0,0.21235521235521235,0.0,0.8,0.5294117647058824,0.0,0.0,0.0,0.0,1.0,1.0,0.0,0.0,0.0,0.009770786935533304,0.0,0.0008043294090493882,9.89901386388269e-06,0.00016448343525281284,3.781093783175462e-05,0.0,0.6541021716089515,0.49399633247971064,0.580754716981132,0.2450980392156863,0.40287476084280827,0.1342189360235604,0.25252525252525254,0.0,0.0,0.0,0.0,0.45,0.0,0.0,0.0,0.0,0.0,0.0,0.0036354330375410375,0.07234027631942057,0.0,2.0030688139837227e-05,0.0011385351122449885,0.03312156029362849,1,1
9192,0.6000000000000227,0.0,1.0,0.05791505791505792,0.0,0.6000000000000001,0.23529411764705882,0.0,0.0,0.0,0.0,0.0,0.0,0.0,0.0,0.0,0.01028335650824827,0.0,0.001492945918644631,9.89901386388269e-06,0.0,0.0,0.0,0.652373198792925,0.491909321852033,0.580754716981132,0.24497549019607845,0.40281992225106333,0.13246444012782757,0.030303030303030304,0.8999999999999986,0.0,0.0,0.0,0.30000000000000004,0.01906411040552225,0.0,0.00024205032045708296,0.00047466476800759466,0.0,0.00012139023074262705,0.0038860669733644044,0.0,0.0,0.0,0.0016463298556791527,0.03312156029362849,1,4
4127,0.8000000000000114,0.0,0.0,0.015444015444015444,0.0,0.4,0.029411764705882346,0.0,0.0,0.0,0.0,0.0,0.0,0.0,0.0,0.0,0.011449900383859062,0.0,0.0008043294090493882,6.823031948510553e-05,0.0,0.0007272165208037026,0.0005320091867821358,0.6535674369319819,0.49472531445290624,0.580754716981132,0.24411764705882358,0.3950876808150234,0.13058462309668528,0.020202020202020204,0.14999999999999858,0.0,1.0,0.0,0.10000000000000002,0.0,0.0,0.0,0.0,1.5776754170419843e-05,0.0,0.00400919158392796,0.0,0.0,0.002746199669378527,0.0013809840544159598,0.03312668441096084,0,2
6091,0.8000000000000114,0.0,0.0,0.10231660231660232,0.0,0.4,0.029411764705882346,0.0,0.0,0.0,0.0,0.0,0.0,0.0,0.0,0.0,0.009770786935533304,0.0,0.0008043294090493882,9.89901386388269e-06,0.0007468632466644205,0.00017168658804484627,3.7385487371371575e-05,0.6541190337599566,0.49401608826336657,0.3920754716981132,0.17218137254901963,0.3967815839822567,0.09693589823923807,0.24242424242424243,0.14999999999999858,0.0,1.0,0.0,0.55,0.0,0.0,0.0,0.0,0.0,0.0,0.0036474936533384896,0.0,0.0,8.326933575372947e-05,0.0010935114350107337,0.03312156029362849,0,2
7999,0.20000000000004547,0.0,0.0,0.20463320463320464,0.0,0.6000000000000001,0.5294117647058824,0.0,0.0,0.0,0.0,1.0,0.0,0.0,0.0,0.0,0.01059453420151664,0.00012912221836445089,0.0008264115472740607,9.89901386388269e-06,0.0,0.01100414632251234,0.0,0.6533186163361395,0.493864070353458,0.580754716981132,0.2450980392156863,0.3994016500322939,0.11899241807130774,0.020202020202020204,0.5,1.0,1.0,0.0,0.25000000000000006,0.00028074742140784696,0.0,0.019910226651242386,0.037338976570019645,0.0,0.005479003537627177,0.0037356312483195495,0.0,0.0,0.006726346008520846,0.001805160479833522,0.03389011340797673,0,1
10249,0.6000000000000227,0.0,0.0,0.02316602316602317,0.0,0.6000000000000001,0.5294117647058824,0.0,0.016,0.017507171375074515,0.0,1.0,0.0,0.0,0.0,0.0,0.009770786935533304,0.0,0.0008589109653956833,9.89901386388269e-06,0.0,5.3932524511667583e-05,0.0,0.6539935155311798,0.49387038906777303,0.47886792452830185,0.1511029411764706,0.39525828976711885,0.0861582805940222,0.020202020202020204,0.14999999999999858,0.0,1.0,0.0,0.35000000000000003,0.0,0.0,1.0081229506750644e-07,4.395044148218469e-07,0.0,0.0,0.003635452277356576,0.0,0.001026694045174538,3.916600707802145e-05,0.0010829909952714432,0.03312156029362849,1,1
738,0.6000000000000227,1.0,0.0,0.15830115830115832,0.4444444444444444,0.6000000000000001,0.5,0.0,0.0,0.0,0.0,1.0,0.0,0.0,0.0,0.0,0.009770786935533304,0.0,0.0008043294090493882,9.89901386388269e-06,0.008337683408067858,0.002975263752066617,0.0,0.654102361454759,0.4939958002916454,0.580754716981132,0.2450980392156863,0.40287476084280827,0.1336549909142177,0.020202020202020204,0.8500000000000014,0.0,1.0,0.0,0.5,0.00040139943024037234,0.0,0.0,0.0,0.0,1.9261980644781247e-05,0.0036354487435129056,0.0,0.0,0.00034292640423310095,0.001109422161401343,0.03312156029362849,0,0
273,0.6000000000000227,0.0,0.0,0.10424710424710425,0.0,0.6000000000000001,0.5588235294117647,0.0,0.0,0.0,0.0,0.0,0.0,0.0,0.0,0.0,0.009770786935533304,0.0,0.0008043294090493882,9.89901386388269e-06,0.0,8.443057766387405e-05,0.0,0.6540710438542244,0.4939594523514173,0.3820754716981132,0.22879901960784318,0.39645255243178695,0.12481985086784889,0.24242424242424243,0.44999999999999574,0.0,1.0,1.0,0.55,0.0,0.0,0.0,0.0,0.0,0.0,0.0036354330375410375,0.0,0.0,0.000527091058024529,0.0010833328666865348,0.03312156029362849,0,2
2781,0.8000000000000114,1.0,0.0,0.06756756756756757,0.0,0.4,0.1764705882352941,0.0,0.0,0.0,0.0,0.0,0.0,0.0,0.0,0.0,0.009770786935533304,0.0,0.0008043294090493882,9.89901386388269e-06,0.0,0.0001734317082524657,0.0,0.6541091067790077,0.49400445776095175,0.28773584905660377,0.1373774509803922,0.39341815035523225,0.07914029701109093,0.24242424242424243,0.75,0.0,0.0,0.0,0.05,0.0,0.00291231576727462,0.0,0.0,0.0,0.0,0.0036354330375410375,0.005539333088084741,0.0,0.00010516750822844296,0.0010855808806661256,0.03312156029362849,0,3
6990,0.4000000000000341,0.0,1.0,0.10424710424710425,0.0,0.6000000000000001,0.32352941176470584,0.0,0.0,0.0,0.0,0.0,0.0,0.0,0.0,0.0,0.009770786935533304,0.0,0.0008043294090493882,9.89901386388269e-06,0.0009919616402938867,0.0005609314953062499,0.0,0.6541095374937541,0.49400241712443904,0.2792452830188679,0.13750000000000004,0.3931439573965074,0.07099442320947429,0.24242424242424243,0.9499999999999957,0.0,0.0,0.0,0.05,0.0,0.0005508820525781175,0.0,0.0,0.0,0.0,0.003640231997245311,0.005785868938853934,0.0,0.00017469932223109633,0.0010860535623848895,0.03312181823564329,0,4
2403,0.20000000000004547,1.0,0.0,0.03861003861003861,0.0,0.6000000000000001,0.1764705882352941,0.0,0.0,0.0,0.0,0.0,0.0,0.0,0.0,0.0,0.009979869089258575,0.0,0.0008043294090493882,9.89901386388269e-06,0.002653425087375047,0.0006099610630441295,0.0,0.6541522203311717,0.49405022088828593,0.3920754716981132,0.20453431372549025,0.3967815839822567,0.11003195688952944,0.24242424242424243,0.0,0.0,1.0,0.0,0.55,8.912444136582229e-05,0.0,0.0,0.0,0.0,0.0,0.0036354330375410375,0.0,0.0,0.00012568425393489182,0.0011103302496026594,0.03312156029362849,0,3
5870,0.6000000000000227,0.0,0.0,0.0694980694980695,0.0,0.6000000000000001,0.5294117647058824,0.0,0.0,0.0,0.0,1.0,0.0,0.0,0.0,0.0,0.009770786935533304,1.1053900718599572e-05,0.0008232146275452063,1.1275563849044291e-05,0.07562767601896585,0.01738505371022944,0.0,0.6537980180835878,0.49480691623473433,0.580754716981132,0.24301470588235294,0.3916998744805567,0.028949182279591458,0.020202020202020204,0.44999999999999574,1.0,1.0,0.0,0.10000000000000002,0.0065345567903241815,0.0,0.019728562895530738,0.0,0.00022632129494471321,0.0,0.004215747102353028,0.0,0.0,0.004454871089858742,0.0018894394419302083,0.0331970827393061,0,1
2780,0.0,0.0,1.0,0.015444015444015444,0.0,0.8,0.2647058823529412,0.0,0.0,0.0,0.0,0.0,0.0,0.0,0.0,0.0,0.010645446526144336,0.0,0.0008043294090493882,9.89901386388269e-06,0.01828585847339128,0.005281730959803649,0.0,0.6540488159914356,0.4941809516637601,0.580754716981132,0.24497549019607845,0.3957030916779391,0.13102324707061846,0.25252525252525254,0.6000000000000014,0.0,1.0,0.0,0.2,3.7237017130677576e-05,0.0,0.0,0.0,0.0,0.0,0.0036354330375410375,0.0,0.0,0.0011748523024546931,0.0011420786885235862,0.03312156029362849,0,4
6863,0.20000000000004547,1.0,0.0,0.08687258687258688,0.0,0.2,0.38235294117647056,0.0,0.0,0.0,0.0,0.0,0.0,0.0,0.0,0.0,0.01223032025327038,0.008999468343385181,0.0015472155803832328,9.89901386388269e-06,0.0885925857374425,0.026349237610996917,0.0,0.6558909680527097,0.4958811978174706,0.27962264150943394,0.07181372549019609,0.3931195846890652,0.0443010213672536,0.020202020202020204,0.3999999999999986,0.0,1.0,0.0,0.45,0.0,0.0,0.0,0.0,0.0,0.000507497174849274,0.003747094251887423,0.0,0.002053388090349076,0.004478022779215769,0.0028349344828516934,0.03312185295860681,0,3
7384,0.8000000000000114,0.0,0.0,0.15830115830115832,0.0,0.6000000000000001,0.029411764705882346,0.0,0.0,0.0,0.0,0.0,0.0,0.0,0.0,0.0,0.009770786935533304,0.0,0.0008043294090493882,9.89901386388269e-06,0.0,0.0,0.0,0.6541106884960843,0.4940063109088901,0.5230188679245283,0.24264705882352944,0.4010102487234795,0.13296572466946552,0.24242424242424243,0.6999999999999957,0.0,0.0,0.0,0.35000000000000003,0.0,0.05004195744793586,0.0,0.0,0.0,0.0,0.003653860069035191,0.0453923322252865,0.0,0.00012872850922051205,0.0011015355244228028,0.03312156029362849,0,2
11676,0.8000000000000114,0.0,1.0,0.015444015444015444,0.0,0.6000000000000001,0.23529411764705882,0.0,0.0,0.0,0.0,0.0,0.0,0.0,0.0,0.0,0.009770786935533304,0.0,0.0008043294090493882,9.89901386388269e-06,0.0,0.0,0.0,0.6540808774032053,0.49397138407771146,0.20339622641509433,0.24154411764705885,0.39068840712170516,0.13240177956012283,0.020202020202020204,0.6000000000000014,0.0,1.0,0.0,0.35000000000000003,0.0,0.0,0.0,0.0,0.0,0.0,0.0036354330375410375,0.0,0.0,0.0003437706094803738,0.0010825576210823542,0.03312156029362849,1,4
578,0.4000000000000341,0.0,0.0,0.06756756756756757,0.0,0.6000000000000001,0.5588235294117647,0.0,0.0,0.0,0.0,0.0,0.0,0.0,0.0,0.0,0.009770786935533304,0.0,0.0008043294090493882,9.89901386388269e-06,0.00015544588386529566,7.819800549380462e-05,0.0,0.6541083016737508,0.4940035117782275,0.3924528301886792,0.1871323529411765,0.39679377033597785,0.10458048749921675,0.25252525252525254,0.6499999999999986,0.0,1.0,0.0,0.55,6.862201807782843e-05,0.0,0.0,0.0,0.0,0.0,0.0036354330375410375,0.0,0.0,2.0286507911738088e-05,0.001085166094527009,0.03312156029362849,0,2
9247,1.0,0.0,1.0,0.05791505791505792,0.0,0.6000000000000001,0.23529411764705882,0.0,0.0,0.0,0.0,0.0,0.0,0.0,0.0,0.0,0.009770786935533304,3.928335892098565e-07,0.0008043294090493882,9.89901386388269e-06,0.04592124460819684,0.011366051013187706,0.0,0.6536706646786721,0.4939281809651769,0.580754716981132,0.2450980392156863,0.40154644828720804,0.13403095432044615,0.020202020202020204,0.3500000000000014,0.0,1.0,0.0,0.45,0.0,0.0,0.0,0.0,0.0,0.0013721902534377937,0.003656382448117195,0.0,0.0,0.0067425649820593596,0.0016980854802276643,0.033122304357132704,1,4
9999,0.6000000000000227,0.0,0.0,0.10231660231660232,0.0,0.6000000000000001,0.5588235294117647,0.0,0.0,0.0,0.0,0.0,0.0,0.0,0.0,0.0,0.009770786935533304,0.0,0.0008043294090493882,9.89901386388269e-06,0.0,0.0,0.0,0.6540375700294053,0.49392064493374105,0.580754716981132,0.2450980392156863,0.40287476084280827,0.1342189360235604,0.020202020202020204,0.14999999999999858,0.0,1.0,0.0,0.35000000000000003,0.0006487455527816863,0.0,0.0,0.0,0.0005085185942429967,0.0,0.0036354330375410375,0.0,0.0,0.0010176254706444254,0.0011020081565734333,0.03312156029362849,1,2
11422,0.8000000000000114,0.0,1.0,0.03861003861003861,0.0,1.0,0.23529411764705882,0.0,0.0,0.0,0.0,0.0,0.0,0.0,0.0,0.0,0.009770786935533304,0.0,0.0009735322337229028,9.89901386388269e-06,0.019803805604438666,0.004552353813980989,0.0004058032628635382,0.6540014141769919,0.4938951123282129,0.580754716981132,0.2450980392156863,0.4002790675002133,0.11097186540510058,0.020202020202020204,0.6000000000000014,0.0,1.0,0.0,0.4,4.759006200292613e-06,0.0,0.0,0.0,0.0,7.599989736580669e-05,0.0036522588452032466,0.0,0.0,0.0020491163729258774,0.0012718892029479054,0.03312156029362849,1,4
2543,0.8000000000000114,0.0,1.0,0.03861003861003861,0.0,0.6000000000000001,0.23529411764705882,0.0,0.0004852,0.0,0.0,0.0,0.0,0.0,0.0,0.0,0.009770786935533304,0.0,0.0008043294090493882,9.89901386388269e-06,0.0,0.0,0.0,0.6537527536082437,0.49358695253610907,0.580754716981132,0.23995098039215687,0.40287476084280827,0.13158719217996115,0.24242424242424243,0.8999999999999986,0.0,1.0,0.0,0.0,0.0,0.0,0.0,0.0,0.0,0.0,0.0036354330375410375,0.0,0.005300128336755647,0.0,0.0010926199521340593,0.03312156029362849,0,4
1674,0.20000000000004547,1.0,1.0,0.06756756756756757,0.0,0.6000000000000001,0.23529411764705882,0.0,0.0,0.0,0.0,0.0,0.0,0.0,0.0,0.0,0.009770786935533304,0.0,0.0008043294090493882,9.89901386388269e-06,0.0002743800601250219,0.0003594947627696055,0.0,0.6541070688356189,0.4940020700958976,0.3939622641509434,0.20747549019607844,0.3968425157508622,0.11498214173820416,0.25252525252525254,0.5,0.0,0.0,0.0,0.55,0.0,0.0021528554718882997,0.0,0.0,0.0,0.0,0.0036354330375410375,0.004807603561083698,0.0,7.52621768932326e-05,0.0010857303285879034,0.03312156029362849,0,4
4552,0.4000000000000341,0.0,1.0,0.05791505791505792,0.0,0.6000000000000001,0.23529411764705882,0.0,0.0,0.0,0.0,0.0,0.0,0.0,0.0,0.0,0.009770786935533304,0.0,0.0008146843100247997,9.89901386388269e-06,0.0,0.0,0.0009561245964558514,0.6536565766619532,0.4934610727848882,0.5733962264150944,0.24497549019607845,0.40262494059152565,0.1336549909142177,0.030303030303030304,0.6000000000000014,0.0,1.0,0.0,0.45,0.0002486495878629347,0.0,0.0,0.0,0.0004823022616681423,0.0,0.003888000771150654,0.0,0.0,0.00882207274388706,0.0016153912113512883,0.03312156029362849,0,4
2256,0.8000000000000114,0.0,0.0,0.03474903474903475,0.0,0.6000000000000001,0.47058823529411764,0.0,0.0,0.0,0.0,0.0,0.0,0.0,0.0,0.0,0.009770786935533304,0.0,0.0008043294090493882,9.89901386388269e-06,0.009534255211775134,0.0021917047788454864,0.0,0.6540435808193518,0.49408004709862047,0.580754716981132,0.24497549019607845,0.39450273583641043,0.09737452221317126,0.020202020202020204,0.5,1.0,1.0,0.0,0.10000000000000002,0.00023283149307451562,0.0,0.0,0.0,0.00012842090076219722,0.0,0.0036539012972113447,0.0,0.0,0.0009235349585392897,0.0011268026820793666,0.03312156029362849,0,2
10683,0.8000000000000114,0.0,1.0,0.31660231660231664,0.0,0.8,0.23529411764705882,0.0,0.0,0.0,0.0,0.0,0.0,0.0,0.0,0.0,0.009770786935533304,2.343907082285477e-05,0.0008043294090493882,9.89901386388269e-06,0.0036153820570623764,0.0008310096226759258,0.0,0.653117553060066,0.49387787153104473,0.580754716981132,0.2450980392156863,0.39717154730133203,0.13403095432044615,0.020202020202020204,0.5,0.0,1.0,0.0,0.45,0.00016840500400065414,0.0,7.389541228448221e-05,0.0,0.0003412036120190006,0.0,0.003691959615592632,0.0,0.0,0.013456503731643013,0.0013960794345825812,0.03312652071698991,1,4
7991,0.8000000000000114,1.0,0.0,0.06756756756756757,0.0,0.6000000000000001,0.1764705882352941,0.0,0.0,0.0,0.0,0.0,0.0,0.0,0.0,0.0,0.009770786935533304,0.0,0.0008043294090493882,9.89901386388269e-06,7.410792137764096e-05,0.0006745305107260489,0.0,0.6541142992109358,0.4940105365830536,0.40283018867924525,0.17818627450980393,0.3971288950633082,0.10000626605677049,0.24242424242424243,0.3500000000000014,0.0,1.0,0.0,0.55,8.608302228204041e-06,0.0,0.0,0.0,0.0,0.0,0.003646540300846101,0.0,0.0,0.0002272447033795327,0.001090465770630729,0.03312156029362849,0,3
2590,0.8000000000000114,0.0,0.0,0.03861003861003861,0.0,0.6000000000000001,0.0,0.0,0.0,0.0,0.0,0.0,0.0,0.0,0.0,0.0,0.009800313976892908,0.0,0.0008417567619725619,9.89901386388269e-06,0.0370662517587075,0.00852059096418307,1.6811507701029803e-05,0.653605155616287,0.49421258172379495,0.580754716981132,0.2450980392156863,0.39372890237512037,0.1236919606491635,0.020202020202020204,0.19999999999999574,1.0,1.0,0.0,0.45,0.0,0.0,0.0,0.0,0.0,0.001298647794503216,0.00372201495600857,0.0,0.0,0.001981093895577439,0.001239733413107851,0.033133465309695895,0,2
7006,0.6000000000000227,0.0,0.0,0.015444015444015444,0.0,0.6000000000000001,0.5588235294117647,0.0,0.0,0.0,0.0,0.0,0.0,0.0,0.0,0.0,0.009770786935533304,0.0,0.0025197497513615177,9.89901386388269e-06,0.014560941293512195,0.0032585549324368403,0.0,0.6540099632020712,0.4940761863090531,0.28358490566037736,0.07745098039215688,0.3928941371452248,0.04687010464314807,0.020202020202020204,0.6499999999999986,1.0,1.0,0.0,0.45,0.0,0.0,0.0,0.0,0.0,0.0002684390098113229,0.003866401918637754,0.0,0.0012833675564681726,0.0006570986661045454,0.0013176485208478662,0.033667206863384626,0,2
11005,0.20000000000004547,0.0,1.0,0.04247104247104247,0.0,0.6000000000000001,0.2647058823529412,0.0,0.0,0.0,0.0,0.0,0.0,0.0,0.0,0.0,0.009770786935533304,0.0,0.0008043294090493882,9.89901386388269e-06,0.0,0.0,0.0,0.6540669066734252,0.49395501589817326,0.20339622641509433,0.2450980392156863,0.39068840712170516,0.1342189360235604,0.020202020202020204,0.3999999999999986,0.0,1.0,0.0,0.25000000000000006,0.0,0.0,0.0,0.0,0.0,0.0,0.0036354330375410375,0.0,0.0,0.0005645942365851949,0.0010825576210823542,0.03312156029362849,1,4
7545,0.6000000000000227,1.0,0.0,0.06756756756756757,0.0,0.4,0.0,0.0,0.0,0.0,0.0,0.0,0.0,0.0,0.0,0.0,0.009770786935533304,0.0,0.0008043294090493882,9.89901386388269e-06,0.0,0.0,0.0,0.6541083367935686,0.4940033902794205,0.3922641509433962,0.16691176470588237,0.3967876771591173,0.09355222758318192,0.25252525252525254,0.7999999999999972,0.0,1.0,0.0,0.55,0.0,0.0,0.0,0.0,0.0,0.0,0.0036354330375410375,0.0,0.0,1.0897922282976577e-05,0.0010862228871281045,0.03312156029362849,0,3
4027,0.20000000000004547,0.0,0.0,0.012162162162162163,0.0,0.0,0.7941176470588235,0.3333333333333333,0.0,0.0,0.0,0.0,0.0,0.0,0.0,0.0,0.009770786935533304,0.0,0.0008043294090493882,9.89901386388269e-06,0.0005014033509794537,0.006496002220457712,0.0,0.6544207481145792,0.4943691455523264,0.31,0.17843137254901964,0.39413105204791676,0.10000626605677049,0.25252525252525254,0.6499999999999986,0.0,1.0,0.0,0.75,0.0002132455688407864,0.0,0.0,0.0,0.0,0.0,0.0036354330375410375,0.0,0.0010269250513347023,5.402913582546133e-05,0.0011672922630280964,0.03312156029362849,0,2
7404,0.20000000000004547,1.0,0.0,0.06756756756756757,0.2962962962962963,0.6000000000000001,0.5,0.0,0.0,0.0,0.0,1.0,0.0,0.0,0.0,0.0,0.009770786935533304,0.0,0.0008043294090493882,9.89901386388269e-06,0.0006452811690687273,0.00014833521764765276,0.0,0.6540087853628991,0.49388660585902133,0.3920754716981132,0.239093137254902,0.3967815839822567,0.13083526536750426,0.25252525252525254,0.5,0.0,0.0,0.0,0.55,0.0,0.0,0.0,0.0,0.0,0.0,0.003639150248432901,0.0070302879951174785,0.000342299794661191,0.0004247887312413757,0.001083833653536857,0.03312156029362849,0,0
6428,0.20000000000004547,1.0,0.0,0.06756756756756757,0.0,0.6000000000000001,0.1764705882352941,0.0,0.0,0.0,0.0,0.0,0.0,0.0,0.0,0.0,0.009770786935533304,0.0,0.0008043294090493882,9.89901386388269e-06,0.00010555860020620078,0.00024539714157620086,0.0,0.6541066430906579,0.4940015534348364,0.39773584905660375,0.20098039215686275,0.39696437928807327,0.11147314994673854,0.24242424242424243,0.7999999999999972,0.0,1.0,0.0,0.55,5.1996046345279775e-05,0.0,0.0,0.0,0.0,0.0,0.0036354330375410375,0.0,0.0,4.788946129984073e-05,0.00108483141049124,0.03312156029362849,0,3
245,0.8000000000000114,0.0,1.0,0.015444015444015444,0.0,0.8,0.23529411764705882,0.0,0.0,0.0,0.0,0.0,0.0,0.0,0.0,0.0,0.009770786935533304,0.0,0.0008043294090493882,9.89901386388269e-06,0.00014423932014477435,0.0,0.0,0.6541032215589758,0.49399627425344533,0.20339622641509433,0.24546568627450985,0.39068840712170516,0.0318942289617144,0.020202020202020204,0.7999999999999972,0.0,1.0,0.0,0.8,0.0,0.0,0.0,0.0,0.0,0.0,0.0036354330375410375,0.0,0.0,3.811714601322793e-06,0.0010825576210823542,0.03312156029362849,0,4
11677,0.8000000000000114,0.0,0.0,0.10231660231660232,0.0,0.6000000000000001,0.5588235294117647,0.0,0.0,0.0,0.0,0.0,0.0,0.0,0.0,0.0,0.009770786935533304,4.675810916011764e-05,0.0008043294090493882,9.89901386388269e-06,0.0,0.0,0.0,0.6540834895224831,0.4940263725745266,0.580754716981132,0.2450980392156863,0.39203499920788704,0.1255717776803058,0.020202020202020204,0.6000000000000014,0.0,1.0,0.0,0.5,1.2545853720600211e-05,0.0,0.0,0.0,2.1974764737370495e-05,0.0,0.0036420570311763746,0.0,0.0,0.00030851864491243544,0.0010905017570954755,0.03312156029362849,1,2
10236,0.4000000000000341,0.0,0.0,0.03474903474903475,0.0,0.6000000000000001,0.0,0.0,0.0,0.0,0.0,0.0,0.0,0.0,0.0,0.0,0.01535568684872049,0.0002648025752598774,0.0008043294090493882,7.788641276337146e-05,0.0,0.019008763411975927,0.0,0.6532532169403553,0.49276842322491665,0.579811320754717,0.24387254901960786,0.40403855762317364,0.1322137978570086,0.020202020202020204,0.14999999999999858,0.0,1.0,0.0,0.2,0.0,0.0,0.0,0.0,9.865166819063122e-05,0.0,0.004096618483681993,0.0,0.0,0.017452817880369467,0.0014792987786945765,0.0416304125857925,1,2
10399,0.4000000000000341,1.0,0.0,0.06756756756756757,0.0,0.6000000000000001,0.029411764705882346,0.0,0.0,0.0,0.0,0.0,0.0,0.0,0.0,0.0,0.009770786935533304,0.0,0.0008043294090493882,9.89901386388269e-06,0.0,2.1440048265038885e-05,0.0,0.6540048121850225,0.49388226567320265,0.20339622641509433,0.1306372549019608,0.39068840712170516,0.07569396578733005,0.020202020202020204,0.14999999999999858,0.0,1.0,0.0,0.75,0.0,0.0,0.0,1.3185132444655407e-06,0.0,0.0,0.0036354330375410375,0.0,0.0,0.0008188023439230782,0.0010825576210823542,0.03312156029362849,1,3
10403,0.4000000000000341,0.0,0.0,0.10231660231660232,0.0,0.6000000000000001,0.029411764705882346,0.0,0.0,0.0,0.0,0.0,0.0,0.0,0.0,0.0,0.009770786935533304,0.0,0.0008043294090493882,9.89901386388269e-06,0.0,0.0,0.0,0.6541032275227184,0.4939975695937617,0.20339622641509433,0.24473039215686276,0.39068840712170516,0.13403095432044615,0.24242424242424243,0.14999999999999858,0.0,0.0,0.0,0.0,0.0,0.0,0.0,0.0,0.0,0.0,0.0036354330375410375,0.0,0.0,3.70938669256245e-06,0.0010825576210823542,0.03312156029362849,1,2
6348,0.4000000000000341,0.0,1.0,0.10424710424710425,0.0,0.6000000000000001,0.23529411764705882,0.0,0.0,0.0,0.0,0.0,0.0,0.0,0.0,0.0,0.009770786935533304,0.00013162107647359135,0.0008043294090493882,9.89901386388269e-06,0.0,0.0,0.0,0.5963365221281918,0.42429538985291537,0.49207547169811316,0.2450980392156863,0.40001096771834904,0.13327902750798926,0.030303030303030304,0.6000000000000014,0.0,0.0,0.0,0.85,0.0,0.0,0.00033106757700169116,0.0,0.0,0.00012023378912793098,0.006058722357730991,0.0,0.0,0.0,0.03107488035940302,0.03312156029362849,0,4
2233,1.0,0.0,0.0,0.07335907335907337,0.0,0.6000000000000001,0.029411764705882346,0.0,0.0,0.0,0.0,0.0,0.0,0.0,0.0,0.0,0.009770786935533304,0.0,0.0009273874265147066,9.89901386388269e-06,0.0012656186963079072,0.0002909364688988416,0.0,0.6540545776294672,0.49389685368172176,0.58,0.24497549019607845,0.4027955495436211,0.12707563130521962,0.030303030303030304,0.6000000000000014,0.0,1.0,0.0,0.5,2.816028205251606e-05,0.0,0.0,0.0,4.91614929060404e-05,0.0,0.003729814934287525,0.0,0.0,0.0007713477762354688,0.0011933083951782132,0.03312156029362849,0,2
6092,1.0,0.0,0.0,0.03861003861003861,0.0,0.2,0.029411764705882346,0.0,0.0,0.0,0.0,0.0,0.0,0.0,0.0,0.0,0.009770786935533304,0.0,0.000819378323870581,9.89901386388269e-06,0.0,0.00016387509759169255,0.0,0.6540923453489894,0.49398349203550207,0.580754716981132,0.2450980392156863,0.402838201781645,0.13277774296635128,0.24242424242424243,0.9499999999999957,0.0,1.0,0.0,0.5,0.0002656557369809561,0.0,0.0,0.0,0.0,0.0,0.0036354330375410375,0.0,0.0,0.00020289066109457096,0.001103260297187705,0.03312156029362849,0,2
6808,0.6000000000000227,0.0,1.0,0.33976833976833976,0.0,0.4,0.23529411764705882,0.0,0.0,0.0,0.0,0.0,0.0,0.0,0.0,0.0,0.009770786935533304,0.017548727569447576,0.020349329757981482,3.0061422470073196e-05,0.1867002670777186,0.105241468543585,0.0,0.6498011210771972,0.49617617091317456,0.580754716981132,0.23247549019607844,0.39533140788944543,0.11410489379033775,0.020202020202020204,0.14999999999999858,0.0,1.0,0.0,0.25000000000000006,0.003786363092851924,0.0,0.0,0.0,0.0,0.04012248885027658,0.006325778457739559,0.0,0.0,0.03929394254594907,0.0029951548487582628,0.03429358432334786,0,4
9265,0.20000000000004547,0.0,1.0,0.08687258687258688,0.0,0.8,0.2647058823529412,0.0,0.0,0.0,0.0,0.0,0.0,0.0,0.0,0.0,0.011412592771458216,0.0,0.001243274285186293,9.89901386388269e-06,0.0,0.005157245718326795,0.0,0.6277019886551101,0.4944264106961165,0.580754716981132,0.2450980392156863,0.39626366394910983,0.13045930196127578,0.25252525252525254,0.29999999999999716,1.0,1.0,0.0,0.45,0.0035789491735490142,0.0,0.0,0.0,0.0,0.0,0.0036354330375410375,0.0,0.0,0.011361467709660933,0.009608396843598288,0.03312156029362849,1,4
3262,0.6000000000000227,1.0,0.0,0.0694980694980695,0.0,0.6000000000000001,0.0,0.0,0.0,0.0,0.0,0.0,0.0,0.0,0.0,0.0,0.009770786935533304,0.0,0.0008556048825541363,0.0020528408955186412,0.0,0.01801969575906704,0.0,0.6539974148249115,0.4952887265470222,0.580754716981132,0.23566176470588238,0.39372890237512037,0.05796102512688765,0.020202020202020204,0.3500000000000014,1.0,1.0,0.0,0.25000000000000006,0.0,0.0,0.0,0.0,0.0,0.0020532620868928546,0.004675511158039927,0.0,0.0,0.006530132243472887,0.0016344532318138785,0.03313779575929042,0,3
4214,0.0,0.0,0.0,0.15830115830115832,0.0,0.4,0.029411764705882346,0.0,0.0,0.0,0.0,0.0,0.0,0.0,0.0,0.0,0.009770786935533304,0.0,0.0008178500402928848,2.4484370691955238e-05,0.0,0.0,0.0005641315630750479,0.6540537721928912,0.49401576607803166,0.580754716981132,0.2450980392156863,0.4002486016159105,0.13127388934143747,0.020202020202020204,0.6499999999999986,0.0,1.0,0.0,0.2,0.0001607878785274326,0.0,8.498476474190793e-05,0.00037050222169481695,1.7842757692736726e-06,0.0,0.0037175901910840524,0.0,0.0,0.001426323138233237,0.0011404725323015744,0.03312156029362849,0,2
12246,0.8000000000000114,0.0,1.0,0.04247104247104247,0.0,0.6000000000000001,0.23529411764705882,0.0,0.0,0.0,0.0,0.0,0.0,0.0,0.0,0.0,0.009770786935533304,0.0,0.0008043294090493882,9.89901386388269e-06,0.00011206563720521315,0.0009002327242448304,0.0,0.6540876903165372,0.49396878990350285,0.20339622641509433,0.2450980392156863,0.39068840712170516,0.0886020427345072,0.07070707070707072,0.7999999999999972,0.0,1.0,0.0,0.8,0.0,0.0,1.0786915572223188e-05,0.0,0.0,6.035179676695063e-06,0.0036354330375410375,0.0,0.0,0.0005128418967296512,0.0010825576210823542,0.03312156029362849,1,4
10528,0.6000000000000227,0.0,0.0,0.06756756756756757,0.0,0.6000000000000001,0.5294117647058824,0.0,0.0,0.0,0.0,1.0,0.0,0.0,0.0,0.0,0.009770786935533304,0.0,0.0008043294090493882,9.89901386388269e-06,0.0,0.0,0.0,0.6536659294670132,0.49348522892150365,0.20339622641509433,0.23578431372549022,0.39068840712170516,0.12945673287799989,0.020202020202020204,0.25,0.0,1.0,0.0,0.75,1.5682317150750266e-05,0.0,0.0,0.0,0.0,0.0,0.0036354330375410375,0.0,0.005646817248459959,0.0008728314797485394,0.0010825576210823542,0.03312156029362849,1,1
9764,0.8000000000000114,1.0,0.0,0.10424710424710425,0.2962962962962963,0.6000000000000001,0.5,0.0,0.0,0.0,0.0,1.0,0.0,0.0,0.0,0.0,0.009770786935533304,0.0,0.0008043294090493882,9.89901386388269e-06,0.0017200267800722715,0.0036774668832277742,0.0,0.6540698302325966,0.4939584411552758,0.20339622641509433,0.2450980392156863,0.39068840712170516,0.1342189360235604,0.020202020202020204,0.5499999999999972,0.0,1.0,0.0,0.75,0.0,0.0,0.0,0.0,0.0,0.0,0.0036354330375410375,0.0,0.0,0.0015298022359671343,0.0010825576210823542,0.03312156029362849,1,0
8703,0.0,1.0,1.0,0.07722007722007722,0.0,0.6000000000000001,0.23529411764705882,0.0,0.0,0.0,0.0,0.0,0.0,0.0,0.0,0.0,0.009770786935533304,0.0,0.003256678735688424,9.89901386388269e-06,0.07468017913149855,0.03498641922524142,0.0014884817575241663,0.654102399225129,0.4933210824805241,0.5779245283018868,0.2450980392156863,0.4030575561486248,0.12425590575850619,0.030303030303030304,0.9499999999999957,0.0,1.0,0.0,0.4,0.0,0.0,0.0047119666714552505,0.0,0.0,0.00103422019154287,0.003934532068705441,0.0,0.0,0.007840722516898175,0.0020751065012720084,0.03857441976340606,0,4
6103,0.20000000000004547,0.0,0.0,0.06756756756756757,0.0,0.8,0.5588235294117647,0.0,0.0,0.0,0.0,0.0,0.0,0.0,0.0,0.0,0.009770786935533304,0.0,0.0008043294090493882,9.89901386388269e-06,0.0,2.5096490604812958e-05,0.0,0.6540993547345096,0.4939930260041894,0.580754716981132,0.2450980392156863,0.40287476084280827,0.13415627545585562,0.25252525252525254,0.14999999999999858,0.0,0.0,0.0,0.85,0.0,0.0,0.0,0.0,0.0,0.0,0.0036354330375410375,0.0030168975146915517,0.0,3.678688319934346e-05,0.001084154607199713,0.03312156029362849,0,2
10805,0.4000000000000341,0.0,0.0,0.06756756756756757,0.0,0.8,0.5588235294117647,0.0,0.0,0.0,0.0,0.0,0.0,0.0,0.0,0.0,0.009770786935533304,0.0,0.0008043294090493882,9.89901386388269e-06,0.0,0.0,0.0,0.6539300225451272,0.4937946417428377,0.580754716981132,0.0,0.40287476084280827,0.008897800614073564,0.020202020202020204,0.5,0.0,1.0,0.0,0.8,0.0,0.0,0.0,0.0,0.0,0.0,0.0036354330375410375,0.0,0.0,0.0026784330118019895,0.0010514189197686542,0.03312156029362849,1,2
6972,0.4000000000000341,1.0,0.0,0.06756756756756757,0.2962962962962963,0.6000000000000001,0.5,0.0,0.0,0.0,0.0,1.0,0.0,0.0,0.0,0.0,0.009770786935533304,0.0,0.0008171482774255752,9.89901386388269e-06,0.0007963890282680148,0.0005079130813795259,0.0,0.6541011683749113,0.4939960852121705,0.3988679245283019,0.2136029411764706,0.3968668884583044,0.12212544645654491,0.24242424242424243,0.10000000000000142,0.0,0.0,1.0,0.55,0.0,0.0008826728460774569,0.0,0.0,0.0,0.0,0.0036354330375410375,0.0042862636510924545,0.0,0.0001937323132605202,0.0010846181188138239,0.03312156029362849,0,0
1530,0.4000000000000341,0.0,1.0,0.02316602316602317,0.0,0.6000000000000001,0.2941176470588235,0.0,0.0,0.0,0.0,0.0,0.0,0.0,0.0,0.0,0.009770786935533304,0.0,0.0008043294090493882,9.89901386388269e-06,0.001294900362803463,0.006409494118737148,6.265711990513177e-05,0.6530938730259435,0.4928150046253664,0.580754716981132,0.2177696078431373,0.40287476084280827,0.12024562942540261,0.020202020202020204,0.14999999999999858,0.0,1.0,0.0,0.75,2.5397207125955297e-05,0.0,7.056860654725451e-07,0.0,0.0,1.720206901860389e-05,0.0036354330375410375,0.0,0.005903490759753594,0.003430952452825555,0.0010868657858164818,0.03312156029362849,0,4
6447,0.4000000000000341,1.0,0.0,0.015444015444015444,0.35185185185185186,0.4,0.5,0.0,0.0,0.0,0.0,1.0,0.0,0.0,0.0,0.0,0.009770786935533304,0.0,0.0009623508120371047,9.89901386388269e-06,0.05369643081790563,0.027497360505685974,0.0,0.6536160931202949,0.4940540378140667,0.5726415094339623,0.24203431372549022,0.39623319806480706,0.09361488815088666,0.030303030303030304,0.14999999999999858,1.0,1.0,0.0,0.5,0.0,0.0,0.0,0.0,0.0,8.919055953343363e-05,0.003727614527628816,0.0,0.0,0.008973876196533028,0.0014710608523556255,0.03328677215410392,0,0
5728,0.6000000000000227,0.0,0.0,0.03474903474903475,0.0,0.6000000000000001,0.5294117647058824,0.0,0.0,0.0,0.0,1.0,0.0,0.0,0.0,0.0,0.015553978539318936,0.00013338882762503571,0.0008277215046263718,9.89901386388269e-06,0.07006415938481027,0.016106129900931188,0.0,0.6531545637155917,0.4944264273876459,0.580754716981132,0.24460784313725495,0.39535578059688764,0.10226204649414125,0.020202020202020204,0.44999999999999574,1.0,1.0,0.0,0.10000000000000002,1.0482033628033943e-05,0.0,0.0,0.0,0.0,0.00010285102610703083,0.003967213840267009,0.0,0.0,0.0057607542794810545,0.0016361850928218369,0.03432930433197344,0,1
9164,0.8000000000000114,0.0,0.0,0.015444015444015444,0.0,0.6000000000000001,0.029411764705882346,0.0,0.0,0.0,0.0,0.0,0.0,0.0,0.0,0.0,0.009770786935533304,0.0,0.0008043294090493882,9.89901386388269e-06,0.01653474251654595,0.003800954913157417,0.0,0.6537985071104846,0.49364055757685965,0.20339622641509433,0.2450980392156863,0.39068840712170516,0.1342189360235604,0.030303030303030304,0.3999999999999986,0.0,1.0,0.0,0.75,0.0,0.0,0.00011774876063884752,0.0005133411565119172,0.0005045274510748845,0.0,0.0036354330375410375,0.0,0.0,0.004709539672786046,0.0010825576210823542,0.03312156029362849,1,2
8218,0.0,0.0,0.0,0.0694980694980695,0.0,1.0,0.5588235294117647,0.0,0.0,0.0,0.0,0.0,0.0,0.0,0.0,0.0,0.010108376431852695,8.620514874327406e-07,0.0009378203011420412,9.89901386388269e-06,0.033263250134840265,0.009700126022609279,0.0001345138100011246,0.6533180265882559,0.4937605005780661,0.580754716981132,0.2450980392156863,0.39475255608769305,0.08565699605238425,0.030303030303030304,0.14999999999999858,1.0,1.0,0.0,0.25000000000000006,0.0,0.0,0.0001190593204747251,0.0005190547139046011,0.0,0.0,0.003963576337182376,0.0,0.0,0.002214350363596642,0.0014618201626808319,0.033189800837811534,0,2
2345,0.8000000000000114,0.0,0.0,0.05791505791505792,0.0,0.6000000000000001,0.0,0.0,0.0,0.0,0.0,0.0,0.0,0.0,0.0,0.0,0.009770786935533304,1.750291880812805e-05,0.0020116110565078955,9.89901386388269e-06,0.0,0.0,0.0002222903236898132,0.6538052981567601,0.49580663830834826,0.580754716981132,0.24387254901960786,0.3937167160213993,0.07575662635503479,0.030303030303030304,0.14999999999999858,1.0,1.0,0.0,0.25000000000000006,0.0,0.0,0.0,0.0,0.0,0.0,0.004699610401274215,0.0,0.0,0.002251034918887225,0.0016977155532491477,0.033226805596087726,0,2
2062,0.6000000000000227,0.0,0.0,0.15830115830115832,0.0,0.4,0.029411764705882346,0.0,0.0,0.0,0.0,0.0,0.0,0.0,0.0,0.0,0.010201803482189303,0.0,0.0008043294090493882,9.89901386388269e-06,0.0,0.0,1.8051166095542993e-05,0.6539761577268973,0.494136205943369,0.580754716981132,0.2450980392156863,0.39697656564179434,0.13227645842471336,0.020202020202020204,0.3500000000000014,0.0,1.0,0.0,0.25000000000000006,1.7311648802776266e-06,0.0,2.0162459013501287e-07,8.790088296436938e-07,0.0,7.227760091850375e-08,0.003658704183408585,0.0,0.002258726899383984,0.00014973131249357253,0.001183355807973545,0.03312156029362849,0,2
816,0.8000000000000114,1.0,0.0,0.35135135135135137,0.0,0.6000000000000001,0.0,0.0,0.0,0.0,0.0,0.0,1.0,0.0,0.0,0.0,0.009897097056904945,0.0,0.0008043294090493882,9.89901386388269e-06,0.005998403606922909,0.002311951871246693,0.0,0.6539185840867373,0.49377754495863246,0.2788679245283019,0.10796568627450982,0.3931256778659258,0.06372579735572405,0.020202020202020204,0.0,0.0,1.0,0.0,0.35000000000000003,6.626627606427418e-05,0.0,0.0,0.0,0.00019476778660387352,0.0,0.0036354330375410375,0.0,0.0,0.002694293837659843,0.0011306992826030395,0.03312156029362849,0,3
12232,0.20000000000004547,1.0,0.0,0.015444015444015444,0.35185185185185186,0.6000000000000001,0.5,0.0,0.0,0.0,0.0,1.0,0.0,0.0,0.0,0.0,0.009848517398643578,0.0,0.0008043294090493882,9.89901386388269e-06,0.003997851231782104,0.0008932522434143526,0.0,0.6535566153896365,0.4933579047707272,0.5416981132075471,0.2450980392156863,0.4002790675002133,0.13271508239864654,0.020202020202020204,0.7999999999999972,0.0,1.0,0.0,0.25000000000000006,0.0,0.0,1.2097475408100772e-06,0.0,0.0,4.6980440597027436e-07,0.003695011678575885,0.0,0.0042885523613963045,0.00013484260176894257,0.001094014155018253,0.03312156029362849,1,0
3234,0.8000000000000114,0.0,0.0,0.07335907335907337,0.0,0.8,0.1176470588235294,0.0,0.0,0.0,0.0,0.0,0.0,0.0,0.0008518095949789938,0.0,0.009770786935533304,0.0,0.0008043294090493882,9.89901386388269e-06,0.0,0.0,0.00044705996416865277,0.6540820111769456,0.4940292567155366,0.580754716981132,0.2450980392156863,0.39852423256437447,0.1342189360235604,0.020202020202020204,0.29999999999999716,0.0,0.0,0.0,0.2,3.4826964062055783e-06,0.0,0.0,0.0,4.883281052748999e-06,0.0,0.0036354330375410375,0.0,0.0,0.0002874902596621849,0.001105377401727357,0.03312156029362849,0,2
2562,0.0,0.0,0.0,0.0972972972972973,0.0,0.0,0.7941176470588235,0.3333333333333333,0.0,0.0,0.0,0.0,0.0,0.0,0.0,0.0,0.010257095199801529,0.000638692855834503,0.000982904666684081,0.0007128302151102272,0.011070277445597555,0.0049874704524141035,0.0005220919196260303,0.6532257777604532,0.49464412879478786,0.580754716981132,0.23566176470588238,0.3947586492645536,0.12588508051882952,0.020202020202020204,0.14999999999999858,0.0,1.0,0.0,0.25000000000000006,0.0005892885252465042,0.0,0.0035510122814578467,0.0,0.0,0.0032461677512522994,0.0042347481871189575,0.0,0.0,0.0012795337531165245,0.0014369369102163639,0.03314974045874471,0,2
2879,0.8000000000000114,0.0,0.0,0.03474903474903475,0.0,0.6000000000000001,0.029411764705882346,0.0,0.0,0.0,0.0,0.0,0.0,0.0,0.0,0.0,0.009770786935533304,0.0,0.0008043294090493882,9.89901386388269e-06,0.0,0.0,0.0,0.6540925136590596,0.49398501717547894,0.4309433962264151,0.20796568627450981,0.3980367784155303,0.11523278400902313,0.020202020202020204,1.0,0.0,1.0,0.0,0.55,9.821475420775069e-05,0.0,0.0,0.0,0.0,0.0,0.0036498821390103186,0.0,0.0,0.0002543360172238336,0.0010874551013528055,0.03312156029362849,0,2
968,0.20000000000004547,0.0,0.0,0.03474903474903475,0.0,0.6000000000000001,0.029411764705882346,0.0,0.0,0.0,0.0,0.0,0.0,0.0,0.0,0.0,0.009770786935533304,0.0005155067894847789,0.0008328833603836928,1.9170482881588767e-05,0.058913989984947054,0.013535817137994548,1.9138585739852814e-06,0.6536476694809964,0.4943008977703673,0.580754716981132,0.24497549019607845,0.3969460997574916,0.09117112601040167,0.030303030303030304,0.3999999999999986,1.0,1.0,0.0,0.10000000000000002,0.0,0.0,0.004826892687832208,0.02104303187725521,0.0,0.00027020981103382624,0.004454813589895598,0.0,0.0,0.004464003855715602,0.0018032687120276684,0.03316366436712022,0,2
4756,1.0,0.0,0.0,0.10231660231660232,0.0,0.6000000000000001,0.0,0.0,0.0,0.0,0.0,0.0,0.0,0.0,0.0,0.0,0.010209403459705408,0.0,0.0008043294090493882,9.89901386388269e-06,0.015594837172244162,0.0035887150555259854,0.0012133645875137822,0.6541185318116174,0.49400150724199926,0.5162264150943395,0.2442401960784314,0.4008152670639418,0.13108590763832323,0.020202020202020204,0.3999999999999986,0.0,1.0,0.0,0.75,0.00016869692592164215,0.0,0.0,0.0,0.00048522909999142454,0.0,0.0036550761039070723,0.0,0.0,0.0024429253297900593,0.0011683455362917303,0.033140161881233816,0,2
5367,0.6000000000000227,0.0,0.0,0.03474903474903475,0.0,0.6000000000000001,0.5294117647058824,0.0,0.0,0.0,0.0,1.0,0.0,0.0,0.0,0.0,0.009770786935533304,0.0,0.0008043294090493882,9.89901386388269e-06,0.008986579597691592,0.0023151097078128614,0.0,0.6542308459828627,0.4940957165629746,0.28056603773584904,0.06948529411764706,0.3929489757369698,0.038912212544645663,0.04040404040404041,0.6000000000000014,1.0,1.0,0.0,0.0,0.0,0.0,2.8731504094239336e-05,0.0,0.0,1.0299558130886784e-05,0.0036808170138508656,0.0,0.0,0.0005124325850946099,0.0012249681071406053,0.033122056335964635,0,1
3208,0.0,1.0,0.0,0.10424710424710425,0.2962962962962963,0.6000000000000001,0.5,0.0,0.0,0.0,0.0,1.0,0.0,0.0,0.0,0.0,0.009770786935533304,0.0,0.0008043294090493882,9.89901386388269e-06,4.012672816057632e-05,0.0009602316190020322,0.0,0.6541063409276973,0.49400121727519786,0.4016981132075471,0.18848039215686277,0.39709233600214483,0.10526975374396894,0.24242424242424243,0.0,0.0,0.0,0.0,0.55,0.0,0.00022518880851571138,0.0,0.0,0.0,0.0,0.0036354330375410375,0.003578013728926572,0.0,0.00031959564103574265,0.0010852396536367662,0.03312156029362849,0,0
7616,0.0,0.0,0.0,0.03474903474903475,0.0,0.6000000000000001,0.47058823529411764,0.0,0.0,0.0,0.0,0.0,0.0,0.0,0.0,0.0,0.009770786935533304,6.219865162489394e-07,0.0008671449830387815,9.89901386388269e-06,0.010444878889581366,0.002401036102797552,0.0,0.6540263200915467,0.49401834511341125,0.580754716981132,0.2450980392156863,0.3946063198430398,0.058211667397706626,0.25252525252525254,0.29999999999999716,1.0,1.0,0.0,0.45,0.00018651774086567654,0.0,0.0,0.0,0.0,0.0,0.0036354330375410375,0.0,0.0,0.001039574807073519,0.0012686543865713818,0.033121689264635885,0,2
1575,0.6000000000000227,1.0,0.0,0.06756756756756757,0.0,0.2,0.029411764705882346,0.0,0.0,0.0,0.0,0.0,0.0,0.0,0.0,0.0,0.009770786935533304,0.0,0.0008043294090493882,9.89901386388269e-06,8.820650154216777e-05,0.000613118899610298,0.0,0.6540686818808187,0.4939570957403713,0.39811320754716983,0.24289215686274512,0.39697656564179434,0.13309104580487502,0.25252525252525254,0.0,0.0,0.0,0.0,0.55,0.0,0.0,0.0,0.0,0.0,0.0,0.0036354330375410375,0.005048732923897426,0.0,0.0007576102544843927,0.0010835206307753223,0.03312156029362849,0,3
642,0.8000000000000114,1.0,0.0,0.03861003861003861,0.0,0.4,0.0,0.0,0.0,0.0,0.0,0.0,0.0,0.0,0.0,0.0,0.009770786935533304,0.0,0.0009831541823702354,9.89901386388269e-06,0.005764873279069465,0.0013252110452812989,0.0,0.6539957340434431,0.49410468923046397,0.580754716981132,0.2450980392156863,0.3973360630765669,0.1342189360235604,0.020202020202020204,0.14999999999999858,0.0,1.0,0.0,0.45,0.0,0.0,0.00033187407536223117,0.00144684853359352,0.0,0.0006661103700649306,0.0037013847693106302,0.0,0.0,0.0004221282056136068,0.0011551626929787984,0.03312156029362849,0,3
12272,0.0,0.0,0.0,0.13706563706563707,0.0,0.8,0.5588235294117647,0.0,0.0,0.0,0.0,0.0,0.0,0.0,0.007379139783511368,0.003316867329497169,0.009770786935533304,0.0,0.0008043294090493882,9.89901386388269e-06,0.0,0.0,0.0,0.6541403637481586,0.49404011630219824,0.5779245283018868,0.22965686274509806,0.40278945636676056,0.12601040165423902,0.020202020202020204,0.8999999999999986,0.0,1.0,0.0,0.30000000000000004,5.1507246849671976e-05,0.0,0.0,0.0,0.0,0.0,0.003670991357850233,0.0,0.0,0.0,0.0011369416950332244,0.03312284008285574,1,2
7096,0.20000000000004547,0.0,0.0,0.03861003861003861,0.0,0.6000000000000001,0.5294117647058824,0.0,0.0,0.0,0.0,1.0,0.0,0.0,0.0,0.0,0.009770786935533304,0.0,0.0008043294090493882,9.89901386388269e-06,2.4220637718546067e-05,0.001762072803922033,0.0,0.6541289067359026,0.49402159569171783,0.2788679245283019,0.06384803921568628,0.3931134915122047,0.04110533241431168,0.24242424242424243,0.9499999999999957,1.0,1.0,0.0,0.45,0.000700341055095843,0.0,0.0,0.0,0.0,0.0,0.0036354330375410375,0.0,0.0,0.0004863389683607223,0.0011666851525319324,0.03312156029362849,0,1
1771,0.20000000000004547,0.0,0.0,0.15830115830115832,0.0,0.0,0.4411764705882353,0.0,0.0,0.0,0.0,0.0,0.0,0.0,0.0,0.0,0.009770786935533304,0.0,0.0008043294090493882,9.89901386388269e-06,0.0,0.0,0.0,0.6533800703848461,0.49395580389363086,0.330566037735849,0.06654411764705882,0.3912185135085732,0.03747101948743656,0.25252525252525254,0.0,1.0,1.0,0.0,0.05,0.0,0.0,0.0,0.0,0.0,0.0,0.0036354330375410375,0.0,0.0002738449691991787,0.00028733676779904436,0.0012300507243887813,0.03313479966358012,0,2
967,0.4000000000000341,0.0,0.0,0.05405405405405406,0.0,0.6000000000000001,0.029411764705882346,0.0,0.0,0.0,0.0,0.0,0.0,0.0,0.0,0.0,0.009770786935533304,4.3757297020320124e-05,0.0009766823692606032,9.89901386388269e-06,0.0,0.0,0.0,0.6540497052517275,0.49393166211949424,0.580754716981132,0.2450980392156863,0.4028625744890872,0.13227645842471336,0.020202020202020204,0.8999999999999986,0.0,1.0,0.0,0.25000000000000006,3.217930012751353e-06,0.0,0.0005958006638489631,0.0003076530903752928,0.0,0.00018828315039270225,0.003659993643698949,0.0,0.0,0.0007814014932711725,0.0011429279889188567,0.03312156029362849,0,2
7122,0.0,0.0,0.0,0.02316602316602317,0.0,0.6000000000000001,0.08823529411764706,0.0,0.0,0.0,0.0,1.0,0.0,0.0,0.0,0.0,0.009770786935533304,0.0,0.0008043294090493882,9.89901386388269e-06,0.0,0.0,1.1309164300822117e-06,0.6541020824841309,0.49399489312643136,0.580754716981132,0.2450980392156863,0.40287476084280827,0.099880944921361,0.020202020202020204,0.6000000000000014,0.0,1.0,0.0,0.8,0.0,0.0,0.0,0.0,0.0,0.0,0.0036354330375410375,0.0,0.0,2.269121376760616e-05,0.001082850618318052,0.03312156029362849,0,1
10219,0.8000000000000114,0.0,0.0,0.06756756756756757,0.0,0.6000000000000001,0.029411764705882346,0.0,0.0,0.0,0.0,0.0,0.0,0.0,0.0,0.0,0.009770786935533304,0.0,0.0008043294090493882,9.89901386388269e-06,0.004571916495917196,0.0014693081138533043,0.0,0.6540857951716529,0.49397714576075474,0.20339622641509433,0.23872549019607847,0.39068840712170516,0.13096058650291373,0.020202020202020204,0.14999999999999858,0.0,1.0,0.0,0.8,0.0,0.0,0.0,0.0,0.0,0.0,0.0036443917238945557,0.0,0.0,0.00071808609972571,0.0010825576210823542,0.03312156029362849,1,2
10549,0.6000000000000227,1.0,1.0,0.05791505791505792,0.0,0.6000000000000001,0.23529411764705882,0.0,0.0,0.0,0.0,0.0,0.0,0.0,0.0,0.0,0.010990289862389991,0.0,0.0020184571431467596,9.89901386388269e-06,0.0784419695210387,0.024307197665195363,0.0,0.6530146950654199,0.49473809744719976,0.580754716981132,0.2450980392156863,0.3980063125312276,0.12049627169622158,0.030303030303030304,0.10000000000000142,1.0,1.0,0.0,0.4,0.00037706128868823395,0.0,0.00034981866388424733,0.0015250803194318088,0.0006499928808961961,0.0,0.003729650021582911,0.0,0.0,0.018743249555768966,0.002036123940278771,0.03314165000824224,1,4
10684,0.6000000000000227,0.0,0.0,0.02316602316602317,0.0,0.6000000000000001,0.029411764705882346,0.0,0.0,0.0,0.0,0.0,0.0,0.0,0.0,0.0,0.009770786935533304,0.0,0.0008043294090493882,9.89901386388269e-06,0.0,0.0,0.0,0.6540548228055536,0.49394085837584256,0.20339622641509433,0.2450980392156863,0.39068840712170516,0.1342189360235604,0.25252525252525254,0.5,0.0,1.0,0.0,0.55,0.0,0.0,0.0,0.0,0.0,0.0,0.0036354330375410375,0.0,0.0006089065708418892,0.00014433351530646443,0.0010825576210823542,0.03312156029362849,1,2
9034,0.8000000000000114,1.0,0.0,0.10424710424710425,0.0,0.6000000000000001,0.1764705882352941,0.0,0.0,0.0,0.0,0.0,0.0,0.0,0.0,0.0,0.009770786935533304,0.0,0.0008043294090493882,9.89901386388269e-06,6.145534943511688e-05,0.00017451202076194442,0.0,0.6540966428882021,0.4939898550017788,0.20339622641509433,0.2450980392156863,0.39068840712170516,0.1342189360235604,0.24242424242424243,0.3999999999999986,0.0,0.0,0.0,0.5,0.0,0.0,0.0,0.0,0.0,0.0,0.0036354330375410375,0.00048040507261415356,0.0,0.00015477096200001945,0.0010825576210823542,0.03312156029362849,1,3
3196,0.0,0.0,0.0,0.03474903474903475,0.0,0.6000000000000001,0.5588235294117647,0.0,0.0,0.0,0.0,0.0,0.0,0.0,0.0,0.0,0.009884289966080774,0.0001553984206649324,0.0008043294090493882,9.89901386388269e-06,0.0,0.0,0.0,0.6540405114798047,0.4940361289675475,0.580754716981132,0.2450980392156863,0.3999378495960224,0.1325271006955323,0.020202020202020204,0.5,0.0,1.0,0.0,0.45,2.8683025957541068e-05,0.0,0.0,0.0,4.360519555435484e-05,0.0,0.0036354330375410375,0.0,0.0,0.0,0.0011547110777166698,0.03312156029362849,0,2
10767,0.6000000000000227,0.0,1.0,0.03474903474903475,0.0,0.6000000000000001,0.23529411764705882,0.0,0.0,0.0,0.0,0.0,0.0,0.0,0.0,0.0,0.009770786935533304,0.0,0.0008043294090493882,9.89901386388269e-06,0.0,0.0,0.0,0.653606489506725,0.4934155887554526,0.20339622641509433,0.2450980392156863,0.39068840712170516,0.1342189360235604,0.020202020202020204,0.5,0.0,1.0,0.0,0.55,0.0,0.0,0.0,0.0,0.0,0.0,0.0036354330375410375,0.0,0.0,0.007674593157025758,0.0010825576210823542,0.03312156029362849,1,4
12434,0.4000000000000341,0.0,0.0,0.0637065637065637,0.0,0.4,0.029411764705882346,0.0,0.0,0.0,0.0,0.0,0.0,0.0,0.0,0.0,0.009770786935533304,0.0,0.0008043294090493882,9.89901386388269e-06,0.00011206563720521315,0.0019645067480058885,0.0,0.6539389684904113,0.4938051030618444,0.4590566037735849,0.2450980392156863,0.3989446617677525,0.1342189360235604,0.020202020202020204,0.9499999999999957,0.0,1.0,0.0,0.5,7.557383312647271e-05,0.0,1.955758524309625e-05,0.00010108601540902479,5.634555060864229e-07,0.0,0.0036354330375410375,0.0,0.002951745379876797,0.0003819900834023621,0.0010886624323746103,0.03312156029362849,1,2
6556,0.8000000000000114,1.0,0.0,0.03861003861003861,0.537037037037037,0.4,0.5,0.0,0.0,0.0,0.0,1.0,0.0,0.0,0.0,0.0,0.009770786935533304,0.0001465378408194212,0.0008066686186070865,9.89901386388269e-06,0.038914611768482515,0.00864141976332015,0.0,0.6539865356330539,0.49401526455579947,0.580754716981132,0.24436274509803926,0.39823785325192856,0.13183783445078015,0.020202020202020204,0.5,1.0,1.0,0.0,0.45,0.0,0.0,0.0006187858671243545,0.0026976780981764962,0.0,2.31288322939212e-06,0.0037028316819689715,0.0,0.0,0.002679277217049262,0.0011432885475201873,0.03312156029362849,0,0
5906,0.6000000000000227,1.0,0.0,0.015444015444015444,0.35185185185185186,0.4,0.5,0.0,0.0,0.0,0.0,1.0,0.0,0.0,0.0,0.0,0.009770786935533304,0.0,0.0008043294090493882,9.89901386388269e-06,0.0008025345632115264,0.0001844841362340555,0.0,0.6541242351374987,0.4940217940491951,0.2892452830188679,0.13627450980392158,0.39347908212383775,0.07857635190174823,0.24242424242424243,0.0,0.0,0.0,0.0,0.05,0.0,0.0001797725782268284,0.0,0.0,0.0,0.0,0.0036549873651660182,0.010010653098338533,0.0,5.77129405408337e-05,0.0010898323890239374,0.03312652071698991,0,0
12490,1.0,0.0,0.0,0.09266409266409267,0.0,1.0,0.029411764705882346,0.0,0.0,0.0,0.0,0.0,0.0,0.0,0.0,0.0,0.010120160159367767,0.0,0.0010062655728002952,9.89901386388269e-06,0.0,0.006625889024481959,0.0,0.6540758393659478,0.49393902424848424,0.580377358490566,0.24497549019607845,0.4027955495436211,0.13002067798734257,0.020202020202020204,1.0,0.0,1.0,0.0,0.85,0.0,0.0,0.0,0.0,0.0007700089036926041,0.0,0.006180095359781966,0.0,0.0,0.0024678421755732027,0.0012194973218408731,0.03312156029362849,1,2
8903,0.20000000000004547,0.0,0.0,0.15830115830115832,0.0,0.0,0.4411764705882353,0.0,0.0,0.0,0.0,0.0,0.0,0.0,0.0,0.0,0.009770786935533304,0.0,0.0008043294090493882,9.89901386388269e-06,0.0,0.0,0.0,0.6541003095959707,0.4939941509356358,0.580754716981132,0.2450980392156863,0.40287476084280827,0.1342189360235604,0.030303030303030304,0.5499999999999972,0.0,1.0,0.0,0.6,4.073329130065004e-06,0.0,8.064983605400515e-07,0.0,0.0,6.866372087257856e-07,0.0036354330375410375,0.0,0.0,2.5198247532234573e-05,0.0011021239477327278,0.03312156029362849,0,2
8078,0.6000000000000227,1.0,0.0,0.06756756756756757,0.0,0.4,0.0,0.0,0.0,0.0,0.0,0.0,0.0,0.0,0.0,0.0,0.009770786935533304,0.0,0.0008043294090493882,9.89901386388269e-06,0.0,0.0004455042587165638,0.0,0.6541056050681189,0.494000132325787,0.39641509433962263,0.17340686274509806,0.3969217270500494,0.09574534745284793,0.24242424242424243,0.6000000000000014,0.0,0.0,1.0,0.55,0.0,0.0010128239875071725,0.0,0.0,0.0,0.0,0.0036354330375410375,0.0048854569876423904,0.0,0.00014806848397621696,0.0010844244561171784,0.03312156029362849,0,3
9633,0.20000000000004547,0.0,0.0,0.04247104247104247,0.0,0.8,0.5588235294117647,0.0,0.0,0.0,0.0,0.0,0.0,0.0,0.0,0.0,0.009770786935533304,0.0,0.0008043294090493882,9.89901386388269e-06,0.0,0.0,0.0,0.6540636647166604,0.4939512176047973,0.20339622641509433,0.2450980392156863,0.39068840712170516,0.1342189360235604,0.020202020202020204,0.3999999999999986,0.0,1.0,0.0,0.25000000000000006,0.0,0.0,0.0,0.0,0.0,0.0,0.0036354330375410375,0.0,0.0,0.0006146581659461929,0.0010825576210823542,0.03312156029362849,1,2
9919,0.8000000000000114,0.0,1.0,0.03474903474903475,0.0,0.4,0.2941176470588235,0.0,0.0,0.0,0.0,0.0,0.0,0.0,0.0,0.0,0.016596123575032436,0.0,0.0008043294090493882,9.89901386388269e-06,0.0,0.0013718306851134184,0.0,0.6533170694075616,0.4930763780605665,0.20339622641509433,0.2450980392156863,0.39068840712170516,0.1342189360235604,0.020202020202020204,0.8500000000000014,0.0,1.0,0.0,0.25000000000000006,0.0,0.0,0.0,0.0,0.0,0.0,0.0036354330375410375,0.0,0.010648254620123204,0.001953439778234956,0.0010825576210823542,0.03312156029362849,1,4
10762,0.6000000000000227,0.0,0.0,0.03861003861003861,0.0,0.6000000000000001,0.5588235294117647,0.0,0.0,0.0,0.0,0.0,0.0,0.0,0.0,0.0,0.009940484651318676,0.0,0.0008043294090493882,9.89901386388269e-06,0.017831450389626916,0.008465827430048726,0.0,0.6539402864775355,0.49380665847947924,0.580754716981132,0.2450980392156863,0.40287476084280827,0.1342189360235604,0.020202020202020204,0.5,0.0,1.0,0.0,0.8,0.0,0.0,0.0002725964458625374,0.0,0.0,8.499845868016041e-05,0.003678260081630752,0.0,0.0,0.003991069843402485,0.0010990256419952014,0.03312156029362849,1,2
11456,0.20000000000004547,0.0,1.0,0.07335907335907337,0.0,0.6000000000000001,0.2647058823529412,0.0,0.0,0.0,0.0,0.0,0.0,0.0,0.0,0.0,0.009770786935533304,0.0,0.0008043294090493882,0.00843123707713093,0.0,7.844730838060739e-05,0.0,0.6540903276160618,0.49416435019098537,0.580754716981132,0.23247549019607844,0.3909016683118245,0.02443762140484993,0.020202020202020204,0.6000000000000014,0.0,1.0,0.0,0.9,0.00011684344609591464,0.0,0.0,0.0,0.00013161381529668695,0.0,0.0036354330375410375,0.0,0.0,0.00010979784609984852,0.0011246913274431725,0.03312156029362849,1,4
10326,0.0,1.0,0.0,0.06756756756756757,0.2962962962962963,0.4,0.5,0.0,0.0,0.0,0.0,1.0,0.0,0.0,0.0,0.0,0.009770786935533304,0.0,0.0008043294090493882,9.89901386388269e-06,0.0,0.0,0.0,0.6540940354073908,0.49398680006372375,0.20339622641509433,0.2450980392156863,0.39068840712170516,0.1342189360235604,0.020202020202020204,0.14999999999999858,0.0,1.0,0.0,0.75,0.0,0.0,0.0,0.0,0.0,0.0,0.0036354330375410375,0.0,0.0,0.0001456637781203489,0.0010825576210823542,0.03312156029362849,1,0
11336,0.8000000000000114,0.0,1.0,0.10231660231660232,0.0,0.6000000000000001,0.23529411764705882,0.0,0.0,0.0,0.0,0.0,0.0,0.0,0.0,0.0,0.009770786935533304,0.0,0.0008113470377224833,7.200571025323257e-05,0.0,0.0,0.0,0.6541008218151999,0.4939971371666977,0.5279245283018867,0.2450980392156863,0.40024250843905,0.13346700921110347,0.25252525252525254,0.44999999999999574,0.0,1.0,0.0,0.25000000000000006,0.0,0.0,0.0,0.0,0.0,0.0,0.0036354330375410375,0.0,0.0,9.00997236634824e-05,0.001086874608944202,0.03312156029362849,1,4
10807,0.6000000000000227,0.0,0.0,0.06756756756756757,0.0,0.8,0.0,0.0,0.0,0.0,0.0,0.0,0.0,0.0,0.0,0.0,0.009770786935533304,0.0,0.0009602767128959454,9.89901386388269e-06,5.422530832510314e-05,1.2382043377871293e-05,0.0,0.653954093535712,0.49382008623261764,0.4558490566037736,0.18333333333333338,0.39884107776112315,0.10188608308791279,0.020202020202020204,0.5,0.0,1.0,0.0,0.35000000000000003,0.0,0.0,0.0,0.0,0.0,1.445552018370075e-07,0.0036865343802601216,0.0,0.0,0.0019036572506230492,0.0011077941456325636,0.03317116452724268,1,2
477,0.0,0.0,0.0,0.03474903474903475,0.0,0.6000000000000001,0.5588235294117647,0.0,0.0,0.0,0.0,0.0,0.0,0.0,0.0,0.0,0.009770786935533304,0.0,0.0008043294090493882,9.89901386388269e-06,0.0,0.0001781684631017185,0.0,0.6542098459884202,0.49420038759113166,0.2784905660377358,0.09926470588235295,0.392321378520333,0.04542891158593898,0.04040404040404041,0.9499999999999957,0.0,1.0,0.0,0.0,0.0,0.0,0.0,0.0,0.0,0.0,0.003824058618481574,0.0,0.0,0.00042959814295311186,0.0011394469180562993,0.03312156029362849,0,2
8335,0.6000000000000227,1.0,0.0,0.15830115830115832,0.4444444444444444,0.6000000000000001,0.5,0.0,0.0,0.0,0.0,1.0,0.0,0.0,0.0,0.0,0.01109441707909086,0.0,0.0008043294090493882,5.289595751804799e-05,0.06199796402042342,0.014251898129854394,0.0,0.6534423580322466,0.4943771275969548,0.580754716981132,0.2442401960784314,0.3949048855092068,0.13315370637257973,0.020202020202020204,0.5,0.0,1.0,0.0,0.25000000000000006,0.0015374577134973854,0.0,0.003669668352752302,0.01599840020393005,0.0,0.0011919660555475046,0.00393014224956833,0.0,0.0,0.002425734241118321,0.001324786679014186,0.03312156029362849,0,0
12047,0.6000000000000227,1.0,1.0,0.10424710424710425,0.0,0.6000000000000001,0.2941176470588235,0.0,0.0,0.0,0.0,0.0,0.0,0.0,0.0,0.0,0.009770786935533304,0.0,0.0008043294090493882,9.89901386388269e-06,0.00013520176875725715,6.448634671965184e-05,0.0,0.6524172976879014,0.4920223254469358,0.3920754716981132,0.2450980392156863,0.3967815839822567,0.1342189360235604,0.030303030303030304,0.14999999999999858,0.0,1.0,0.0,0.85,0.0,0.0,0.0,0.0,0.0,0.0,0.0036354330375410375,0.0,0.0,0.02615130409245122,0.001084738618945778,0.03312156029362849,1,4
6913,0.20000000000004547,1.0,0.0,0.06756756756756757,0.0,0.6000000000000001,0.029411764705882346,0.0,0.0,0.0,0.0,0.0,0.0,0.0,0.0,0.0,0.009770786935533304,0.0,0.0008043294090493882,0.000594902392484361,0.000264981006682004,6.091300534214536e-05,0.0,0.6541008463328085,0.4940171309016913,0.5809433962264151,0.21433823529411766,0.3912733521003181,0.11629801366000378,0.24242424242424243,0.14999999999999858,0.0,0.0,0.0,0.25000000000000006,0.0,0.0,0.0,0.0,0.0,0.0,0.0036362442509880206,0.001915750389247824,0.0,1.7318998557688128e-05,0.0010855966929006354,0.03312156029362849,0,3
9835,0.6000000000000227,0.0,1.0,0.04247104247104247,0.0,0.6000000000000001,0.2647058823529412,0.0,0.005978,0.0,0.0,0.0,0.0,0.0,0.0,0.0,0.009770786935533304,0.0,0.0008043294090493882,9.89901386388269e-06,0.00013484026670175647,0.0012547414292783804,0.0,0.6537227990542223,0.49354954099610066,0.20339622641509433,0.2450980392156863,0.39068840712170516,0.13359233034651294,0.020202020202020204,0.6499999999999986,0.0,1.0,0.0,0.10000000000000002,0.0,0.0,0.0,0.0,0.0,0.0,0.0036354330375410375,0.0,0.006160164271047228,0.00011552820899042774,0.0010825576210823542,0.03312156029362849,1,4
5505,0.4000000000000341,1.0,0.0,0.10424710424710425,0.0,0.6000000000000001,0.5588235294117647,0.0,0.0,0.0,0.0,0.0,0.0,0.0,0.0,0.0,0.009770786935533304,0.0,0.0008043294090493882,9.89901386388269e-06,0.0,0.0008871858731688184,0.0,0.6540901457219112,0.49398183646869076,0.580754716981132,0.2450980392156863,0.40287476084280827,0.13340434864339873,0.25252525252525254,0.0,0.0,0.0,1.0,0.5,0.0,0.004567695309239322,0.0,0.0,0.0,0.0,0.0036354330375410375,0.011883769468280406,0.0,0.0004788434490440271,0.0010895574841568794,0.03312156029362849,0,3
1250,0.20000000000004547,0.0,0.0,0.015444015444015444,0.0,0.6000000000000001,0.029411764705882346,0.0,0.0,0.0,0.0,0.0,0.0,0.0,0.0,0.0,0.009770786935533304,0.0,0.0008043294090493882,9.89901386388269e-06,0.012258534702028315,0.008242119639624367,0.0,0.6531125233057844,0.49283685539004934,0.20339622641509433,0.24460784313725495,0.39068840712170516,0.1342189360235604,0.020202020202020204,0.6000000000000014,0.0,1.0,0.0,0.55,0.0,0.0,0.0,0.0,0.0,3.975268050517706e-07,0.0036372737774439693,0.0,0.006846201232032854,0.0021090805274594387,0.0010825576210823542,0.03312156029362849,0,2
10642,0.8000000000000114,0.0,1.0,0.05791505791505792,0.0,0.8,0.23529411764705882,0.0,0.0,0.0,0.0,0.0,0.0,0.0,0.0,0.0,0.012593313238792122,0.0,0.0008043294090493882,9.89901386388269e-06,0.20991484457580625,0.03287091802879531,0.0,0.6543262986657411,0.4941780190008623,0.41471698113207545,0.23014705882352945,0.39764681509645505,0.12500783257096312,0.04040404040404041,0.10000000000000142,0.0,1.0,0.0,0.35000000000000003,5.408702196537981e-05,0.0,0.0008795872744639937,0.0,0.0,0.00031578083841294285,0.003995238398520412,0.0,0.0,0.00477316205005779,0.0014446556599275536,0.033758850684986845,1,4
8090,0.0,0.0,0.0,0.0971042471042471,0.0,0.6000000000000001,0.8235294117647058,0.3333333333333333,0.0,0.0,0.0,0.0,0.0,0.0,0.0,0.0,0.009770786935533304,0.0,0.0008043294090493882,9.89901386388269e-06,0.0,0.0038327825817059047,0.0,0.6541029866537794,0.4939972873904623,0.3920754716981132,0.15637254901960787,0.3967815839822567,0.08885268500532616,0.25252525252525254,0.6000000000000014,0.0,0.0,0.0,0.55,0.0,0.0008795189411962845,0.0,0.0,0.0,0.0,0.0036354330375410375,0.008542328205176527,0.0,0.001260603089995861,0.0010884175162281745,0.03312156029362849,0,2
4587,0.4000000000000341,1.0,0.0,0.03474903474903475,0.2222222222222222,0.4,0.5,0.0,0.0,0.0,0.0,1.0,0.0,0.0,0.0,0.0,0.009770786935533304,0.0,0.0008043294090493882,9.89901386388269e-06,0.0,0.0,2.744647182237983e-05,0.6539960984943824,0.4938207597164201,0.580754716981132,0.24497549019607845,0.39248589429556785,0.05733441944984022,0.020202020202020204,0.3999999999999986,1.0,1.0,0.0,0.2,0.0,0.0,0.00019507179095562495,0.0,0.0,0.00015651714478901986,0.003673882434621839,0.0,0.0,0.0005451007699663495,0.0011140560383391194,0.03312156029362849,0,0
7087,0.8000000000000114,1.0,0.0,0.015444015444015444,0.35185185185185186,0.6000000000000001,0.5,0.0,0.0,0.0,0.0,1.0,0.0,0.0,0.0,0.0,0.009851542340189591,0.0,0.001063981669953906,9.89901386388269e-06,0.006157103009287711,0.0014152924883793691,8.610188743645147e-05,0.6541362623498151,0.4940284431005222,0.28415094339622643,0.16446078431372552,0.39330237999488177,0.09117112601040167,0.25252525252525254,0.3999999999999986,0.0,1.0,0.0,0.35000000000000003,0.00040444084932415424,0.0,0.0,0.0,0.0,0.0,0.0036726035758624853,0.0,0.0,0.0013417747036200034,0.001132943430268236,0.03321180031541943,0,0
4231,0.8000000000000114,1.0,0.0,0.10231660231660232,0.0,0.6000000000000001,0.0,0.0,0.0,0.0,0.0,0.0,0.0,0.0,0.0,0.0,0.009982442546991752,0.0,0.0008043294090493882,9.89901386388269e-06,0.0028920164440055006,0.0007470776507856572,0.0,0.654095122465147,0.49398389651395863,0.580754716981132,0.2450980392156863,0.40287476084280827,0.1042045240929883,0.020202020202020204,0.3500000000000014,0.0,1.0,0.0,0.8,0.0,0.0,0.0,0.0,0.0,0.0002558988460519625,0.003674138834612584,0.0,0.0,0.00015420815850183755,0.0010830938491479568,0.03312156029362849,0,3
6380,0.8000000000000114,1.0,1.0,0.10231660231660232,0.0,0.6000000000000001,0.23529411764705882,0.0,0.0,0.0,0.0,0.0,0.0,0.0,0.0,0.0,0.009770786935533304,0.0,0.0008043294090493882,9.89901386388269e-06,0.0017301488376262907,0.003302432240514129,0.0,0.6541633857826762,0.49406560853751574,0.27962264150943394,0.0886029411764706,0.393150050573368,0.05407606992919356,0.020202020202020204,0.44999999999999574,0.0,1.0,0.0,0.45,0.0,0.0,0.0023061820619642774,0.0013875154375925707,0.0,0.00029236289571534765,0.0037966941036959244,0.0,0.0,0.002420310861954023,0.0012003531174133385,0.03312156029362849,0,4
763,0.8000000000000114,1.0,0.0,0.06756756756756757,0.0,0.6000000000000001,0.1764705882352941,0.0,0.0,0.0,0.0,0.0,0.0,0.0,0.0,0.0,0.009770786935533304,0.0,0.0008043294090493882,9.89901386388269e-06,0.0014029894773981684,0.00017509372749781755,0.0,0.6541123112967213,0.49400786943192576,0.4007547169811321,0.24460784313725495,0.3970618701178421,0.13271508239864654,0.24242424242424243,0.14999999999999858,0.0,0.0,0.0,0.35000000000000003,0.0,0.008219076120335348,0.0,0.0,0.0,0.0,0.0036363746105545253,0.010584513177040004,0.0,0.00014059854663671189,0.001088603347159765,0.03312156029362849,0,3
11535,0.0,0.0,1.0,0.10424710424710425,0.0,0.8,0.23529411764705882,0.0,0.0,0.0,0.0,0.0,0.0,0.0,0.0,0.0,0.009770786935533304,0.0,0.0008043294090493882,9.89901386388269e-06,0.00011206563720521315,0.00047301067722713694,0.0,0.65355163202002,0.4933513174392414,0.580754716981132,0.2450980392156863,0.40287476084280827,0.1342189360235604,0.020202020202020204,0.6000000000000014,0.0,1.0,0.0,0.8,0.0001460492159584807,0.0,0.0,0.0,0.00010835562412878628,0.0,0.0036356497799528162,0.0,0.0,0.008659422532912494,0.0010871656234545692,0.03312156029362849,1,4
2597,0.8000000000000114,0.0,0.0,0.03474903474903475,0.0,0.6000000000000001,0.029411764705882346,0.0,0.0,0.0,0.0,0.0,0.0,0.0,0.0,0.0,0.010476486233919934,6.143480853476367e-06,0.0008043294090493882,0.00035295348921007494,0.0,0.003998569001429752,0.0,0.6540126455609846,0.4942887335271869,0.580754716981132,0.2425245098039216,0.39865218927844603,0.13171251331537065,0.020202020202020204,0.29999999999999716,0.0,1.0,0.0,0.25000000000000006,1.2050265343108969e-05,0.0,0.00020474977128210557,0.0006293703220248848,0.0002812425552463037,0.0,0.0039124761724111815,0.0,0.0,0.0016774102443539297,0.0012515818327053002,0.03312156029362849,0,2
491,1.0,0.0,0.0,0.015444015444015444,0.0,0.2,0.5294117647058824,0.0,0.0,0.0,0.0,1.0,0.0,0.0,0.0,0.0,0.009770786935533304,0.0,0.0027624661350682993,9.89901386388269e-06,0.02295429601812716,0.02470807670717423,0.0,0.6538898958340704,0.49378521801587943,0.5616981132075471,0.2450980392156863,0.40122960309045935,0.12481985086784889,0.020202020202020204,0.6000000000000014,0.0,1.0,0.0,0.4,0.0003879370774655075,0.0,0.003146553353647011,0.005123302963578269,0.0,0.00020035350974609238,0.0037993107186091364,0.0,0.0,0.011580858746043109,0.0016511976446377816,0.03312156029362849,0,1
6204,0.6000000000000227,1.0,0.0,0.07335907335907337,0.537037037037037,0.4,0.5,0.0,0.0,0.0,0.0,1.0,0.0,0.0,0.0004003282691807282,0.0,0.015580886974564079,0.0,0.0012844911575929378,9.89901386388269e-06,0.043834654743846874,0.010547589635814187,0.0,0.6540604588736706,0.49432848964481313,0.39452830188679244,0.2386029411764706,0.39427119511570946,0.12970737514881886,0.020202020202020204,0.10000000000000142,0.0,1.0,0.0,0.6,0.00013898198991781793,0.0,0.0,0.0,0.0,7.018155049186714e-05,0.003945126532029013,0.0,0.0,0.004089355799766795,0.0012078020182070626,0.03317137286502386,0,0
8810,0.0,1.0,0.0,0.06756756756756757,0.0,0.8,0.5588235294117647,0.0,0.0,0.0,0.0,0.0,0.0,0.0,0.0,0.0,0.009770786935533304,6.656346928278124e-07,0.0008043294090493882,9.89901386388269e-06,0.0,0.0,0.0001453445096584504,0.6541026881353282,0.49399585618886016,0.580754716981132,0.24473039215686276,0.40282601542792384,0.13108590763832323,0.24242424242424243,0.5,0.0,0.0,0.0,0.10000000000000002,0.0,0.0016288867409628535,0.0,0.0,0.0,0.0,0.0036425341000718655,0.011549107863837138,0.0,0.00017938082405688204,0.0010907646664742845,0.03312156029362849,0,3
279,0.6000000000000227,1.0,0.0,0.015444015444015444,0.35185185185185186,0.2,0.5,0.0,0.0,0.0,0.0,1.0,0.0,0.0,0.0,0.0,0.009770786935533304,0.0,0.0018946505786229778,9.89901386388269e-06,0.0,0.0,0.0,0.6538845953921366,0.49485703235766554,0.580754716981132,0.24473039215686276,0.3995113272157838,0.11266370073312865,0.030303030303030304,0.5,1.0,1.0,0.0,0.10000000000000002,0.014393020225620206,0.0,0.0,0.0,0.013779476568303667,0.0,0.003848946694152934,0.0,0.0,0.0,0.002439205655225032,0.03341778685592573,0,0
10359,0.4000000000000341,0.0,0.0,0.0637065637065637,0.0,0.6000000000000001,0.029411764705882346,0.0,0.0,0.0,0.0,0.0,0.0,0.0,0.0,0.0,0.009770786935533304,0.0,0.0008043294090493882,9.89901386388269e-06,0.014320180924548736,0.009009141521354246,0.0,0.65305759690472,0.49331393656506606,0.4113207547169811,0.24350490196078436,0.3908772956043823,0.1169246193370512,0.020202020202020204,0.0,1.0,1.0,0.0,0.05,1.0325889344714785e-05,0.0,0.00017722801472867632,0.0007726487612568069,0.0,1.445552018370075e-07,0.0036486264465594703,0.0,0.007700205338809035,0.0027649256766816696,0.0011789550995346216,0.03312156029362849,1,2
8935,0.6000000000000227,0.0,0.0,0.03861003861003861,0.0,0.6000000000000001,0.0,0.0,0.0,0.0,0.0,0.0,0.0,0.0,0.0,0.0,0.009770786935533304,0.0,0.0008043294090493882,9.89901386388269e-06,0.0034754807615836104,0.0017712970107337358,0.0,0.6540418934115028,0.49392571023065085,0.5786792452830188,0.24473039215686276,0.4028077358973422,0.13403095432044615,0.020202020202020204,0.5,0.0,1.0,0.0,0.5,0.0,0.0,0.0,0.0,0.0,0.0,0.0036385636303836303,0.0,0.0,0.0012363002116652793,0.001120093684810809,0.03312156029362849,0,2
5156,1.0,0.0,1.0,0.03474903474903475,0.0,0.4,0.23529411764705882,0.0,0.0,0.0,0.0,0.0,0.0,0.0,0.0,0.0,0.010004580303281241,0.0,0.0008043294090493882,9.89901386388269e-06,0.02439018218257589,0.009218140441457242,0.0,0.6538637123533138,0.493713595439581,0.33188679245283015,0.18223039215686276,0.39483786056374076,0.1017607619525033,0.020202020202020204,0.7999999999999972,0.0,1.0,0.0,0.35000000000000003,0.0,0.0,0.0,0.0,0.0,3.5777412454659355e-06,0.003644333219149347,0.0,0.007700205338809035,0.0004908413963461773,0.0011930116803325211,0.03312156029362849,0,4
9881,0.6000000000000227,0.0,1.0,0.0637065637065637,0.0,0.4,0.23529411764705882,0.0,0.0,0.0,0.0,0.0,0.0,0.0,0.0,0.0,0.009770786935533304,0.0,0.0008043294090493882,9.89901386388269e-06,1.4460082220027503e-06,0.0,0.0,0.6531987865238874,0.49403223130134544,0.20339622641509433,0.2450980392156863,0.39068840712170516,0.13415627545585562,0.020202020202020204,0.7999999999999972,0.0,1.0,0.0,0.45,8.262069252148516e-05,0.0,0.0,0.0,0.0001046305571718816,0.0,0.0036354330375410375,0.0,0.0,2.448195217091217e-05,0.0012223461015955705,0.03312156029362849,1,4
185,0.4000000000000341,0.0,0.0,0.03474903474903475,0.0,0.6000000000000001,0.0,0.0,0.0,0.0,0.0,0.0,0.0,0.0,0.0,0.0,0.013343528841124577,0.00026996397214032914,0.0008043294090493882,0.0018978879269683552,0.09703257422721706,0.02230554478705586,0.0,0.6528689090572696,0.49315947781011427,0.580754716981132,0.2365196078431373,0.3982683191362313,0.10533241431167369,0.020202020202020204,0.0,1.0,1.0,0.0,0.10000000000000002,0.0,0.0,0.0,0.0,0.0,0.0008705114254624591,0.004458076898200476,0.0,0.0,0.0047233027765143125,0.0017279100807605185,0.03395383500647752,0,2
2620,0.8000000000000114,1.0,0.0,0.03474903474903475,0.0,0.6000000000000001,0.029411764705882346,0.0,0.0,0.0,0.0,0.0,0.0,0.0,0.0,0.0,0.009771163172044002,0.0,0.0012891227925171805,9.89901386388269e-06,0.0,9.041384694714072e-05,0.0002972787823614183,0.6541047045429798,0.49441196941778603,0.5683018867924529,0.24497549019607845,0.3973726221377302,0.13146187104455168,0.020202020202020204,0.5,0.0,1.0,0.0,0.4,6.414814491664037e-05,0.0,0.0,0.0,0.0,0.0002823524479881349,0.0036449241563408816,0.0,0.0,0.000604220719252638,0.0012217851390314712,0.03312156029362849,0,3
4312,0.4000000000000341,0.0,0.0,0.10424710424710425,0.0,0.0,0.4411764705882353,0.0,0.0,0.0,0.0,0.0,0.0,0.0,0.0,0.0,0.009770786935533304,0.0,0.0008043294090493882,9.89901386388269e-06,0.0,1.9113221321546293e-05,0.0,0.6541029700878277,0.4939972679817072,0.20339622641509433,0.24546568627450985,0.39068840712170516,0.1297700357165236,0.020202020202020204,0.6000000000000014,0.0,1.0,0.0,0.55,4.8879949560780045e-06,0.0,2.2178704914851415e-05,0.0,5.869328188400239e-06,0.0,0.0036354330375410375,0.0,0.0,1.3302628138844647e-05,0.0010825576210823542,0.03312156029362849,0,2
2641,0.4000000000000341,1.0,0.0,0.10424710424710425,0.2962962962962963,0.6000000000000001,0.5,0.0,0.0,0.0,0.0,1.0,0.0,0.0,0.0,0.0,0.009770786935533304,0.0,0.0008043294090493882,9.89901386388269e-06,0.0,0.0,0.0,0.6541104221155796,0.49400599881610785,0.3915094339622641,0.17475490196078433,0.39676330445167507,0.09825177016103767,0.24242424242424243,0.6999999999999957,0.0,0.0,0.0,0.55,0.0,0.00029962096371138067,0.0,0.0,0.0,0.0,0.0036441722329377,0.007151238854235447,0.0,1.2560750800332157e-05,0.0010869799412273787,0.03312156029362849,0,0
3401,1.0,0.0,0.0,0.06756756756756757,0.0,0.6000000000000001,0.029411764705882346,0.0,0.0,0.0,0.0,0.0,0.0,0.0,0.0,0.0,0.009936948028118111,0.0,0.0008043294090493882,9.89901386388269e-06,0.0,0.0,0.0,0.6540932515065522,0.4939853451834404,0.44452830188679243,0.21066176470588238,0.39847548714949005,0.11617269252459429,0.020202020202020204,0.6000000000000014,0.0,1.0,0.0,0.85,0.0,0.0,0.00026100303192977414,0.0011378769299737617,3.0144869575623627e-05,0.0,0.003664851893447024,0.0,0.0,0.00045548710386947874,0.0010984057924887896,0.03312156029362849,0,2
11871,0.4000000000000341,0.0,0.0,0.0694980694980695,0.0,0.2,0.5588235294117647,0.0,0.0,0.0,0.0,0.0,0.0,0.0,0.0,0.0,0.009770786935533304,0.0,0.0008043294090493882,9.89901386388269e-06,0.0,0.0,0.0,0.6540936842092129,0.4957312294721021,0.580754716981132,0.2450980392156863,0.39070059347542624,0.12162416191490696,0.020202020202020204,0.6499999999999986,0.0,1.0,0.0,0.4,0.00040284546208154543,0.0,0.0,0.0,0.0003238147490395001,0.0,0.0036386044659104874,0.0,0.0,0.00015108715728464708,0.0013058361868514298,0.03312156029362849,1,2
6410,0.0,0.0,0.0,0.026061776061776062,0.0,0.6000000000000001,0.5588235294117647,0.3333333333333333,0.0,0.0,0.0,0.0,0.0,0.0,0.0,0.0,0.009720792627991711,0.0,0.0008043294090493882,3.8867293698680494e-05,0.011115465202535141,0.0025551883878039364,0.0,0.6540475934241937,0.4941169904994555,0.580754716981132,0.24497549019607845,0.39123069986229425,0.04586753555987218,0.020202020202020204,0.3999999999999986,1.0,1.0,0.0,0.25000000000000006,5.985078268442179e-05,0.0,5.141427048442828e-06,2.2414725155914194e-05,0.0,4.7341828601619955e-06,0.003722543461961929,0.0,0.0,0.0008388330320629153,0.0011342931209687625,0.033122482932373715,0,2
7802,0.0,0.0,0.0,0.03581081081081081,0.0,0.0,0.7941176470588235,0.3333333333333333,0.0,0.0,0.0,0.0,0.0,0.0,0.0,0.0,0.009770786935533304,0.0,0.0008043294090493882,9.89901386388269e-06,0.0,0.0,0.0,0.6541027182853605,0.49399597458226635,0.580754716981132,0.2450980392156863,0.40287476084280827,0.13171251331537065,0.020202020202020204,0.6999999999999957,0.0,1.0,0.0,0.5,0.0,0.0,5.998331556516633e-05,0.0002615051268189989,0.0,0.0,0.003640573994782737,0.0,0.0,1.156305368991881e-05,0.0010899569537428189,0.03312156029362849,0,2
855,0.8000000000000114,1.0,0.0,0.10231660231660232,0.4444444444444444,0.6000000000000001,0.5,0.0,0.0,0.0,0.0,1.0,0.0,0.0,0.0,0.0,0.009771720002079836,0.0,0.0008043294090493882,9.89901386388269e-06,0.027538142081875876,0.006330298901696132,0.0004984514165587348,0.6540292830776834,0.49418726067369756,0.580754716981132,0.24460784313725495,0.3952765692977005,0.12964471458111412,0.24242424242424243,0.5,0.0,1.0,0.0,0.10000000000000002,0.0002377330657943605,0.0,0.0,0.0,0.0,0.0,0.0037629231229853095,0.0,0.0,0.0015634169539949071,0.0011454494207215075,0.03312156029362849,0,0
10119,0.0,0.0,1.0,0.03474903474903475,0.0,0.6000000000000001,0.6176470588235294,0.0,0.0,0.0,0.0,0.0,0.0,0.0,0.0,0.0,0.009770786935533304,0.0,0.0008043294090493882,9.89901386388269e-06,0.00017930501952834104,0.0004196598594513425,0.0,0.6535996504191891,0.4934074735667642,0.20339622641509433,0.24448529411764708,0.39068840712170516,0.13384297261733194,0.020202020202020204,0.14999999999999858,0.0,1.0,0.0,0.75,0.0,0.0,0.0,0.0,0.0,0.0,0.0036354330375410375,0.0,0.007754235112936345,0.00014750568047803506,0.0010825576210823542,0.03312156029362849,1,4
5721,0.0,0.0,0.0,0.06756756756756757,0.0,0.2,0.5294117647058824,0.0,0.0,0.0,0.0,1.0,0.0,0.0,0.0,0.0,0.009770786935533304,0.0,0.0008043294090493882,9.89901386388269e-06,0.0,0.0,4.610659291873633e-06,0.6541033974893837,0.4939975501850065,0.58,0.4471813725490197,0.39068840712170516,0.22369822670593398,0.25252525252525254,0.3999999999999986,0.0,0.0,0.0,0.75,0.0,0.0,0.0,0.0,0.0,0.0,0.0036354330375410375,0.0,0.0,9.593241446282197e-06,0.001082588303756842,0.03312411987208298,0,1
6239,0.8000000000000114,0.0,0.0,0.06756756756756757,0.0,0.6000000000000001,0.5294117647058824,0.0,0.0,0.0,0.0,1.0,0.0,0.0,0.0,0.0,0.009770786935533304,0.0,0.0008043294090493882,9.89901386388269e-06,0.007230402612069252,0.0033842866883477076,0.0,0.6540197440713253,0.4938943181219536,0.4462264150943396,0.16384803921568628,0.39853032574123504,0.09142176828122064,0.020202020202020204,0.6999999999999957,0.0,1.0,0.0,0.35000000000000003,1.3985096679889847e-06,0.0,0.0,0.0,3.3165617149920284e-05,0.0,0.0036635192417340226,0.0,0.0,0.0014790987571763842,0.0011200474873106108,0.033121585095745296,0,1
1853,0.6000000000000227,0.0,0.0,0.03861003861003861,0.0,0.6000000000000001,0.5294117647058824,0.0,0.0,0.0,0.0,1.0,0.0,0.0,0.0,0.0,0.009770786935533304,0.0,0.0012877660509737156,9.89901386388269e-06,0.004190531827363971,0.0,0.0,0.6541275774839312,0.49402423062431217,0.5279245283018867,0.24497549019607845,0.4011016463763878,0.13284040353405605,0.020202020202020204,0.3999999999999986,0.0,1.0,0.0,0.35000000000000003,0.0,0.0,0.0,0.0,0.0004690454057332756,0.0,0.003642439078942064,0.0,0.0,0.00012087484222315569,0.001114718219031335,0.033275333417832495,0,1
3881,0.4000000000000341,0.0,0.0,0.03474903474903475,0.0,0.6000000000000001,0.5294117647058824,0.0,0.0,0.0,0.0,1.0,0.0,0.0,0.0,0.0,0.009770786935533304,0.0,0.0008043294090493882,9.979987392421607e-06,0.0,2.0775240566898145e-05,1.3049035731717827e-06,0.6540760189408652,0.4940497977774244,0.580566037735849,0.24485294117647063,0.3944296177140838,0.09430415439563884,0.020202020202020204,0.5,1.0,1.0,0.0,0.2,7.4813478355527236e-06,0.0,0.0,0.0,0.0,0.0,0.0036679173065063647,0.0,0.0,0.00012547959811737115,0.001107000361546544,0.03312156029362849,0,1
4520,0.6000000000000227,1.0,0.0,0.05791505791505792,0.7037037037037037,0.6000000000000001,0.5,0.0,0.0,0.0,0.0,1.0,0.0,0.0,0.0,0.0,0.012574742204624052,0.0,0.0008043294090493882,3.530445844296812e-05,0.04595414129524741,0.010563794323456369,0.0,0.653201006692746,0.49428535213387087,0.580754716981132,0.24362745098039218,0.391437867875553,0.07575662635503479,0.020202020202020204,0.29999999999999716,1.0,1.0,0.0,0.10000000000000002,0.0,0.0,0.0004922664368146339,0.0,0.0,0.0001938846644638863,0.0039340848411564995,0.0,0.0,0.008860164307923097,0.0014124315156317342,0.03314764219966283,0,0
1102,0.4000000000000341,1.0,0.0,0.05791505791505792,0.0,0.4,0.5588235294117647,0.0,0.0,0.0,0.0,0.0,0.0,0.0,0.0,0.0,0.009770786935533304,0.0,0.0008043294090493882,9.89901386388269e-06,0.0009258067641372609,0.0015606360713853885,0.0,0.6541755799797867,0.49408155050079167,0.28320754716981134,0.05330882352941177,0.3932658209337185,0.036155147565636946,0.25252525252525254,0.0,0.0,1.0,0.0,0.45,0.000300238301295208,0.0,0.0,0.0,0.0,0.0,0.0036354330375410375,0.0,0.0,0.0007427471257369528,0.0020990694717743777,0.03312156029362849,0,3
11858,0.6000000000000227,0.0,1.0,0.03861003861003861,0.0,0.6000000000000001,0.2941176470588235,0.0,0.0,0.0,0.0,0.0,0.0,0.0,0.0,0.0,0.009770786935533304,0.0,0.0008043294090493882,9.89901386388269e-06,0.001809679289836442,0.0007943620983159174,8.001233742831648e-05,0.6540137955693576,0.49397627236677455,0.580754716981132,0.24497549019607845,0.39379592732058644,0.05733441944984022,0.020202020202020204,0.6499999999999986,0.0,1.0,0.0,0.4,1.6415516394161967e-05,0.0,0.0,0.0,0.0,6.400181561333506e-05,0.0036469616135414605,0.0,0.0,0.0015933478673073077,0.0011809438226091313,0.03312156029362849,1,4
1000,0.0,0.0,0.0,0.02316602316602317,0.0,1.0,0.029411764705882346,0.0,0.0,0.0,0.0,0.0,0.0,0.0,0.0,0.0,0.010711242767135259,0.0,0.0008043294090493882,9.89901386388269e-06,0.0,2.4265480982137032e-05,0.0,0.6541033491168046,0.4939973378532256,0.580754716981132,0.2450980392156863,0.40287476084280827,0.13415627545585562,0.020202020202020204,0.3999999999999986,0.0,1.0,0.0,0.4,0.00043780820378127005,0.0,0.0,0.0,0.0006700894606132784,0.0,0.0036354330375410375,0.0,0.0,9.311839697191253e-06,0.0011882726693841006,0.03312156029362849,0,2
5287,0.0,0.0,0.0,0.10424710424710425,0.0,0.8,0.5588235294117647,0.0,0.0,0.0,0.0,0.0,0.0,0.0,0.0,0.0,0.009773736629777178,0.0,0.0008043294090493882,9.89901386388269e-06,0.0,0.0,0.0,0.6540945125068023,0.4939871762053979,0.3920754716981132,0.22549019607843138,0.3967815839822567,0.12287737326900185,0.25252525252525254,0.10000000000000142,0.0,0.0,0.0,0.55,0.0,0.0,0.0,0.0,0.0,0.0,0.0036354330375410375,0.0019952257621931556,0.0,0.00015981061150646637,0.0010833853097715236,0.03312156029362849,0,2
706,0.6000000000000227,1.0,0.0,0.0694980694980695,0.0,0.6000000000000001,0.029411764705882346,0.0,0.0,0.0,0.0,0.0,0.0,0.0,0.0,0.0,0.0158747427388799,0.0,0.0008355188698186996,1.3704769705211822e-05,0.04338024666008251,0.012486251984554855,0.0004952978995902363,0.6539206349515686,0.49508011309537503,0.580754716981132,0.24485294117647063,0.3935217343618616,0.06629488063161854,0.020202020202020204,0.14999999999999858,1.0,1.0,0.0,0.2,0.010402949942973732,0.0,0.031901244275751875,0.1390758980173956,0.006697764297765638,0.0,0.004241304645075262,0.0,0.0,0.0,0.0015028393791334407,0.03315465623829588,0,3
10586,0.8000000000000114,0.0,0.0,0.06756756756756757,0.0,0.6000000000000001,0.0,0.0,0.0,0.0,0.0,0.0,0.0,0.0,0.0,0.0,0.009770786935533304,0.0,0.0008043294090493882,9.89901386388269e-06,0.0019835617785322725,0.0004559749799622805,0.0,0.6540020741645111,0.49349241404264704,0.580754716981132,0.2450980392156863,0.40287476084280827,0.03866157027382669,0.030303030303030304,0.10000000000000142,0.0,1.0,0.0,0.6,0.0026531832955134908,0.0,0.0135534065734657,0.017642146715363755,0.0,0.0034338726808376538,0.0036379330356131295,0.0,0.0,0.001565770495896395,0.0010827955481220004,0.03312156029362849,1,2
174,0.0,0.0,0.0,0.03474903474903475,0.0,0.6000000000000001,0.5588235294117647,0.0,0.0,0.0,0.0,0.0,0.0,0.0,0.0,0.0,0.009770786935533304,0.0,0.0008043294090493882,9.89901386388269e-06,0.011191019132134786,0.0025725564889178634,0.0,0.6542964140200361,0.49421604152848164,0.3618867924528302,0.24497549019607845,0.39580058250770794,0.13271508239864654,0.020202020202020204,0.7999999999999972,0.0,1.0,0.0,0.25000000000000006,0.0,0.0,0.0,0.0,7.12771215199325e-05,0.0,0.003786994095470236,0.0,0.0,0.0005822969648007344,0.0011543700985279768,0.03312156029362849,0,2
4866,0.0,0.0,0.0,0.02364864864864865,0.0,0.0,0.7941176470588235,0.3333333333333333,0.0,0.0,0.0,0.0,0.0,0.0,0.0,0.0,0.01056708398569609,0.0,0.0008044853563532348,9.89901386388269e-06,0.0,0.0,0.00034629965992690495,0.6543387519543375,0.4945445028784352,0.5269811320754717,0.24473039215686276,0.4002303220853289,0.13277774296635128,0.020202020202020204,0.3999999999999986,0.0,1.0,0.0,0.35000000000000003,0.0,0.0,0.0009602371105179988,0.004186279551178092,0.0,0.00032759822616311825,0.004284220035256734,0.0,0.0,0.0026874122857957097,0.0015958744032660412,0.033123172431220954,0,2
8176,0.20000000000004547,1.0,0.0,0.06756756756756757,0.2962962962962963,0.6000000000000001,0.5,0.0,0.0,0.0,0.0,1.0,0.0,0.0,0.0,0.0,0.009770786935533304,0.0,0.0008043294090493882,9.89901386388269e-06,0.0,3.2409375284361105e-06,0.0,0.6541010693105196,0.4940655724372312,0.3920754716981132,0.23933823529411768,0.3939116976809369,0.12889278776865717,0.23232323232323235,0.9499999999999957,0.0,0.0,0.0,0.35000000000000003,0.0,8.830933667282799e-05,0.0,0.0,0.0,0.0,0.003658445427522059,0.029225234056518036,0.0,0.00028178547874879576,0.0011031501072274687,0.03312156029362849,0,0
5372,0.8000000000000114,1.0,0.0,0.03861003861003861,0.537037037037037,0.6000000000000001,0.5,0.0,0.0,0.0,0.0,1.0,0.0,0.0,0.0,0.0,0.009770786935533304,0.0,0.0008043294090493882,9.89901386388269e-06,0.015165734232364845,0.0034862515690500437,0.0,0.654561496416791,0.4944914521517307,0.2916981132075471,0.13100490196078432,0.3935461070693038,0.07513002067798735,0.020202020202020204,0.29999999999999716,0.0,1.0,0.0,0.35000000000000003,0.0007623846466286165,0.0,0.0,0.0,0.0007153224165185497,0.0,0.003771550020683116,0.0,0.0,0.002947043772297891,0.0014998709419050545,0.03321084791413404,0,0
400,0.6000000000000227,0.0,0.0,0.05791505791505792,0.0,0.6000000000000001,0.5294117647058824,0.0,0.0,0.0,0.0,1.0,0.0,0.0,0.0,0.0,0.011774968729102414,0.0,0.0008216395597763561,1.0627775620732949e-05,0.03526380250998107,0.00810633266727912,0.0,0.6522931196446241,0.49470553809596995,0.3218867924528302,0.05698529411764707,0.3914987996441585,0.027695970925496586,0.020202020202020204,0.3999999999999986,1.0,1.0,0.0,0.45,0.0001006926960952069,0.0,0.00022672685160682196,0.0009884454289343337,0.0,3.436799923674853e-05,0.004138646093803625,0.0,0.0,0.0018891266875790803,0.0018540981560062238,0.03313227976851252,0,1
8243,0.20000000000004547,1.0,0.0,0.06756756756756757,0.2962962962962963,0.6000000000000001,0.5,0.0,0.0,0.0,0.0,1.0,0.0,0.0,0.0,0.0,0.009770786935533304,0.0,0.0008043294090493882,9.89901386388269e-06,0.0008730274640341605,0.0006270798612712535,0.0,0.6540926064283896,0.4939851258645076,0.3920754716981132,0.23333333333333336,0.3967815839822567,0.12820352152390502,0.25252525252525254,0.3999999999999986,0.0,0.0,0.0,0.55,0.0,0.0,0.0,0.0,0.0,0.0,0.003637869426427064,0.0027539104934293022,0.0,0.00032645161092268566,0.0010832955418821903,0.03312156029362849,0,0
805,0.8000000000000114,0.0,0.0,0.02316602316602317,0.0,0.6000000000000001,0.029411764705882346,0.0,0.0,0.0,0.0,0.0,0.0,0.0,0.0,0.0,0.01096888952966147,0.0,0.0008043294090493882,9.89901386388269e-06,0.02630939659522904,0.006470656426966096,0.0,0.6543089690235766,0.49421922495249554,0.44358490566037734,0.24485294117647063,0.3986034438635616,0.1332163669402845,0.020202020202020204,0.14999999999999858,0.0,1.0,0.0,0.35000000000000003,8.316380307216049e-06,0.0,0.0003149376097908901,0.0013730117919034497,7.497088539316572e-06,0.0,0.0038003528098425796,0.0,0.0,0.0007086975140969486,0.001200960327045769,0.03386617440483452,0,2
10024,0.4000000000000341,0.0,0.0,0.10231660231660232,0.0,1.0,0.029411764705882346,0.0,0.0,0.0,0.0,0.0,0.0,0.0,0.0,0.0,0.011839184776748403,0.0,0.0011263294020317596,9.89901386388269e-06,0.028690249132756567,0.007134550014521893,0.00017696667291497992,0.6539760692647147,0.49383844225685464,0.5343396226415094,0.241421568627451,0.401302721212786,0.13064728366439002,0.020202020202020204,0.14999999999999858,0.0,1.0,0.0,0.35000000000000003,1.832998108529252e-05,0.0,0.0,0.0,0.0003281032715024912,0.0,0.0037532906504386533,0.0,0.0,0.003947145588567107,0.0012562981414486875,0.03312156029362849,1,2
10072,0.6000000000000227,1.0,0.0,0.03474903474903475,0.0,0.6000000000000001,0.029411764705882346,0.0,0.0,0.0,0.0,0.0,0.0,0.0,0.0,0.0,0.009770786935533304,0.0,0.0008043294090493882,9.89901386388269e-06,0.0005997319100756407,0.0008494580362993314,0.0,0.6540552415928148,0.493944867448299,0.20339622641509433,0.2450980392156863,0.39068840712170516,0.1342189360235604,0.020202020202020204,0.14999999999999858,0.0,1.0,0.0,0.8,0.0,0.0,1.0081229506750644e-07,0.0,0.0,3.613880045925187e-08,0.0036354330375410375,0.0,0.0,0.0009553589381637564,0.0010854866020766657,0.03336958146169946,1,3
2433,0.6000000000000227,1.0,1.0,0.03861003861003861,0.0,0.6000000000000001,0.23529411764705882,0.0,0.0,0.0,0.0,0.0,0.0,0.0,0.0,0.0,0.009770786935533304,0.0,0.0008043294090493882,9.89901386388269e-06,0.14220876309902697,0.032721419397675915,0.0,0.6545255486327319,0.49448669467767703,0.3054716981132075,0.14093137254901963,0.39398481580326356,0.08020552666207158,0.020202020202020204,0.14999999999999858,0.0,1.0,0.0,0.55,0.00039628061330025736,0.0,0.0,0.0,3.6436789393588685e-05,0.0,0.0039571050841234546,0.0,0.0,0.0004150675799091431,0.0012215096889149476,0.03312156029362849,0,4
6178,0.0,0.0,0.0,0.15405405405405406,0.0,0.0,0.7941176470588235,0.3333333333333333,0.0,0.0,0.0,0.0,0.0,0.0,0.0,0.0,0.009770786935533304,0.0,0.0008043294090493882,9.89901386388269e-06,0.0,0.002955070218235592,0.0,0.6540729055358864,0.4939626912844708,0.580754716981132,0.2450980392156863,0.40287476084280827,0.13446957829437936,0.24242424242424243,1.0,0.0,1.0,0.0,0.45,9.996628573367863e-05,0.0,0.0,0.0,0.0,0.0,0.0036354330375410375,0.0,0.0,0.0013591192841548815,0.001129538991739698,0.03312156029362849,0,2
6383,0.6000000000000227,1.0,0.0,0.03474903474903475,0.0,0.6000000000000001,0.47058823529411764,0.0,0.0,0.0,0.0,0.0,0.0,0.0,0.0,0.0,0.009770786935533304,0.0,0.0008043294090493882,9.89901386388269e-06,0.000127248723536242,2.925153871819259e-05,0.0,0.6541022862453378,0.49420959471638287,0.20339622641509433,0.21948529411764708,0.39068840712170516,0.016667711009461746,0.05050505050505051,0.6000000000000014,0.0,1.0,0.0,0.6,0.0,0.0,0.0,0.0,0.0,1.3190662167626934e-05,0.0038438662049029267,0.0,0.0,1.6321301447274777e-05,0.0011121465251415588,0.03312156029362849,0,3
10227,0.4000000000000341,0.0,0.0,0.06756756756756757,0.0,0.8,0.029411764705882346,0.0,0.0,0.0,0.0,0.0,0.0,0.0,0.0,0.0,0.009770786935533304,0.0,0.0008043294090493882,9.89901386388269e-06,0.002530514388504813,0.0034426235638595577,0.0,0.6540380756222539,0.49392123690077205,0.580754716981132,0.2450980392156863,0.40287476084280827,0.1342189360235604,0.020202020202020204,0.14999999999999858,0.0,0.0,0.0,0.75,0.0,0.0,0.022133641818956242,0.002054683139292134,0.0,0.011594375212541318,0.0036354330375410375,0.0,0.0,0.0,0.0010850883221259246,0.03312156029362849,1,2
1302,0.6000000000000227,1.0,1.0,0.05791505791505792,0.0,0.6000000000000001,0.23529411764705882,0.0,0.0,0.0,0.0,0.0,0.0,0.0,0.0,0.0,0.009770786935533304,0.0,0.00085112919493374,9.89901386388269e-06,0.03976522610507563,0.011817289238300735,0.0,0.6535343590334105,0.49490286613286827,0.5756603773584905,0.2450980392156863,0.40029125385393444,0.13409361488815089,0.030303030303030304,0.29999999999999716,0.0,1.0,0.0,0.4,0.0009492350427065816,0.0,0.003370457460991943,0.014693951100738808,0.0,0.0034513638602599317,0.0038918805388513515,0.0,0.0,0.01069022221017027,0.0022421136864163534,0.03312156029362849,0,4
6692,0.20000000000004547,1.0,0.0,0.08687258687258688,0.8888888888888888,0.6000000000000001,0.5,0.0,0.0,0.0,0.0,1.0,0.0,0.0,0.0,0.0,0.009770786935533304,0.00039177512092781883,0.0008043294090493882,0.0001360760147096512,0.11202008794622006,0.027138031944840903,0.0028513665461305485,0.6529254274463008,0.508519766517862,0.5786792452830188,0.2346813725490196,0.39174252671858056,0.03747101948743656,0.020202020202020204,0.0,1.0,0.0,0.0,0.2,0.0,0.0,0.1858887989979258,0.0,0.0,0.06681157121024144,0.016464712448289915,0.0,0.0,0.004390455671294105,0.0052451930917751,0.03333498250875356,0,0
11721,0.6000000000000227,0.0,1.0,0.06756756756756757,0.0,0.8,0.23529411764705882,0.0,0.0,0.0,0.0,0.0,0.0,0.0,0.0,0.0,0.009770786935533304,0.0,0.0008043294090493882,9.89901386388269e-06,0.0,0.006482706066494897,0.0,0.6540920663783614,0.4939844931390908,0.20339622641509433,0.22647058823529415,0.39068840712170516,0.1246945297324394,0.22222222222222224,0.6000000000000014,0.0,1.0,0.0,0.75,0.0,0.0,0.00017884101144975643,0.0,0.0,6.411023201471283e-05,0.003708414369669459,0.0,0.0,0.002158351415527544,0.0010825576210823542,0.03312156029362849,1,4
4431,0.20000000000004547,0.0,0.0,0.03474903474903475,0.0,0.6000000000000001,0.5588235294117647,0.0,0.0,0.0,0.0,0.0,0.0,0.0,0.0,0.0,0.009899760811400688,0.0,0.0008043294090493882,9.89901386388269e-06,0.0003025772204540755,6.955550541797499e-05,0.0,0.6540985824298373,0.4940706536493202,0.20339622641509433,0.24289215686274512,0.39068840712170516,0.012281471270129709,0.020202020202020204,0.6000000000000014,1.0,1.0,0.0,0.45,0.0,0.0,4.1534665567812654e-05,0.0003630306466428455,0.0,0.00015293940354355393,0.00364622500346085,0.0,0.0,3.8628785557029646e-05,0.001118873961755689,0.03312156029362849,0,2
5893,0.20000000000004547,0.0,0.0,0.06756756756756757,0.0,0.6000000000000001,0.029411764705882346,0.0,0.0,0.0,0.0,0.0,0.0,0.0,0.0,0.0,0.009935593576679598,0.0,0.0008929230723646173,9.89901386388269e-06,0.0002299153072984373,0.001163828976557634,0.0,0.6540858114062856,0.49399143176904425,0.580754716981132,0.2450980392156863,0.3933876844709295,0.06842533993357981,0.24242424242424243,0.10000000000000142,0.0,0.0,0.0,0.6,0.0,0.0,0.0,0.0,0.0,0.0,0.0036354330375410375,0.010406021838967447,0.00028904004106776183,2.9368109814218568e-05,0.0010926403742049623,0.033200976671644816,0,2
10481,0.20000000000004547,0.0,0.0,0.0694980694980695,0.0,0.6000000000000001,0.5588235294117647,0.0,0.0,0.0,0.0,0.0,0.0,0.0,0.0,0.0,0.009780253046142473,0.0,0.0008043294090493882,9.89901386388269e-06,0.031936537591152746,0.007341471410568199,0.0,0.6539800845201089,0.49425391305598626,0.580754716981132,0.2450980392156863,0.3984328349114662,0.10063287173381792,0.25252525252525254,0.0,1.0,1.0,0.0,0.8,0.0001455739942266398,0.0,0.0,0.0,0.0,0.0,0.0036354330375410375,0.0,0.0,0.001012176509502937,0.0015777319212435504,0.03312156029362849,1,2
11660,0.20000000000004547,0.0,0.0,0.10231660231660232,0.0,0.6000000000000001,0.0,0.0,0.0,0.0,0.0,0.0,0.0,0.0,0.0,0.0,0.009770786935533304,0.0,0.0008043294090493882,9.89901386388269e-06,0.0,0.00013985891949635831,0.0,0.6540562146768227,0.49394246736164155,0.580754716981132,0.2450980392156863,0.40287476084280827,0.1342189360235604,0.020202020202020204,0.6000000000000014,0.0,1.0,0.0,0.8,0.0001325868631836159,0.0,3.931679507632751e-05,0.00017140672178052029,0.00023142369758316248,0.0,0.0036396818955806336,0.0,0.0,0.00039915559009690965,0.0011798449466628984,0.03312156029362849,1,2
4497,0.6000000000000227,1.0,1.0,0.10231660231660232,0.0,0.8,0.6176470588235294,0.0,0.0,0.0,0.0,0.0,0.0,0.0,0.0,0.0,0.010081814134197392,0.0,0.0008043294090493882,9.89901386388269e-06,0.0023689229696960057,0.0018209913861697562,0.0,0.6541489568386697,0.4940464020216296,0.28452830188679246,0.1243872549019608,0.39330847317174233,0.07155836831881698,0.25252525252525254,0.14999999999999858,0.0,1.0,1.0,0.35000000000000003,7.722353142414903e-05,0.0,0.0,0.0,0.0,0.0,0.0036478160184110807,0.0,0.0,0.0014565098713175384,0.001131662540136674,0.03312156029362849,0,4
3574,0.4000000000000341,0.0,0.0,0.05791505791505792,0.0,0.6000000000000001,1.0,0.0,0.0,0.0,0.0,1.0,0.0,0.0,0.0,0.0,0.009770786935533304,0.0,0.0008043294090493882,9.89901386388269e-06,0.0,0.0012874832084118118,0.0,0.6539785445492308,0.49218266078476114,0.2875471698113207,0.07365196078431373,0.39268696913196605,0.024562942540259418,0.04040404040404041,0.9499999999999957,0.0,1.0,0.0,0.0,0.0,0.0,0.0,0.0,0.0,0.0,0.0036780723952669295,0.0,0.0023100616016427105,0.00010353026168827747,0.0013353788934104365,0.03319596664404978,0,1
3735,0.8000000000000114,0.0,0.0,0.10231660231660232,0.0,0.6000000000000001,0.029411764705882346,0.0,0.0,0.0,0.0,0.0,0.0,0.0,0.0,0.0,0.009770786935533304,0.0,0.0008043294090493882,9.89901386388269e-06,0.011339234974890066,0.002373778987173782,0.0,0.6541238544519267,0.49401012007116885,0.4950943396226415,0.22218137254901962,0.4001084585481179,0.11924306034212671,0.020202020202020204,0.6000000000000014,0.0,1.0,0.0,0.35000000000000003,8.393773560687285e-05,0.0,0.0,0.0,0.00021711818834530163,0.0,0.003690904174283101,0.0,0.0,0.0004497055770245193,0.001144199956786432,0.03312156029362849,0,2
899,1.0,0.0,0.0,0.0694980694980695,0.0,0.6000000000000001,0.5294117647058824,0.0,0.0,0.0,0.0,1.0,0.0,0.0,0.0,0.0,0.01213167104016528,0.0,0.0008043294090493882,0.003849532155195484,0.1866995440736076,0.07382490045543483,0.0,0.6519341566738156,0.49496750699177694,0.580754716981132,0.24497549019607845,0.3964708319623686,0.13409361488815089,0.030303030303030304,0.0,0.0,1.0,0.0,0.25000000000000006,0.0028224640652771086,0.0,0.0,0.0,0.003910459469948954,0.0,0.005011730861065097,0.0,0.028234086242299797,0.014850056357095751,0.0020175620622807705,0.03312156029362849,0,1
11718,0.8000000000000114,0.0,1.0,0.10231660231660232,0.0,0.6000000000000001,0.23529411764705882,0.0,0.0,0.0,0.0,0.0,0.0,0.0,0.0,0.0,0.009770786935533304,0.0,0.0008043294090493882,9.89901386388269e-06,0.0,0.0,0.0,0.6538881106871058,0.4937450531498705,0.20339622641509433,0.2450980392156863,0.39068840712170516,0.1339682937527414,0.020202020202020204,0.6000000000000014,0.0,1.0,0.0,0.75,0.0,0.0,0.0,0.0,0.0,0.0,0.0036354330375410375,0.0,0.0,0.0033256570347111616,0.0010825576210823542,0.03312156029362849,1,4
3251,0.0,0.0,0.0,0.07335907335907337,0.0,0.8,0.5588235294117647,0.0,0.0,0.0,0.0,0.0,0.0,0.0,0.0001707622472649795,0.0,0.009770786935533304,0.0,0.0008043294090493882,9.89901386388269e-06,0.004823883428601175,0.0011088992404987552,0.0,0.6541141690025548,0.49401035336440535,0.3920754716981132,0.21139705882352944,0.3967815839822567,0.11686195876934648,0.25252525252525254,0.6499999999999986,0.0,1.0,0.0,0.55,0.0,0.0,0.0,0.0,0.0,0.0,0.0036354330375410375,0.0,0.0,7.43412257143895e-05,0.0010889327769734083,0.03312156029362849,0,2
4153,0.8000000000000114,1.0,0.0,0.20463320463320464,0.6666666666666666,0.6000000000000001,0.5,0.0,0.0,0.0,0.0,1.0,0.0,0.0,0.0,0.0,0.010107202573939315,0.0,0.0011264697546052214,9.89901386388269e-06,0.0,0.00034885783959935363,0.0,0.6540337615170895,0.49428729999653415,0.580754716981132,0.2450980392156863,0.40177189583104844,0.1339682937527414,0.020202020202020204,0.29999999999999716,0.0,1.0,0.0,0.45,0.00022071333891257223,0.0,0.0,0.0,0.0,0.0007543613207864236,0.0039167670439255245,0.0,0.0,0.0004990787930013851,0.0017140327383324857,0.03312652071698991,0,0
4997,0.6000000000000227,0.0,0.0,0.02316602316602317,0.0,0.6000000000000001,0.5294117647058824,0.0,0.0,0.0,0.0,1.0,0.0,0.0,0.0,0.0,0.009770786935533304,0.0,0.0008043294090493882,9.89901386388269e-06,0.001333942584797537,0.0008414803439216424,0.0,0.6541033378519573,0.4939976988560707,0.3922641509433962,0.20575980392156865,0.3967876771591173,0.11410489379033775,0.24242424242424243,0.5,0.0,0.0,1.0,0.55,0.0,0.0007499985807428034,0.0,0.0,0.0,0.0,0.0036382161357560506,0.006813256121476679,0.0,0.0002842157665818539,0.001086264226951243,0.03312156029362849,0,1
5635,0.0,0.0,0.0,0.03861003861003861,0.0,0.6000000000000001,0.5588235294117647,0.0,0.0,0.0,0.0,0.0,0.0,0.0,0.0,0.0,0.010093025982216203,0.0,0.0008043294090493882,9.89901386388269e-06,0.0,2.0193533831024996e-05,0.0,0.6540871711396082,0.4939784127642886,0.20339622641509433,0.2450980392156863,0.39068840712170516,0.13202581615389436,0.020202020202020204,0.44999999999999574,0.0,1.0,0.0,0.75,0.0,0.0,0.0,0.0,0.0,6.830233286798604e-06,0.0036354330375410375,0.0,0.0,0.00025791749403044565,0.0010825576210823542,0.03312156029362849,0,2
10385,0.20000000000004547,0.0,0.0,0.06756756756756757,0.0,0.6000000000000001,0.029411764705882346,0.0,0.0,0.0,0.0,0.0,0.0,0.0,0.0,0.0,0.009770786935533304,0.0,0.0008043294090493882,9.89901386388269e-06,0.0005245394825314977,0.0003680541618831675,0.0,0.6539704881955577,0.49384205150895577,0.20339622641509433,0.13235294117647062,0.39068840712170516,0.07657121373519646,0.020202020202020204,0.14999999999999858,0.0,1.0,0.0,0.35000000000000003,0.0,0.0,0.0,0.0,0.0,0.0,0.0036354330375410375,0.0,0.0,0.0006119464763640438,0.0010825576706504875,0.03312156029362849,1,2
1699,0.0,0.0,0.0,0.05791505791505792,0.0,0.4,1.0,0.0,0.0,0.0,0.0,1.0,0.0,0.0,0.0,0.0,0.009770786935533304,0.0,0.0013747378623289405,9.89901386388269e-06,0.06799419861501332,0.016201114300803045,0.0,0.653950375804812,0.4939348583532865,0.580754716981132,0.2450980392156863,0.4024969838774541,0.1342189360235604,0.020202020202020204,0.8999999999999986,0.0,1.0,0.0,0.4,0.00017790943863747247,0.0,0.0,0.0,0.0004232646458637538,0.0,0.0038313889882016757,0.0,0.0,0.002791300695164648,0.0016528931226359271,0.03312156029362849,0,1
6700,0.20000000000004547,0.0,0.0,0.10231660231660232,0.0,0.6000000000000001,0.5588235294117647,0.0,0.0,0.0,0.0,0.0,0.0,0.0,0.0,0.0,0.009770786935533304,0.0,0.0009545378521143922,9.89901386388269e-06,0.0,5.983269283266665e-06,0.0,0.6541004553763463,0.49399089220565207,0.580754716981132,0.24497549019607845,0.40287476084280827,0.1302086596904568,0.25252525252525254,0.0,0.0,0.0,0.0,0.8,0.0,0.0,0.0,0.0,0.0,0.0,0.0036354330375410375,0.023679953831682282,0.0,2.4737771942813027e-05,0.001098581461953062,0.03316933909144568,0,2
8975,0.8000000000000114,0.0,0.0,0.03861003861003861,0.0,0.6000000000000001,0.5294117647058824,0.0,0.0,0.0,0.0,1.0,0.0,0.0,0.0,0.0,0.009770786935533304,0.0,0.0008043294090493882,1.0405098417250924e-05,0.0,0.010547922039663258,0.0,0.6539578384347731,0.4940639040606416,0.580754716981132,0.22732843137254904,0.3935278275387222,0.12062159283163107,0.020202020202020204,0.3500000000000014,0.0,1.0,0.0,0.25000000000000006,0.0,0.0,0.0026988459512522146,0.0,0.0,0.0010842001525780156,0.003762022385498679,0.0,0.0,0.005260780117278017,0.0011255428088363065,0.033122056335964635,0,1
924,0.8000000000000114,1.0,0.0,0.06756756756756757,0.0,0.6000000000000001,0.0,0.0,0.0,0.0,0.0,0.0,0.0,0.0,0.0,0.0,0.009770786935533304,0.0,0.0008043294090493882,9.89901386388269e-06,0.0,0.0,1.9138585739852814e-06,0.6541028007838003,0.4939970696242299,0.580754716981132,0.24460784313725495,0.40287476084280827,0.1339682937527414,0.24242424242424243,0.8999999999999986,0.0,0.0,0.0,0.75,0.0,0.0,0.0,0.0,0.0,0.0,0.0036354330375410375,0.0011338177598031792,0.0,1.2432840914381728e-05,0.0010829885664329134,0.03312156029362849,0,3
3319,0.4000000000000341,1.0,0.0,0.20463320463320464,0.6666666666666666,0.6000000000000001,0.5,0.0,0.0,0.0,0.0,1.0,0.0,0.0,0.0,0.0,0.009770786935533304,0.0,0.0008209845811002005,9.89901386388269e-06,0.018913426041740473,0.004347759244878176,0.0,0.6543655440681628,0.4943003492789478,0.2871698113207547,0.10183823529411766,0.39339377764779004,0.0607807506736011,0.24242424242424243,0.9499999999999957,0.0,1.0,1.0,0.05,0.0022508537884550865,0.0,0.0,0.0,0.0,0.0,0.0036354330375410375,0.0,0.0,0.0013439491716811607,0.0013710913455162693,0.033121847998183455,0,0
9887,0.6000000000000227,0.0,0.0,0.03474903474903475,0.0,0.6000000000000001,0.029411764705882346,0.0,0.0,0.0,0.0,0.0,0.0,0.0,0.0,0.0,0.009770786935533304,0.0,0.0008043294090493882,9.89901386388269e-06,0.0,0.0061586123136512854,0.0,0.6540616804469553,0.49394889282410975,0.20339622641509433,0.23848039215686279,0.39068840712170516,0.13083526536750426,0.05050505050505051,0.7999999999999972,0.0,1.0,0.0,0.85,0.0,0.0,1.3912096719315889e-05,6.548615780845519e-05,0.0,1.1925804151553118e-06,0.0036354330375410375,0.0,0.0,0.0025238411236423006,0.0010825576210823542,0.03312156029362849,1,2
2649,0.8000000000000114,1.0,0.0,0.05791505791505792,0.0,0.6000000000000001,0.029411764705882346,0.0,0.0,0.0,0.0,0.0,0.0,0.0,0.0,0.0,0.009870354165724508,0.0,0.0008066686186070865,9.89901386388269e-06,0.10334765363475856,0.023757235496908436,0.0,0.6545020872691729,0.4948920818521765,0.28547169811320755,0.13480392156862747,0.39307693245104136,0.07776176452158658,0.030303030303030304,0.14999999999999858,0.0,1.0,0.0,0.05,0.0002217180934313216,0.0,0.0,0.0,0.00018734895577373562,0.0,0.003893766433423404,0.0,0.0,0.008481090569920404,0.0016657568958750668,0.03312156029362849,0,3
6442,0.8000000000000114,1.0,0.0,0.03474903474903475,0.0,0.4,0.1764705882352941,0.0,0.0,0.0,0.0,0.0,0.0,0.0,0.0,0.0,0.009770786935533304,0.0,0.0027554329116648195,0.2440934669342572,0.0,0.00028046574765312494,0.0,0.6461614390023827,0.4940639758730355,0.580754716981132,0.2450980392156863,0.39071277982914737,0.13371765148192244,0.020202020202020204,0.29999999999999716,0.0,1.0,0.0,0.45,0.0008313596865643838,0.0,8.77066967087306e-06,0.0,0.0012459566393754385,0.0,0.0036354330375410375,0.0,0.0,0.00038014818104467585,0.00228689819740763,0.03312156029362849,0,3
3103,0.0,1.0,0.0,0.06756756756756757,0.0,0.0,0.4411764705882353,0.0,0.0,0.0,0.0,0.0,0.0,0.0,0.0,0.0,0.009770786935533304,2.1867736466015345e-05,0.0008043294090493882,9.89901386388269e-06,0.0,0.0,0.0,0.6540819601538141,0.49396825189281107,0.580754716981132,0.24485294117647063,0.40287476084280827,0.12394260291998246,0.24242424242424243,0.7999999999999972,0.0,1.0,0.0,0.5,0.0,0.0,0.0,0.0,0.0,0.0,0.0036354330375410375,0.0,0.0,0.00028030172407177075,0.0010863419002160608,0.03312156029362849,0,3
4594,0.4000000000000341,0.0,0.0,0.03474903474903475,0.0,0.0,0.4411764705882353,0.0,0.0,0.0,0.0,0.0,0.0,0.0,0.0,0.0,0.010374375644916408,0.0,0.0008043294090493882,9.89901386388269e-06,0.018571806599292324,0.00954406241547074,0.0,0.6540963963868395,0.49404864994364694,0.4490566037735849,0.23051470588235295,0.39822566689820743,0.1254464565448963,0.020202020202020204,0.29999999999999716,0.0,1.0,0.0,0.35000000000000003,9.378161433786327e-05,0.0,2.7622568848496764e-05,0.00012042420966118605,0.0,0.0004552043305847366,0.003727117040969896,0.0,0.0,0.005000432335414513,0.001342566124028683,0.037395267605316335,0,2
2847,0.4000000000000341,1.0,0.0,0.5405405405405406,1.0,0.6000000000000001,0.5,0.0,0.0,0.0,0.0,1.0,0.0,0.0,0.0,0.0,0.011795360747982262,0.0001909389484442797,0.0027377952715997743,0.018141147386802045,0.0,0.06236885110011131,0.0,0.6522075856597188,0.4991984191901237,0.580754716981132,0.24497549019607845,0.3929002303220854,0.03772166175825553,0.030303030303030304,0.0,1.0,1.0,0.0,0.25000000000000006,0.033306702586369155,0.0,0.10682645415434867,0.2269851315656466,0.0,0.09676362586367215,0.00739874723922586,0.0,0.0,0.02287898548018139,0.010377700071259351,0.03374170250142642,0,0
10465,0.6000000000000227,0.0,1.0,0.03861003861003861,0.0,0.6000000000000001,0.32352941176470584,0.0,0.0,0.0,0.0,0.0,0.0,0.0,0.0,0.0,0.009770786935533304,0.0,0.0008043294090493882,9.89901386388269e-06,0.0709747830626165,0.015723865474500262,0.0,0.653716994013397,0.49353044084019254,0.580754716981132,0.24497549019607845,0.40287476084280827,0.13102324707061846,0.05050505050505051,0.0,0.0,1.0,0.0,0.8,9.395812526683276e-06,0.0,0.0,0.0,1.316294668385227e-05,0.0,0.0036671571374679527,0.0,0.0,0.005963772850461576,0.0011016067042621635,0.03312156029362849,1,4
10295,0.8000000000000114,0.0,1.0,0.05791505791505792,0.0,0.6000000000000001,0.23529411764705882,0.0,0.0,0.0,0.0,0.0,0.0,0.0,0.0,0.0,0.009770786935533304,0.0,0.0008043294090493882,9.89901386388269e-06,0.0,0.0065992136155940614,0.0,0.653600465132698,0.4933537097623968,0.580754716981132,0.24485294117647063,0.4028686676659477,0.13302838523717025,0.020202020202020204,0.14999999999999858,0.0,1.0,0.0,0.6,0.000404406904914737,0.0,0.0,0.0,0.0007876012367159692,0.0,0.0038027303013341007,0.0,0.0,0.009687792433976754,0.0020750569331387486,0.03312156029362849,1,4
5132,0.0,0.0,0.0,0.02316602316602317,0.0,0.6000000000000001,0.08823529411764706,0.0,0.00020761599999999999,0.0,0.0,0.0,0.0,0.0,0.0,0.0,0.009770786935533304,0.0,0.0008043294090493882,9.89901386388269e-06,0.0,0.0,0.0,0.6541031089105036,0.493997430627075,0.2788679245283019,0.09387254901960786,0.3931256778659258,0.05689579547590702,0.25252525252525254,0.7999999999999972,0.0,0.0,0.0,0.45,0.0,0.0,0.0,0.0,0.0,0.0,0.0036354330375410375,0.011831712712823503,0.00014581622176591377,1.0488610647935202e-06,0.0010905075565670668,0.03312156029362849,0,2
10936,0.6000000000000227,0.0,1.0,0.03861003861003861,0.0,0.8,0.23529411764705882,0.0,0.0,0.0,0.0,0.0,0.0,0.0,0.0,0.0,0.009770786935533304,0.0,0.0008043294090493882,9.89901386388269e-06,0.0,1.8531514585673144e-05,0.0,0.6541199114240822,0.4940089396306828,0.470754716981132,0.178921568627451,0.3993224387331067,0.09925433924431357,0.25252525252525254,0.29999999999999716,0.0,1.0,1.0,0.35000000000000003,0.0,0.0,0.0,0.0,0.0,0.0,0.0036354330375410375,0.0,0.0,1.4070087454547223e-05,0.0011830678171193066,0.03312156029362849,1,4
10211,0.4000000000000341,1.0,0.0,0.02316602316602317,0.0,0.6000000000000001,0.029411764705882346,0.0,0.0,0.0,0.0,0.0,0.0,0.0,0.0,0.0,0.009770786935533304,0.0,0.0008043294090493882,9.89901386388269e-06,0.0,0.0,0.0,0.6540393114422572,0.4939226851820787,0.580754716981132,0.2224264705882353,0.40287476084280827,0.12262673099818286,0.020202020202020204,0.14999999999999858,0.0,1.0,0.0,0.8,0.0,0.0,0.0,0.0,0.0,0.0007421825450316557,0.0036354330375410375,0.0,0.0,0.0008951133818811042,0.0010830563260710794,0.03312156029362849,1,3
3697,0.6000000000000227,1.0,1.0,0.03861003861003861,0.0,0.6000000000000001,0.5882352941176471,0.0,0.0,0.0,0.0,0.0,0.0,0.0,0.0,0.0,0.011946081094168011,0.0,0.0008043294090493882,9.89901386388269e-06,0.0012533276264208837,0.005914461686509099,0.0,0.6540348293583417,0.49391297575824517,0.2811320754716981,0.07058823529411766,0.3931987959882524,0.04499028761200577,0.25252525252525254,0.8999999999999986,0.0,1.0,1.0,0.45,0.0002941079409544602,0.0,0.0,0.0,0.0,0.0,0.0036354330375410375,0.0,0.0,0.0008205419183720039,0.0013258360363952923,0.03316000357467949,0,4
1477,0.8000000000000114,0.0,0.0,0.03474903474903475,0.0,0.6000000000000001,1.0,0.0,0.0,0.0,0.0,1.0,0.0,0.0,0.0,0.0,0.009770786935533304,0.0,0.0008043294090493882,0.005114692930160737,0.02674030704538586,0.005897758393093313,0.0003579785469067924,0.6537545168881519,0.4944257038292552,0.580754716981132,0.2425245098039216,0.39683032939714113,0.1322137978570086,0.020202020202020204,0.44999999999999574,0.0,1.0,0.0,0.25000000000000006,0.0004602861916973454,0.0,0.0,0.0,0.0006159820804871462,0.0,0.004063867998493502,0.0,0.0,0.0010888968590960046,0.0013217660961096105,0.03312156029362849,0,1
8379,0.0,1.0,0.0,0.07335907335907337,0.0,0.6000000000000001,0.029411764705882346,0.0,0.0,0.0,0.0,0.0,0.0,0.0,0.0,0.0,0.009770786935533304,0.0,0.0008043294090493882,9.89901386388269e-06,0.0013437031402960557,0.0,0.00017855430559567226,0.6540952602938659,0.4939621346413741,0.580754716981132,0.2450980392156863,0.4023446544559403,0.1108465442696911,0.020202020202020204,0.3500000000000014,1.0,1.0,0.0,0.5,1.4602884931283039e-05,0.0,0.0,0.0,9.688304396319328e-06,0.0,0.0036376377633420107,0.0,0.0,0.0003379379186810342,0.0011032239141778924,0.03312156029362849,0,3
3624,0.8000000000000114,1.0,0.0,0.03474903474903475,0.0,0.6000000000000001,0.029411764705882346,0.0,0.0,0.0,0.0,0.0,0.0,0.0,0.0,0.0,0.009770786935533304,0.0,0.0008043294090493882,9.89901386388269e-06,0.05877734220796779,0.013834814400233347,0.002947603184651968,0.6543778254021797,0.4943192898948889,0.30849056603773584,0.12512254901960787,0.3940823066330324,0.0728742402406166,0.030303030303030304,0.14999999999999858,0.0,1.0,0.0,0.75,0.0009387258535510139,0.0,0.011349649803290009,0.0,0.0,0.0030402488662354824,0.0036354330375410375,0.0,0.0,0.009326728407915883,0.0014355870708114378,0.03312156029362849,0,3
3846,0.8000000000000114,1.0,0.0,0.06756756756756757,0.2962962962962963,0.6000000000000001,0.5,0.0,0.0,0.0,0.0,1.0,0.0,0.0,0.0,0.0,0.009770786935533304,0.0,0.0008043294090493882,9.89901386388269e-06,0.0,0.00010803125094787035,2.7315981465062652e-05,0.6540982945135952,0.49399179005466365,0.580754716981132,0.2439950980392157,0.40287476084280827,0.1336549909142177,0.24242424242424243,0.14999999999999858,0.0,0.0,0.0,0.85,0.0,5.2144560702050816e-05,0.0,0.0,0.0,0.0,0.0036354330375410375,0.002562134642094745,0.0,0.0001445893350783653,0.0010833996349620355,0.03312156029362849,0,0
807,0.6000000000000227,1.0,1.0,0.10231660231660232,0.0,0.6000000000000001,0.23529411764705882,0.0,0.0,0.0,0.0,0.0,0.0,0.0,0.0,0.0,0.009770786935533304,1.2025072647479496e-05,0.0008043294090493882,9.89901386388269e-06,0.0006192530210726778,0.0014864269120804284,0.0,0.6540956578767088,0.49398818817788953,0.580754716981132,0.2450980392156863,0.40287476084280827,0.1335296697788082,0.25252525252525254,0.10000000000000142,0.0,1.0,0.0,0.5,0.0,0.0,0.0,0.0,0.0,0.0,0.003635718100930442,0.0,0.0,0.0005102836990106426,0.001095665418241531,0.03312156029362849,0,4
7786,0.8000000000000114,1.0,0.0,0.10231660231660232,0.4444444444444444,0.6000000000000001,0.5,0.0,0.0,0.0,0.0,1.0,0.0,0.0,0.0,0.0,0.009770786935533304,0.0,0.0008043294090493882,9.89901386388269e-06,0.0,0.0,6.028654508053636e-05,0.654127075204273,0.4940240939866761,0.37622641509433963,0.22279411764705884,0.3963002230102731,0.11999498715458363,0.24242424242424243,0.3500000000000014,0.0,0.0,0.0,0.35000000000000003,0.0,0.015126127810102965,0.0,0.0,0.0,0.0,0.003685497000818239,0.028680337306149408,0.0001309034907597536,1.1230487986447692e-05,0.0010920029280112435,0.033126639767150586,0,0
9614,0.20000000000004547,1.0,1.0,0.04247104247104247,0.0,0.8,0.23529411764705882,0.0,0.0,0.0,0.0,0.0,0.0,0.0,0.0,0.0,0.009770786935533304,0.0,0.0008043294090493882,9.89901386388269e-06,0.0,0.0,0.0,0.6540437855745159,0.49392792709866,0.20339622641509433,0.2450980392156863,0.39068840712170516,0.1342189360235604,0.020202020202020204,0.3999999999999986,0.0,1.0,0.0,0.10000000000000002,0.0,0.0,0.0,0.0,0.0,0.0,0.0036354330375410375,0.0,0.0,0.0009216418922272233,0.0010825576210823542,0.03312156029362849,1,4
5218,0.6000000000000227,1.0,0.0,0.03474903474903475,0.1111111111111111,0.6000000000000001,0.5,0.0,0.0,0.0,0.0,1.0,0.0,0.0,0.0,0.0,0.009859985087489661,0.0,0.0008214836124725095,9.89901386388269e-06,0.04498567728856106,0.010341249946503756,0.00034606042760515677,0.6550184943710423,0.4956255740318856,0.34735849056603774,0.19742647058823531,0.3943930586529205,0.10965599348330096,0.030303030303030304,0.75,0.0,1.0,0.0,0.35000000000000003,0.0,0.0,0.0,0.0,0.0,0.0011977121248205255,0.004106003194522431,0.0,0.0,0.0031596044207703143,0.001494387715003874,0.03312156029362849,0,0
7668,0.4000000000000341,1.0,0.0,0.06756756756756757,0.2962962962962963,0.4,0.5,0.0,0.0,0.0,0.0,1.0,0.0,0.0,0.0,0.0,0.009770786935533304,0.0,0.0008043294090493882,9.89901386388269e-06,0.0,0.00011958228470306572,0.0,0.6541168006696557,0.49401263078773044,0.28547169811320755,0.2450980392156863,0.3933389390560451,0.12131085907638325,0.24242424242424243,0.3999999999999986,0.0,0.0,0.0,0.35000000000000003,0.0,0.0,0.0,0.0,0.0,0.0,0.003640313275649728,0.002512935601700016,0.0,6.753641978182668e-05,0.0010856144878604757,0.03312156029362849,0,0
5907,0.20000000000004547,0.0,0.0,0.10231660231660232,0.0,0.4,0.0,0.0,0.0,0.0,0.0,0.0,0.0,0.0,0.0,0.0,0.009770786935533304,0.0,0.0008043294090493882,9.89901386388269e-06,0.0003484879815026628,0.00019420694881936386,0.0,0.6541074773519899,0.4940025487157987,0.4039622641509434,0.20122549019607847,0.39716545412447146,0.11178645278526227,0.24242424242424243,0.6000000000000014,0.0,0.0,0.0,0.55,0.0,0.005972444543313521,0.0,0.0,0.0,0.0,0.0036354330375410375,0.005980965918503991,0.0,2.9214617951078053e-05,0.0010852032210588204,0.03312156029362849,0,2
335,0.4000000000000341,0.0,0.0,0.03474903474903475,0.0,0.6000000000000001,0.5588235294117647,0.0,0.0,0.0,0.0,0.0,0.0,0.0,0.0,0.0,0.0329761067993989,0.0,0.0009533526526051583,9.89901386388269e-06,0.011180897074580766,0.002570229661974371,0.0,0.653776199731127,0.49546347288552,0.580754716981132,0.24362745098039218,0.39222388769056415,0.05169496835641331,0.030303030303030304,0.14999999999999858,1.0,1.0,0.0,0.6,0.0,0.0,0.006492815863822752,0.028305842332186228,0.0,2.1683280275551125e-06,0.004774315856464449,0.0,0.0,0.0015910966533145801,0.0016172845653374065,0.03322262395919405,0,2
680,0.20000000000004547,0.0,0.0,0.03581081081081081,0.0,0.0,0.7941176470588235,0.3333333333333333,0.0,0.0,0.0,0.0,0.0,0.0,0.0,0.0,0.009770786935533304,0.0,0.0008043294090493882,9.89901386388269e-06,0.005427230359231822,0.0012475947465233673,6.763750187607074e-06,0.654132070501375,0.4940312286450562,0.39471698113207543,0.20159313725490197,0.3968668884583044,0.1122877373269002,0.25252525252525254,0.29999999999999716,0.0,1.0,0.0,0.55,4.4765887139414395e-05,0.0,0.0,0.0,0.0,0.0,0.0036354330375410375,0.0,0.0,2.7193641753061268e-05,0.0010962417469269408,0.03312156029362849,0,2
7291,0.6000000000000227,1.0,0.0,0.06756756756756757,0.2962962962962963,0.6000000000000001,0.5,0.0,0.0,0.0,0.0,1.0,0.0,0.0,0.0,0.0,0.009770786935533304,0.0,0.0008043294090493882,9.89901386388269e-06,0.00025666645940548816,0.0006240882266296202,0.0,0.6541100821822489,0.4940056005484529,0.3920754716981132,0.2134803921568628,0.3967815839822567,0.11805250955573661,0.25252525252525254,0.0,0.0,0.0,1.0,0.55,0.0,0.00021740917647548606,0.0,0.0,0.0,0.0,0.0036354330375410375,0.0030182105189093074,0.0,0.00019828590520035548,0.0010852889739293597,0.03312156029362849,0,0
2630,0.6000000000000227,1.0,0.0,0.09266409266409267,0.7037037037037037,0.4,0.5,0.0,0.0,0.0,0.0,1.0,0.0,0.0,0.0,0.0,0.010006220694467886,0.0,0.0014057557810640208,1.060753223859822e-05,0.0,0.0,0.00027107196893355167,0.653445402191547,0.49319021933734003,0.4250943396226415,0.21066176470588238,0.39782351722541104,0.11523278400902313,0.030303030303030304,0.3999999999999986,0.0,1.0,0.0,0.35000000000000003,0.007732292065492262,0.0,0.0,0.0,0.0,0.010165663875185256,0.0038671016196844743,0.0,0.013218685831622176,0.007060753614349648,0.001529953742844058,0.033147592595429216,0,0
10950,1.0,1.0,0.0,0.10231660231660232,0.0,0.6000000000000001,0.029411764705882346,0.0,0.0,0.0,0.0,0.0,0.0,0.0,0.0,0.0,0.010007846036194102,4.724915114662996e-06,0.0008043294090493882,9.89901386388269e-06,0.0,0.0009885690471352813,0.0,0.6539146264808554,0.4937924776666424,0.5764150943396226,0.24448529411764708,0.4017597094773273,0.1316498527476659,0.020202020202020204,0.3999999999999986,1.0,1.0,0.0,0.2,3.93755149239617e-06,0.0,0.0,0.0,0.0,0.0002414071870678025,0.0037393072310352594,0.0,0.0,0.0021787402513480424,0.0011292295874518914,0.03312156029362849,1,3
895,0.6000000000000227,0.0,0.0,0.03474903474903475,0.0,0.6000000000000001,0.5588235294117647,0.0,0.0,0.0,0.0,0.0,0.0,0.0,0.0,0.0,0.009770786935533304,0.0,0.0008043294090493882,9.89901386388269e-06,0.00040560530627177147,0.002172176052712602,0.0,0.6540798907351169,0.49394942074224885,0.5466037735849056,0.2442401960784314,0.4006568444655675,0.11134782881132906,0.020202020202020204,0.7999999999999972,0.0,1.0,0.0,0.35000000000000003,0.0,0.0,0.0001597874876819977,0.0,0.0,5.131709665213766e-06,0.003664035968208481,0.0,0.0,0.001160807796977336,0.0011087487783110108,0.033459667710366195,0,2
8478,0.8000000000000114,1.0,0.0,0.03861003861003861,0.537037037037037,0.6000000000000001,0.5,0.0,0.0,0.0,0.0,1.0,0.0,0.0,0.0,0.0,0.009922094210675742,0.0,0.0008043294090493882,9.89901386388269e-06,0.00391181374257294,0.0008992355126976192,0.0,0.6541098128198728,0.49401658163392154,0.4311320754716981,0.24276960784313728,0.39683032939714113,0.13052196252898052,0.020202020202020204,0.5,0.0,1.0,0.0,0.35000000000000003,2.0135823666288003e-05,0.0,0.0,0.0,2.325819116790068e-05,0.0,0.0036590296896755496,0.0,0.0,0.00022348415273259006,0.0010931400705563527,0.03312156029362849,0,0
8376,0.20000000000004547,0.0,0.0,0.06756756756756757,0.0,0.6000000000000001,0.5588235294117647,0.0,0.0,0.0,0.0,0.0,0.0,0.0,0.0,0.0,0.009770786935533304,0.0,0.0008043294090493882,9.89901386388269e-06,0.0,0.0002638455551996064,0.0,0.6541044746075689,0.4939990306848467,0.39283018867924524,0.21813725490196081,0.3968059566896989,0.12043361112851685,0.24242424242424243,0.25,0.0,0.0,0.0,0.55,0.0,0.000352816826040489,0.0,0.0,0.0,0.0,0.003635491542286246,0.0015430888980318609,3.421457905544148e-05,1.614222760694418e-05,0.001083379857276865,0.03312156029362849,0,2
7005,0.6000000000000227,1.0,0.0,0.19305019305019305,0.4444444444444444,0.2,0.5,0.0,0.0,0.0,0.0,1.0,0.0,0.0,0.0,0.0,0.009770786935533304,0.0,0.0008043294090493882,9.89901386388269e-06,0.0,0.0,0.0,0.6537565763672781,0.4941611601679948,0.580754716981132,0.24497549019607845,0.3945149221901315,0.12895544833636194,0.25252525252525254,0.3999999999999986,0.0,1.0,1.0,0.4,0.0006758467692603854,0.0,0.0,0.0,0.0,0.0,0.0036354330375410375,0.0,0.0,0.005283931806635044,0.0012010208001683456,0.03312156029362849,0,0
10064,0.0,0.0,0.0,0.06177606177606178,0.0,0.8,0.5588235294117647,0.0,0.0,0.0,0.0,0.0,0.0,0.0,0.0,0.0,0.009821940051527847,0.0,0.0008043294090493882,9.89901386388269e-06,0.0,0.0,0.0,0.6539515930709493,0.49394875851552433,0.580754716981132,0.24411764705882358,0.3949597241009518,0.13227645842471336,0.020202020202020204,0.14999999999999858,0.0,1.0,0.0,0.10000000000000002,0.00010687736749102226,0.0,0.0,0.0,0.0,0.0,0.0036825474193014247,0.0,0.0022535420944558523,8.590427940430832e-05,0.00111026486923489,0.03312156029362849,1,2
3930,0.6000000000000227,1.0,0.0,0.12548262548262548,0.0,0.4,0.6470588235294117,0.0,0.0,0.0,0.0,1.0,0.0,0.0,0.0,0.0,0.010080850968730005,0.0,0.0008043294090493882,9.89901386388269e-06,0.008174645981037048,0.001973814055779859,0.0,0.6540356805169445,0.5048029122784258,0.20339622641509433,0.24473039215686276,0.39068840712170516,0.020302023936336865,0.030303030303030304,0.3500000000000014,1.0,1.0,0.0,0.6,0.001585903174617625,0.0,0.00043571073928176283,0.00040258604397681175,0.0,0.00018069400229625936,0.0044090000552551795,0.0,0.0,0.0010745197879151764,0.002573554033113004,0.03312156029362849,0,0
7064,0.0,0.0,1.0,0.03474903474903475,0.0,0.2,0.2941176470588235,0.0,0.0,0.0,0.0,0.0,0.0,0.0,0.0,0.0,0.010098759826639245,0.0,0.0008043294090493882,9.89901386388269e-06,0.005275037993866033,0.0006117892842140165,0.0,0.654084350620657,0.4939564661203554,0.580754716981132,0.23700980392156865,0.40287476084280827,0.07863901246945298,0.020202020202020204,0.10000000000000142,1.0,1.0,0.0,0.55,0.0,0.0,0.0,0.0,4.5436425949135714e-05,0.0,0.0036800784405237722,0.0,0.0,0.00028646698057458147,0.0010830052708938219,0.03312156029362849,0,4
3678,0.8000000000000114,1.0,0.0,0.06756756756756757,0.2962962962962963,0.6000000000000001,0.5,0.0,0.0,0.0,0.0,1.0,0.0,0.0,0.0,0.0,0.009770786935533304,0.0,0.0008043294090493882,9.89901386388269e-06,0.0,0.00023343060300966756,0.0,0.6540993037113781,0.49399285171356844,0.580754716981132,0.24350490196078436,0.40287476084280827,0.1325271006955323,0.25252525252525254,0.6499999999999986,0.0,0.0,0.0,0.5,0.0,0.0014718222778804665,0.0,0.0,0.0,0.0,0.0036354330375410375,0.004081434993122561,0.0,6.275259004728062e-05,0.001084509168056919,0.03312156029362849,0,0
12310,0.4000000000000341,0.0,0.0,0.02316602316602317,0.0,0.6000000000000001,0.029411764705882346,0.0,0.0,0.0,0.0,0.0,0.0,0.0,0.0,0.0,0.009770786935533304,0.0,0.0008043294090493882,9.89901386388269e-06,0.0027116269183106575,0.0012431903955231849,0.0,0.6539995892717431,0.4938761464808902,0.20339622641509433,0.2450980392156863,0.39068840712170516,0.1342189360235604,0.020202020202020204,0.9499999999999957,0.0,1.0,0.0,0.05,0.0,0.0,5.847113113915373e-06,0.0,0.0,4.322200534926524e-05,0.0036354330375410375,0.0,0.0016091889117043122,0.00019112295158713144,0.0010825576210823542,0.03312156029362849,1,2
994,0.6000000000000227,1.0,0.0,0.10231660231660232,0.4444444444444444,0.6000000000000001,0.5,0.0,0.0,0.0,0.0,1.0,0.0,0.0,0.0,0.0,0.009774052668446165,0.0,0.0008043294090493882,9.89901386388269e-06,0.0005267084948645018,0.0023516741312106025,0.0,0.6540943816357832,0.4939872328789628,0.49886792452830186,0.2450980392156863,0.4002303220853289,0.1342189360235604,0.24242424242424243,0.8999999999999986,0.0,0.0,1.0,0.5,0.0,0.00992218475616846,0.0,0.0,0.0,0.0,0.0036425223205929645,0.028284736858893832,0.0005390143737166325,0.0006301096801690048,0.0011001282851195618,0.03312156029362849,0,0
9877,0.0,0.0,1.0,0.10424710424710425,0.0,0.2,0.32352941176470584,0.0,0.0,0.0,0.0,0.0,0.0,0.0,0.0,0.0,0.009770786935533304,0.0,0.0010055170257418317,9.89901386388269e-06,0.09334995278783155,0.16058936864459422,0.0,0.6513834981413502,0.493857748145567,0.4745283018867924,0.17941176470588238,0.39631240936399426,0.07757378281847235,0.020202020202020204,0.7999999999999972,1.0,1.0,0.0,0.45,0.003767177712649318,0.0,0.0,0.0,0.0008441972119939831,0.0,0.004243964058761814,0.0,0.0,0.07385726586990746,0.005141815874910411,0.033198417093190324,1,4
7329,0.6000000000000227,1.0,0.0,0.10231660231660232,0.4444444444444444,0.6000000000000001,0.5,0.0,0.0,0.0,0.0,1.0,0.0,0.0,0.0,0.0,0.010033460217842445,0.0,0.0008043294090493882,9.89901386388269e-06,0.0,8.817012096591573e-05,0.0,0.6541438290139534,0.4940447841078032,0.2788679245283019,0.13406862745098042,0.3931256778659258,0.07700983770912966,0.24242424242424243,0.0,0.0,0.0,1.0,0.05,0.0,0.0021528554718882997,0.0,0.0,0.0,0.0,0.0036530586718206254,0.015799997636592407,0.0,0.00016351999819902882,0.0010964201922066753,0.03312156029362849,0,0
7576,0.4000000000000341,1.0,0.0,0.03474903474903475,0.2222222222222222,0.4,0.5,0.4444444444444444,0.0,0.0,0.0,1.0,0.0,0.0,0.0,0.0,0.010830735482933047,5.558595287319469e-05,0.0008043294090493882,9.89901386388269e-06,0.005422530832510313,0.0016350945335771516,0.0,0.6540561795570049,0.4940098665928271,0.580754716981132,0.2450980392156863,0.3960138436978272,0.07813772792781504,0.020202020202020204,0.19999999999999574,1.0,1.0,0.0,0.2,0.0004691253159095865,0.0,0.0,0.0,0.0,0.00035282310888367605,0.0037502350536117303,0.0,0.0,0.00022629817022349952,0.0011573647077307242,0.03312156029362849,0,0
11711,0.4000000000000341,1.0,1.0,0.02316602316602317,0.0,0.6000000000000001,0.23529411764705882,0.0,0.0,0.0,0.0,0.0,0.0,0.0,0.0,0.0,0.009770786935533304,0.0,0.0008043294090493882,9.89901386388269e-06,0.0,0.0,0.0,0.6540846776325453,0.4939758364461347,0.20339622641509433,0.2450980392156863,0.39068840712170516,0.1342189360235604,0.020202020202020204,0.6000000000000014,0.0,1.0,0.0,0.75,0.0,0.0,0.0,0.0,0.0,0.0,0.0036354330375410375,0.0,0.0,0.0002901763672671439,0.0010825576210823542,0.03312156029362849,1,4
1685,0.6000000000000227,1.0,0.0,0.05791505791505792,0.0,0.4,0.029411764705882346,0.0,0.0,0.0,0.0,0.0,0.0,0.0,0.0,0.0,0.009770786935533304,0.0,0.0008043294090493882,9.89901386388269e-06,0.043791997501297794,0.016783070339562996,4.132194648377312e-07,0.655036706647118,0.4950535343579462,0.3922641509433962,0.1888480392156863,0.39677549080539615,0.1037659001190551,0.020202020202020204,0.6000000000000014,0.0,1.0,0.0,0.05,0.0006512506501966763,0.0,0.0,0.0,0.0003786421000900762,0.0,0.004191174324066918,0.0,0.0,0.004276129815231611,0.0016096526589956877,0.03312156029362849,0,3
8185,0.0,0.0,1.0,0.06756756756756757,0.0,0.6000000000000001,0.23529411764705882,0.0,0.0,0.0,0.0,0.0,0.0,0.0,0.0,0.0,0.009770786935533304,0.0,0.0008043294090493882,9.89901386388269e-06,0.0,0.003919623087275539,0.0,0.6540946337695693,0.4939873652466727,0.580754716981132,0.2450980392156863,0.40287476084280827,0.13378031204962718,0.020202020202020204,0.7999999999999972,0.0,1.0,0.0,0.5,0.0,0.0,1.7138090161476094e-06,7.471575051971398e-06,0.0,0.0,0.0036376962680872192,0.0,0.0,0.0013430282205023176,0.0010869050437780233,0.03312156029362849,0,4
9947,0.6000000000000227,0.0,0.0,0.03474903474903475,0.0,0.6000000000000001,0.029411764705882346,0.0,0.0,0.0,0.0,0.0,0.0,0.0,0.0,0.0,0.009770786935533304,0.0,0.0008043294090493882,9.89901386388269e-06,0.0036649078386659707,0.007606812783088622,0.0,0.6540345616525608,0.4938943813944953,0.4277358490566038,0.21237745098039215,0.39886545046856536,0.11498214173820416,0.020202020202020204,1.0,1.0,1.0,0.0,0.05,0.0,0.0,7.460109834995476e-06,3.2523326696816674e-05,0.0,3.613880045925187e-08,0.0036713255024017253,0.0,0.0010594455852156058,0.002488461249188412,0.0011044007607977425,0.03337454188506088,1,2
2786,0.8000000000000114,1.0,0.0,0.2953667953667954,0.4444444444444444,0.6000000000000001,0.5,0.0,0.0,0.0,0.0,1.0,1.0,0.0,0.0,0.0,0.009770786935533304,0.0,0.0008043294090493882,9.89901386388269e-06,0.002068876263630435,0.0013733265024342349,0.0,0.6540757075009715,0.49396532699341533,0.3,0.1263480392156863,0.39380811367430757,0.07350084591766402,0.020202020202020204,0.3999999999999986,0.0,1.0,0.0,0.75,0.0,0.0,7.258485244860463e-06,0.0,0.0,2.601993633066135e-06,0.0036354330375410375,0.0,0.0,0.0008536961608103552,0.0010965355868209038,0.03312156029362849,0,0
2930,0.0,0.0,0.0,0.21891891891891893,0.0,0.0,0.7941176470588235,0.3333333333333333,0.0,0.0,0.0,0.0,0.0,0.0,0.0,0.0,0.009770786935533304,0.0,0.0008043294090493882,9.89901386388269e-06,0.0,0.0,0.0,0.6540455183730728,0.49410697364094097,0.5650943396226416,0.23578431372549022,0.390731059359729,0.037972304029074505,0.020202020202020204,0.3999999999999986,1.0,1.0,0.0,0.6,2.028517906772372e-05,0.0,0.0,0.0,0.00021477045706994155,0.0,0.0036739974808657717,0.0,0.0,0.0008506007415703548,0.0011333293181856623,0.033125603038668044,0,2
2190,0.20000000000004547,1.0,0.0,0.05791505791505792,0.7037037037037037,0.6000000000000001,0.5,0.0,0.0,0.0,0.0,1.0,0.0,0.0,0.0,0.0,0.010255048473183329,1.1785007676295695e-06,0.0008043294090493882,9.89901386388269e-06,0.10335777569231258,0.02375956232385193,0.0,0.6543964899287392,0.4950529874192271,0.39358490566037735,0.1825980392156863,0.39372890237512037,0.06065542953819163,0.030303030303030304,0.3500000000000014,1.0,0.0,0.0,0.05,6.956567265962683e-05,0.0,0.0014986755784735506,0.0,0.0,0.000626285411958835,0.004917215856207028,0.0,0.0,0.0015391908215958959,0.0016276597704462463,0.033131808528293186,0,0
10462,1.0,0.0,0.0,0.10231660231660232,0.0,0.8,0.029411764705882346,0.0,0.0,0.0,0.0,0.0,0.0,0.0,0.0,0.0,0.009770786935533304,0.0,0.0008043294090493882,9.89901386388269e-06,0.000254497447072484,0.00021838932883923328,0.0,0.6541051253181551,0.49399865299047213,0.5724528301886792,0.2450980392156863,0.402606661060944,0.13384297261733194,0.020202020202020204,0.14999999999999858,0.0,1.0,0.0,0.35000000000000003,0.0,0.0,4.637365573105296e-05,0.0,0.0,1.662384821125586e-05,0.003678854552665957,0.0,0.0,0.00013256580579902493,0.001139281905740678,0.03312156029362849,1,2
2094,0.6000000000000227,0.0,0.0,0.10424710424710425,0.0,0.6000000000000001,0.5294117647058824,0.0,0.0,0.0,0.0,1.0,0.0,0.0,0.0,0.0,0.009770786935533304,0.0,0.0008043294090493882,9.89901386388269e-06,0.0021108105020685147,0.004019842847770256,0.0,0.6540002860356752,0.49387295024709793,0.5647169811320755,0.23186274509803925,0.40898621723394146,0.12463186916473465,0.020202020202020204,0.10000000000000142,0.0,1.0,0.0,0.0,0.0,0.0,0.0,0.0,0.0,0.0,0.0036397345105863912,0.0,0.0,0.00259516367604826,0.0010829650711377484,0.03313396135203204,0,1
4264,0.6000000000000227,1.0,0.0,0.20463320463320464,0.6666666666666666,0.4,0.5,0.0,0.0,0.0,0.0,1.0,0.0,0.0,0.0,0.0,0.011050487704101723,0.0,0.001180162411319591,1.868464171035526e-05,0.04114688696119926,0.009458717727221922,0.0,0.654194890909785,0.49408606536540634,0.3516981132075472,0.14865196078431375,0.3954776441340987,0.08402782129206092,0.020202020202020204,0.29999999999999716,0.0,1.0,0.0,0.35000000000000003,7.431110109615255e-05,0.0,0.0005610204220506733,0.002412000228542296,0.0,0.0008114244867115823,0.00382424120040454,0.0,0.0,0.004488741627658416,0.001345691444398836,0.03322324897253759,0,0
970,0.4000000000000341,1.0,0.0,0.09266409266409267,0.7037037037037037,0.4,0.5,0.0,0.0,0.0,0.0,1.0,0.0,0.0,0.00020090548323699507,0.0,0.011239764767903835,0.0,0.0013050917964310682,9.89901386388269e-06,0.0,0.0004887167590957119,0.0004092177605466711,0.6538778759107727,0.493718691790499,0.5781132075471698,0.24497549019607845,0.40139411886569426,0.12049627169622158,0.020202020202020204,0.0,0.0,1.0,0.0,0.4,0.00022985117392768472,0.0,0.0001972896614471101,0.0008601101398063544,0.00015469983950439455,0.0,0.003785499279597697,0.0,0.0,0.0044072118663536115,0.0014556682616619792,0.03312156029362849,0,0
8566,0.4000000000000341,1.0,0.0,0.15830115830115832,0.0,0.6000000000000001,0.20588235294117646,0.0,0.0,0.0,0.0,0.0,0.0,0.0,0.0,0.0,0.009770786935533304,0.0,0.0008043294090493882,9.89901386388269e-06,0.004445390776491955,0.0009252461138873758,0.0,0.6541351428227934,0.49403496172501493,0.3920754716981132,0.19080882352941178,0.3967815839822567,0.10646030453035907,0.25252525252525254,0.5,0.0,1.0,1.0,0.55,0.0,0.0,0.0,0.0,0.0,0.0,0.0036354330375410375,0.0,0.0,0.0,0.0010977127308495534,0.03312156029362849,0,3
4868,0.4000000000000341,0.0,1.0,0.06756756756756757,0.0,0.6000000000000001,0.23529411764705882,0.0,0.0,0.0,0.0,0.0,0.0,0.0,0.0,0.0,0.009770786935533304,0.0,0.0008043294090493882,9.89901386388269e-06,0.0,0.0,0.0,0.6541044050305714,0.49399157112390596,0.5479245283018868,0.24497549019607845,0.40182064124593286,0.09574534745284793,0.24242424242424243,0.5,0.0,0.0,1.0,0.35000000000000003,0.0,0.0,0.0,0.0,0.0,0.0,0.0036354330375410375,0.0035125952246654484,0.0,5.7303628905792325e-06,0.001085246444471023,0.03312156029362849,0,4
1077,0.4000000000000341,0.0,1.0,0.03861003861003861,0.0,0.6000000000000001,0.2941176470588235,0.0,0.0,0.0,0.0,0.0,0.0,0.0,0.0,0.0,0.009883778284426223,0.0,0.0008043294090493882,9.89901386388269e-06,0.0,0.00040411997950730267,0.0,0.6541451552840535,0.49403938808570635,0.3920754716981132,0.1800245098039216,0.3967815839822567,0.0965599348330096,0.020202020202020204,0.29999999999999716,0.0,1.0,0.0,0.55,0.0,0.0,4.032491802700257e-06,1.7580176592873877e-05,0.0,1.506987979150803e-05,0.0036691239177951253,0.0,0.0,0.0002541313614063129,0.0011099536309261526,0.03312156029362849,0,4
9970,0.0,0.0,1.0,0.02316602316602317,0.0,0.6000000000000001,0.2647058823529412,0.0,0.015700288,0.0,0.0,0.0,0.0,0.0,0.0,0.0,0.009770786935533304,0.0,0.0008043294090493882,9.89901386388269e-06,0.0,0.0,0.0,0.6540376091250516,0.4939206907384031,0.20339622641509433,0.2450980392156863,0.39068840712170516,0.1342189360235604,0.11111111111111112,0.0,0.0,1.0,0.0,0.0,1.9551979824312016e-06,0.0,0.0,0.0,2.9581414069537203e-06,0.0,0.0036354330375410375,0.0,0.001007469199178645,1.2918898480993358e-05,0.0010825576210823542,0.03312156029362849,1,4
10820,0.0,0.0,0.0,0.03474903474903475,0.0,0.6000000000000001,0.8235294117647058,1.0,0.0,0.0,0.0,0.0,0.0,0.0,0.0,0.0,0.009770786935533304,0.0,0.0008043294090493882,9.89901386388269e-06,0.0,0.0,0.0,0.6540291565138118,0.49391054888750563,0.20339622641509433,0.18296568627450982,0.39068840712170516,0.10219938592643651,0.020202020202020204,0.5,0.0,1.0,0.0,0.8,0.0,0.0,0.0,0.0,0.0,0.0,0.0036354330375410375,0.0,0.0006628080082135524,0.00019583003539010727,0.0010825576210823542,0.03312156029362849,1,2
10557,0.4000000000000341,1.0,1.0,0.0637065637065637,0.0,0.6000000000000001,0.23529411764705882,0.0,0.0,0.0,0.0,0.0,0.0,0.0,0.0,0.0,0.010477554745610317,0.0,0.0008362986063379324,9.89901386388269e-06,0.059733876646822615,0.028115465463032327,0.0,0.6540355970245475,0.4946377371035536,0.580754716981132,0.2450980392156863,0.3914500542292741,0.03333542201892349,0.020202020202020204,0.10000000000000142,0.0,1.0,0.0,0.35000000000000003,0.0,0.0,0.0,0.0,1.6355861218342e-05,0.0,0.0037020043699008236,0.0,0.0,0.005587231728200702,0.001289999614388177,0.03312156029362849,1,4
1439,0.6000000000000227,0.0,0.0,0.015444015444015444,0.0,0.6000000000000001,0.5588235294117647,0.0,0.0,0.0,0.0,0.0,0.0,0.0,0.0,0.0,0.009770786935533304,0.0,0.0008043294090493882,9.89901386388269e-06,0.00012869473175824476,0.0001713541841957759,0.0,0.6540843032420349,0.4939753978082691,0.580754716981132,0.2450980392156863,0.40287476084280827,0.1342189360235604,0.07070707070707072,0.6000000000000014,0.0,1.0,0.0,0.8,2.9124303279964778e-06,0.0,0.0,0.0,1.4868964743947271e-06,0.0,0.0036354330375410375,0.0,0.0,0.0003395751652211997,0.0010989575353801027,0.03312156029362849,0,2
11564,1.0,0.0,0.0,0.015444015444015444,0.0,0.8,0.0,0.0,0.296,0.0,0.0,0.0,0.0,0.0,0.0,0.0,0.010027861818563254,0.0,0.0008043294090493882,9.89901386388269e-06,0.0,0.0,0.0,0.6528754244461075,0.4925531013311517,0.20339622641509433,0.2450980392156863,0.39068840712170516,0.13371765148192244,0.020202020202020204,0.6000000000000014,0.0,1.0,0.0,0.55,0.0,0.0,0.0,0.0,0.0,0.0,0.0036354330375410375,0.0,0.0,0.018964073182873787,0.0010825576210823542,0.03312156029362849,1,2
3169,0.8000000000000114,0.0,0.0,0.10231660231660232,0.0,0.6000000000000001,0.0,0.0,0.0,0.0,0.0,0.0,0.0,0.0,0.0,0.0,0.009773902173841886,0.0,0.0008043294090493882,9.89901386388269e-06,0.0,0.0,0.0,0.6541036675143979,0.4939979119642019,0.459622641509434,0.24264705882352944,0.39896294129833415,0.13271508239864654,0.020202020202020204,0.9499999999999957,0.0,1.0,0.0,0.35000000000000003,1.0434511454849852e-05,0.0,0.0,0.0,1.6214997341820395e-05,0.0,0.003638254615387127,0.0,0.0,0.0003744945640856669,0.0010961370590294964,0.03312156029362849,0,2
8909,0.20000000000004547,0.0,1.0,0.06756756756756757,0.0,0.6000000000000001,0.23529411764705882,0.0,0.0,0.0,0.0,0.0,0.0,0.0,0.0,0.0,0.010014798886911808,0.0,0.0008043294090493882,9.89901386388269e-06,0.0,0.000179082573686662,0.0,0.6541047052056178,0.4939993008547179,0.3920754716981132,0.13492647058823531,0.3967815839822567,0.07788708565699606,0.25252525252525254,0.6000000000000014,0.0,0.0,0.0,0.55,0.0,0.0,0.0,0.0,0.0,0.0,0.003635779746870024,0.00869965700468055,0.0,3.6377571564302094e-05,0.0010880230530236944,0.03312156029362849,0,4
1572,0.0,0.0,0.0,0.06756756756756757,0.0,0.0,0.4411764705882353,0.0,0.0,0.0,0.0,0.0,0.0,0.0,0.0,0.0,0.009770786935533304,0.0,0.0008043294090493882,9.89901386388269e-06,0.0009467738833563008,0.0002663385840676342,0.0,0.6541092598484022,0.49400463709784903,0.2788679245283019,0.07585784313725491,0.3931256778659258,0.047684692023309744,0.020202020202020204,0.5,0.0,1.0,0.0,0.35000000000000003,9.809934321573218e-06,0.0,0.0,0.0,5.712812770042899e-06,0.0,0.0036354330375410375,0.0,0.0,7.766688274910068e-05,0.0010908834317215747,0.03312156029362849,0,2
8669,0.20000000000004547,0.0,1.0,0.06756756756756757,0.0,0.6000000000000001,0.2647058823529412,0.0,0.0,0.0,0.0,0.0,0.0,0.0,0.0,0.0,0.009770786935533304,0.0,0.0008043294090493882,9.89901386388269e-06,9.399053443017877e-05,3.9389856114838884e-05,0.0,0.6540683909827053,0.4939558566854448,0.580754716981132,0.24497549019607845,0.40287476084280827,0.13233911899241807,0.020202020202020204,0.6499999999999986,0.0,1.0,0.0,0.45,6.234230233564489e-05,0.0,0.0,0.0,3.566986384363772e-05,0.0,0.0036354330375410375,0.0,0.0,0.0002823994462013578,0.0010856184037430032,0.03312156029362849,0,4
2738,0.6000000000000227,1.0,0.0,0.10231660231660232,0.4444444444444444,0.6000000000000001,0.5,0.0,0.0,0.0,0.0,1.0,0.0,0.0,0.0,0.0,0.009770786935533304,0.0,0.0008043294090493882,9.89901386388269e-06,0.0027510306423602325,0.002294417568208231,0.0,0.6541662248554935,0.4940706031865569,0.3164150943396226,0.12414215686274513,0.3943382200611755,0.07205965286045493,0.020202020202020204,0.44999999999999574,0.0,1.0,0.0,0.35000000000000003,0.0,0.0,0.0,0.0,3.797064049349061e-05,0.0,0.0036354330375410375,0.0,0.0,0.000682910881089342,0.001115401565316452,0.03312156029362849,0,0
8571,0.4000000000000341,0.0,1.0,0.05405405405405406,0.0,0.6000000000000001,0.23529411764705882,0.0,0.0,0.0,0.0,0.0,0.0,0.0,0.0,0.0,0.009770786935533304,0.0,0.0008043294090493882,9.89901386388269e-06,0.02929576507572022,0.0030498053152206474,0.0,0.6540365426090755,0.4939194412027489,0.41094339622641507,0.15245098039215688,0.39739090166831187,0.08684754683877437,0.020202020202020204,0.7999999999999972,0.0,1.0,0.0,0.5,0.0,0.0,0.0001957774770210975,0.0,0.0,7.018155049186714e-05,0.0037450226341980315,0.0,0.0,0.0007899714556298513,0.0012733306938312286,0.03312156029362849,0,4
11667,0.0,0.0,0.0,0.03861003861003861,0.0,0.6000000000000001,0.029411764705882346,0.0,0.0,0.0,0.0,0.0,0.0,0.0,0.0,0.0,0.009770786935533304,0.0,0.0008043294090493882,9.89901386388269e-06,0.0,0.0005518734904190823,0.0,0.6542679238961526,0.494216315968279,0.4418867924528302,0.18223039215686276,0.39823785325192856,0.10207406479102701,0.020202020202020204,0.6000000000000014,0.0,1.0,0.0,0.25000000000000006,2.7094427596815718e-05,0.0,0.0,0.0,3.668721406296043e-05,0.0,0.0038256319642134533,0.0,0.0,0.0001888461556172138,0.0012725262525965582,0.03312156029362849,1,2
11384,0.0,0.0,1.0,0.03474903474903475,0.0,0.6000000000000001,0.6176470588235294,0.0,0.0,0.0,0.0,0.0,0.0,0.0,0.0,0.0,0.009869526445400971,1.0530122599653097e-05,0.0008043294090493882,9.89901386388269e-06,0.0,0.013827750818440602,0.0,0.6178363971476938,0.45124025132098877,0.580754716981132,0.24497549019607845,0.4050439318051646,0.13340434864339873,0.030303030303030304,0.6999999999999957,0.0,1.0,0.0,0.15000000000000002,0.0,0.0,0.0,0.0,0.0,0.0001387729937635272,0.004099123978844238,0.0,0.5488624486652978,0.014740386420881853,0.001092625999446317,0.03324838839813326,1,4
9913,0.0,0.0,0.0,0.02316602316602317,0.0,0.8,0.5588235294117647,0.0,0.0,0.0,0.0,0.0,0.0,0.0,0.0,0.0,0.009770786935533304,0.0,0.0008043294090493882,9.89901386388269e-06,0.0,0.0,0.0,0.6537452124556712,0.49357811728260587,0.580754716981132,0.2450980392156863,0.40287476084280827,0.1342189360235604,0.25252525252525254,0.8500000000000014,0.0,1.0,0.0,0.25000000000000006,0.0,0.0,0.0,0.0,0.0,0.0,0.0036354330375410375,0.0,0.005461498973305955,8.899969864430871e-05,0.0010972717231679426,0.03312156029362849,1,2
2471,0.4000000000000341,0.0,0.0,0.06756756756756757,0.0,0.0,0.4411764705882353,0.0,0.0,0.0,0.0,0.0,0.0,0.0,0.0,0.0,0.009770786935533304,0.0,0.0008043294090493882,9.89901386388269e-06,0.0,0.0,0.0,0.6541003804982443,0.4939853828364253,0.580754716981132,0.2450980392156863,0.40287476084280827,0.11166113164985275,0.020202020202020204,0.14999999999999858,0.0,1.0,0.0,0.5,0.0,0.0,0.0,0.0,0.0,3.613880045925187e-08,0.0036354330375410375,0.0,0.0,4.771038745951013e-05,0.0010881896019514468,0.03312156029362849,0,2
1474,0.20000000000004547,0.0,0.0,0.06756756756756757,0.0,0.4,0.47058823529411764,0.0,0.0,0.0,0.0,0.0,0.0,0.0,0.0,0.0,0.009770786935533304,0.0,0.0008043294090493882,9.89901386388269e-06,0.0007974735344345168,0.0005836180580053027,0.0,0.6541031161995224,0.4939974391669273,0.20339622641509433,0.24460784313725495,0.39068840712170516,0.1339682937527414,0.24242424242424243,0.0,0.0,0.0,0.0,0.55,0.0,0.0008753137346880546,0.0,0.0,0.0,0.0,0.0036354330375410375,0.00037930374784696274,0.0,6.646197673984306e-05,0.0010825576210823542,0.03312156029362849,0,2
3068,0.8000000000000114,0.0,0.0,0.03474903474903475,0.0,0.6000000000000001,0.029411764705882346,0.0,0.0,0.0,0.0,0.0,0.0,0.0,0.0,0.0,0.009770786935533304,0.0,0.0008043294090493882,9.89901386388269e-06,0.023295915460575307,0.013432024036122326,0.0,0.6536804203676795,0.4937041961676542,0.28283018867924525,0.15318627450980393,0.3929611620906909,0.08684754683877437,0.020202020202020204,0.8500000000000014,0.0,1.0,0.0,0.0,0.00024174529498747455,0.0,0.0,0.0,0.0007903402565372226,0.0,0.0038318574188126392,0.0,0.0,0.01464734476984151,0.0013254343858114894,0.03314077201330727,0,2
2765,0.6000000000000227,0.0,0.0,0.04247104247104247,0.0,0.6000000000000001,0.5294117647058824,0.0,0.0,0.0,0.0,1.0,0.0,0.0,0.0,0.0,0.009770786935533304,0.0,0.0008043294090493882,9.89901386388269e-06,0.00542578435100982,0.000581706735873148,0.0,0.6540985443281482,0.49399141546569,0.4220754716981132,0.24448529411764708,0.3977503991030844,0.1339682937527414,0.24242424242424243,0.44999999999999574,0.0,1.0,1.0,0.35000000000000003,0.00015850002533271274,0.0,0.0,0.0,0.0,0.0,0.0036354330375410375,0.0,0.0,0.0005415960390913078,0.001100102509690267,0.03312156029362849,0,1
5998,0.0,0.0,0.0,0.15405405405405406,0.0,0.0,0.7941176470588235,0.3333333333333333,0.0,0.0,0.0,0.0,0.0,0.0,0.0,0.0,0.01273631321177834,0.0,0.0011441853683221903,9.89901386388269e-06,0.012512309144989799,0.0028762905060059143,0.0,0.6540343197896648,0.4939100982162119,0.3911320754716981,0.1632352941176471,0.3966353477376035,0.09004323579171629,0.020202020202020204,0.6499999999999986,0.0,1.0,0.0,0.05,4.9280493591903104e-05,0.0,0.0,0.0,0.00027150729622447717,0.0,0.003694273497898088,0.0,0.0006789014373716633,0.0010024041942163244,0.0011530931242789422,0.03312156029362849,0,2
8210,0.4000000000000341,1.0,0.0,0.03474903474903475,0.0,0.8,0.029411764705882346,0.0,0.0,0.0,0.0,0.0,0.0,0.0,0.0,0.0,0.01011730076188646,0.0,0.0010642311856400605,9.89901386388269e-06,0.003999658742059607,0.0010889550095545331,0.00015739311931740318,0.654079400382944,0.4939945752110226,0.580754716981132,0.24485294117647063,0.4008761988325474,0.11598471082148006,0.24242424242424243,0.14999999999999858,0.0,1.0,0.0,0.4,0.0,0.0,0.0,0.0,0.0,0.0,0.0036354330375410375,0.0,0.0,0.000623330456213632,0.0012746637792071132,0.03312156029362849,0,3
5808,0.4000000000000341,1.0,0.0,0.06756756756756757,0.0,0.6000000000000001,0.0,0.0,0.0,0.0,0.0,0.0,0.0,0.0,0.0,0.0,0.009770786935533304,0.0,0.0008043294090493882,9.89901386388269e-06,0.0,0.00015947074659151015,2.0834960384976132e-05,0.6540908222753822,0.4940003306832642,0.580754716981132,0.23541666666666672,0.392973348444412,0.12444388746162043,0.24242424242424243,0.10000000000000142,0.0,0.0,0.0,0.2,0.0,0.0,0.0,0.0,0.0,0.0,0.0036354330375410375,0.0030039219435984365,0.0,0.00025894077311804906,0.0010855064293299696,0.03312156029362849,0,3
4285,0.6000000000000227,1.0,0.0,0.10231660231660232,0.4444444444444444,0.6000000000000001,0.5,0.0,0.0,0.0,0.0,1.0,0.0,0.0,0.0,0.0,0.009770786935533304,0.0,0.0008043294090493882,9.89901386388269e-06,0.0020229655025818475,0.00046511608581171565,0.0,0.6541215799467462,0.4940092451244883,0.29509433962264153,0.08100490196078433,0.39364969107593323,0.04806065542953819,0.24242424242424243,0.0,0.0,1.0,0.0,0.05,0.00018510565343392066,0.0,0.0,0.0,0.0,0.0,0.003649465930755816,0.0,0.0,0.00012757732024695819,0.0011080335597162076,0.03312156029362849,0,0
11314,0.8000000000000114,0.0,0.0,0.23938223938223938,0.0,1.0,0.0,0.0,0.0,0.0,0.0,0.0,0.0,0.0,0.0,0.0,0.19794021045014967,0.0,0.006535923046243445,9.89901386388269e-06,0.17640324252883702,0.10306630085623077,0.0,0.6504747523142879,0.4856809770298385,0.580566037735849,0.24497549019607845,0.4020034365517494,0.09894103640578984,0.030303030303030304,0.44999999999999574,0.0,1.0,0.0,0.10000000000000002,0.0,0.0,8.266608195535528e-06,0.0,0.0,8.817867312057457e-06,0.0053317922602324486,0.0,0.0,0.07511656427906663,0.0023299325567497763,0.03331292846648869,1,2
7270,0.4000000000000341,1.0,0.0,0.06756756756756757,0.2962962962962963,0.6000000000000001,0.5,0.0,0.0,0.0,0.0,1.0,0.0,0.0,0.0,0.0,0.009770786935533304,0.0,0.0008043294090493882,9.89901386388269e-06,0.0,0.0,4.293132755735165e-05,0.6541114717342847,0.49400629111195987,0.4609433962264151,0.20465686274509806,0.39901168671321857,0.11159847108214803,0.24242424242424243,0.3999999999999986,0.0,1.0,1.0,0.5,5.498994325587755e-05,0.0,0.0,0.0,0.0,0.0,0.0036354330375410375,0.0,0.0,6.180605689124743e-05,0.0010908313356135188,0.033121857919030176,0,0
3102,0.20000000000004547,0.0,0.0,0.02316602316602317,0.0,0.6000000000000001,0.5588235294117647,0.0,0.0,0.0,0.0,0.0,0.0,0.0,0.0,0.0,0.009770786935533304,0.0,0.0008043294090493882,9.89901386388269e-06,0.0,0.0,0.0,0.6540994484977968,0.49399880554328734,0.20339622641509433,0.13272058823529415,0.39068840712170516,0.06585625665768532,0.020202020202020204,0.6999999999999957,1.0,1.0,0.0,0.45,2.0298756831490603e-05,0.0,0.0,0.0,1.6841059015249752e-05,0.0,0.0036354330375410375,0.0,0.0,2.6605256277689294e-06,0.0010833960164883076,0.03312156029362849,0,2
5402,0.20000000000004547,1.0,1.0,0.06756756756756757,0.0,0.6000000000000001,0.23529411764705882,0.0,0.0,0.0,0.0,0.0,0.0,0.0,0.0,0.0,0.009770786935533304,0.0,0.0008043294090493882,9.89901386388269e-06,0.00010230508170669458,0.00011434692408020738,0.0,0.6540963142197186,0.4939894699320773,0.580754716981132,0.2450980392156863,0.40287476084280827,0.1342189360235604,0.24242424242424243,0.8999999999999986,0.0,0.0,0.0,0.45,0.0,0.004369630082701694,0.0,0.0,0.0,0.0,0.0036390831054031654,0.012430751578288997,0.0,7.150162624628998e-05,0.001086161720051662,0.03312156029362849,0,4
11242,0.20000000000004547,0.0,1.0,0.05791505791505792,0.0,0.6000000000000001,0.9411764705882353,0.0,0.0,0.0,0.0,0.0,0.0,0.0,0.0,0.0,0.015546062523133843,0.0,0.0008043294090493882,9.89901386388269e-06,0.1241307683075486,0.028534792918634602,0.0,0.6525213815629798,0.4921337511100478,0.580754716981132,0.2450980392156863,0.40275289730559727,0.1332163669402845,0.37373737373737376,0.29999999999999716,0.0,1.0,0.0,0.65,0.0,0.0,0.0,0.0,0.0,0.0,0.004421015516383511,0.0,0.0029316735112936347,0.007941668998890254,0.00141403271504042,0.03312156029362849,1,4
6365,0.4000000000000341,1.0,0.0,0.10231660231660232,0.4444444444444444,0.6000000000000001,0.5,0.0,0.0,0.0,0.0,1.0,0.0,0.0,0.0,0.0,0.009770786935533304,0.0,0.0008043294090493882,9.89901386388269e-06,0.006682003993874709,0.0014668150849852766,0.0,0.6541143787275044,0.49402393832846014,0.28264150943396227,0.07696078431372551,0.393204889165113,0.04812331599724294,0.25252525252525254,0.8999999999999986,0.0,1.0,1.0,0.05,0.0,0.0,0.0,0.0,0.0,0.0,0.0036354330375410375,0.0,0.0,0.001448630622342992,0.0012133306495183088,0.03324557087766398,0,0
9289,0.4000000000000341,0.0,0.0,0.02316602316602317,0.0,0.6000000000000001,0.029411764705882346,0.0,0.0,0.0,0.0,0.0,0.0,0.0,0.0,0.0,0.009770786935533304,0.0,0.0008043294090493882,9.89901386388269e-06,0.0,0.0,0.0,0.6540654889592712,0.49395335489691056,0.20339622641509433,0.13615196078431374,0.39068840712170516,0.0785136913340435,0.020202020202020204,0.29999999999999716,0.0,1.0,0.0,0.75,0.0,0.0,0.0,0.0,0.0,1.8430788234218456e-06,0.0036354330375410375,0.0,0.0,0.00032568415160698307,0.0010825576210823542,0.03312156029362849,1,2
10509,0.6000000000000227,0.0,0.0,0.20463320463320464,0.0,1.0,0.0,0.0,0.0,0.0,0.0,0.0,0.0,0.0,0.0,0.0,0.009770786935533304,0.0,0.0008043294090493882,9.89901386388269e-06,0.0,3.448689934105092e-05,7.263963223989591e-06,0.6541020629363078,0.49398516856376884,0.580754716981132,0.2450980392156863,0.40287476084280827,0.13409361488815089,0.020202020202020204,0.19999999999999574,0.0,1.0,0.0,0.45,7.243736969632265e-06,0.0,0.0,0.0,0.00020234313285236877,0.0,0.0036354330375410375,0.0,0.0,3.9498572781492565e-05,0.0024551772512832843,0.03312156029362849,1,2
443,0.20000000000004547,0.0,0.0,0.0637065637065637,0.0,0.0,0.4411764705882353,0.0,0.0,0.0,0.0,0.0,0.0,0.0,0.0,0.0,0.009770786935533304,0.0,0.0008043294090493882,9.89901386388269e-06,3.6511707605569445e-05,9.323927966423888e-05,0.0,0.6540309234382293,0.4939128577530141,0.20339622641509433,0.2450980392156863,0.39068840712170516,0.1342189360235604,0.020202020202020204,0.6000000000000014,0.0,1.0,0.0,0.35000000000000003,0.0,0.0,0.0,0.0,0.0,0.0,0.0036597702262491268,0.0,0.0,0.000592043698110157,0.0010825576210823542,0.03312156029362849,0,2
1582,0.0,0.0,0.0,0.10231660231660232,0.0,0.6000000000000001,0.5588235294117647,0.0,0.0,0.0,0.0,0.0,0.0,0.0,0.0,0.0,0.009770786935533304,0.0,0.0008043294090493882,9.89901386388269e-06,0.00011206563720521315,0.0001443463714588083,0.0,0.6541026195522879,0.49402884175635225,0.20339622641509433,0.18615196078431373,0.39068840712170516,0.011968168431605992,0.020202020202020204,0.14999999999999858,0.0,1.0,0.0,0.25000000000000006,0.0,0.0,1.0383666391953164e-05,4.526895472665023e-05,0.0,0.0,0.0036354330375410375,0.0,0.0,5.4387283506122535e-05,0.0010904389047025024,0.03312156029362849,0,2
3667,0.4000000000000341,0.0,1.0,0.06756756756756757,0.0,0.6000000000000001,0.2941176470588235,0.0,0.0,0.0,0.0,0.0,0.0,0.0,0.0,0.0,0.009770786935533304,0.0,0.0008043294090493882,9.89901386388269e-06,0.0,5.401562547393518e-06,7.403152938461248e-05,0.6541011723507397,0.49398936318392417,0.580754716981132,0.2450980392156863,0.4050195590977224,0.13258976126323704,0.24242424242424243,0.5499999999999972,0.0,0.0,1.0,0.45,0.0,0.0,0.0,0.0,0.0,0.0,0.0036450851425525285,0.005479166600694641,0.0,0.00012417491728067677,0.001087973336186035,0.03318918574531472,0,4
10078,0.6000000000000227,0.0,1.0,0.20463320463320464,0.0,0.6000000000000001,0.32352941176470584,0.0,0.0,0.0,0.0,0.0,0.0,0.0,0.0,0.0,0.009770786935533304,0.0,0.0014491247262637483,9.89901386388269e-06,0.0,0.0027877048802286606,0.0,0.653933885393765,0.49389933800237645,0.580754716981132,0.2450980392156863,0.4026919655369917,0.13409361488815089,0.25252525252525254,0.14999999999999858,0.0,1.0,0.0,0.4,0.00038773341100900425,0.0,0.0,0.0,0.0,0.0,0.0037327342818084933,0.0,0.0,0.0034447155565538214,0.0021592038952965645,0.03312156029362849,1,4
11856,0.20000000000004547,0.0,1.0,0.02316602316602317,0.0,0.6000000000000001,0.23529411764705882,0.0,0.0,0.0,0.0,0.0,0.0,0.0,0.0,0.0,0.009770786935533304,0.0,0.0008043294090493882,9.89901386388269e-06,0.0,0.004934950644260985,0.0,0.6525570947731615,0.49218611243777066,0.20339622641509433,0.2450980392156863,0.39068840712170516,0.1342189360235604,0.24242424242424243,0.6499999999999986,0.0,1.0,0.0,0.05,0.0,0.0,0.0,0.0,0.0,0.0,0.0036354330375410375,0.0,0.0,0.012332917711477253,0.0010825576210823542,0.03312156029362849,1,4
8941,0.6000000000000227,0.0,0.0,0.10231660231660232,0.0,0.6000000000000001,0.5294117647058824,0.0,0.0,0.0,0.0,1.0,0.0,0.0,0.0,0.0,0.009770786935533304,0.0,0.0008043294090493882,9.89901386388269e-06,0.0,0.0005999889475720184,0.0,0.6541359777467635,0.49403528740392577,0.31169811320754715,0.08333333333333334,0.39418589063966175,0.0532614825490319,0.24242424242424243,0.9499999999999957,0.0,1.0,1.0,0.2,0.0003025736766631119,0.0,0.0,0.0,0.0,0.0,0.0036354330375410375,0.0,0.0,0.0002399077820886252,0.0011177758293314552,0.03312156029362849,0,1
8826,0.6000000000000227,1.0,0.0,0.02316602316602317,0.0,0.6000000000000001,0.0,0.0,0.0,0.0,0.0,0.0,0.0,0.0,0.0,0.0,0.009770786935533304,0.0,0.0008043294090493882,9.89901386388269e-06,0.0,0.0003165315652772601,0.0,0.6540963725318689,0.4939894893408324,0.42113207547169806,0.16139705882352942,0.39771993321878163,0.09123378657810642,0.25252525252525254,0.7999999999999972,0.0,0.0,1.0,0.55,0.0,0.00027922571214646563,0.0,0.0,0.0,0.0,0.0036354330375410375,0.004108776375068768,0.0,0.00018122272641456823,0.00108409829780033,0.03312156029362849,0,3
11473,0.4000000000000341,0.0,1.0,0.03861003861003861,0.0,0.6000000000000001,0.2647058823529412,0.0,0.0,0.0,0.0,0.0,0.0,0.0,0.0,0.0,0.009770786935533304,0.0,0.0008043294090493882,9.89901386388269e-06,0.0,0.0,0.0,0.6537806135633212,0.4936195934041103,0.5749056603773585,0.2450980392156863,0.40268587236013115,0.1342189360235604,0.020202020202020204,0.6000000000000014,0.0,1.0,0.0,0.35000000000000003,4.480662043071505e-06,0.0,0.0,0.0,7.387527746466434e-06,0.0,0.003645617967648151,0.0,0.0,0.005060217416107743,0.0011390692584489941,0.03312156029362849,1,4
6385,0.20000000000004547,0.0,1.0,0.03474903474903475,0.0,0.6000000000000001,0.2647058823529412,0.0,0.0,0.0,0.0,0.0,0.0,0.0,0.0,0.0,0.009770786935533304,0.0,0.0008043294090493882,1.6144097252446717e-05,0.000756623802162939,0.00017393031402607127,0.0,0.6521735896760994,0.49172823661411486,0.20339622641509433,0.2450980392156863,0.39068840712170516,0.13371765148192244,0.020202020202020204,0.5499999999999972,0.0,1.0,0.0,0.25000000000000006,0.0,0.0,0.0,0.0,0.0,1.2648580160738157e-06,0.0036582192615271596,0.0,0.0,0.00348009543100771,0.0010825882046205755,0.03312156029362849,0,4
8712,0.4000000000000341,0.0,1.0,0.03474903474903475,0.0,0.6000000000000001,0.32352941176470584,0.0,0.0,0.0,0.0,0.0,0.0,0.0,0.0,0.0,0.009770786935533304,0.0,0.0011775892808061229,9.89901386388269e-06,0.0,0.0,0.0,0.6540955213732661,0.49397219497550016,0.580754716981132,0.24497549019607845,0.40165612547069796,0.11874177580048878,0.020202020202020204,0.29999999999999716,0.0,1.0,0.0,0.4,1.4256651955227513e-05,0.0,0.0,0.0,2.092611143437632e-05,0.0,0.003668648419496821,0.0,0.0,0.00011862362823042813,0.0011701228017097544,0.03312156029362849,0,4
5484,0.0,1.0,1.0,0.05791505791505792,0.0,0.6000000000000001,0.32352941176470584,0.0,0.0,0.0,0.0,0.0,0.0,0.0,0.0,0.0,0.010093206575741339,0.0,0.0008043294090493882,9.89901386388269e-06,0.010979540429666883,0.0076623242258833735,0.0,0.6542223721672046,0.4941319775519798,0.2792452830188679,0.06654411764705882,0.39313786421964686,0.042797167742339756,0.020202020202020204,0.6999999999999957,0.0,1.0,0.0,0.45,0.0,0.0,0.0,0.0,0.0,4.972698943193058e-05,0.0038334790604080122,0.0,0.0,0.002630134238867107,0.0013042163002565052,0.03312156029362849,0,4
11803,0.6000000000000227,0.0,0.0,0.10231660231660232,0.0,1.0,0.029411764705882346,0.0,0.0,0.0,0.0,0.0,0.0,0.0,0.0,0.0,0.009770786935533304,0.0,0.0008043294090493882,9.89901386388269e-06,0.0,0.0,0.0,0.6536790006656114,0.4936991607602273,0.27962264150943394,0.11041666666666668,0.3923274716971935,0.0647910270067047,0.020202020202020204,0.75,0.0,1.0,0.0,0.05,0.0,0.0,0.0,0.0,0.0,0.0,0.003729488642721967,0.0,0.0,0.0042963907411661595,0.00116375676635522,0.03312156029362849,1,2
3862,0.0,0.0,1.0,0.06756756756756757,0.0,0.4,0.2941176470588235,0.0,0.0,0.0,0.0,0.0,0.0,0.0,0.0,0.0,0.009770786935533304,0.0,0.0008043294090493882,9.89901386388269e-06,0.00024003736485245653,0.00029384500257820733,0.0,0.6541024519048557,0.4939965607266708,0.580754716981132,0.2450980392156863,0.40287476084280827,0.13309104580487502,0.25252525252525254,0.5499999999999972,0.0,0.0,0.0,0.25000000000000006,0.0,0.0,0.0,0.0,0.0,0.0,0.0036354330375410375,0.0018355798964225039,0.0,8.915319050744922e-05,0.0010840913582616737,0.03312156029362849,0,4
10993,0.6000000000000227,0.0,0.0,0.0694980694980695,0.0,0.8,0.5588235294117647,0.0,0.0,0.0,0.0,0.0,0.0,0.0,0.0,0.0,0.009770786935533304,0.0,0.0008043294090493882,9.89901386388269e-06,0.08684761531554068,0.007394323622570387,0.0,0.6532802651637952,0.4941251332485762,0.580754716981132,0.2450980392156863,0.40060200587382255,0.1342189360235604,0.020202020202020204,0.3999999999999986,0.0,1.0,0.0,0.25000000000000006,0.003192193361531226,0.0,0.0,0.0,0.001434964658583762,0.0,0.0036759489478703734,0.0,0.0,0.012712324015183416,0.0019508498979068979,0.03312156029362849,1,2
640,0.6000000000000227,1.0,0.0,0.06756756756756757,0.2962962962962963,0.6000000000000001,0.5,0.0,0.0,0.0,0.0,1.0,0.0,0.0,0.0,0.0,0.009770786935533304,0.0,0.0008043294090493882,9.89901386388269e-06,0.0,0.0,0.0,0.6540992159118336,0.4939928695696231,0.580566037735849,0.24191176470588235,0.4028686676659477,0.13258976126323704,0.04040404040404041,0.9499999999999957,0.0,1.0,0.0,0.8,0.0,0.0,0.0,0.0,0.0,0.0,0.003639227600344351,0.0,0.0,6.446658251901637e-05,0.001082875650225348,0.03312156029362849,0,0
12113,0.6000000000000227,0.0,0.0,0.02316602316602317,0.0,0.8,0.5588235294117647,0.0,0.0,0.0,0.0,0.0,0.0,0.0,0.0,0.0,0.009770786935533304,0.0,0.0008043294090493882,9.89901386388269e-06,3.18121808840605e-05,0.0010926114518943072,0.0,0.6536712961727542,0.4934915165818105,0.580754716981132,0.2450980392156863,0.40287476084280827,0.1342189360235604,0.07070707070707072,0.7999999999999972,0.0,1.0,0.0,0.85,0.0,0.0,0.0,0.0,0.0,0.0,0.0036354330375410375,0.0,0.006673511293634497,0.0003588639760225244,0.0010917425961753638,0.03312156029362849,1,2
1236,0.4000000000000341,1.0,0.0,0.06756756756756757,0.2962962962962963,0.6000000000000001,0.5,0.0,0.0,0.0,0.0,1.0,0.0,0.0,0.0,0.0,0.009772171485892673,0.0,0.0008043294090493882,9.89901386388269e-06,0.0,0.00018838988146063236,0.0,0.6541016040594433,0.49400555629649123,0.580754716981132,0.2450980392156863,0.3908102706589162,0.06573093552227584,0.24242424242424243,0.5,1.0,1.0,0.0,0.45,8.248491488381633e-06,0.0,0.0,0.0,0.0,0.0,0.0036354330375410375,0.0,0.0,8.677406662877123e-05,0.0010842116601210948,0.03312319723333776,0,0
6712,0.6000000000000227,0.0,1.0,0.03861003861003861,0.0,0.6000000000000001,0.23529411764705882,0.0,0.0,0.0,0.0,0.0,0.0,0.0,0.0,0.0,0.009770786935533304,0.0,0.0008043294090493882,9.89901386388269e-06,5.784032888011001e-05,2.991634641633333e-05,6.372279115655539e-06,0.6540848976283851,0.4939878442547489,0.580754716981132,0.2450980392156863,0.39594681875236115,0.09311360360924871,0.25252525252525254,0.7999999999999972,0.0,0.0,0.0,0.4,0.0,0.010050443554669471,0.0,0.0,0.0,0.0,0.0036354330375410375,0.018202563648458722,0.0,0.00029930913312400454,0.0010912370012161156,0.03312156029362849,0,4
9923,0.20000000000004547,0.0,1.0,0.02316602316602317,0.0,0.2,0.23529411764705882,0.0,0.0,0.0,0.0,0.0,0.0,0.0,0.0,0.0,0.009770786935533304,0.0,0.0008043294090493882,9.89901386388269e-06,0.0,0.0012875663093740793,0.0,0.6536143550206335,0.4934246868035001,0.20339622641509433,0.2450980392156863,0.39068840712170516,0.1342189360235604,0.24242424242424243,0.9499999999999957,0.0,1.0,0.0,0.10000000000000002,0.0,0.0,0.0,0.0,0.0,0.0,0.0036354330375410375,0.0,0.0,0.00035267313754252367,0.0010825576210823542,0.03312156029362849,1,4
9990,0.20000000000004547,0.0,0.0,0.02316602316602317,0.0,1.0,0.5588235294117647,0.0,0.0,0.0,0.0,0.0,0.0,0.0,0.0,0.0,0.009770786935533304,0.0,0.0008043294090493882,9.89901386388269e-06,0.0,0.0,0.0,0.6519991170718775,0.4915239893560182,0.5709433962264151,0.09534313725490198,0.40280164272048163,0.05758506172065919,0.020202020202020204,0.14999999999999858,0.0,1.0,0.0,0.35000000000000003,0.0,0.0,0.0,0.0,0.0,0.0,0.0036540720996554093,0.0,0.0,8.544380381488677e-06,0.001127618523984687,0.033197479573175016,1,2
6850,0.8000000000000114,1.0,1.0,0.10231660231660232,0.0,0.4,0.23529411764705882,0.0,0.0,0.0,0.0,0.0,0.0,0.0,0.0,0.0,0.010749648990147343,0.0,0.0008224348910259735,9.89901386388269e-06,0.005183216471768858,0.0011914184960304748,0.0,0.6542490327473727,0.4941678030085202,0.34962264150943395,0.11200980392156865,0.39541061918863263,0.0661068989285043,0.020202020202020204,0.14999999999999858,0.0,1.0,0.0,0.45,0.0,0.0,0.0014108680694697527,0.004747966193320412,0.0,0.00011535505106593198,0.0037773682979616234,0.0,0.0,0.0003778713850747582,0.0012945834275113616,0.03312156029362849,0,4
6238,0.6000000000000227,1.0,0.0,0.05791505791505792,0.7037037037037037,0.4,0.5,0.0,0.0,0.0,0.0,1.0,0.0,0.0,0.0,0.0,0.01615583656075283,0.0,0.0008043294090493882,9.89901386388269e-06,0.0,0.00043495043650857953,0.0010613215728463832,0.6542256147866075,0.49410969086665696,0.4628301886792453,0.17585784313725492,0.3990543389512424,0.09787580675480921,0.020202020202020204,1.0,0.0,1.0,0.0,0.45,0.000295581128323167,0.0,0.0,0.0,0.0,0.0008119304299180119,0.0037526023362215374,0.0,0.0,0.0014064971059109205,0.0015867840537394243,0.03312156029362849,0,0
5685,0.4000000000000341,0.0,0.0,0.03474903474903475,0.0,0.6000000000000001,0.5588235294117647,0.0,0.0,0.0,0.0,0.0,0.0,0.0,0.0,0.0,0.009770786935533304,0.0,0.0008043294090493882,9.89901386388269e-06,0.0,0.0,0.0,0.6540989988978653,0.4940127348186579,0.580754716981132,0.2422794117647059,0.39100525231845384,0.015602481358481109,0.020202020202020204,0.14999999999999858,1.0,1.0,0.0,0.10000000000000002,0.0,0.0,0.00036534375732464333,0.001183145884700412,0.0,7.343404253319981e-05,0.0036354330375410375,0.0,0.0,1.3149136275704131e-05,0.0011099477323182948,0.03312156029362849,0,2
355,0.6000000000000227,1.0,0.0,0.04247104247104247,0.14814814814814814,0.6000000000000001,0.5,0.0,0.0,0.0,0.0,1.0,0.0,0.0,0.0,0.0,0.009770786935533304,0.0,0.0008043294090493882,9.89901386388269e-06,0.00016195292086430802,0.0009519215227752729,0.0,0.6541098628490473,0.4940052131497008,0.290188679245283,0.14375000000000002,0.3934912684775589,0.08233598596403285,0.36363636363636365,0.5,0.0,1.0,0.0,0.35000000000000003,0.0,0.0,0.0,0.0,0.0,0.0,0.0036354330375410375,0.0,0.0,0.0006760293292252089,0.001095410737172843,0.03312156029362849,0,0
1742,0.20000000000004547,0.0,0.0,0.05405405405405406,0.0,0.0,0.7941176470588235,0.3333333333333333,0.0,0.0,0.0,0.0,0.0,0.0,0.0,0.0,0.009873996135148068,1.638989030536679e-05,0.0008043294090493882,9.89901386388269e-06,0.0008061495837665333,0.00018531514585673145,0.0,0.6540765947733493,0.4940367368497577,0.580754716981132,0.2450980392156863,0.3975493242666862,0.12638636506046746,0.25252525252525254,0.5,0.0,1.0,0.0,0.5,7.652427659015454e-05,0.0,0.0,0.0,0.0,0.0,0.0036354330375410375,0.0,0.0,2.780760920562333e-05,0.0011087421857492873,0.03312156029362849,0,2
8352,0.8000000000000114,1.0,1.0,0.33204633204633205,0.0,0.8,0.23529411764705882,0.0,0.0,0.0,0.0,0.0,1.0,0.0,0.0,0.0,0.009770786935533304,0.0,0.0008043294090493882,9.89901386388269e-06,0.00046706065570688835,0.00031387233448469713,0.0,0.6540888903540848,0.4939824649241814,0.580754716981132,0.2450980392156863,0.40282601542792384,0.13415627545585562,0.020202020202020204,0.3999999999999986,0.0,0.0,0.0,0.10000000000000002,2.1045533838669187e-07,0.0,0.0,0.0,0.0,0.0,0.0036354330375410375,0.0,0.0,0.0002886158666585487,0.0011537574859690211,0.03312156029362849,0,4
403,0.6000000000000227,0.0,0.0,0.03474903474903475,0.0,0.6000000000000001,0.029411764705882346,0.0,0.0,0.0,0.0,0.0,0.0,0.0,0.0,0.0,0.009896826166617242,0.0,0.0008043294090493882,9.89901386388269e-06,0.0,0.0,0.0,0.6540617205365586,0.4939391329375129,0.580754716981132,0.24485294117647063,0.40292959943455325,0.12839150322701925,0.020202020202020204,0.6000000000000014,0.0,1.0,0.0,0.8,0.0,0.0,0.0,0.0,1.1801262544143414e-05,0.0,0.0036355983428949484,0.0,0.0,0.0006424401931746262,0.001104377215934444,0.03312949697100676,0,2
3851,0.20000000000004547,0.0,0.0,0.0,0.0,0.0,0.7941176470588235,0.2222222222222222,0.0,0.0,0.0,0.0,0.0,0.0,0.0,0.0,0.009770786935533304,0.0,0.0008043294090493882,1.5577282552674292e-05,0.0,0.0,5.574113096732132e-05,0.6541147173355589,0.49401031998134654,0.4615094339622642,0.24497549019607845,0.39898122082891585,0.13027132025816157,0.25252525252525254,0.0,0.0,0.0,0.0,0.35000000000000003,0.0,0.0002367531264133436,0.0,0.0,0.0,0.0,0.0036437572026310878,0.008468104849102218,0.0,3.4561251183806e-05,0.0010887371315514327,0.03312156029362849,0,2
2706,0.4000000000000341,1.0,0.0,0.015444015444015444,0.0,0.6000000000000001,0.38235294117647056,0.0,0.0,0.0,0.0,1.0,0.0,0.0,0.0,0.0,0.013051358616376688,0.0,0.0008043294090493882,9.89901386388269e-06,0.0,0.00042938267203665085,0.0,0.6540398229988484,0.49450042714827075,0.580754716981132,0.23811274509803923,0.39436259276861774,0.10990663575411995,0.020202020202020204,0.29999999999999716,1.0,1.0,0.0,0.25000000000000006,1.4663984868234014e-06,0.0,0.0,0.0,0.00022538220243456918,0.0,0.0037478874034667584,0.0,0.0,0.0006672291290718194,0.0012085595184195364,0.03312156029362849,0,0
4921,0.20000000000004547,0.0,0.0,0.015444015444015444,0.0,0.0,0.4411764705882353,0.4444444444444444,0.0,0.0,0.0,0.0,0.0,0.0,0.0,0.0,0.009770786935533304,0.0,0.0008043294090493882,9.89901386388269e-06,0.0,0.00103003642730681,0.0,0.6541034895960757,0.4939998225620553,0.280377358490566,0.05441176470588237,0.393150050573368,0.036719092674979636,0.25252525252525254,0.3999999999999986,0.0,1.0,0.0,0.45,0.0,0.0,0.0,0.0,0.0,0.0,0.0036354330375410375,0.0,8.393223819301849e-05,0.00010647218906513735,0.0011112709040675274,0.03312156029362849,0,2
8719,0.8000000000000114,1.0,0.0,0.03861003861003861,0.537037037037037,0.6000000000000001,0.5,0.0,0.0,0.0,0.0,1.0,0.0,0.0,0.0,0.0,0.009770786935533304,0.0,0.0008043294090493882,9.89901386388269e-06,0.006590543973833035,0.0015150136431004802,0.0,0.6541377618997709,0.4940377072875134,0.3920754716981132,0.16887254901960785,0.3967815839822567,0.09518140234350525,0.020202020202020204,0.3999999999999986,0.0,1.0,0.0,0.55,0.0,0.0,0.0,0.0,0.0,0.00024726167274220133,0.003715179717051608,0.0,0.0,0.0004977485301875006,0.0011410779079130743,0.03312156029362849,0,0
6600,0.6000000000000227,0.0,1.0,0.10231660231660232,0.0,0.6000000000000001,0.23529411764705882,0.0,0.0,0.0,0.0,0.0,0.0,0.0,0.0,0.0,0.009770786935533304,0.0,0.0008043294090493882,9.89901386388269e-06,0.0,0.06612742452251226,0.0,0.653372199238514,0.49313145312042944,0.4641509433962264,0.24411764705882358,0.3983292509048368,0.12638636506046746,0.030303030303030304,0.8999999999999986,0.0,1.0,0.0,0.6,2.780047131269365e-05,0.0,0.003554439899490142,0.0,0.0,0.0012741818265923025,0.007007319867136713,0.0,0.0,0.022860054817060726,0.001258287955022129,0.03312156029362849,0,4
796,0.4000000000000341,0.0,0.0,0.06756756756756757,0.0,0.6000000000000001,0.5294117647058824,0.0,0.0,0.0,0.0,1.0,0.0,0.0,0.0,0.0,0.009770786935533304,0.0,0.0008043294090493882,9.89901386388269e-06,0.0012081398694832979,0.0003759487532985888,0.0,0.6541004504065608,0.49399316264182536,0.580754716981132,0.2450980392156863,0.40287476084280827,0.1292060906071809,0.020202020202020204,0.9499999999999957,0.0,1.0,0.0,0.4,0.0,0.0,0.0,0.0,0.0,5.4569588693470327e-05,0.0036354330375410375,0.0,0.0,7.684825947901792e-05,0.0010862681924019037,0.03312156029362849,0,1
10378,0.20000000000004547,0.0,0.0,0.20463320463320464,0.0,0.4,0.5588235294117647,0.0,0.0,0.0,0.0,0.0,0.0,0.0,0.0,0.0,0.009770786935533304,0.0,0.0008043294090493882,9.89901386388269e-06,0.0,0.0,0.0009568205450282097,0.6540901765345815,0.49398206588017624,0.580754716981132,0.2450980392156863,0.40287476084280827,0.1342189360235604,0.020202020202020204,0.14999999999999858,0.0,1.0,0.0,0.45,6.158194756469941e-05,0.0,0.0,0.0,7.022846821693833e-05,0.0,0.0036467762830734176,0.0,0.0,0.0006872598172116566,0.0014491836097645545,0.03312156029362849,1,2
10002,0.6000000000000227,0.0,0.0,0.20463320463320464,0.0,0.8,0.5588235294117647,0.0,0.0,0.0,0.0,0.0,0.0,0.0,0.0,0.0,0.00994686562254012,0.0,0.0008043294090493882,9.89901386388269e-06,0.00011206563720521315,0.00018290521795097126,0.0,0.6540318372161299,0.49391714864059477,0.580754716981132,0.2450980392156863,0.4028625744890872,0.1342189360235604,0.020202020202020204,0.14999999999999858,0.0,1.0,0.0,0.2,0.00013091679824028923,0.0,0.0,0.0,0.0002520680812644956,0.0,0.0036354330375410375,0.0,0.0,0.0011545146305885748,0.0015931880087159023,0.03312156029362849,1,2
2191,0.8000000000000114,0.0,0.0,0.03861003861003861,0.0,0.6000000000000001,0.029411764705882346,0.0,0.0,0.0,0.0,0.0,0.0,0.0,0.0,0.0,0.009892431724172285,0.0,0.0008043294090493882,9.89901386388269e-06,0.014647340284776858,0.003367084789158316,0.0002233342465483506,0.6540738034104732,0.4941518594925439,0.580754716981132,0.2450980392156863,0.4003095333845161,0.13290306410176078,0.25252525252525254,0.14999999999999858,0.0,1.0,0.0,0.5,0.0003419152471776564,0.0,0.0,0.0,0.0,0.0,0.0036926616725351325,0.0,0.0,0.000720465223604388,0.0012223843186263137,0.03326016940361663,0,2
2277,0.20000000000004547,1.0,0.0,0.10231660231660232,0.0,0.4,0.1764705882352941,0.0,0.0,0.0,0.0,0.0,0.0,0.0,0.0,0.0,0.009770786935533304,0.0,0.0008043294090493882,9.89901386388269e-06,0.0,0.00044965930682994344,0.0,0.6540983110795471,0.4939918094634188,0.39264150943396225,0.1337009803921569,0.39679986351283836,0.07726047997994863,0.24242424242424243,0.6000000000000014,0.0,0.0,0.0,0.5,0.0,0.0017809049562353646,0.0,0.0,0.0,0.0,0.0036354330375410375,0.02440697199060785,0.0,0.0001280633778135698,0.0010984862415690702,0.03312156029362849,0,3
50,0.8000000000000114,0.0,0.0,0.0694980694980695,0.0,0.4,0.5294117647058824,0.0,0.0,0.0,0.0,1.0,0.0,0.0,0.0,0.0,0.010932454785965445,4.790387379531306e-06,0.001185604972223836,5.750132695369893e-05,0.11147313533624752,0.025625095825797115,0.0,0.6537914331177525,0.49496014292191143,0.5788679245283018,0.24289215686274512,0.3918522039020705,0.049125885080518836,0.020202020202020204,0.25,1.0,1.0,0.0,0.2,0.0,0.0,0.0,0.0,0.0,0.0039001354843629216,0.004245527195611979,0.0,0.0,0.0036578134265472365,0.0014691843019666822,0.03312156029362849,0,1
12303,0.0,0.0,1.0,0.02316602316602317,0.0,0.8,0.32352941176470584,0.0,0.0,0.0,0.0,0.0,0.0,0.0,0.0,0.0,0.009770786935533304,0.0,0.0008043294090493882,9.89901386388269e-06,0.0,0.0001543184869309194,0.0,0.6540846666990171,0.4939737895988203,0.20339622641509433,0.24448529411764708,0.39068840712170516,0.12331599724293504,0.25252525252525254,0.9499999999999957,0.0,1.0,0.0,0.05,0.0,0.0,0.0,0.0,0.0,0.0,0.0036354330375410375,0.0,0.0003313911704312115,6.779223955372753e-06,0.0010825576210823542,0.03312156029362849,1,4
12218,0.6000000000000227,0.0,1.0,0.02316602316602317,0.0,0.8,0.23529411764705882,0.0,0.0,0.0,0.0,0.0,0.0,0.0,0.0,0.0,0.009770786935533304,0.0,0.0008043294090493882,9.89901386388269e-06,0.10474413607515773,0.024078088312223613,0.005141776794547434,0.6530116214187253,0.4907317950082904,0.39264150943396225,0.11115196078431375,0.5502260568615265,0.06579359608998059,0.020202020202020204,0.7999999999999972,0.0,1.0,0.0,0.35000000000000003,4.917187148176804e-05,0.0,2.994125163504941e-05,0.00013053281120208854,7.456394530543664e-05,0.0,0.0036911723537527475,0.0,0.0,0.012160392857307313,0.0013730984088000848,0.058535059200867066,1,4
8134,0.4000000000000341,0.0,1.0,0.0694980694980695,0.0,0.6000000000000001,0.23529411764705882,0.0,0.0,0.0,0.0,0.0,0.0,0.0,0.0,0.0,0.009792864493981082,0.0,0.003585992657221199,9.89901386388269e-06,0.020419443604956337,0.011251288584296162,0.0,0.6540393909588258,0.4939751575278808,0.5769811320754716,0.2450980392156863,0.4025761951766412,0.13378031204962718,0.020202020202020204,0.5,0.0,1.0,0.0,0.4,0.00019965422731013616,0.0,0.0,0.0,0.0,0.0009030002070753266,0.0038567898638545263,0.0,0.0,0.0036106658425859085,0.0018109009157781866,0.03312156029362849,0,4
7727,0.6000000000000227,1.0,0.0,0.05791505791505792,0.0,0.4,0.1764705882352941,0.0,0.0,0.0,0.0,0.0,0.0,0.0,0.0,0.0,0.010948557708623333,0.0,0.0008062631556170855,9.89901386388269e-06,0.0,0.027286782667299895,0.0,0.6541535356677436,0.4960382080473697,0.36716981132075466,0.1670343137254902,0.3930891188047625,0.060216805564258416,0.030303030303030304,0.5,1.0,1.0,0.0,0.05,0.0010798802856715332,0.0,0.030384624108756305,0.02950524988023505,0.0010703463399785033,0.0,0.004973669794138732,0.0,0.008983572895277209,0.004668122451715297,0.00214116263140219,0.033310006777128816,0,3
6201,0.0,0.0,0.0,0.06756756756756757,0.0,0.6000000000000001,0.5588235294117647,0.0,0.0,0.0,0.0,0.0,0.0,0.0,0.0,0.0,0.009770786935533304,0.0,0.0008043294090493882,9.89901386388269e-06,0.0,9.05800488716759e-05,0.0,0.6540872486682626,0.49404212394382724,0.20339622641509433,0.2450980392156863,0.39068840712170516,0.12463186916473465,0.25252525252525254,0.10000000000000142,0.0,1.0,0.0,0.2,5.458261034287105e-05,0.0,0.0,0.0,0.0,0.0,0.0036354330375410375,0.0,0.0,0.0002783830757825143,0.0010908383247203084,0.03312156029362849,0,2
4522,0.6000000000000227,1.0,1.0,0.10231660231660232,0.0,0.4,0.23529411764705882,0.0,0.0,0.0,0.0,0.0,0.0,0.0,0.0,0.0,0.010731243500043982,0.0,0.000814169683922106,9.89901386388269e-06,0.0032021852076250905,0.000736108323766335,0.0,0.6542532229392177,0.49417292886074593,0.34452830188679245,0.11004901960784316,0.3952461034133977,0.0651043298452284,0.020202020202020204,0.14999999999999858,0.0,1.0,0.0,0.45,0.00011640216877349093,0.0,0.0013747772678355853,0.003946749645100185,0.0,0.00050576251242723,0.003746078860806156,0.0,0.0,0.00036676880697426097,0.0012777916275520623,0.03312156029362849,0,4
2920,0.6000000000000227,1.0,0.0,0.03474903474903475,0.0,0.0,0.4411764705882353,0.0,0.0,0.0,0.0,0.0,0.0,0.0,0.0,0.0,0.009770786935533304,0.0,0.0008043294090493882,9.89901386388269e-06,0.004425508163439417,0.0013581190263392655,0.0,0.6540787589492908,0.49424133889989785,0.5813207547169811,0.24497549019607845,0.39070059347542624,0.12663700733128644,0.020202020202020204,0.6000000000000014,0.0,1.0,0.0,0.8,7.467770071785841e-08,0.0,0.0,0.0,3.6953290274167906e-05,0.0,0.003692335773618871,0.0,0.0,0.0004863133863835322,0.0011176326765626014,0.03312156029362849,0,3
10507,0.6000000000000227,1.0,0.0,0.05791505791505792,0.0,0.6000000000000001,0.029411764705882346,0.0,0.0,0.0,0.0,0.0,0.0,0.0,0.0,0.0,0.009770786935533304,0.0005033616843517075,0.0008464351810879586,9.89901386388269e-06,0.052682417552226204,0.04642077922941309,0.0,0.6506019834624793,0.49427740269595105,0.5273584905660378,0.2421568627450981,0.39370452966767816,0.10783883701986341,0.020202020202020204,0.19999999999999574,1.0,1.0,0.0,0.45,0.000790490617626065,0.0,0.0002194683663619615,0.0009524060669189422,0.000316818509838927,0.0,0.003909039705766459,0.0,0.0,0.006208336552398797,0.0022178483503011,0.03312156029362849,1,3
11567,0.4000000000000341,1.0,0.0,0.10231660231660232,0.0,0.6000000000000001,0.029411764705882346,0.0,0.0,0.0,0.0,0.0,0.0,0.0,0.0,0.0,0.009770786935533304,0.0,0.0008043294090493882,9.89901386388269e-06,0.0,0.016672712261671635,0.0,0.6536918415974796,0.4935155877080786,0.20339622641509433,0.2450980392156863,0.39068840712170516,0.1342189360235604,0.020202020202020204,0.6000000000000014,0.0,1.0,0.0,0.8,0.0,0.0,1.7642151636813625e-05,0.0,0.0,6.974788488635611e-06,0.0036354330375410375,0.0,0.0,0.01148904502990789,0.0010825576210823542,0.03312156029362849,1,3
7357,0.8000000000000114,0.0,0.0,0.15830115830115832,0.0,0.4,0.5294117647058824,0.0,0.0,0.0,0.0,1.0,0.0,0.0,0.0,0.0,0.009770786935533304,0.00013252677613760297,0.0008043294090493882,1.48586424868914e-05,0.0,5.59269476060898e-05,0.0,0.6540883993392738,0.4943235877696214,0.580754716981132,0.24411764705882358,0.3987679596387965,0.11905507863901248,0.020202020202020204,0.14999999999999858,1.0,1.0,0.0,0.10000000000000002,7.501035593014705e-05,0.0,0.002060502498884764,0.00898303073454373,1.7670590732543653e-05,0.0,0.0038494956178697216,0.0,0.0,0.00020209761980167828,0.0012837370277277555,0.03312156029362849,0,1
4669,0.6000000000000227,0.0,0.0,0.03474903474903475,0.0,0.0,0.4411764705882353,0.0,0.0,0.0,0.0,0.0,0.0,0.0,0.0,0.0,0.009770786935533304,0.0,0.0008043294090493882,9.89901386388269e-06,0.01462673466761332,0.0023883216555706105,0.0,0.653930882318025,0.49434827260072617,0.580754716981132,0.24497549019607845,0.3983840894965818,0.13334168807569396,0.24242424242424243,0.6000000000000014,0.0,1.0,1.0,0.6,0.00015283130896003895,0.0,0.0,0.0,0.0,0.0,0.003912429447144874,0.0,0.0,0.0013605518748775263,0.0013352411931362412,0.0365261319864686,0,2
7068,0.20000000000004547,0.0,0.0,0.0694980694980695,0.0,0.6000000000000001,0.5588235294117647,0.0,0.0,0.0,0.0,0.0,0.0,0.0,0.0,0.0,0.009770786935533304,0.0,0.0009136328743154402,9.89901386388269e-06,0.0,0.0,9.24306697663346e-06,0.6538953119063478,0.494021998617474,0.580754716981132,0.2450980392156863,0.40136974615825205,0.1342189360235604,0.020202020202020204,0.3500000000000014,0.0,1.0,0.0,0.2,0.00020084228163973845,0.0,0.0,0.0,0.0001727304156991601,0.0,0.0036390065387903086,0.0,0.0,0.003225324520171645,0.0014086720205646575,0.03312156029362849,0,2
654,0.6000000000000227,1.0,0.0,0.15830115830115832,0.4444444444444444,0.6000000000000001,0.5,0.0,0.0,0.0,0.0,1.0,0.0,0.0,0.0,0.0,0.009770786935533304,0.0,0.0030484111114013465,9.89901386388269e-06,0.0029299741598330727,0.0021302931677297356,5.832918972077869e-05,0.6534180163540096,0.4931341784978226,0.580754716981132,0.22267156862745102,0.41609695463020513,0.12275205213359236,0.020202020202020204,0.29999999999999716,0.0,1.0,0.0,0.75,0.0,0.0,0.0,0.0,0.0,0.0006062645165044095,0.0036354330375410375,0.0,0.009828721765913758,0.00019473001037093355,0.0011075350034318822,0.034609687302054305,0,0
4172,0.6000000000000227,1.0,0.0,0.015444015444015444,0.0,0.6000000000000001,0.029411764705882346,0.0,0.0,0.0,0.0,0.0,0.0,0.0,0.0,0.0,0.009770786935533304,0.0,0.0008043294090493882,9.89901386388269e-06,0.00016195292086430802,0.0063681929404901545,0.0,0.653957699612097,0.49382666812965204,0.580754716981132,0.14325980392156865,0.40287476084280827,0.0819600225578044,0.36363636363636365,0.8999999999999986,0.0,1.0,0.0,0.35000000000000003,0.0,0.0,0.0,0.0,0.0,0.0,0.0036354330375410375,0.0,0.0018608829568788501,0.0013047831646031392,0.0010858126612572478,0.03312156029362849,0,3
10113,0.8000000000000114,0.0,1.0,0.03474903474903475,0.0,1.0,0.23529411764705882,0.0,0.0,0.0,0.0,0.0,0.0,0.0,0.0,0.0,0.009847268293428059,0.0,0.0008043294090493882,9.89901386388269e-06,0.02116739135778726,0.012465144340138887,0.0,0.6540663295156649,0.494101778693547,0.580754716981132,0.2450980392156863,0.4026675928295495,0.1342189360235604,0.020202020202020204,0.14999999999999858,0.0,1.0,0.0,0.45,0.00014263440837110954,0.0,0.0,0.0,0.00035776294328120707,0.0,0.0036663930419365736,0.0,0.0,0.003600177231937973,0.002416348698480085,0.03312156029362849,1,4
4411,0.6000000000000227,1.0,0.0,0.03861003861003861,0.537037037037037,0.4,0.5,0.0,0.0,0.0,0.0,1.0,0.0,0.0,0.0,0.0,0.015077392226487156,0.0,0.0008043294090493882,9.89901386388269e-06,0.016926972246764194,0.0038040296487613177,3.956032665999121e-05,0.6539521606204575,0.4940263240526388,0.580754716981132,0.228921568627451,0.3985425120949561,0.12406792405539195,0.24242424242424243,0.14999999999999858,0.0,1.0,1.0,0.10000000000000002,6.055682640029972e-06,0.0,0.0,0.0,0.0,0.0,0.0037369607588381773,0.0,0.0,0.0018885638840808986,0.0011709033511041937,0.033246066920000115,0,0
12162,0.20000000000004547,0.0,1.0,0.04247104247104247,0.0,0.6000000000000001,0.32352941176470584,0.0,0.008469892,0.0,0.0,0.0,0.0,0.0,0.0,0.0,0.009902921198090555,0.0,0.0008043294090493882,9.89901386388269e-06,0.000788074480991499,0.0009377943591897822,0.0,0.6539445541980349,0.49380894366630645,0.2788679245283019,0.09325980392156864,0.3931256778659258,0.05601854752804061,0.020202020202020204,0.7999999999999972,0.0,1.0,0.0,0.35000000000000003,2.1595433271227963e-05,0.0,0.0,0.0,2.862667001755743e-05,0.0,0.0036354330375410375,0.0,0.0005435061601642711,0.00012038878465654406,0.001089027204267268,0.03312156029362849,1,4
6492,0.4000000000000341,0.0,0.0,0.10424710424710425,0.0,0.0,0.4411764705882353,0.0,0.0,0.0,0.0,0.0,0.0,0.0,0.0,0.0,0.009770786935533304,0.0,0.0008043294090493882,9.89901386388269e-06,0.00023642234429744968,7.72838949088611e-05,0.0,0.6540880411833961,0.49397977719977315,0.20339622641509433,0.2450980392156863,0.39068840712170516,0.1342189360235604,0.020202020202020204,0.6999999999999957,0.0,1.0,0.0,0.55,0.00014560114975417356,0.0,0.0,0.0,0.0,0.0,0.0036354330375410375,0.0,0.0,0.0002453055792757333,0.0010825576210823542,0.03312156029362849,0,2
3164,0.8000000000000114,1.0,0.0,0.015444015444015444,0.35185185185185186,0.6000000000000001,0.5,0.0,0.0,0.0,0.0,1.0,0.0,0.0,0.0,0.0,0.009770786935533304,0.0,0.0008816480822965113,9.89901386388269e-06,0.001720749784183273,0.017790752608019825,0.0,0.6541019410109026,0.49399633325606085,0.2788679245283019,0.14375000000000002,0.39304646656673864,0.0803935083651858,0.25252525252525254,0.29999999999999716,0.0,1.0,0.0,0.0,0.0,0.0,0.0,0.0,0.0,0.0,0.0036354330375410375,0.0,0.0,0.0056522611142179,0.0010905585126080577,0.03312156029362849,0,0
3345,0.6000000000000227,1.0,0.0,0.015444015444015444,0.35185185185185186,0.6000000000000001,0.5,0.0,0.0,0.0,0.0,1.0,0.0,0.0,0.0,0.0,0.009770786935533304,0.0,0.0009844485449921618,9.89901386388269e-06,0.0,0.0008576019306015554,0.0,0.6541011912359247,0.49398156668699467,0.580754716981132,0.2450980392156863,0.4010102487234795,0.11197443448837648,0.020202020202020204,0.5,0.0,1.0,0.0,0.4,7.086913798124762e-05,0.0,0.0,0.0,6.997804354756658e-05,0.0,0.0036354330375410375,0.0,0.0,0.00029882307555739295,0.0011487189843594461,0.03312156029362849,0,0
10245,0.20000000000004547,0.0,1.0,0.20463320463320464,0.0,0.8,0.5882352941176471,0.0,0.0,0.0,0.0,0.0,0.0,0.0,0.0,0.0,0.009770786935533304,0.0,0.0008043294090493882,9.89901386388269e-06,0.0,0.0,0.00013018587981677152,0.6533908770178349,0.4931629760441361,0.580754716981132,0.2450980392156863,0.40287476084280827,0.1342189360235604,0.020202020202020204,0.14999999999999858,0.0,1.0,0.0,0.8,0.0,0.0,0.0,0.0,0.0,0.00016876819814470626,0.0036354330375410375,0.0,0.0,0.00576228919811246,0.0016750251454319526,0.03312156029362849,1,4
10869,0.6000000000000227,0.0,0.0,0.08687258687258688,0.0,1.0,0.5588235294117647,0.0,0.0,0.0,0.0,0.0,0.0,0.0,0.0,0.0,0.03491625313884715,9.111556860839727e-06,0.0008043294090493882,0.0015953303375826893,0.21413610407788777,0.1382465115254802,0.0,0.6485276112143296,0.49517322931526225,0.580754716981132,0.2388480392156863,0.3917547130723017,0.07801240679240555,0.030303030303030304,0.5,1.0,1.0,0.0,0.2,0.0032778215287270753,0.0,0.0021776463857532064,0.009493734864566715,0.0,2.50803275187208e-05,0.0048194069163989385,0.0,0.0,0.09133576805537577,0.003037495551643573,0.03312156029362849,1,2
10362,0.4000000000000341,0.0,0.0,0.02316602316602317,0.0,0.6000000000000001,0.029411764705882346,0.0,0.0,0.0,0.0,0.0,0.0,0.0,0.0,0.0,0.009770786935533304,0.0,0.0008043294090493882,9.89901386388269e-06,0.0,0.0,0.0,0.6540308581683792,0.49408032658469414,0.580377358490566,0.2450980392156863,0.39068840712170516,0.010025690832758945,0.020202020202020204,0.0,1.0,1.0,0.0,0.45,8.294655885189036e-05,0.0,0.0,0.0,0.0002029065883584552,0.0,0.0037191580397257775,0.0,0.0,0.0003759015728311216,0.002315065735245615,0.03312156029362849,1,2
3834,0.4000000000000341,0.0,0.0,0.10424710424710425,0.0,0.0,0.4411764705882353,0.0,0.0,0.0,0.0,0.0,0.0,0.0,0.0,0.0,0.009770786935533304,0.0,0.0008043294090493882,9.89901386388269e-06,0.0,0.0,0.0,0.654103279208488,0.4939976301490776,0.20339622641509433,0.2450980392156863,0.39068840712170516,0.1342189360235604,0.04040404040404041,0.8500000000000014,0.0,1.0,0.0,0.85,0.0,0.0,0.0,0.0,0.0,0.0,0.0036354330375410375,0.0,0.0,2.916345399669788e-06,0.0010825576210823542,0.03312156029362849,0,2
2126,0.0,1.0,1.0,0.10424710424710425,0.0,0.4,0.2941176470588235,0.0,0.0,0.0,0.0,0.0,0.0,0.0,0.0,0.0,0.009770786935533304,0.0,0.0008043294090493882,9.89901386388269e-06,0.0001565303900317977,0.0005773854858352332,0.0,0.6541097170686715,0.4940051727794902,0.3920754716981132,0.19987745098039217,0.3967815839822567,0.11109718654051007,0.24242424242424243,0.6999999999999957,0.0,1.0,0.0,0.55,0.00010494253615424138,0.0,0.0,0.0,0.0,0.0,0.0036354330375410375,0.0,0.0,0.00017075969774382312,0.0010853545030015288,0.03312156029362849,0,4
7130,0.6000000000000227,0.0,1.0,0.10231660231660232,0.0,0.8,0.23529411764705882,0.0,0.0,0.0,0.0,0.0,0.0,0.0,0.0,0.0,0.009770786935533304,0.0,0.0008043294090493882,9.89901386388269e-06,0.0,0.0,0.0,0.6536234338248509,0.49402619711938034,0.20339622641509433,0.2450980392156863,0.39068840712170516,0.07782442508929133,0.020202020202020204,0.5,0.0,1.0,0.0,0.2,0.0001308149650120376,0.0,0.0,0.0,0.00021301748438433933,0.0,0.0036354330375410375,0.0,0.006416837782340863,0.0010174463968040948,0.001216796552532089,0.03312156029362849,0,4
9396,0.6000000000000227,1.0,0.0,0.015444015444015444,0.0,0.6000000000000001,0.029411764705882346,0.0,0.0,0.0,0.0,0.0,0.0,0.0,0.0,0.0,0.009770786935533304,0.0,0.0008199241394340439,9.89901386388269e-06,0.0038807245657998812,0.013657061441942966,0.0,0.6540284557740511,0.4939088366471294,0.5718867924528301,0.24411764705882358,0.40258838153036236,0.13246444012782757,0.020202020202020204,0.14999999999999858,0.0,1.0,0.0,0.75,0.0,0.0,0.0006213061745010422,0.0,0.0,0.00020960504266366088,0.003643507870327683,0.0,0.0,0.005088843648583449,0.0010857402422145552,0.03312652071698991,1,3
4930,0.0,0.0,0.0,0.21891891891891893,0.0,0.0,0.7941176470588235,0.3333333333333333,0.0,0.0,0.0,0.0,0.0,0.0,0.0,0.0,0.010222812528946697,0.0,0.0009717388397286674,9.89901386388269e-06,0.0,0.0,8.860295261836405e-05,0.6539940413344896,0.49387382092385235,0.580754716981132,0.24497549019607845,0.40274071095187614,0.13403095432044615,0.020202020202020204,1.0,0.0,1.0,0.0,0.6,3.73388503589292e-07,0.0,0.00027531837782936007,0.001200286556878464,0.0,0.0,0.003700894742988348,0.0,0.0,0.0017905337474884895,0.0011484334223437374,0.03312156029362849,0,2
2144,0.8000000000000114,1.0,0.0,0.05791505791505792,0.0,0.6000000000000001,0.1764705882352941,0.0,0.0,0.0,0.0,0.0,0.0,0.0,0.0,0.0,0.014814658746336303,1.317083728267491e-05,0.0008043294090493882,0.00042089027965422685,0.03545395259117443,0.008150043773431875,0.0,0.6530375173145588,0.4944048922093211,0.580754716981132,0.24325980392156868,0.39578230297712624,0.13277774296635128,0.020202020202020204,0.25,0.0,1.0,0.0,0.25000000000000006,9.255282671696033e-05,0.0,0.0,0.0,0.00023655740330528322,0.0,0.004167174813753991,0.0,0.0,0.005620104568889963,0.0014789579977784165,0.03318738511163453,0,3
9812,0.0,0.0,1.0,0.10231660231660232,0.0,0.6000000000000001,0.2647058823529412,0.0,0.20658276,0.0,0.0,0.0,0.0,0.0,0.0,0.0,0.009977160186381548,0.0,0.0008043450037797729,9.89901386388269e-06,0.006349060600758576,0.0013820521034723322,0.0,0.6527920947267469,0.492461915117873,0.580754716981132,0.2450980392156863,0.40281992225106333,0.1342189360235604,0.020202020202020204,0.6000000000000014,0.0,1.0,0.0,0.5,3.225397782823139e-05,0.0,0.0,0.0,5.63925052341495e-05,0.0,0.0036417291690136297,0.0,0.01325608316221766,0.007038932187806504,0.0011032030955619233,0.03312156029362849,1,4
11464,0.6000000000000227,1.0,1.0,0.05791505791505792,0.0,0.4,0.2647058823529412,0.0,0.0,0.0,0.0,0.0,0.0,0.0,0.0,0.0,0.009877081274535795,0.0,0.0008043294090493882,9.89901386388269e-06,0.8362547519445196,0.007033997850178106,0.0,0.6532536549441206,0.4929965024934183,0.580754716981132,0.2450980392156863,0.40288085401966883,0.13403095432044615,0.020202020202020204,0.6000000000000014,0.0,1.0,0.0,0.6,3.177196721450703e-06,0.0,0.0,0.0,0.0,1.2901551763952918e-05,0.005986615848235619,0.0,0.0,0.013123221732810575,0.0014546710499570618,0.03313602984857375,1,4
4105,0.0,0.0,1.0,0.10231660231660232,0.0,0.6000000000000001,0.2647058823529412,0.0,0.0,0.0,0.0,0.0,0.0,0.0,0.0,0.0,0.009770786935533304,0.0,0.0008043294090493882,9.89901386388269e-06,0.014003505123930135,0.0032190819753597335,0.0,0.6541907341811626,0.4940868820858216,0.460754716981132,0.2450980392156863,0.3990360594206608,0.13108590763832323,0.030303030303030304,0.3500000000000014,0.0,1.0,0.0,0.35000000000000003,3.1805911623924235e-05,0.0,0.0,0.0,0.00027614015260785444,0.0,0.003515614141406403,0.0,0.0,0.0008479913798969661,0.0011585618772852108,0.033153584786849814,0,4
10796,0.20000000000004547,0.0,0.0,0.10231660231660232,0.0,1.0,0.5588235294117647,0.0,0.0,0.0,0.0,0.0,0.0,0.0,0.0,0.0,0.009770786935533304,0.0,0.0008043294090493882,9.89901386388269e-06,0.0,2.4348581944404623e-05,0.0,0.6538022950810202,0.49406198492293585,0.20339622641509433,0.2450980392156863,0.39068840712170516,0.1342189360235604,0.020202020202020204,0.5,0.0,1.0,0.0,0.8,0.0005912301454651684,0.0,0.0,0.0,0.0007788833279134653,0.0,0.0036354330375410375,0.0,0.0,0.002405754716932864,0.0011358051968738475,0.03312156029362849,1,2
9453,0.4000000000000341,0.0,0.0,0.04247104247104247,0.0,0.6000000000000001,0.0,0.0,0.0,0.0,0.0,0.0,0.0,0.0,0.0,0.0,0.009770786935533304,0.0,0.0008043294090493882,9.89901386388269e-06,0.0006102154696851607,0.00036198779163763324,0.0,0.6539294894527987,0.4937939888323156,0.20339622641509433,0.2450980392156863,0.39068840712170516,0.1342189360235604,0.04040404040404041,0.5,0.0,1.0,0.0,0.35000000000000003,0.0,0.0,3.1251811470926994e-06,0.0,0.0,1.4816908188293269e-06,0.0036354330375410375,0.0,0.0023100616016427105,0.00045254517649261886,0.0010825576210823542,0.03312156029362849,1,2
6206,0.0,0.0,1.0,0.05405405405405406,0.0,0.6000000000000001,0.2941176470588235,0.0,0.0,0.0,0.0,0.0,0.0,0.0,0.0,0.0,0.009770786935533304,0.0,0.0008043294090493882,9.89901386388269e-06,0.0033572695894348854,0.0007717586365791323,0.0,0.6541199299779482,0.49401713827701826,0.5137735849056604,0.2450980392156863,0.4007116830573125,0.1342189360235604,0.25252525252525254,0.6000000000000014,0.0,1.0,0.0,0.5,8.962002974331352e-05,0.0,0.0,0.0,0.0,0.0,0.0036354330375410375,0.0,0.0,9.309281499472245e-05,0.0011046082530035673,0.03312156029362849,0,4
3900,0.0,1.0,0.0,0.35135135135135137,0.6666666666666666,0.6000000000000001,0.5,0.0,0.0,0.0,0.0,1.0,0.0,0.0,0.004159551573030626,0.0,0.011919955230865118,0.0,0.00098635110209909,1.2571140305666974e-05,0.016012733548402956,0.015880593889336943,0.0,0.6547995968539129,0.4950065096615296,0.34377358490566035,0.14865196078431375,0.39497800363153346,0.08346387618271824,0.030303030303030304,0.29999999999999716,0.0,1.0,0.0,0.25000000000000006,0.0006383110413268364,0.0,0.007686836686602298,0.033511772125751,0.0,0.004225854492902159,0.0040382990689416635,0.0,0.0,0.0113135526663839,0.0017725687878295824,0.03344883414574486,0,0
5290,0.4000000000000341,1.0,1.0,0.0694980694980695,0.0,0.6000000000000001,0.23529411764705882,0.0,0.0,0.0,0.0,0.0,0.0,0.0,0.0,0.0,0.009957324997537532,0.0,0.0013827067695554997,9.89901386388269e-06,0.03688152420834665,0.008478209473426597,0.0,0.6537544049023178,0.493477720062325,0.5760377358490566,0.24460784313725495,0.4008091738870813,0.11322764584247134,0.020202020202020204,0.5,0.0,1.0,0.0,0.4,0.0,0.0,0.0008645662424989352,0.003513837796500666,0.0,9.36356319899216e-05,0.0037638855064115223,0.0,0.0,0.005787129297964033,0.0015874746865401305,0.03311407501477611,0,4
1852,0.4000000000000341,0.0,0.0,0.20463320463320464,0.0,0.8,0.029411764705882346,0.0,0.0,0.0,0.0,0.0,0.0,0.0,0.0,0.0,0.009770786935533304,0.0,0.000880213367101123,1.9008535824510933e-05,0.010122057554019253,0.023391425061006492,0.0,0.6549146414253317,0.49586521431945874,0.4262264150943396,0.17671568627450981,0.39657441596899795,0.09035653863024,0.030303030303030304,0.6000000000000014,0.0,1.0,0.0,0.35000000000000003,0.0,0.0,0.00022622279013148445,0.0009862479068602245,0.0,3.704227047073317e-05,0.005351260597661452,0.0,0.0,0.002084496247379766,0.0025927865183858743,0.06153532166678796,0,2
5636,1.0,0.0,0.0,0.02316602316602317,0.0,0.6000000000000001,0.5294117647058824,0.0,0.0007999999999999999,0.0008753585687537258,0.0,1.0,0.0,0.0,0.0,0.0,0.009770786935533304,0.0,0.0008043294090493882,9.89901386388269e-06,0.0,0.0005315137546635222,0.0,0.6540987845344491,0.49401104082251146,0.580754716981132,0.2450980392156863,0.391084463617641,0.13271508239864654,0.24242424242424243,0.29999999999999716,0.0,0.0,0.0,0.6,0.0,0.0,0.0,0.0,0.0,0.0,0.0036356325033837615,0.003467721374635091,0.0002367299794661191,0.0,0.001085049411141316,0.03312156029362849,0,1
4041,0.4000000000000341,0.0,0.0,0.10231660231660232,0.0,0.6000000000000001,0.5588235294117647,0.0,0.0,0.0,0.0,0.0,0.0,0.0,0.0,0.0,0.009770786935533304,0.0,0.0009049622042215716,9.89901386388269e-06,0.0,3.830954360536018e-05,0.0,0.6540686159483305,0.49395944575244055,0.580754716981132,0.2450980392156863,0.4018632934839567,0.12870480606554296,0.24242424242424243,0.6000000000000014,0.0,0.0,1.0,0.4,0.0,0.0,0.0,0.0,0.0,0.0,0.0036354330375410375,0.028749463116437137,0.0,0.0005499869276096559,0.0010983957797258712,0.03312156029362849,0,2
10508,0.8000000000000114,1.0,0.0,0.05791505791505792,0.0,0.6000000000000001,0.029411764705882346,0.0,0.0,0.0,0.0,0.0,0.0,0.0,0.0,0.0,0.011207679318271482,0.0010663031297335765,0.0008043294090493882,9.89901386388269e-06,0.08748349743116639,0.020167273926948438,0.004608419207406354,0.6531497781434394,0.49472914341211527,0.49943396226415093,0.23590686274509806,0.395337501066306,0.09881571527038037,0.020202020202020204,0.19999999999999574,1.0,1.0,0.0,0.45,0.0006244142001114313,0.0,0.0,0.0,0.0023546336053096545,0.0,0.003980163414072191,0.0,0.0,0.013891448507828853,0.001963619491692844,0.03313396135203204,1,3
8048,0.6000000000000227,1.0,0.0,0.06756756756756757,0.2962962962962963,0.6000000000000001,0.5,0.0,0.0,0.0,0.0,1.0,0.0,0.0,0.0,0.0,0.009770786935533304,0.0,0.0008043294090493882,9.89901386388269e-06,0.0,2.734021658603796e-05,0.0,0.6541084474541266,0.49400366782461863,0.3920754716981132,0.1655637254901961,0.3967815839822567,0.09348956701547717,0.24242424242424243,0.7999999999999972,0.0,0.0,1.0,0.55,0.0,0.0027333842303494376,0.0,0.0,0.0,0.0,0.0036400961405886525,0.0062268838849354165,0.0,2.5326157418185e-05,0.0010867389409634704,0.03312156029362849,0,0
3822,0.8000000000000114,1.0,0.0,0.05405405405405406,0.537037037037037,0.6000000000000001,0.5,0.0,0.0,0.0,0.0,1.0,0.0,0.0,0.0,0.0,0.011957157497042969,0.0,0.0008043294090493882,2.1397254916409005e-05,0.05669834388678334,0.013034718335520966,0.0,0.6538590725615373,0.49442180461035273,0.580754716981132,0.24019607843137258,0.3943808722991994,0.08277460993796605,0.020202020202020204,0.14999999999999858,1.0,1.0,0.0,0.25000000000000006,0.0001956352092351387,0.0,0.0006970162080967394,0.0030387335240782496,0.0,0.00022597591927170195,0.003984083232001151,0.0,0.0,0.0032125846955309823,0.0013279154195855337,0.03312156029362849,0,0
12313,0.0,0.0,1.0,0.06756756756756757,0.0,0.8,0.32352941176470584,0.0,0.0,0.0,0.0,0.0,0.0,0.0,0.0,0.0,0.009770786935533304,0.0,0.0008043294090493882,9.89901386388269e-06,2.8920164440055006e-06,6.648076981407406e-07,0.0,0.6533561690296076,0.4931219362314466,0.20339622641509433,0.2450980392156863,0.39068840712170516,0.13415627545585562,0.020202020202020204,0.9499999999999957,0.0,1.0,0.0,0.10000000000000002,0.0,0.0,0.0,0.0,0.0,5.659336151918843e-05,0.0036354330375410375,0.0,0.010604876796714579,0.0009705802145918575,0.0010825576210823542,0.03312156029362849,1,4
572,0.6000000000000227,1.0,0.0,0.10231660231660232,0.0,0.6000000000000001,0.0,0.0,0.0,0.0,0.0,0.0,0.0,0.0,0.0,0.0,0.009770786935533304,0.0,0.0008043294090493882,9.89901386388269e-06,0.0,0.0,6.0938996867122254e-05,0.6541283534331129,0.49402651697566463,0.32716981132075473,0.12083333333333335,0.394685531142227,0.07249827683438813,0.25252525252525254,0.6000000000000014,0.0,0.0,1.0,0.35000000000000003,0.0,0.0,0.0,0.0,0.0,0.0,0.0037193692850474025,0.030382299714529715,0.0,0.0002382705355484597,0.0011028949304774482,0.03312156029362849,0,3
5678,0.6000000000000227,0.0,0.0,0.06756756756756757,0.0,0.6000000000000001,0.0,0.0,0.0,0.0,0.0,0.0,0.0,0.0,0.0,0.0,0.009770786935533304,0.0,0.0008043294090493882,9.89901386388269e-06,6.97698967116327e-05,1.6038485717645366e-05,0.0,0.6541181378732839,0.49401307175464665,0.3922641509433962,0.20808823529411768,0.3967876771591173,0.1075255341813397,0.24242424242424243,0.3999999999999986,0.0,1.0,1.0,0.55,8.34421472293816e-05,0.0,0.0,0.0,0.0,0.0,0.0036354330375410375,0.0,0.0,8.697872244629192e-07,0.001088466687816368,0.03312156029362849,0,2
10545,0.0,0.0,0.0,0.03861003861003861,0.0,0.6000000000000001,0.5588235294117647,0.0,0.0,0.0,0.0,0.0,0.0,0.0,0.0,0.0,0.009770786935533304,0.0,0.0008043294090493882,9.89901386388269e-06,0.0,0.0,0.0,0.6540597084360547,0.49394427936301905,0.580754716981132,0.2450980392156863,0.40287476084280827,0.13215113728930386,0.020202020202020204,0.10000000000000142,0.0,1.0,0.0,0.35000000000000003,0.0,0.0,0.0,0.0,0.0,0.0,0.0036397568915963034,0.0,0.0,0.000675747927476118,0.0010959311034358025,0.03312156029362849,1,2
11758,0.8000000000000114,0.0,0.0,0.10231660231660232,0.0,0.8,0.029411764705882346,0.0,0.0,0.0,0.0,0.0,0.0,0.0,0.0,0.0,0.009770786935533304,0.0,0.0008043294090493882,9.89901386388269e-06,0.00013484026670175647,3.5317908963726845e-05,0.0,0.6541022319090161,0.49399640312757925,0.580754716981132,0.2450980392156863,0.40287476084280827,0.1342189360235604,0.020202020202020204,0.6000000000000014,0.0,1.0,0.0,0.4,0.00034612435394539026,0.0,0.0,0.0,0.0002633371913862241,0.0,0.0036354330375410375,0.0,0.0,2.9956495289590542e-05,0.0012033104018117412,0.03312156029362849,1,2
8472,0.0,0.0,1.0,0.03861003861003861,0.0,0.6000000000000001,0.23529411764705882,0.0,0.0,0.0,0.0,0.0,0.0,0.0,0.0,0.0,0.009770786935533304,5.346901630911935e-07,0.0010505390123623328,9.89901386388269e-06,0.0059517698417633205,0.0022494599476214636,0.0006461230042560083,0.6535360951451579,0.4948245203637982,0.30245283018867924,0.062377450980392164,0.39273571454685047,0.03264615577417132,0.030303030303030304,0.8999999999999986,1.0,1.0,0.0,0.0,6.578426545054981e-06,0.0,0.0015748896735445854,0.006865937968346892,0.00042378114674433297,0.0,0.0036870558185261395,0.0,0.0,0.002321283028251201,0.0026888529312761008,0.03330216930821777,0,4
7460,0.6000000000000227,0.0,0.0,0.06756756756756757,0.0,0.6000000000000001,0.029411764705882346,0.0,0.0,0.0,0.0,0.0,0.0,0.0,0.0,0.0,0.009770786935533304,0.0,0.0008043294090493882,9.89901386388269e-06,0.0,0.0,7.546692331510144e-06,0.6540992225382144,0.4939928773331252,0.4845283018867924,0.24375000000000005,0.399767240643927,0.1335296697788082,0.25252525252525254,0.14999999999999858,0.0,1.0,1.0,0.85,0.0,0.0,0.0,0.0,0.0,0.0,0.003649598253568804,0.0,0.0,0.0001060117134757158,0.0010888924285129351,0.03312156029362849,0,2
9490,0.20000000000004547,1.0,0.0,0.31660231660231664,0.6666666666666666,0.4,0.5,0.0,0.0,0.0,0.0,1.0,0.0,0.0,0.0,0.0,0.012879749619116969,0.0,0.0012253247505135542,9.89901386388269e-06,0.0,0.0,0.005448081159956624,0.6544865550327773,0.49445454213395446,0.580754716981132,0.2450980392156863,0.402838201781645,0.1342189360235604,0.030303030303030304,0.3999999999999986,0.0,1.0,0.0,0.25000000000000006,0.006192118799241499,0.0,0.0,0.0,0.0,4.336656055110225e-07,0.0036354330375410375,0.0,0.0,0.0004925809707951032,0.0014995512274455299,0.033179309542402134,1,0
6459,0.8000000000000114,0.0,0.0,0.06756756756756757,0.0,0.6000000000000001,0.5294117647058824,0.0,0.0,0.0,0.0,1.0,0.0,0.0,0.0,0.0,0.009770786935533304,0.0001332578830952991,0.0008277215046263718,9.89901386388269e-06,0.012121163920938054,0.0037905672928739676,0.0,0.6539505550484103,0.4940987194855659,0.580754716981132,0.24325980392156868,0.39538015330432985,0.13290306410176078,0.24242424242424243,0.3500000000000014,0.0,1.0,0.0,0.25000000000000006,0.0006832534393952203,0.0,0.0,0.0,0.0,0.0,0.0036354330375410375,0.0,0.0,0.001604783011111276,0.0011455186674036713,0.03312900092867062,0,1
11688,0.0,0.0,0.0,0.10231660231660232,0.0,0.6000000000000001,0.1176470588235294,0.0,0.0,0.0,0.0,0.0,0.0,0.0,0.0,0.0,0.009770786935533304,0.0,0.0008043294090493882,9.89901386388269e-06,0.0,0.0,0.0,0.6542299136510962,0.4941459957194487,0.2788679245283019,0.132843137254902,0.3931256778659258,0.07682185600601543,0.020202020202020204,0.6000000000000014,0.0,1.0,0.0,0.35000000000000003,0.0012009056830076478,0.0,0.0,0.0,0.0010243934131487884,0.0,0.0036579008229475356,0.0,0.0,0.007550776387425742,0.0013363489417783274,0.03312156029362849,1,2
5813,0.20000000000004547,1.0,0.0,0.06756756756756757,0.2962962962962963,0.4,0.5,0.0,0.0,0.0,0.0,1.0,0.0,0.0,0.0,0.0,0.009770786935533304,0.0,0.0008043294090493882,9.89901386388269e-06,0.0004681451618733904,0.0002023508431215879,0.0,0.6541119329303825,0.4940077688945743,0.3920754716981132,0.2099264705882353,0.3967815839822567,0.11623535309229903,0.24242424242424243,0.29999999999999716,0.0,0.0,0.0,0.55,0.0,0.00031539048811724283,0.0,0.0,0.0,0.0,0.0036377755832451525,0.010183583477371184,0.0,9.142998647736686e-05,0.0010903213290904105,0.03312156029362849,0,0
2636,0.8000000000000114,1.0,0.0,0.05791505791505792,0.7037037037037037,0.6000000000000001,0.5,0.0,0.0,0.0,0.0,1.0,0.0,0.0,0.0,0.0,0.009770786935533304,0.0,0.0008043294090493882,9.89901386388269e-06,0.010054818171696124,0.00231137016451082,0.0,0.654199164925346,0.49410716229404067,0.28150943396226413,0.0627450980392157,0.3932109823419735,0.04091735071119745,0.020202020202020204,0.44999999999999574,0.0,1.0,0.0,0.45,0.0005783991587054637,0.0,0.0,0.0,0.0005906891888806,0.0,0.0037064358098633852,0.0,0.0,0.0009755431181667341,0.001362003226555649,0.03312156029362849,0,0
11411,0.4000000000000341,0.0,1.0,0.06756756756756757,0.0,0.2,0.2647058823529412,0.0,0.0,0.0,0.0,0.0,0.0,0.0,0.0,0.0,0.009770786935533304,0.0,0.0008043294090493882,9.89901386388269e-06,0.001817632335057457,0.00041774853731918785,0.0,0.6539834205714797,0.493856150416846,0.580754716981132,0.2425245098039216,0.4029722516725771,0.13240177956012283,0.020202020202020204,0.6000000000000014,0.0,1.0,0.0,0.25000000000000006,0.0,0.0,0.0,0.0,0.0,0.0,0.0036354330375410375,0.0,0.0,0.0018288555493192382,0.0010884599465502448,0.03312540462173359,1,4
5259,0.0,0.0,1.0,0.2471042471042471,0.0,0.6000000000000001,0.23529411764705882,0.0,0.0,0.0,0.0,0.0,1.0,0.0,0.0,0.0,0.009770786935533304,0.0,0.0008043294090493882,9.89901386388269e-06,0.00011206563720521315,0.0004287178643385101,0.0004799870309983541,0.6538719522577328,0.49392815883919605,0.5267924528301887,0.2450980392156863,0.3984693939726295,0.1336549909142177,0.020202020202020204,0.9499999999999957,0.0,1.0,0.0,0.35000000000000003,0.00026277725106237684,0.0,0.0,0.0,0.0004153449656948724,0.0,0.0037485965280965993,0.0,0.0,0.005390966799198363,0.0011984515846852324,0.03312156029362849,0,4
2605,1.0,0.0,0.0,0.19305019305019305,0.0,0.6000000000000001,0.029411764705882346,0.0,0.0,0.0,0.0,0.0,0.0,0.0,0.0,0.0,0.009770786935533304,0.0,0.0008043294090493882,9.89901386388269e-06,0.005096094476393193,0.0011714742650862525,0.0,0.6541678791314389,0.4940650247221619,0.45528301886792455,0.24485294117647063,0.39898731400577636,0.13246444012782757,0.020202020202020204,0.3999999999999986,0.0,1.0,0.0,0.35000000000000003,2.281064312836402e-06,0.0,0.0,0.0,2.7155425084998438e-05,0.0,0.0036660259148441586,0.0,0.0,0.00025034522878218023,0.001123779224223062,0.033192906062835786,0,2
9447,1.0,0.0,0.0,0.02316602316602317,0.0,0.4,0.0,0.0,0.0,0.0,0.0,0.0,0.0,0.0,0.0,0.0,0.009770786935533304,0.0,0.0008043294090493882,9.89901386388269e-06,0.00014893884686628328,0.00010287899128727961,0.0,0.6537239129488204,0.49355316266980503,0.20339622641509433,0.16813725490196083,0.39068840712170516,0.09486809950498154,0.020202020202020204,0.5,0.0,1.0,0.0,0.75,0.0,0.0,0.0,0.0,0.0,2.2406056284736162e-06,0.0036354330375410375,0.0,0.0037217659137577003,0.00033392154826219074,0.0010825576210823542,0.03312156029362849,1,2
10276,0.6000000000000227,0.0,0.0,0.10231660231660232,0.0,0.8,0.5588235294117647,0.0,0.0,0.0,0.0,0.0,0.0,0.0,0.0,0.0,0.009770786935533304,0.0,0.0008043294090493882,9.89901386388269e-06,0.12472688519706923,0.04159602046111893,0.0,0.6541000246615999,0.4939888962092761,0.5773584905660377,0.2450980392156863,0.40276508365931835,0.1336549909142177,0.020202020202020204,0.14999999999999858,0.0,1.0,0.0,0.35000000000000003,0.0,0.0,0.0,0.0,0.0,1.329907856900469e-05,0.004064636805816441,0.0,0.0,0.0041544107677611835,0.0012443944038145205,0.03312156029362849,1,2
12202,0.20000000000004547,0.0,0.0,0.02316602316602317,0.0,0.6000000000000001,0.5588235294117647,0.0,0.0,0.0,0.0,0.0,0.0,0.0,0.0,0.0,0.009770786935533304,0.0,0.0008043294090493882,9.89901386388269e-06,0.0,0.0,0.0,0.6540583082818096,0.4939438620747841,0.3920754716981132,0.2450980392156863,0.3967815839822567,0.13208847672159912,0.020202020202020204,0.7999999999999972,0.0,1.0,0.0,0.8,0.0,0.0,0.0,0.0,0.0,0.0,0.0036354330375410375,0.0,0.0003696868583162218,2.2026082360663925e-05,0.0010838089190383603,0.03312156029362849,1,2
437,0.6000000000000227,0.0,0.0,0.03474903474903475,0.0,0.6000000000000001,0.029411764705882346,0.0,0.0,0.0,0.0,0.0,0.0,0.0,0.0,0.0,0.009770786935533304,0.0,0.002883325295549381,9.89901386388269e-06,0.0,0.0,0.0,0.6536726376835299,0.49349492786460947,0.5750943396226414,0.24485294117647063,0.4021923250344265,0.12926875117488565,0.030303030303030304,0.6000000000000014,0.0,0.0,0.0,0.4,0.0,0.0,0.0007934935744763432,0.003458899744647935,0.0,0.00022977049331992342,0.003941979055266663,0.0,0.0,0.0,0.002225592875441585,0.0338541552990298,0,2
6129,0.6000000000000227,1.0,0.0,0.10231660231660232,0.0,0.8,0.1176470588235294,0.0,0.0,0.0,0.0,0.0,0.0,0.0,0.0,0.0,0.009770786935533304,0.0,0.0008043294090493882,9.89901386388269e-06,0.024482003704673065,0.00673907253509042,0.0,0.6546237582213067,0.49460734726297045,0.2907547169811321,0.23664215686274512,0.39350954800814053,0.12983269628422836,0.020202020202020204,0.6499999999999986,0.0,1.0,0.0,0.35000000000000003,0.00041349721775666543,0.0,0.0,0.0,0.0006306788782709003,0.0,0.0036400007268095544,0.0,0.0025667351129363453,0.0020474535444085216,0.0012485350282582304,0.03312156029362849,0,3
4752,0.4000000000000341,0.0,0.0,0.03474903474903475,0.0,0.6000000000000001,0.0,0.0,0.0,0.0,0.0,0.0,0.0,0.0,0.0,0.0,0.014530735625902921,0.0,0.0008355188698186996,9.89901386388269e-06,0.0,0.0025788721620502004,0.0,0.6539096414546436,0.4948246321582277,0.580754716981132,0.22095588235294122,0.3918765766095127,0.04348643398709193,0.24242424242424243,0.0,1.0,1.0,1.0,0.25000000000000006,0.00888202994574441,0.0,0.0,0.0,0.0,0.0,0.0036354330375410375,0.0,0.0,0.0014670240639426636,0.0013819679818611636,0.03313497327839777,0,2
5498,0.4000000000000341,0.0,0.0,0.06756756756756757,0.0,0.8,0.5294117647058824,0.0,0.0,0.0,0.0,1.0,0.0,0.0,0.0,0.0,0.009770786935533304,0.0,0.0008043294090493882,9.89901386388269e-06,0.0,0.0,0.0,0.6540164457903245,0.49389774726080726,0.580754716981132,0.2450980392156863,0.39444789724466545,0.13215113728930386,0.020202020202020204,0.3999999999999986,0.0,1.0,0.0,0.10000000000000002,8.302802543449166e-06,0.0,0.0,0.0,1.4008129942981904e-05,0.0,0.0036385098374299824,0.0,0.0008983572895277208,0.0004484776421193952,0.0010832648096395694,0.03312156029362849,0,1
12030,0.4000000000000341,0.0,1.0,0.03474903474903475,0.0,0.6000000000000001,0.23529411764705882,0.0,0.0,0.0,0.0,0.0,0.0,0.0,0.0,0.0,0.009770786935533304,0.0,0.0008043294090493882,9.89901386388269e-06,0.0002975161916770659,0.00011659065006143238,0.0,0.6533138274507969,0.49307270437139844,0.20339622641509433,0.2450980392156863,0.39068840712170516,0.1342189360235604,0.020202020202020204,0.6499999999999986,0.0,1.0,0.0,0.25000000000000006,1.3448775011097955e-05,0.0,0.0,0.0,0.0,0.0,0.0036354330375410375,0.0,0.005467145790554415,2.1233041067771262e-05,0.0010825576210823542,0.03312156029362849,1,4
12107,0.20000000000004547,0.0,1.0,0.02316602316602317,0.0,0.6000000000000001,0.23529411764705882,0.0,0.0,0.0,0.0,0.0,0.0,0.0,0.0,0.0,0.009770786935533304,0.0,0.0008043294090493882,9.89901386388269e-06,0.0,0.0,0.0,0.6537453029057679,0.4935782232544088,0.2990566037735849,0.20539215686274515,0.3937776477900048,0.11391691208722354,0.020202020202020204,0.7999999999999972,0.0,1.0,0.0,0.05,9.110679487578726e-06,0.0,0.0,0.0,1.4321160779696582e-05,0.0,0.003637495624296605,0.0,0.002738475359342916,0.0005397797187108117,0.0011120482811014382,0.03312156029362849,1,4
9057,0.6000000000000227,0.0,1.0,0.02316602316602317,0.0,0.6000000000000001,0.23529411764705882,0.0,0.004046,0.0,0.0,0.0,0.0,0.0,0.0,0.0,0.009770786935533304,0.0,0.0008043294090493882,9.89901386388269e-06,0.00032752086228362296,0.00024348581944404625,0.0,0.6540258304020119,0.49390689072534166,0.20339622641509433,0.2450980392156863,0.39068840712170516,0.1342189360235604,0.25252525252525254,0.9499999999999957,0.0,0.0,1.0,0.55,0.0,0.0,0.0,0.0,0.0,0.0,0.0036354330375410375,0.0,0.0,0.001198924942990564,0.0010825576210823542,0.03312156029362849,1,4
616,0.6000000000000227,0.0,1.0,0.05791505791505792,0.0,0.2,0.9411764705882353,0.0,0.0,0.0,0.0,0.0,0.0,0.0,0.0,0.0,0.010996083904654745,0.0,0.0008043294090493882,9.89901386388269e-06,0.02241421194720913,0.007708528360904155,0.0,0.6544759942385131,0.4947324650264655,0.28415094339622643,0.07426470588235294,0.3931866096345313,0.04680744407544332,0.24242424242424243,0.3999999999999986,0.0,1.0,1.0,0.45,0.00039794388936170054,0.0,0.0,0.0,0.0,0.0,0.0036354330375410375,0.0,0.0,0.004006777177397198,0.002021190945316708,0.03314155079977501,0,4
11230,0.6000000000000227,0.0,0.0,0.03474903474903475,0.0,0.2,0.0,0.0,0.0,0.0,0.0,0.0,0.0,0.0,0.0,0.0,0.009770786935533304,0.0,0.0008043294090493882,9.89901386388269e-06,0.0,0.0,0.0,0.6538285040733426,0.4936522362129871,0.20339622641509433,0.2450980392156863,0.39068840712170516,0.12569709881571528,0.030303030303030304,0.3999999999999986,0.0,1.0,0.0,0.7,0.0,0.0,0.02042386529461133,0.022986959904012238,0.0,0.012172993546694402,0.0036354330375410375,0.0,0.0,0.004246122155987641,0.0010825576210823542,0.03312156029362849,1,2
10984,0.8000000000000114,0.0,0.0,0.03861003861003861,0.0,0.6000000000000001,0.1176470588235294,0.0,0.0,0.0,0.0,0.0,0.0,0.0,0.0,0.0,0.009770786935533304,0.0,0.0008043294090493882,9.89901386388269e-06,0.0003166758006186023,0.007880464251835804,0.0,0.6540723393116542,0.4939613808053255,0.20339622641509433,0.23799019607843142,0.39068840712170516,0.13058462309668528,0.020202020202020204,0.3999999999999986,0.0,1.0,0.0,0.75,0.004047850456356447,0.0,4.909558769787563e-05,0.0,0.0,2.565854832606883e-05,0.0036354330375410375,0.0,0.0012891170431211499,0.0015855453642643314,0.0010825576210823542,0.03312156029362849,1,2
821,0.8000000000000114,1.0,1.0,0.05791505791505792,0.0,0.6000000000000001,0.23529411764705882,0.0,0.0,0.0,0.0,0.0,0.0,0.0,0.0,0.0,0.009824423212498457,1.3203573415109064e-06,0.0013606558207915965,9.89901386388269e-06,0.14712482955178083,0.03382051272462709,0.008384288186736224,0.6539007872847324,0.49379377223060855,0.5767924528301887,0.2450980392156863,0.401954691136865,0.1265743467635817,0.020202020202020204,0.14999999999999858,0.0,1.0,0.0,0.4,0.00016624613956171968,0.0,0.0,0.0,0.0,7.43375125446811e-05,0.003999469979990953,0.0,0.0,0.014111913987253014,0.002415881915369179,0.033121877760723624,0,4
7788,0.6000000000000227,1.0,0.0,0.06756756756756757,0.2962962962962963,0.4,0.5,0.0,0.0,0.0,0.0,1.0,0.0,0.0,0.0,0.0,0.009770786935533304,0.0,0.0008043294090493882,9.89901386388269e-06,5.133329188109764e-05,0.0011164614280651062,0.0,0.6541090855745894,0.4940044329177452,0.3920754716981132,0.18762254901960787,0.3967815839822567,0.10483112977003574,0.25252525252525254,0.29999999999999716,0.0,0.0,1.0,0.55,0.0,0.0009686693191707584,0.0,0.0,0.0,0.0,0.0036354330375410375,0.008231609618821746,0.0,0.0003817854275848414,0.0010868968154679024,0.03312156029362849,0,0
9076,0.8000000000000114,1.0,1.0,0.10231660231660232,0.0,0.4,0.23529411764705882,0.0,0.0,0.0,0.0,0.0,0.0,0.0,0.0,0.0,0.009770786935533304,0.0,0.0008073859762047807,9.89901386388269e-06,0.021638067034049156,0.004974091197489022,0.0,0.6539487606245127,0.49378214638629503,0.5786792452830188,0.24411764705882358,0.4027711768361789,0.12995801741963783,0.04040404040404041,0.9499999999999957,0.0,0.0,0.0,0.05,1.1269543926513176e-06,0.0,0.0,0.0,0.0,0.0,0.003716004673223976,0.0,0.0,0.005010409306518646,0.0012379928281084389,0.03312156029362849,1,4
7105,0.8000000000000114,1.0,0.0,0.03861003861003861,0.0,0.4,0.029411764705882346,0.0,0.0,0.0,0.0,0.0,0.0,0.0,0.0,0.0,0.01103908021309735,0.0,0.0009353251442804963,9.89901386388269e-06,0.01807510277503438,0.00668489070769195,0.0,0.6540428442971353,0.4940198997546959,0.5271698113207547,0.24497549019607845,0.3994869545083416,0.13108590763832323,0.020202020202020204,0.3999999999999986,0.0,1.0,0.0,0.35000000000000003,0.00010803826629309078,0.0,0.0016762060300874295,0.0,0.0,0.0014433475515420605,0.0037407831997415563,0.0,0.0,0.0028007148627706,0.0011836126700400962,0.03312156029362849,0,3
10268,0.0,0.0,1.0,0.06756756756756757,0.0,0.8,0.32352941176470584,0.0,0.0,0.0,0.0,0.0,0.0,0.0,0.0,0.0,0.009770786935533304,0.0,0.0008043294090493882,9.89901386388269e-06,0.00011206563720521315,0.019325710482064527,0.0,0.6541000094209243,0.4939937992489931,0.20339622641509433,0.2450980392156863,0.39068840712170516,0.1342189360235604,0.020202020202020204,0.14999999999999858,0.0,1.0,0.0,0.75,7.676867633795844e-05,0.0,0.0032611769331387657,0.0,0.0,0.001169054056056339,0.0036354330375410375,0.0,0.0,0.00599477820681596,0.0010825576210823542,0.03312156029362849,1,4
4115,0.8000000000000114,1.0,0.0,0.10231660231660232,0.4444444444444444,0.6000000000000001,0.5,0.0,0.0,0.0,0.0,1.0,0.0,0.0,0.0,0.0,0.009770786935533304,0.0,0.0008043294090493882,9.89901386388269e-06,0.002159251777505607,0.0030780596423916292,0.0,0.6541010712984338,0.49399504335019595,0.4262264150943396,0.18419117647058825,0.39788444899401654,0.10307663387430291,0.24242424242424243,0.0,0.0,0.0,0.0,0.35000000000000003,0.0,0.0483598748446439,0.0,0.0,0.0,0.0,0.0036354330375410375,0.043158834815341794,0.0,0.0010050391378669031,0.0010948653885707205,0.03312156029362849,0,0
7629,0.6000000000000227,1.0,0.0,0.15830115830115832,0.0,0.4,0.5294117647058824,0.0,0.0,0.0,0.0,1.0,0.0,0.0,0.0,0.0,0.009770786935533304,0.0,0.0009394265583716607,9.89901386388269e-06,0.0,0.0025749664168236235,0.0,0.6540968681851463,0.49399348172175944,0.4007547169811321,0.19044117647058825,0.3968364225740017,0.10627232282724483,0.24242424242424243,0.5499999999999972,0.0,1.0,1.0,0.55,0.0,0.0,0.0,0.0,0.0,0.0,0.003643148203571905,0.0,0.000513347022587269,0.000653977664887355,0.0010958092649642505,0.03312156029362849,0,0
12200,0.20000000000004547,0.0,0.0,0.02316602316602317,0.0,0.6000000000000001,0.5588235294117647,0.0,0.0,0.0,0.0,0.0,0.0,0.0,0.0,0.0,0.009770786935533304,0.0,0.0008043294090493882,9.89901386388269e-06,0.0,0.00019404074689482868,0.0,0.653246485200187,0.4929937480028925,0.580754716981132,0.2450980392156863,0.40287476084280827,0.1342189360235604,0.020202020202020204,0.7999999999999972,0.0,1.0,0.0,0.35000000000000003,1.566873938698338e-05,0.0,0.0,0.0,0.00012580709327562965,0.0,0.0036354330375410375,0.0,0.006743506160164271,0.0001445637531011752,0.0011335077138972635,0.03312156029362849,1,2
6003,1.0,0.0,0.0,0.05791505791505792,0.0,0.6000000000000001,0.0,0.0,0.0,0.0,0.0,0.0,0.0,0.0,0.0,0.0,0.010710535442495147,1.6804547982866082e-06,0.0008043294090493882,0.0001464608697447674,0.0,0.0,8.984261101287724e-05,0.6532272809549183,0.4944680649899929,0.580754716981132,0.24497549019607845,0.39404574757186905,0.07450341500093992,0.020202020202020204,0.5,1.0,1.0,0.0,0.10000000000000002,8.063833901152019e-05,0.0,0.0,0.0,0.0,0.0012372841113234064,0.00380430482501387,0.0,0.0,0.0014890245643261375,0.0017731927019229215,0.03312225475289909,0,2
8670,0.6000000000000227,0.0,0.0,0.31660231660231664,0.0,0.4,0.5294117647058824,0.0,0.0,0.0,0.0,1.0,0.0,0.0,0.0,0.0,0.010998281125877224,0.0,0.0008043294090493882,9.89901386388269e-06,0.04637818320634971,0.018904970310103707,0.0,0.6534197624053281,0.4931894577377894,0.48754716981132074,0.22794117647058829,0.3998647314736958,0.1251331537063726,0.030303030303030304,0.0,0.0,0.0,0.0,0.35000000000000003,0.0003124243442759858,0.0,0.0,0.0,0.0008611165287184116,0.0,0.0037657286022102347,0.0,0.0,0.016496026351483065,0.001342699759715951,0.03312156029362849,0,1
6483,0.8000000000000114,0.0,0.0,0.03474903474903475,0.0,0.6000000000000001,0.5588235294117647,0.0,0.0,0.0,0.0,0.0,0.0,0.0,0.0,0.0,0.009770786935533304,0.0,0.0008043294090493882,9.89901386388269e-06,0.0,0.0,0.0,0.654103065839029,0.4939973801643117,0.20339622641509433,0.24534313725490198,0.39068840712170516,0.13434425715896986,0.020202020202020204,0.9499999999999957,0.0,1.0,0.0,0.5,0.0,0.0,2.4194950816201545e-06,1.0548105955724325e-05,0.0,0.0,0.0036354330375410375,0.0,0.0,6.216420457190864e-06,0.0010825576210823542,0.03312156029362849,0,2
5472,0.6000000000000227,0.0,1.0,0.10231660231660232,0.0,0.6000000000000001,0.32352941176470584,0.0,0.0,0.0,0.0,0.0,0.0,0.0,0.0,0.0,0.009933275959773695,0.0,0.0008043294090493882,9.89901386388269e-06,0.006921679856671665,0.0016067571054439024,0.0,0.6541516408541782,0.4940662936665713,0.2788679245283019,0.06127450980392157,0.39310130515848357,0.04022808446644527,0.020202020202020204,0.6000000000000014,0.0,1.0,0.0,0.45,8.589293358930405e-05,0.0,0.0,0.0,0.0001662350258373305,0.0,0.0036797439033229833,0.0,0.0,0.0006094906065537957,0.0012437191371351246,0.03312156029362849,0,4
11089,0.20000000000004547,0.0,1.0,0.04247104247104247,0.0,0.6000000000000001,0.2647058823529412,0.0,0.0,0.0,0.0,0.0,0.0,0.0,0.0,0.0,0.009770786935533304,0.0,0.0008043294090493882,9.89901386388269e-06,0.0,0.0,0.0,0.6540537251455881,0.4939395723517287,0.20339622641509433,0.2450980392156863,0.39068840712170516,0.1342189360235604,0.020202020202020204,0.3999999999999986,0.0,1.0,0.0,0.2,0.0,0.0,0.0,0.0,0.0,0.0,0.0036354330375410375,0.0,0.0,0.0007681500290867081,0.0010825576210823542,0.03312156029362849,1,4
11371,1.0,1.0,0.0,0.06756756756756757,0.2962962962962963,0.4,0.5,0.0,0.0,0.0,0.0,1.0,0.0,0.0,0.0,0.0,0.011315328108712486,0.0,0.0008043294090493882,9.89901386388269e-06,0.03537333763279778,0.013662379903528093,0.0,0.6540092863172812,0.4938845823022131,0.20339622641509433,0.24485294117647063,0.39068840712170516,0.130897925935209,0.020202020202020204,0.6999999999999957,0.0,1.0,0.0,0.8,4.175162358316629e-05,0.0,0.0,0.0,0.0,0.002463076084100771,0.0036354330375410375,0.0,0.0,0.003155715960237421,0.0010825576210823542,0.03312156029362849,1,0
7935,0.4000000000000341,1.0,0.0,0.015444015444015444,0.0,0.6000000000000001,0.5588235294117647,0.0,0.0,0.0,0.0,0.0,0.0,0.0,0.0,0.0,0.009770786935533304,0.0,0.0008043294090493882,9.89901386388269e-06,5.205629599209901e-05,0.0006991283955572564,0.0,0.6541024151284428,0.49399651802740957,0.4062264150943396,0.2136029411764706,0.3972385722467981,0.11717526160787019,0.25252525252525254,0.9499999999999957,0.0,1.0,0.0,0.55,0.0,0.0,0.0,0.0,0.0,0.0,0.0036354330375410375,0.0,0.0,0.0002713991960096209,0.001084025531780705,0.03312156029362849,0,3
1941,0.8000000000000114,0.0,0.0,0.015444015444015444,0.0,0.6000000000000001,0.029411764705882346,0.0,0.0,0.0,0.0,0.0,0.0,0.0,0.0,0.0,0.009770786935533304,1.440389827102807e-05,0.0008043294090493882,9.89901386388269e-06,0.0,0.0,0.0,0.6538891430772212,0.4937461718705153,0.47018867924528296,0.1920343137254902,0.39929806602566453,0.10702424963970175,0.020202020202020204,0.10000000000000142,0.0,1.0,0.0,0.5,0.0,0.0,0.0,0.0,0.0006834245742573238,0.0,0.004422345026902139,0.0,0.0,0.011504240724358801,0.002390995787952982,0.03312156029362849,0,2
2166,0.6000000000000227,1.0,0.0,0.5405405405405406,1.0,0.2,0.5,0.0,0.0,0.0,0.0,1.0,0.0,0.0,0.0,0.0,0.012049184947559778,2.164949558312098e-05,0.0030937293978991563,0.0017095131345136307,0.1867002670777186,0.12222165436564672,0.0,0.6528838064863928,0.5015267699241475,0.58,0.23995098039215687,0.39290632349894594,0.07130772604799801,0.030303030303030304,0.29999999999999716,1.0,1.0,0.0,0.2,0.013007456955382945,0.0,0.0,0.0,0.012321394582428525,0.0,0.0077470393375273835,0.0,0.0,0.027834035388060688,0.003216509675275532,0.03313887713158321,0,0
4383,0.0,0.0,0.0,0.0891891891891892,0.0,0.0,0.7941176470588235,0.3333333333333333,0.0,0.0,0.0,0.0,0.0,0.0,0.0,0.0,0.009770786935533304,0.0,0.0008043294090493882,2.8937914761595713e-05,0.0,0.006515447845628328,0.0,0.6539601470658141,0.49414914964215484,0.580754716981132,0.24350490196078436,0.3937532750825626,0.05720909831443073,0.24242424242424243,0.3999999999999986,1.0,1.0,0.0,0.2,0.0002694371441900331,0.0,0.0,0.0,0.0,0.0,0.0036354330375410375,0.0,0.0,0.004167176174379036,0.0013050348684091548,0.03312156029362849,0,2
9383,0.20000000000004547,1.0,1.0,0.03861003861003861,0.0,0.6000000000000001,0.23529411764705882,0.0,0.0,0.0,0.0,0.0,0.0,0.0,0.0,0.0,0.009770786935533304,0.0,0.0008043294090493882,9.89901386388269e-06,0.0,0.0,0.0,0.6540348015275427,0.4939850625919659,0.20339622641509433,0.2450980392156863,0.39068840712170516,0.1050817720408547,0.020202020202020204,0.14999999999999858,0.0,1.0,0.0,0.45,2.9952546869744663e-05,0.0,0.0,0.0,4.166440436672383e-05,0.0,0.0036354330375410375,0.0,0.0005203028747433265,2.9061126087937537e-05,0.0010943077470715497,0.03312156029362849,1,4
6235,0.6000000000000227,0.0,1.0,0.08687258687258688,0.0,0.6000000000000001,0.23529411764705882,0.0,0.0,0.0,0.0,0.0,0.0,0.0,0.0,0.0,0.01335042149400057,0.0,0.007922247793248184,9.89901386388269e-06,0.0,0.004287926552045509,0.0,0.6525471002031292,0.4922780369600939,0.5786792452830188,0.2450980392156863,0.4023933998708247,0.13083526536750426,0.030303030303030304,0.14999999999999858,0.0,1.0,0.0,0.4,0.0,0.0,0.0014335508358599416,0.006249752778766663,0.00041210509653487543,0.0,0.004920086515215205,0.0,0.0,0.026525619582696558,0.0041149367004427355,0.03377258609727462,0,4
6454,0.8000000000000114,0.0,0.0,0.02316602316602317,0.0,0.6000000000000001,0.0,0.0,0.0,0.0,0.0,0.0,0.0,0.0,0.0,0.0,0.013058085725187973,6.536314442686223e-06,0.0008043294090493882,9.89901386388269e-06,0.013905176564833947,0.0031964785136229484,0.0,0.653928333480683,0.4944392185336165,0.580566037735849,0.24044117647058827,0.39611133452759606,0.11805250955573661,0.020202020202020204,0.3999999999999986,1.0,1.0,0.0,0.2,0.0,0.0,0.0,0.0,0.0,0.0,0.004249781158092432,0.0,0.0,0.0017402139983555907,0.0012700909206413793,0.03312458615187896,0,2
11351,0.20000000000004547,0.0,0.0,0.15830115830115832,0.0,0.8,0.5588235294117647,0.0,0.0,0.0,0.0,0.0,0.0,0.0,0.0,0.0,0.009770786935533304,0.0,0.0008043294090493882,9.89901386388269e-06,0.0006347976094592074,0.0004017931525638101,0.0,0.6540380239364844,0.494006853189508,0.58,0.2450980392156863,0.39071277982914737,0.13271508239864654,0.020202020202020204,0.44999999999999574,1.0,1.0,0.0,0.45,6.839798497567485e-05,0.0,0.00013367710325951353,0.0001903054116178597,8.184191225905293e-05,0.0,0.0036354330375410375,0.0,0.000342299794661191,0.0002214375945573832,0.0010936715400811624,0.033123995861498945,1,2
6332,0.20000000000004547,0.0,0.0,0.03581081081081081,0.0,0.0,0.7941176470588235,0.2222222222222222,0.0,0.0,0.0,0.0,0.0,0.0,0.0,0.0,0.009770786935533304,0.0,0.0008043294090493882,9.89901386388269e-06,0.0010686000760600325,0.0006141992121197768,0.0,0.6540660230455568,0.49395358159117025,0.39962264150943394,0.1399509803921569,0.39702531105667876,0.0803935083651858,0.24242424242424243,0.5499999999999972,0.0,1.0,0.0,0.45,6.50985883803222e-05,0.0,0.0,0.0,0.0,0.0,0.0036354330375410375,0.0,0.0,0.0003796365415008742,0.001144292946604427,0.03312156029362849,0,2
4226,0.20000000000004547,0.0,1.0,0.015444015444015444,0.0,0.8,0.5882352941176471,0.0,0.0,0.0,0.0,0.0,0.0,0.0,0.0,0.0,0.00988788678712305,0.0,0.0008043294090493882,9.89901386388269e-06,0.00019665711819237403,4.520692347357036e-05,0.0,0.6541086422697195,0.49400381804838317,0.39547169811320754,0.21911764705882356,0.39689126116574663,0.12030828999310736,0.25252525252525254,0.3500000000000014,0.0,0.0,0.0,0.55,0.0,0.0022388519449816013,0.0,0.0,0.0,0.0,0.003644432952070709,0.006512578155610618,0.0,2.2588885858845813e-05,0.0010857517915896049,0.03312156029362849,0,4
8835,0.20000000000004547,0.0,1.0,0.03861003861003861,0.0,0.6000000000000001,0.23529411764705882,0.0,0.0,0.0,0.0,0.0,0.0,0.0,0.0,0.0,0.009770786935533304,0.0,0.0008043294090493882,9.89901386388269e-06,0.004480817977931022,0.0012024709240120645,0.0,0.6541099128782216,0.49404338823013544,0.2788679245283019,0.06066176470588236,0.392918509852667,0.03947615765398835,0.020202020202020204,0.9499999999999957,0.0,1.0,0.0,0.45,7.4813478355527236e-06,0.0,0.0,0.0,5.956976822680349e-05,0.0,0.0036641349158312493,0.0,0.0,0.0001672038029144012,0.001150823449025117,0.03312156029362849,0,4
6677,0.20000000000004547,0.0,0.0,0.03474903474903475,0.0,0.6000000000000001,0.47058823529411764,0.0,0.0,0.0,0.0,0.0,0.0,0.0,0.0,0.0,0.014471816988327564,0.0,0.0008043294090493882,9.89901386388269e-06,0.023174450769927076,0.005410620552280685,0.0,0.6528319540633419,0.4932055080019188,0.580754716981132,0.24411764705882358,0.3907919911283345,0.11867911523278403,0.030303030303030304,0.6000000000000014,1.0,1.0,0.0,0.6,0.0,0.0,0.00024971205488221344,0.0,0.0,0.00018445243754402156,0.004469301563645252,0.0,0.0,0.005887947870070161,0.001199120308371038,0.03312156029362849,0,2
10453,0.4000000000000341,0.0,0.0,0.05791505791505792,0.0,1.0,0.5588235294117647,0.0,0.0,0.0,0.0,0.0,0.0,0.0,0.0,0.0,0.009770786935533304,0.0,0.0008043294090493882,9.89901386388269e-06,0.25642569903652473,0.03322933247905544,0.005585226525496978,0.6530057226146129,0.49392508177516026,0.580754716981132,0.2450980392156863,0.39580058250770794,0.13284040353405605,0.04040404040404041,0.14999999999999858,0.0,1.0,0.0,0.8,0.0005089353192740885,0.0,0.0,0.0,0.00015757972320216962,0.0,0.004495733536351239,0.0,0.0,0.01911966276814389,0.0013775611765418493,0.03312156029362849,1,2
6153,0.4000000000000341,0.0,0.0,0.05791505791505792,0.0,0.4,0.5294117647058824,0.0,0.0,0.0,0.0,1.0,0.0,0.0,0.0,0.0,0.009770786935533304,0.0,0.0008043294090493882,9.89901386388269e-06,0.0,0.0,0.0,0.6540731291762354,0.4939460381844075,0.5790566037735849,0.2442401960784314,0.40281992225106333,0.13309104580487502,0.020202020202020204,0.6000000000000014,0.0,1.0,0.0,0.5,0.0,0.0,0.0,0.0,0.00014305509237860848,0.0,0.003692747270081813,0.0,0.0,0.0,0.0015039552569493817,0.03312156029362849,0,1
2575,0.0,0.0,0.0,0.02316602316602317,0.0,0.6000000000000001,0.5588235294117647,0.0,0.0,0.0,0.0,0.0,0.0,0.0,0.0,0.0,0.009780403540746753,0.0,0.0008043294090493882,9.89901386388269e-06,0.013255557371099212,0.0030567857960511254,0.0,0.6541428526167551,0.4940808207315993,0.4,0.1814950980392157,0.39646473878550803,0.09906635754119934,0.020202020202020204,0.6499999999999986,0.0,1.0,0.0,0.35000000000000003,6.5105377262205644e-06,0.0,7.056860654725451e-07,3.0765309037529285e-06,1.738886297950044e-05,0.0,0.0037853178756226216,0.0,0.0,0.0010275001138397985,0.0011608473152054126,0.03312411987208298,0,2
1868,0.8000000000000114,0.0,0.0,0.03861003861003861,0.0,0.8,0.0,0.0,0.0,0.0,0.0,0.0,0.0,0.0,0.0,0.0,0.009770786935533304,0.0,0.0008043294090493882,9.89901386388269e-06,0.0,0.0,0.0,0.6540299486976262,0.49399727458068393,0.580754716981132,0.2450980392156863,0.4008822920094079,0.1342189360235604,0.020202020202020204,0.29999999999999716,0.0,1.0,0.0,0.45,0.0,0.0,0.0,0.0,0.0,0.0,0.0036354330375410375,0.0,0.0,0.0004108465536727789,0.0011606313964169336,0.03312156029362849,0,2
5542,0.8000000000000114,0.0,1.0,0.03474903474903475,0.0,0.6000000000000001,0.23529411764705882,0.0,0.0,0.0,0.0,0.0,0.0,0.0,0.0,0.0,0.009770786935533304,0.0,0.0008043294090493882,9.89901386388269e-06,0.004674583079679391,0.0025017544690658744,0.0,0.6541351620392974,0.4940274144365011,0.4960377358490565,0.24362745098039218,0.40015111078614174,0.12933141174259039,0.25252525252525254,0.8999999999999986,0.0,1.0,0.0,0.5,0.00020074723729337026,0.0,0.0,0.0,0.0,0.0,0.003652099429588786,0.0,0.0,0.0006629825208582652,0.0011188391649261408,0.03312156029362849,0,4
7117,0.6000000000000227,1.0,0.0,0.05791505791505792,0.7037037037037037,0.2,0.5,0.0,0.0,0.0,0.0,1.0,0.0,0.0,0.0,0.0,0.009770786935533304,0.0,0.0008043294090493882,9.89901386388269e-06,0.036391327421087714,0.00953126486728153,0.0010415087869270585,0.6548945210829292,0.4948089976296328,0.3090566037735849,0.14117647058823532,0.3941127725173351,0.07776176452158658,0.24242424242424243,0.5499999999999972,0.0,1.0,1.0,0.05,0.0006434027027394177,0.0,0.0,0.0,0.0,0.0,0.0038692148581993165,0.0,0.0,0.006375054297746587,0.001491029424407401,0.03312156029362849,0,0
1255,0.0,0.0,0.0,0.05405405405405406,0.0,0.6000000000000001,0.5588235294117647,0.0,0.0,0.0,0.0,0.0,0.0,0.0,0.0,0.0,0.011412050990882812,0.0,0.0008095692384586325,9.89901386388269e-06,0.021584564729835054,0.004961792255073418,0.00012711935641981784,0.6540772348817263,0.49407807516910085,0.580754716981132,0.23051470588235295,0.397293410838543,0.1265743467635817,0.020202020202020204,0.5,0.0,1.0,0.0,0.25000000000000006,0.0,0.0,3.024368852025193e-07,1.3185132444655407e-06,0.0,0.0,0.0037170840661406054,0.0,0.0,0.00040588365009790227,0.0011169365912672364,0.03312156029362849,0,2
7047,0.4000000000000341,1.0,0.0,0.06756756756756757,0.0,0.6000000000000001,0.029411764705882346,0.0,0.0,0.0,0.0,0.0,0.0,0.0,0.0,0.0,0.009770786935533304,0.0,0.0008043294090493882,9.89901386388269e-06,0.0004739291947614014,0.00010894536153281387,0.0,0.6540961379579916,0.4939892634229229,0.5809433962264151,0.23431372549019613,0.40288085401966883,0.12870480606554296,0.24242424242424243,0.14999999999999858,0.0,0.0,1.0,0.25000000000000006,0.0,0.0,0.0,0.0,0.0,0.0,0.0036354330375410375,0.0022460095677844993,0.0,0.00010752105012993086,0.0010827392882907507,0.03312156029362849,0,3
9080,0.4000000000000341,0.0,0.0,0.03861003861003861,0.0,0.4,0.5588235294117647,0.0,0.0,0.0,0.0,0.0,0.0,0.0,0.0,0.0,0.009770786935533304,0.0,0.0008043294090493882,9.89901386388269e-06,0.03154213884860149,0.005868589955337388,0.0,0.6540596388590572,0.49394611581942793,0.5681132075471698,0.2450980392156863,0.4024665179931513,0.13415627545585562,0.25252525252525254,1.0,0.0,1.0,1.0,0.35000000000000003,0.0,0.0,0.0,0.0,0.0,0.0,0.0036354330375410375,0.0,0.0,0.0010833967340001362,0.0012240637365492832,0.03312156029362849,1,2
10006,0.4000000000000341,0.0,1.0,0.02316602316602317,0.0,0.6000000000000001,0.23529411764705882,0.0,0.0,0.0,0.0,0.0,0.0,0.0,0.0,0.0,0.009871046440904193,0.0,0.0008043294090493882,9.89901386388269e-06,0.011012437116717445,0.00254056261844484,0.0,0.654043795514087,0.4939270971802913,0.20339622641509433,0.2410539215686275,0.39068840712170516,0.13070994423209475,0.36363636363636365,0.14999999999999858,0.0,1.0,0.0,0.8,0.0,0.0,0.0,0.0,0.0,0.0,0.0036543822925998027,0.0,0.0,0.0009092857972444118,0.0010825576210823542,0.03312156029362849,1,4
6232,0.8000000000000114,0.0,1.0,0.10424710424710425,0.0,0.6000000000000001,0.23529411764705882,0.0,0.0,0.0,0.0,0.0,0.0,0.0,0.0,0.0,0.009770786935533304,0.0007944295498679217,0.0008043294090493882,1.3178441769708856e-05,0.018887036391688924,0.004341692874632642,0.0,0.6506209345800048,0.4941490735598348,0.580754716981132,0.2450980392156863,0.39193750837811825,0.0647910270067047,0.020202020202020204,0.14999999999999858,0.0,1.0,0.0,0.45,0.000572255220600949,0.0,0.00868578571842622,0.019386100233376845,0.0003026382129357521,0.0,0.0037015771674660134,0.0,0.0,0.0008191093276493592,0.002654268649883257,0.03312636198344234,0,4
8728,0.6000000000000227,1.0,0.0,0.08687258687258688,0.8888888888888888,0.2,0.5,0.0,0.0,0.0,0.0,1.0,0.0,0.0,0.0,0.0,0.009770786935533304,0.0013276684110878677,0.0015134685838308379,0.3610330278876881,0.1867002670777186,0.04291807366983406,0.0,0.6478319041898875,0.4981500459664146,0.5709433962264151,0.23100490196078435,0.39140130881438967,0.08885268500532616,0.030303030303030304,0.14999999999999858,0.0,1.0,0.0,0.25000000000000006,0.0011554133855067052,0.0,0.0,0.0,0.0,0.014251733487911028,0.006529854003206667,0.0,0.007532777207392197,0.013211991193660172,0.003211777009048169,0.033220768760856875,0,0
5732,0.20000000000004547,1.0,0.0,0.06756756756756757,0.2962962962962963,0.6000000000000001,0.5,0.0,0.0,0.0,0.0,1.0,0.0,0.0,0.0,0.0,0.009770786935533304,0.0,0.0008043294090493882,9.89901386388269e-06,0.0006586567451222527,0.0007783236125982721,0.0,0.6541088331094841,0.4940040528943201,0.3920754716981132,0.2069852941176471,0.3967815839822567,0.11441819662886148,0.25252525252525254,0.5499999999999972,0.0,1.0,0.0,0.55,9.207760498511941e-05,0.0,0.0,0.0,0.0,0.0,0.0036354330375410375,0.0,0.0,0.0001458172699834894,0.0010874873206394243,0.03312156029362849,0,0
4273,0.8000000000000114,1.0,0.0,0.10424710424710425,0.0,0.6000000000000001,0.1764705882352941,0.0,0.0,0.0,0.0,0.0,0.0,0.0,0.0,0.0,0.009770786935533304,0.0,0.0008043294090493882,9.89901386388269e-06,0.0005469526099725403,0.00015365367923277868,0.0,0.6540997446970147,0.4939934890970864,0.39283018867924524,0.1306372549019608,0.3968059566896989,0.07569396578733005,0.25252525252525254,1.0,0.0,0.0,0.0,0.5,0.0,0.001170519231565794,0.0,0.0,0.0,0.0,0.0036354330375410375,0.007568156311144,0.0,5.1573266015213095e-05,0.0010867637250301001,0.03312156029362849,0,3
8160,0.6000000000000227,0.0,0.0,0.13706563706563707,0.0,0.6000000000000001,0.029411764705882346,0.0,0.0,0.0,0.0,0.0,0.0,0.0,0.0,0.0,0.009770786935533304,0.0,0.0008043294090493882,9.89901386388269e-06,0.016842019263721534,0.0038715907310848704,0.0,0.6541509218918706,0.4940508858322361,0.39094339622641505,0.16458333333333336,0.3967450249210934,0.09242433736449654,0.020202020202020204,0.6000000000000014,0.0,1.0,0.0,0.05,0.0,0.0,0.0,0.0,0.0,0.0,0.0037348699013332472,0.0,0.0,0.00037815278682384916,0.0011356229348478519,0.03312156029362849,0,2
7998,0.6000000000000227,1.0,0.0,0.05791505791505792,0.0,0.6000000000000001,0.38235294117647056,0.0,0.0,0.0,0.0,1.0,0.0,0.0,0.0,0.0,0.010193330635968376,5.827031573279538e-05,0.001170384515368412,9.89901386388269e-06,0.014460082220027502,0.0036197948154140652,0.00023523061745710003,0.653136147678309,0.494401787584853,0.580754716981132,0.23872549019607847,0.3952765692977005,0.1290181089040667,0.030303030303030304,0.44999999999999574,0.0,1.0,0.0,0.25000000000000006,0.00014974236770307298,0.0,0.0,0.0,0.00020196749584831117,0.0,0.004071611042624435,0.0,0.0,0.0003633664040079795,0.0014288344040174782,0.033163971913368624,0,0
5172,0.8000000000000114,1.0,0.0,0.10424710424710425,0.0,0.6000000000000001,0.0,0.0,0.0,0.0,0.0,0.0,0.0,0.0,0.0,0.0,0.009770786935533304,0.0,0.0008043294090493882,9.89901386388269e-06,0.0018874022317690899,0.00043387012399910085,0.0,0.6540894062178234,0.4940136097653384,0.580754716981132,0.2439950980392157,0.3968607952814439,0.1319004950184849,0.020202020202020204,0.5,0.0,1.0,0.0,0.10000000000000002,0.0,0.0,0.00010383666391953163,0.00045268954726650234,0.0,3.4476415638126286e-05,0.003653712040250335,0.0,0.0,0.00021427464094415916,0.0010919548469219816,0.03312156029362849,0,3
161,0.0,0.0,0.0,0.06756756756756757,0.0,0.6000000000000001,1.0,0.0,0.0,0.0,0.0,1.0,0.0,0.0,0.0,0.0,0.009770786935533304,0.0,0.0008043294090493882,9.89901386388269e-06,0.0040188183510011435,0.0029721890164627163,0.0,0.6540931322316994,0.4939857418983949,0.5794339622641509,0.2280637254901961,0.4028321086047844,0.12550911711260104,0.24242424242424243,0.6000000000000014,0.0,1.0,0.0,0.55,0.0,0.0,0.0,0.0,0.0,0.0,0.0036354330375410375,0.0,0.0,0.0007620615185154677,0.0010855507432411039,0.03312156029362849,0,1
1837,0.8000000000000114,0.0,0.0,0.05791505791505792,0.0,0.6000000000000001,0.029411764705882346,0.0,0.0,0.0,0.0,0.0,0.0,0.0,0.0,0.0,0.017593451317591546,0.002576955609084224,0.0008043294090493882,5.1742084736368415e-05,0.06214907187962271,0.02618444840282028,0.0,0.6516729424268032,0.49394357016710716,0.580754716981132,0.24497549019607845,0.39938946367857275,0.1339682937527414,0.030303030303030304,0.14999999999999858,0.0,1.0,0.0,0.25000000000000006,0.0003823158832660178,0.0,0.005266333482031468,0.018632350161957377,0.000730066168927811,0.0,0.0038093821730695037,0.0,0.0,0.014117081546645411,0.0025166902637276875,0.03312556831570452,0,2
2008,0.6000000000000227,1.0,0.0,0.06756756756756757,0.0,0.0,0.4411764705882353,0.0,0.0,0.0,0.0,0.0,0.0,0.0,0.0,0.0,0.009770786935533304,0.0,0.0008043294090493882,9.89901386388269e-06,0.0002989621998990686,0.0007576314729936415,0.0,0.6541142753559652,0.49401038092483757,0.3850943396226415,0.22781862745098042,0.3965561364384163,0.12463186916473465,0.25252525252525254,0.6000000000000014,0.0,0.0,0.0,0.35000000000000003,0.0,0.0,0.0,0.0,0.0,0.0,0.0036481171804216496,0.006734553103953557,0.0,0.0002494754415577173,0.0010871218052247679,0.03312156029362849,0,3
10390,0.20000000000004547,0.0,0.0,0.02316602316602317,0.0,0.4,0.0,0.0,0.0,0.0,0.0,0.0,0.0,0.0,0.0,0.0,0.009770786935533304,0.0,0.0008043294090493882,9.89901386388269e-06,0.01541589365477132,0.00541219947056377,0.0,0.6540828974553662,0.49397218022484624,0.5809433962264151,0.24473039215686276,0.39068840712170516,0.13033398082586628,0.020202020202020204,0.14999999999999858,0.0,0.0,0.0,0.8,0.0,0.0,0.0001220836893267503,0.0,0.0,7.506028855386613e-05,0.0036354330375410375,0.0,0.0007953542094455853,9.959063720100426e-05,0.00108441672348839,0.033305512633563364,1,2
2880,0.8000000000000114,1.0,0.0,0.03474903474903475,0.0,0.4,0.1764705882352941,0.0,0.0,0.0,0.0,0.0,0.0,0.0,0.0,0.0,0.01013266626098338,0.0,0.0008043294090493882,9.89901386388269e-06,0.012652933444579566,0.0031677255806783614,0.0,0.6541070860642086,0.4940002021973054,0.41283018867924526,0.24375000000000005,0.39736652896086966,0.1332163669402845,0.24242424242424243,0.29999999999999716,0.0,1.0,0.0,0.35000000000000003,0.0004726283789614424,0.0,0.0,0.0,0.0,0.0,0.003670945417882519,0.0,0.0053901437371663245,0.0011663846680047747,0.0012459700260664445,0.03313069739346022,0,3
5741,0.4000000000000341,0.0,1.0,0.10231660231660232,0.0,0.6000000000000001,0.23529411764705882,0.0,0.0,0.0,0.0,0.0,0.0,0.0,0.0,0.0,0.009770786935533304,0.0,0.0008043294090493882,9.89901386388269e-06,0.0,8.750531326777498e-05,0.0,0.6537872654556018,0.493627386795639,0.580754716981132,0.2450980392156863,0.40287476084280827,0.1342189360235604,0.020202020202020204,0.9499999999999957,0.0,1.0,0.0,0.4,0.0,0.0,0.0,0.0,0.0,0.0,0.003836624181274583,0.0,0.0,0.004909897718138799,0.0012235317217750077,0.03312156029362849,0,4
12278,0.6000000000000227,0.0,1.0,0.015444015444015444,0.0,0.6000000000000001,0.23529411764705882,0.0,0.0,0.0,0.0,0.0,0.0,0.0,0.0,0.0,0.009770786935533304,0.0,0.0008043294090493882,9.89901386388269e-06,0.004144621066315383,0.00022628392025465457,0.0,0.6537113562886848,0.4935384512216034,0.580754716981132,0.24485294117647063,0.40287476084280827,0.13409361488815089,0.020202020202020204,0.8999999999999986,0.0,1.0,0.0,0.8,1.570268379640059e-05,0.0,0.0001647272901403055,0.0,0.0,1.3515911371760201e-05,0.0036370244451405646,0.0,0.005005133470225873,0.0006995135842857077,0.0010890227431352747,0.03312156029362849,1,4
10783,0.20000000000004547,0.0,0.0,0.10231660231660232,0.0,1.0,0.5588235294117647,0.0,0.0,0.0,0.0,0.0,0.0,0.0,0.0,0.0,0.009770786935533304,0.0,0.0008043294090493882,9.89901386388269e-06,0.0,0.0,0.0,0.6537947721509946,0.49400363793513574,0.580754716981132,0.2450980392156863,0.4000779926638151,0.1287674666332477,0.020202020202020204,0.5,0.0,1.0,0.0,0.45,5.6225519758663935e-05,0.0,0.0,0.0,7.645778186756044e-05,0.0,0.0036354330375410375,0.0,0.0,0.0010587101260117033,0.001373154371222535,0.03312156029362849,1,2
6468,0.6000000000000227,1.0,0.0,0.10424710424710425,0.2962962962962963,0.6000000000000001,0.5,0.0,0.0,0.0,0.0,1.0,0.0,0.0,0.0,0.0,0.009770786935533304,0.0,0.0008043294090493882,9.89901386388269e-06,0.004146428576592886,0.0005640062309101508,6.7854985804932705e-06,0.6540933412940109,0.493996978791256,0.580754716981132,0.2450980392156863,0.3955934144944492,0.11341562754558558,0.020202020202020204,0.5499999999999972,0.0,1.0,0.0,0.2,0.0,0.0,0.0,0.0,0.0,0.0001405076561855713,0.0036430088130715767,0.0,0.0,2.3740074832399676e-05,0.0010864661675261426,0.03312156029362849,0,0
1272,0.0,0.0,0.0,0.10231660231660232,0.0,0.6000000000000001,0.5588235294117647,0.0,0.0,0.0,0.0,0.0,0.0,0.0,0.0,0.0,0.009770786935533304,0.0,0.0008043294090493882,9.89901386388269e-06,0.0,0.0001578918283084259,0.0,0.6541143442703247,0.49401059403296876,0.5743396226415094,0.2450980392156863,0.4026675928295495,0.1342189360235604,0.020202020202020204,0.6000000000000014,0.0,1.0,0.0,0.35000000000000003,0.0,0.0,0.00014668188932322188,0.0,0.0,5.258195466821148e-05,0.0036354330375410375,0.0,0.0,7.787153856662135e-05,0.00121689891072727,0.03312156029362849,0,2
10155,0.6000000000000227,1.0,1.0,0.10231660231660232,0.0,0.6000000000000001,0.23529411764705882,0.0,0.0,0.0,0.0,0.0,0.0,0.0,0.0,0.0,0.00987849592381602,0.0,0.0008043294090493882,9.89901386388269e-06,0.0,0.0,0.0,0.6540103856338417,0.49388348687207445,0.580754716981132,0.2450980392156863,0.40287476084280827,0.1285794849301335,0.020202020202020204,0.14999999999999858,0.0,1.0,0.0,0.75,0.0,0.0,1.0081229506750644e-07,4.395044148218469e-07,0.0,0.0,0.0036354330375410375,0.0,0.0,0.0014374257163337343,0.0010831048532735405,0.03312156029362849,1,4
4654,0.8000000000000114,1.0,0.0,0.06756756756756757,0.2962962962962963,0.6000000000000001,0.5,0.0,0.0,0.0,0.0,1.0,0.0,0.0,0.0,0.0,0.009770786935533304,0.0,0.000905804319662343,9.89901386388269e-06,0.001879087684492574,0.0004320419028292138,0.0,0.654080012329203,0.49397289640791,0.580754716981132,0.2450980392156863,0.39989519735799856,0.1342189360235604,0.020202020202020204,0.3999999999999986,0.0,1.0,0.0,0.75,2.8241748635117358e-06,0.0,0.0,0.0,5.175964885077224e-05,0.0,0.0036354330375410375,0.0,0.0,0.0002506010485540811,0.001084076686094229,0.03312156029362849,0,0
7410,0.6000000000000227,1.0,0.0,0.10424710424710425,0.2962962962962963,0.6000000000000001,0.5,0.0,0.0,0.0,0.0,1.0,0.0,0.0,0.0,0.0,0.009770786935533304,0.0,0.0008043294090493882,9.89901386388269e-06,0.0029303356618885735,0.0008699008730171591,0.0,0.6541094119238395,0.494004815270221,0.39622641509433965,0.20061274509803925,0.39691563387318884,0.11147314994673854,0.24242424242424243,0.5,0.0,0.0,1.0,0.55,0.0,0.0004884347359309034,0.0,0.0,0.0,0.0,0.0036421622611878903,0.008729469923977828,0.0,8.981832191439145e-05,0.0010861837283028292,0.03312156029362849,0,0
1352,0.0,0.0,0.0,0.06756756756756757,0.0,0.4,0.5294117647058824,0.0,0.0,0.0,0.0,1.0,0.0,0.0,0.0,0.0,0.009770786935533304,0.0,0.0008043294090493882,9.89901386388269e-06,0.00012074168653722966,0.00020243394408385552,1.0656712514236226e-06,0.6541144993276334,0.4940107357168811,0.39283018867924524,0.1632352941176471,0.3968059566896989,0.09223635566138232,0.24242424242424243,0.29999999999999716,0.0,1.0,0.0,0.55,4.788877280579756e-05,0.0,0.0,0.0,0.0,0.0,0.0036354330375410375,0.0,0.0,6.321306563670216e-05,0.0010904768243244459,0.03312156029362849,0,1
3274,0.4000000000000341,1.0,0.0,0.06756756756756757,0.2962962962962963,0.4,0.5,0.0,0.0,0.0,0.0,1.0,0.0,0.0,0.0,0.0,0.009770786935533304,0.0,0.0008043294090493882,9.89901386388269e-06,0.0010769146233365482,0.00038916180629913603,0.0,0.6541078358391865,0.4940024128545129,0.4766037735849057,0.2450980392156863,0.3995113272157838,0.13208847672159912,0.24242424242424243,0.44999999999999574,0.0,0.0,1.0,0.35000000000000003,0.0,0.0,0.0,0.0,0.0,0.0,0.0036354330375410375,0.006183400274665035,0.0,0.0001112560187996834,0.0010879922712129402,0.03312156029362849,0,0
8106,0.4000000000000341,0.0,0.0,0.03474903474903475,0.0,0.6000000000000001,1.0,0.0,0.0,0.0,0.0,0.0,0.0,0.0,0.0,0.0,0.010309527519932447,0.0,0.0008043294090493882,9.89901386388269e-06,0.0027369320621957057,0.002958144953839493,0.0,0.6540071469902674,0.4938847666853867,0.3990566037735849,0.23590686274509806,0.3970070315260971,0.12945673287799989,0.020202020202020204,0.5,0.0,1.0,0.0,0.55,0.0,0.0,0.0,0.0,0.0,0.0,0.003643801572001615,0.0,0.0017213039014373718,0.0018010735220908049,0.0011153419348521407,0.03312156029362849,0,2
9972,0.4000000000000341,0.0,0.0,0.10424710424710425,0.0,0.8,0.029411764705882346,0.0,0.0,0.0,0.0,0.0,0.0,0.0,0.0,0.0,0.009770786935533304,0.0,0.0008043294090493882,9.89901386388269e-06,0.0010118442533464246,0.0009453565467561332,0.0,0.6540896845258134,0.4939816113271315,0.20339622641509433,0.17487745098039217,0.39068840712170516,0.09781314618710447,0.24242424242424243,0.0,0.0,0.0,0.0,0.35000000000000003,0.0,0.0,0.0,0.0,0.0,0.0,0.0036354330375410375,0.0022652412177975095,0.0,0.0004030952145841829,0.0010825576210823542,0.03312156029362849,1,2
5602,0.8000000000000114,1.0,0.0,0.05791505791505792,0.0,0.6000000000000001,0.1764705882352941,0.0,0.0,0.0,0.0,0.0,0.0,0.0,0.0,0.0,0.011508743774132281,0.0,0.0008043294090493882,9.89901386388269e-06,0.07328405819315488,0.016846310171848636,0.0,0.653647629391393,0.4945189411597744,0.580754716981132,0.24448529411764708,0.39739090166831187,0.13277774296635128,0.030303030303030304,0.0,0.0,1.0,0.0,0.25000000000000006,0.0011189163565013228,0.0,0.0036391222273468474,0.01586523036623903,0.0009976136250678476,0.0,0.003873412671830341,0.0,0.0,0.005865614803983217,0.0014198607378765543,0.03312156029362849,0,3
8555,0.20000000000004547,0.0,1.0,0.03861003861003861,0.0,0.2,0.23529411764705882,0.0,0.0,0.0,0.0,0.0,0.0,0.0,0.0,0.0,0.009770786935533304,0.0,0.0008043294090493882,9.89901386388269e-06,0.0023063831140943867,0.0031951488982266667,0.0,0.6540733879364024,0.49398056208983,0.28415094339622643,0.07291666666666667,0.3928697644377826,0.04386239739332039,0.04040404040404041,0.6000000000000014,1.0,1.0,0.0,0.0,0.0,0.0,0.0,0.0,0.0,3.939129250058454e-06,0.0036479212484225964,0.0,0.0,0.0006707338599468612,0.0011078022748064183,0.03312156029362849,0,4
5676,0.20000000000004547,1.0,1.0,0.10231660231660232,0.0,0.8,0.2647058823529412,0.0,0.0,0.0,0.0,0.0,0.0,0.0,0.0,0.0,0.009770786935533304,0.0,0.0008043294090493882,9.89901386388269e-06,0.0027911573705208088,0.0006416225296680823,0.0,0.6540842986035684,0.4940368424333855,0.5758490566037735,0.23406862745098045,0.3920715582690504,0.04787267372642397,0.24242424242424243,0.3500000000000014,1.0,1.0,0.0,0.10000000000000002,0.00011164995145508176,0.0,0.0,0.0,0.0,0.0,0.0036354330375410375,0.0,0.0,7.907389149455539e-05,0.0011043350830211734,0.03312156029362849,0,4
10042,0.8000000000000114,0.0,1.0,0.02316602316602317,0.0,0.4,0.23529411764705882,0.0,0.0,0.0,0.0,1.0,0.0,0.0,0.0,0.0,0.009770786935533304,0.0,0.0008043294090493882,9.89901386388269e-06,0.005689319349469821,0.0034275822896891236,0.0,0.6538962382743717,0.4937473468765499,0.5683018867924529,0.2450980392156863,0.4024726111700119,0.13139921047684694,0.020202020202020204,0.14999999999999858,0.0,1.0,0.0,0.35000000000000003,5.100486959029729e-05,0.0,0.0,0.0,3.239869159996932e-06,0.0,0.0036367739348892696,0.0,0.0,0.0038949327731221425,0.0010973558402900842,0.03312156029362849,1,1
8762,0.0,0.0,1.0,0.05405405405405406,0.0,0.6000000000000001,0.23529411764705882,0.0,0.0,0.0,0.0,0.0,0.0,0.0,0.0,0.0,0.01069507964663566,0.0,0.0008043294090493882,0.012648095522852147,0.013156505807892023,0.0030243764207667644,0.0,0.6540303790810537,0.4941175021142403,0.580754716981132,0.24203431372549022,0.3911088363250832,0.04223322263299706,0.020202020202020204,0.6000000000000014,0.0,1.0,0.0,0.45,0.0,0.0,0.0,0.0,6.636253738351204e-05,0.0,0.0036981799657509608,0.0,0.0,0.0011118694746127017,0.0011471195198354243,0.03312156029362849,0,4
1442,0.6000000000000227,0.0,1.0,0.06756756756756757,0.0,0.6000000000000001,0.23529411764705882,0.0,0.0,0.0,0.0,0.0,0.0,0.0,0.0,0.0,0.009770786935533304,0.0,0.0008043294090493882,9.89901386388269e-06,0.011155591930695718,0.0,0.0,0.65409861589306,0.4939794193023288,0.580754716981132,0.2450980392156863,0.4030088107337404,0.13039664139357104,0.020202020202020204,0.6499999999999986,0.0,1.0,0.0,0.35000000000000003,4.5492297500942654e-05,0.0,0.0,0.0,0.00014638887078961984,0.0,0.0037067550337416028,0.0,0.0,0.0006441286036691718,0.001128222610824722,0.0331625482718639,0,4
10254,0.6000000000000227,1.0,0.0,0.03474903474903475,0.0,0.6000000000000001,0.029411764705882346,0.0,0.0,0.0,0.0,0.0,0.0,0.0,0.0,0.0,0.016596906146974684,0.0,0.0008043294090493882,0.04350750199498531,0.07946935836277165,0.019116296057150192,0.0,0.6539459758880173,0.4951286920449012,0.580754716981132,0.2450980392156863,0.3961539867656199,0.09649727426530486,0.020202020202020204,0.14999999999999858,0.0,1.0,0.0,0.45,7.045501618635768e-05,0.0,0.0,0.0,0.0002153495641178637,0.0,0.003824896532080733,0.0,0.0,0.006219694950271195,0.0016248202599324685,0.03320588749077262,1,3
10680,0.0,0.0,1.0,0.05405405405405406,0.0,1.0,0.23529411764705882,0.0,0.0,0.0,0.0,0.0,0.0,0.0,0.0,0.0,0.00978618253355108,0.0,0.0008043294090493882,9.89901386388269e-06,0.018849801679972352,0.00441631753874894,0.0,0.6538787366776276,0.4937343162265412,0.580377358490566,0.24497549019607845,0.4028625744890872,0.13415627545585562,0.020202020202020204,0.5,0.0,1.0,0.0,0.75,0.0007627716128959727,0.0,0.0,0.0,0.0007688037349712527,0.0,0.0036354330375410375,0.0,0.0,0.003504577383178622,0.0012301282985173326,0.03312156029362849,1,4
9516,0.20000000000004547,0.0,1.0,0.04247104247104247,0.0,0.8,0.23529411764705882,0.0,0.0,0.0,0.0,0.0,0.0,0.0,0.0,0.0,0.009770786935533304,0.0,0.0008043294090493882,9.89901386388269e-06,0.0,0.0,0.0,0.654060351526303,0.4939473358537744,0.20339622641509433,0.2450980392156863,0.39068840712170516,0.1342189360235604,0.020202020202020204,0.3999999999999986,0.0,1.0,0.0,0.2,0.0,0.0,0.0,0.0,0.0,0.0,0.0036354330375410375,0.0,0.0,0.0006658221203263647,0.0010825576210823542,0.03312156029362849,1,4
6496,0.8000000000000114,0.0,0.0,0.138996138996139,0.0,0.6000000000000001,0.0,0.0,0.0,0.0,0.0,0.0,0.0,0.0,0.0,0.0,0.009770786935533304,0.0,0.0008043294090493882,9.89901386388269e-06,0.0,0.0,0.0,0.654102843192637,0.493997119310643,0.20339622641509433,0.24497549019607845,0.39068840712170516,0.13415627545585562,0.020202020202020204,1.0,0.0,1.0,0.0,0.35000000000000003,0.0,0.0,1.0081229506750643e-06,4.395044148218469e-06,0.0,0.0,0.0036354330375410375,0.0,0.0,9.644405400662368e-06,0.0010825576210823542,0.03312156029362849,0,2
10754,0.6000000000000227,0.0,0.0,0.03474903474903475,0.0,0.6000000000000001,0.5588235294117647,0.0,0.0,0.0,0.0,0.0,0.0,0.0,0.0,0.0,0.009770786935533304,0.0,0.0008043294090493882,9.89901386388269e-06,0.0,0.0,0.0,0.653606489506725,0.4934155887554526,0.20339622641509433,0.2450980392156863,0.39068840712170516,0.1342189360235604,0.020202020202020204,0.5,0.0,1.0,0.0,0.8,0.0,0.0,0.0,0.0,0.0,0.0,0.0036354330375410375,0.0,0.0,0.007674593157025758,0.0010825576210823542,0.03312156029362849,1,2
2859,0.8000000000000114,1.0,0.0,0.05791505791505792,0.0,0.6000000000000001,0.1764705882352941,0.0,0.0,0.0,0.0,0.0,0.0,0.0,0.0,0.0,0.009770786935533304,0.0,0.0029532364718637925,1.0668262385002408e-05,0.0,0.003715444022984064,0.0,0.6540930636486589,0.4939589989628978,0.5658490566037736,0.2450980392156863,0.4023324681022192,0.13240177956012283,0.020202020202020204,0.7999999999999972,0.0,1.0,0.0,0.4,0.0010569406537873837,0.0,0.0,0.0,0.0006536396901439221,0.0,0.0038743452139100047,0.0,0.0,0.002797952009234071,0.001532385258052976,0.03426253703352873,0,3
4901,0.0,0.0,0.0,0.03861003861003861,0.0,0.6000000000000001,0.5588235294117647,0.0,0.0,0.0,0.0,0.0,0.0,0.0,0.0,0.0,0.009770786935533304,0.0,0.0008043294090493882,9.89901386388269e-06,0.0,0.0,0.0,0.6539748162161215,0.49384431029987597,0.48245283018867924,0.24325980392156868,0.3997002156984609,0.13108590763832323,0.25252525252525254,0.8999999999999986,0.0,1.0,0.0,0.25000000000000006,0.0001865788408026275,0.0,0.0,0.0,0.0,0.0,0.0036354330375410375,0.0,0.0010604979466119096,0.0009327188883505304,0.0010833239939906814,0.03312156029362849,0,2
4149,0.6000000000000227,0.0,0.0,0.02316602316602317,0.0,0.6000000000000001,0.5294117647058824,0.0,0.0,0.0,0.0,1.0,0.0,0.0,0.0,0.0,0.030953730208172416,0.005601337764234331,0.0009176095305635274,0.002001746599010584,0.0,0.020415828905090805,0.0,0.6525441176691695,0.5001064446001995,0.580188679245283,0.2338235294117647,0.39691563387318884,0.12770223698226707,0.020202020202020204,0.14999999999999858,0.0,1.0,0.0,0.25000000000000006,0.0,0.0,0.010948820118101605,0.047732816476141506,0.0,2.912787317015701e-05,0.008653997174316613,0.0,0.0,0.010798050244026481,0.0033870155775378753,0.0331496908545111,0,1
8864,0.4000000000000341,0.0,0.0,0.10231660231660232,0.0,1.0,0.0,0.0,0.0,0.0,0.0,0.0,0.0,0.0,0.0,0.0,0.010396122115234772,7.308887168132275e-05,0.0008043294090493882,0.01758989984789123,0.01591585099752877,0.006193182313954605,0.0,0.6541021513984904,0.4941739253062335,0.580754716981132,0.24485294117647063,0.39450273583641043,0.05564258412181215,0.020202020202020204,0.14999999999999858,0.0,1.0,0.0,0.25000000000000006,0.0,0.0,0.0,0.0,0.0,0.0003078664411123667,0.003639093706934176,0.0,0.0,0.0012722173076401598,0.0012332343368836477,0.033121604937438744,0,2
4588,0.8000000000000114,0.0,0.0,0.06756756756756757,0.0,0.6000000000000001,0.5588235294117647,0.0,0.0,0.0,0.0,0.0,0.0,0.0,0.0,0.0,0.009770786935533304,0.0,0.0008043294090493882,9.89901386388269e-06,0.0003882532076077384,8.925043347539443e-05,0.0,0.6541059158453745,0.4940004389841178,0.3920754716981132,0.22058823529411767,0.3967815839822567,0.12005764772228837,0.24242424242424243,0.14999999999999858,0.0,0.0,0.0,0.55,0.0,0.0019583646708826665,0.0,0.0,0.0,0.0,0.0036437784056931096,0.007831297803490692,0.0,8.257862236959715e-05,0.001085664551675068,0.03312156029362849,0,2
4651,0.6000000000000227,1.0,0.0,0.15830115830115832,0.0,0.4,0.029411764705882346,0.0,0.0,0.0,0.0,0.0,0.0,0.0,0.0,0.0,0.009770786935533304,0.0,0.0008043294090493882,9.89901386388269e-06,0.003025410702485254,0.0007146682755012962,0.0,0.654135370438971,0.49402600807810554,0.3952830188679245,0.22169117647058825,0.39688516798888607,0.10990663575411995,0.24242424242424243,1.0,0.0,0.0,0.0,0.55,0.0,0.006669457522052628,0.0,0.0,0.0,0.0,0.003669549156983452,0.02515414862605308,0.0,0.00015049877180927512,0.0010984547658044502,0.03312156029362849,0,3
2766,0.6000000000000227,1.0,1.0,0.08687258687258688,0.0,0.4,0.23529411764705882,0.0,0.0,0.0,0.0,0.0,0.0,0.0,0.0,0.0,0.009770786935533304,0.0,0.0012859258727883262,9.89901386388269e-06,0.006550417245672459,0.0034601578668980197,0.00022348648529855398,0.6529579089706078,0.4940218441237833,0.580754716981132,0.2450980392156863,0.4015769141715108,0.13359233034651294,0.020202020202020204,0.3999999999999986,0.0,1.0,0.0,0.45,0.0003288262829063809,0.0,0.001176681108027935,0.005129895529800597,0.0013991695824054383,0.0,0.0037095530526298904,0.0,0.0,0.008024784842780843,0.003115883043693553,0.033291767300428876,0,4
435,0.4000000000000341,0.0,1.0,0.08687258687258688,0.0,0.4,0.2941176470588235,0.0,0.0,0.0,0.0,0.0,0.0,0.0,0.0,0.0,0.009770786935533304,0.005206780072049609,0.002222701326994595,9.89901386388269e-06,0.0,0.0,0.0,0.6515644715563724,0.4946906896219572,0.580754716981132,0.23296568627450986,0.39469771749594806,0.08822607932827872,0.030303030303030304,0.14999999999999858,1.0,1.0,0.0,0.25000000000000006,0.0009356301234121645,0.0,5.141427048442828e-06,0.0,0.0,1.6045627403907832e-05,0.004823135906769703,0.0,0.0,0.0,0.0025136883680093513,0.03327389985548104,0,4
2817,0.8000000000000114,1.0,0.0,0.10231660231660232,0.0,0.4,0.0,0.0,0.0,0.0,0.0,0.0,0.0,0.0,0.0,0.0,0.009770786935533304,0.0,0.0008043294090493882,9.89901386388269e-06,0.0011401774830491686,0.0028690607222886335,0.0,0.6540957393811916,0.493988125293523,0.4226415094339622,0.15882352941176472,0.39776258545680554,0.08972993295319258,0.04040404040404041,0.0,0.0,1.0,0.0,0.35000000000000003,7.671436528289091e-07,0.0,0.0,0.0,0.0,6.136368317980968e-05,0.0036354330375410375,0.0,0.0,0.001017804544484756,0.0011047846659898383,0.03312156029362849,0,3
2650,0.6000000000000227,0.0,0.0,0.06756756756756757,0.0,0.6000000000000001,0.5588235294117647,0.0,0.0,0.0,0.0,0.0,0.0,0.0,0.0,0.0,0.009770786935533304,0.0,0.0008043294090493882,9.89901386388269e-06,0.041529717637974486,0.010747862954879086,0.0,0.6539444726935522,0.4937625365564776,0.5769811320754716,0.24276960784313728,0.40275289730559727,0.12945673287799989,0.020202020202020204,0.8999999999999986,0.0,1.0,0.0,0.45,9.613735635141754e-05,0.0,0.0,0.0,2.8485806141035825e-05,0.0,0.0037318461090993568,0.0,0.0,0.0028314643993530833,0.001307267516267435,0.03312156029362849,0,2
5909,0.0,1.0,0.0,0.07335907335907337,0.537037037037037,0.6000000000000001,0.5,0.0,0.0,0.0,0.0,1.0,0.0,0.0,0.0006543291424894339,0.0,0.009770786935533304,0.0010510153558868263,0.0008043294090493882,9.89901386388269e-06,0.006504867986679372,0.0014953187150430608,0.0,0.6540649793905943,0.49409583495638076,0.511132075471698,0.22843137254901966,0.39759197650471007,0.1176138855818034,0.020202020202020204,0.29999999999999716,0.0,1.0,0.0,0.45,0.0,0.0,0.0,0.0,0.0,0.0007672990113508358,0.003594675647894231,0.0,0.0,0.0005696338860916418,0.0011646355597897799,0.03312156029362849,0,0
3291,0.6000000000000227,0.0,1.0,0.15830115830115832,0.0,0.6000000000000001,0.23529411764705882,0.0,0.0,0.0,0.0,0.0,0.0,0.0,0.0,0.0,0.009770786935533304,0.0,0.0008043294090493882,9.89901386388269e-06,0.007172200781133641,0.003593119406526168,0.0,0.6541485771470547,0.49404788950862155,0.3960377358490566,0.19754901960784318,0.39701921787981825,0.1098439751864152,0.25252525252525254,0.0,0.0,0.0,0.0,0.05,0.0,0.010939634470834684,0.0,0.0,0.0,0.0,0.0036788914616998464,0.03411895524717806,0.0,0.0006486310316546269,0.0011046423063111167,0.033157195975056925,0,4
7647,0.0,1.0,0.0,0.06756756756756757,0.2962962962962963,0.6000000000000001,0.5,0.0,0.0,0.0,0.0,1.0,0.0,0.0,0.0,0.0,0.009808907218797258,0.0,0.0008043294090493882,9.89901386388269e-06,0.0003958447507732529,9.099555368301387e-05,0.0,0.6541055391356307,0.49400001043880487,0.3609433962264151,0.1431372549019608,0.39577620980026573,0.08145873801616645,0.24242424242424243,0.6999999999999957,0.0,0.0,0.0,0.05,0.0,0.000352816826040489,0.0,0.0,0.0,0.0,0.0036354330375410375,0.006591435644218182,0.0,5.5384980616535886e-05,0.001087229318505808,0.03312156029362849,0,0
1083,0.8000000000000114,1.0,0.0,0.06756756756756757,0.0,0.6000000000000001,0.1764705882352941,0.0,0.0,0.0,0.0,0.0,0.0,0.0,0.0,0.0,0.009770786935533304,0.0,0.0008043294090493882,9.89901386388269e-06,0.00010122057554019251,0.00044608596545243695,0.0,0.6541048307755324,0.49399944797308165,0.43622641509433957,0.21029411764705885,0.3982073873676258,0.11642333479541327,0.25252525252525254,0.0,0.0,0.0,0.0,0.55,0.0,0.00026955373717753685,0.0,0.0,0.0,0.0,0.0036354330375410375,0.004140906360632674,0.0,0.0001742132646644847,0.001085363127856716,0.03312156029362849,0,3
3129,0.8000000000000114,1.0,0.0,0.05791505791505792,0.0,0.6000000000000001,0.1764705882352941,0.0,0.0,0.0,0.0,0.0,0.0,0.0,0.0,0.0,0.009770786935533304,0.00010972060387514185,0.0009015313635369473,3.2399533106634445e-05,0.03943806674484751,0.009065899478583012,0.0,0.6520401718075534,0.4960612109157562,0.580754716981132,0.24387254901960786,0.39157191776648514,0.09806378845792345,0.030303030303030304,0.14999999999999858,1.0,1.0,0.0,0.10000000000000002,0.0030930892637967443,0.0,0.024683285573508545,0.03212249867049915,0.0010308418483851109,0.0,0.004626633388288058,0.0,0.0,0.008285234952553107,0.0018676720423224408,0.03316645212504934,0,3
11311,0.6000000000000227,0.0,1.0,0.02316602316602317,0.0,0.6000000000000001,0.2647058823529412,0.0,0.0,0.0,0.0,0.0,0.0,0.0,0.0,0.0,0.009770786935533304,0.0,0.0008043294090493882,9.89901386388269e-06,0.0,4.3628005190486106e-05,0.0,0.6540167827417839,0.4938962904396484,0.20339622641509433,0.24497549019607845,0.39068840712170516,0.13415627545585562,0.25252525252525254,0.44999999999999574,0.0,1.0,0.0,0.75,0.0,0.0,0.0,0.0,0.0,0.0,0.0036354330375410375,0.0,0.0012833675564681726,7.203884776728178e-05,0.0010825576210823542,0.03312156029362849,1,4
7099,0.4000000000000341,0.0,0.0,0.06756756756756757,0.0,0.6000000000000001,0.5294117647058824,0.0,0.0,0.0,0.0,1.0,0.0,0.0,0.0,0.0,0.009822331337498973,0.0,0.0014503723046945208,9.89901386388269e-06,0.0023219277024809164,0.000797104430070748,7.209592241774099e-05,0.6540800083533745,0.4939843009924152,0.5432075471698113,0.1903186274509804,0.3990848048355452,0.10370323955135036,0.25252525252525254,0.5,0.0,1.0,0.0,0.45,0.0,0.0,0.0,0.0,0.0,0.0,0.0036354330375410375,0.0,0.0,0.0001726016001015093,0.0010925151155322152,0.03312156029362849,0,1
8461,0.8000000000000114,1.0,0.0,0.06756756756756757,0.0,0.6000000000000001,0.1764705882352941,0.0,0.0,0.0,0.0,0.0,0.0,0.0,0.0,0.0,0.009770786935533304,0.0,0.0008052650928724675,9.89901386388269e-06,0.0,0.0,4.0669494697187224e-06,0.654102399225129,0.4939964237008597,0.3979245283018868,0.18897058823529414,0.39696437928807327,0.10470580863462624,0.24242424242424243,0.29999999999999716,0.0,0.0,0.0,0.55,0.0,0.0005529846558322325,0.0,0.0,0.0,0.0,0.0036354330375410375,0.005682450547820116,0.0,8.623684510777943e-05,0.0010854304413816826,0.03312156029362849,0,3
10973,0.0,0.0,0.0,0.33204633204633205,0.0,1.0,0.5588235294117647,0.0,0.0,0.0,0.0,0.0,1.0,0.0,0.0,0.0,0.009770786935533304,0.0,0.0008043294090493882,9.89901386388269e-06,0.0018949937749346043,0.0018460878767745691,0.0,0.6540754573550996,0.4939650339212131,0.580754716981132,0.2450980392156863,0.40287476084280827,0.1342189360235604,0.020202020202020204,0.3999999999999986,0.0,1.0,0.0,0.75,0.0010474090636230316,0.0,0.0,0.0,0.0,2.757390475040918e-05,0.0036354330375410375,0.0,0.0,0.0008667685511544891,0.001099162846588064,0.03312156029362849,1,2
9586,0.20000000000004547,0.0,0.0,0.04247104247104247,0.0,0.8,0.5588235294117647,0.0,0.0,0.0,0.0,0.0,0.0,0.0,0.0,0.0,0.009770786935533304,0.0,0.0008043294090493882,9.89901386388269e-06,0.0,0.0,0.0,0.6540470987648733,0.4939318088496829,0.20339622641509433,0.2450980392156863,0.39068840712170516,0.1342189360235604,0.020202020202020204,0.3999999999999986,0.0,1.0,0.0,0.2,0.0,0.0,0.0,0.0,0.0,0.0,0.0036354330375410375,0.0,0.0,0.0008704779378470516,0.0010825576210823542,0.03312156029362849,1,2
6705,0.6000000000000227,1.0,0.0,0.08687258687258688,0.0,0.6000000000000001,1.0,0.0,0.0,0.0,0.0,1.0,0.0,0.0,0.0,0.0,0.12167788240246276,0.0007196493113441676,0.0017697367882418854,1.426146271391688e-05,0.0,0.0,0.0,0.6608003163582584,0.5008146157298111,0.4454716981132075,0.22083333333333335,0.39841455538088455,0.11491948117049944,0.030303030303030304,0.14999999999999858,0.0,0.0,0.0,0.35000000000000003,0.013260125561320876,0.0,0.06878997522537848,0.2269851315656466,0.026556190154275527,0.0,0.010472668616176708,0.0,0.0,0.0,0.005266568704857584,0.03410385309019692,0,0
9081,0.20000000000004547,0.0,0.0,0.02316602316602317,0.0,0.4,0.5588235294117647,0.0,0.0,0.0,0.0,0.0,0.0,0.0,0.0,0.0,0.009770786935533304,1.2352433971821042e-05,0.0008043294090493882,9.89901386388269e-06,0.0,0.0007852209924664823,0.0,0.6540403073872787,0.4939177402194506,0.580754716981132,0.24325980392156868,0.40287476084280827,0.12607306222194373,0.25252525252525254,1.0,0.0,1.0,0.0,0.85,0.0,0.0,0.0,0.0,0.0,0.0,0.0036354330375410375,0.0,0.0005476899383983574,7.76157187947205e-05,0.0010865098866196777,0.03312156029362849,1,2
1061,0.8000000000000114,1.0,0.0,0.15830115830115832,0.0,0.6000000000000001,0.1764705882352941,0.0,0.0,0.0,0.0,0.0,0.0,0.0,0.0,0.0,0.00997132099573551,0.0,0.0008043294090493882,1.5729107918684763e-05,0.011308507300172509,0.002599564301654831,9.656286441471192e-05,0.6544214819862433,0.4943695810847912,0.29471698113207545,0.164093137254902,0.3936375047222121,0.09261231906761076,0.020202020202020204,0.44999999999999574,0.0,1.0,0.0,0.35000000000000003,3.963349243553249e-05,0.0,0.0005137394556640129,0.002239714497932132,0.00011793436773225547,0.0,0.003726429512051374,0.0,0.0,0.0012908154050573523,0.001188645025201147,0.03312156029362849,0,3
4238,0.6000000000000227,1.0,1.0,0.06756756756756757,0.0,0.6000000000000001,0.2941176470588235,0.0,0.0,0.0,0.0,0.0,0.0,0.0,0.0,0.0,0.009770786935533304,0.0,0.0008043294090493882,9.89901386388269e-06,0.000708182526725847,0.00016279478508221385,0.0,0.6540826986639448,0.4940097338369421,0.5809433962264151,0.24497549019607845,0.3913586565763658,0.11303966413935712,0.24242424242424243,0.5,0.0,0.0,1.0,0.10000000000000002,0.0,0.0,0.0,0.0,0.0,0.0,0.00364270254662015,0.007135946216875704,0.0,0.0003204910102373956,0.0010882458617826965,0.03312156029362849,0,4
3902,0.4000000000000341,0.0,1.0,0.15830115830115832,0.0,0.6000000000000001,0.32352941176470584,0.0,0.0,0.0,0.0,0.0,0.0,0.0,0.0,0.0,0.010164646364392736,0.0,0.0008074483551263194,9.89901386388269e-06,0.0,0.0,4.591085738276056e-05,0.6541055142867032,0.4939987003478346,0.5264150943396226,0.21850490196078431,0.40111992590696943,0.11961902374835519,0.25252525252525254,0.14999999999999858,0.0,1.0,1.0,0.8,0.00019347634479620424,0.0,0.0,0.0,0.0,0.0,0.0036354330375410375,0.0,0.0,9.253001149654056e-05,0.0011078103048440062,0.03312255237830077,0,4
3672,0.0,1.0,1.0,0.10231660231660232,0.0,1.0,0.23529411764705882,0.0,0.019221908,0.0,0.0,0.0,0.0,0.0,0.0,0.0,0.009770786935533304,0.0,0.0008043294090493882,9.89901386388269e-06,0.0016376043114181148,0.004688223887288503,0.0,0.6540985201418585,0.49399200161009443,0.20339622641509433,0.2450980392156863,0.39068840712170516,0.13309104580487502,0.020202020202020204,0.6000000000000014,0.0,1.0,0.0,0.35000000000000003,0.0,0.0,0.0,0.0,0.0,0.0,0.0036354330375410375,0.0,0.0014084445585215606,0.0,0.0010825576210823542,0.03312156029362849,0,4
9469,0.0,1.0,0.0,0.07722007722007722,0.8888888888888888,0.6000000000000001,0.5,0.0,0.0,0.0,0.0,1.0,0.0,0.0,0.0,0.0,0.010126676575733061,7.404913156605794e-05,0.00695219318440106,1.8502451271142694e-05,0.0,0.002417656295251071,0.0,0.6500319159295812,0.48987082923039044,0.580754716981132,0.24497549019607845,0.40210702055837877,0.13327902750798926,0.020202020202020204,0.5,0.0,1.0,0.0,0.45,0.0011122700411374334,0.0,0.0,0.0,0.004543298260993186,0.0,0.004559186055347333,0.0,0.0,0.0007510868503009208,0.0029319363951209286,0.03529720694037039,1,0
3429,0.6000000000000227,1.0,0.0,0.20463320463320464,0.6666666666666666,0.6000000000000001,0.5,0.0,0.0,0.0,0.0,1.0,0.0,0.0,0.0,0.0,0.012669734398845164,0.008205267946444298,0.0012877660509737156,9.89901386388269e-06,0.026533527869639466,0.006180717169614465,0.0,0.6536089296714231,0.4940243754136253,0.580754716981132,0.2450980392156863,0.4008822920094079,0.13215113728930386,0.020202020202020204,0.14999999999999858,0.0,1.0,0.0,0.45,0.0008791466261419298,0.0,0.0020818747054390753,0.0,0.0009089476405684146,0.0,0.0037775100443577323,0.0,0.0,0.0007670500040675344,0.001700934061709829,0.033534550261430186,0,0
9525,0.20000000000004547,0.0,1.0,0.04247104247104247,0.0,0.8,0.23529411764705882,0.0,0.0,0.0,0.0,0.0,0.0,0.0,0.0,0.0,0.009770786935533304,0.0,0.0008043294090493882,9.89901386388269e-06,0.0,0.0,0.0,0.6540603614658741,0.4939473474990275,0.20339622641509433,0.2450980392156863,0.39068840712170516,0.1342189360235604,0.020202020202020204,0.3999999999999986,0.0,1.0,0.0,0.25000000000000006,0.0,0.0,0.0,0.0,0.0,0.0,0.0036354330375410375,0.0,0.0,0.0006656686284632242,0.0010825576210823542,0.03312156029362849,1,4
8344,0.4000000000000341,0.0,0.0,0.02316602316602317,0.0,0.4,0.029411764705882346,0.0,0.0,0.0,0.0,0.0,0.0,0.0,0.0,0.0,0.009770786935533304,2.8916916983503323e-05,0.0008043294090493882,9.89901386388269e-06,0.0,0.0,0.0,0.6540696741813308,0.49395825832480267,0.3922641509433962,0.20318627450980392,0.3967876771591173,0.11278902186853813,0.24242424242424243,0.44999999999999574,0.0,1.0,0.0,0.55,3.0420979719702138e-05,0.0,0.0,0.0,0.0,0.0,0.0036354330375410375,0.0,0.00035934291581108833,0.00014448700716960494,0.0010870255439099775,0.03312156029362849,0,2
7968,0.4000000000000341,1.0,0.0,0.15830115830115832,0.4444444444444444,0.6000000000000001,0.5,0.0,0.0,0.0,0.0,1.0,0.0,0.0,0.0,0.0,0.011526547285818525,0.0,0.0008323531395506145,9.89901386388269e-06,0.0,0.0,0.0,0.6539045755865871,0.49407624142991763,0.580754716981132,0.2450980392156863,0.40055326045893813,0.13384297261733194,0.020202020202020204,0.3999999999999986,0.0,1.0,0.0,0.25000000000000006,0.0,0.0,0.0,0.0,0.0,4.336656055110225e-06,0.0037934362924812006,0.0,0.0,0.002513812988583787,0.0013295471033961744,0.03312156029362849,0,0
4012,0.6000000000000227,1.0,0.0,0.15830115830115832,0.4444444444444444,0.6000000000000001,0.5,0.0,0.0,0.0,0.0,1.0,0.0,0.0,0.0,0.0,0.009814836706205863,0.0,0.0008043294090493882,9.89901386388269e-06,0.003290753211222759,0.005258296488444188,0.0,0.6541262243769893,0.49403260666666937,0.35566037735849054,0.18272058823529413,0.3949719104546729,0.09762516448399024,0.020202020202020204,0.10000000000000142,0.0,1.0,0.0,0.5,0.0,0.0,0.0,0.0,0.00016430988619153524,0.0,0.0036356470314077394,0.0,0.0004633726899383984,0.0009857247450883884,0.0010935441995468184,0.03312156029362849,0,0
7402,0.6000000000000227,1.0,1.0,0.03861003861003861,0.0,0.6000000000000001,0.23529411764705882,0.0,0.0,0.0,0.0,0.0,0.0,0.0,0.0,0.0,0.009780313243984186,0.0,0.0008916598992034602,9.89901386388269e-06,0.018569637586959318,0.004570885328566662,0.0,0.6540560741975515,0.49392036738854295,0.3933962264150943,0.21200980392156865,0.3968607952814439,0.1122877373269002,0.24242424242424243,0.29999999999999716,0.0,1.0,0.0,0.55,1.8004114754887317e-05,0.0,0.0,0.0,0.0,0.0,0.003700478927383142,0.0,0.0,0.002435864704085595,0.0011332769246688067,0.033174140781259534,0,4
2729,0.20000000000004547,0.0,1.0,0.02316602316602317,0.0,0.6000000000000001,0.9411764705882353,0.0,0.0,0.0,0.0,0.0,0.0,0.0,0.0,0.0,0.011139715954978938,0.0,0.0013487726362384888,9.89901386388269e-06,0.1867002670777186,0.11934395114328226,0.0,0.652942744829661,0.4954447302388811,0.2852830188679245,0.08958333333333333,0.393095211981623,0.0542640516323078,0.030303030303030304,0.14999999999999858,0.0,1.0,0.0,0.45,0.0,0.0,0.0009277755515062617,0.0,0.0,0.0006139982198026893,0.0049800468113664455,0.0,0.0,0.042510364538058565,0.005754123936823575,0.03326539768983957,0,4
7323,0.8000000000000114,0.0,0.0,0.03474903474903475,0.0,0.6000000000000001,0.0,0.0,0.0,0.0,0.0,0.0,0.0,0.0,0.0,0.0,0.012672187460894917,0.0,0.003072021533203715,9.89901386388269e-06,0.05721312281381632,0.02483987483333063,0.0,0.6543459515169842,0.49432183438268434,0.29754716981132073,0.1392156862745098,0.3936375047222121,0.07932827871420517,0.24242424242424243,0.14999999999999858,0.0,1.0,0.0,0.35000000000000003,0.00041466490544061737,0.0,0.0,0.0,0.0,0.0,0.003768869011285245,0.0,0.0,0.009116060825755525,0.0013340439740136213,0.03312156029362849,0,2
10859,0.4000000000000341,1.0,1.0,0.02316602316602317,0.0,0.6000000000000001,0.23529411764705882,0.0,0.0,0.0,0.0,0.0,0.0,0.0,0.0,0.0,0.009770786935533304,0.0,0.0008043294090493882,9.89901386388269e-06,4.988728365909488e-05,1.1467932792927776e-05,0.0,0.6540914030776518,0.49398371601253604,0.20339622641509433,0.2450980392156863,0.39068840712170516,0.1342189360235604,0.25252525252525254,0.5,0.0,1.0,1.0,0.35000000000000003,9.640212274487176e-07,0.0,0.0,0.0,0.0,0.0,0.0036354330375410375,0.0,0.0,0.00018631353987539533,0.0010825576210823542,0.03312156029362849,1,4
5316,0.8000000000000114,1.0,0.0,0.015444015444015444,0.35185185185185186,0.6000000000000001,0.5,0.0,0.0,0.0,0.0,1.0,0.0,0.0,0.0,0.0,0.009770786935533304,0.0,0.0008043294090493882,9.89901386388269e-06,0.00045874610843037254,0.000284122189992899,0.0,0.6541132393213405,0.4940092994690026,0.29924528301886794,0.1269607843137255,0.39378374096686536,0.07381414875618773,0.25252525252525254,0.3500000000000014,0.0,1.0,0.0,0.05,9.257319336261066e-05,0.0,0.0,0.0,0.0,0.0,0.0036354330375410375,0.0,0.0,0.00010340235180232704,0.0010874352245313684,0.03312156029362849,0,0
5136,0.4000000000000341,1.0,0.0,0.06756756756756757,0.0,0.6000000000000001,0.1764705882352941,0.0,0.0,0.0,0.0,0.0,0.0,0.0,0.0,0.0,0.009770786935533304,0.0,0.0008043294090493882,9.89901386388269e-06,7.26619131556382e-05,0.0007847223866928767,0.0,0.6541162924262548,0.4940128765025702,0.2788679245283019,0.2450980392156863,0.3931256778659258,0.1342189360235604,0.24242424242424243,0.6000000000000014,0.0,0.0,1.0,0.05,0.0,0.0,0.0,0.0,0.0,0.0,0.0036354330375410375,0.004599299303713863,0.0,0.0003563313602807059,0.0010865618340233337,0.03312156029362849,0,3
359,0.4000000000000341,1.0,0.0,0.10231660231660232,0.4444444444444444,0.6000000000000001,0.5,0.0,0.0,0.0,0.0,1.0,0.0,0.0,0.0,0.0,0.009770786935533304,0.0,0.0008043294090493882,9.89901386388269e-06,0.0012652571942524066,0.000290853367936574,0.0,0.6541084785981159,0.49400311622779824,0.2824528301886792,0.06017156862745099,0.39324754140313684,0.039664139357102585,0.020202020202020204,0.7999999999999972,0.0,1.0,0.0,0.45,1.4806551387786289e-05,0.0,7.308891392394217e-05,0.000318640700745839,1.5448071791869428e-05,0.0,0.0036440222409063606,0.0,0.0,0.00011519564328695663,0.0011204816050216988,0.0331292985540723,0,0
10273,0.0,0.0,0.0,0.03474903474903475,0.0,0.6000000000000001,0.5588235294117647,0.0,0.0,0.0,0.0,0.0,0.0,0.0,0.0,0.0,0.009770786935533304,0.0,0.0008043294090493882,9.89901386388269e-06,0.00031559129445210023,0.0021326199946732284,1.9138585739852814e-06,0.6540815950402368,0.493972224864983,0.580754716981132,0.2450980392156863,0.40287476084280827,0.1342189360235604,0.020202020202020204,0.14999999999999858,0.0,1.0,0.0,0.5,1.4249863073344072e-05,0.0,0.0,0.0,1.8312303947808745e-05,0.0,0.0036354330375410375,0.0,0.0,0.0009742384373300398,0.00124660955412176,0.03312156029362849,1,2
11305,0.6000000000000227,1.0,1.0,0.03474903474903475,0.0,0.6000000000000001,0.23529411764705882,0.0,0.0,0.0,0.0,0.0,0.0,0.0,0.0,0.0,0.009770786935533304,0.0,0.0008043294090493882,9.89901386388269e-06,0.0023128901510933992,0.002605630671900365,0.0,0.6539631355635165,0.4938334371270858,0.20339622641509433,0.16286764705882353,0.39068840712170516,0.09217369509367755,0.020202020202020204,0.44999999999999574,0.0,1.0,0.0,0.75,0.0,0.0,0.0,0.0,0.0,0.000169021169747921,0.0036354330375410375,0.0,0.0,0.0020786635565804264,0.0010825576210823542,0.03312156029362849,1,4
4554,0.4000000000000341,0.0,0.0,0.03474903474903475,0.0,0.4,1.0,0.0,0.0,0.0,0.0,1.0,0.0,0.0,0.0,0.0,0.009770786935533304,0.0,0.0008043294090493882,9.89901386388269e-06,0.00021581672713391048,0.001266624866882646,0.0,0.6541204812928237,0.49401770268361694,0.28735849056603774,0.24117647058823533,0.3933998708246506,0.1312112287737327,0.24242424242424243,0.9499999999999957,0.0,1.0,0.0,0.05,8.308912537144264e-05,0.0,0.0,0.0,0.0,0.0,0.0036354330375410375,0.0,0.0,0.0004152210717722836,0.0010865323905521775,0.03312156029362849,0,1
3929,0.6000000000000227,1.0,0.0,0.015444015444015444,0.35185185185185186,0.6000000000000001,0.5,0.0,0.0,0.0,0.0,1.0,0.0,0.0,0.0,0.0,0.009770786935533304,0.0,0.0008043294090493882,9.89901386388269e-06,0.00010266658376219528,2.8503630057784254e-05,0.0,0.6541027537364973,0.4939966096367337,0.39358490566037735,0.21200980392156865,0.39687907481202556,0.11730058274327967,0.25252525252525254,0.3500000000000014,0.0,1.0,1.0,0.55,0.00010844559920609728,0.0,0.0,0.0,0.0,0.0,0.0036354330375410375,0.0,0.00012833675564681725,0.00011762593112001478,0.0010894818927536585,0.03312652071698991,0,0
9494,0.8000000000000114,0.0,0.0,0.33976833976833976,0.0,0.6000000000000001,0.0,0.0,0.0,0.0,0.0,0.0,0.0,0.0,0.0,0.0,0.009770786935533304,3.808303406506664e-06,0.000786629390062804,9.89901386388269e-06,0.002286500501041849,0.001583405735046709,0.0,0.6530327993314899,0.494283629800942,0.580754716981132,0.2450980392156863,0.40122960309045935,0.13415627545585562,0.020202020202020204,0.3999999999999986,0.0,1.0,0.0,0.45,0.0,0.0,0.00012914054998147575,0.0005630051553867859,0.0,0.0,0.00364498619492976,0.0,0.0,0.008470090319728668,0.0027934984975346373,0.03312156029362849,1,2
2015,0.6000000000000227,1.0,0.0,0.03861003861003861,0.537037037037037,0.4,0.5,0.0,0.0,0.0,0.0,1.0,0.0,0.0,0.0,0.0,0.02283388413104378,0.0,0.0008043294090493882,9.89901386388269e-06,0.1867002670777186,0.04291807366983406,0.0,0.656358041418838,0.49672897651079556,0.2790566037735849,0.17218137254901963,0.3928453917303404,0.0827119493702613,0.030303030303030304,0.29999999999999716,1.0,1.0,0.0,0.05,0.00423832611536017,0.0,0.02988267969161519,0.0,0.0,0.010765748656811134,0.005080207720461771,0.0,0.003389810061601643,0.013211991193660172,0.0021123756406028595,0.03312458615187896,0,0
6663,0.20000000000004547,0.0,0.0,0.02316602316602317,0.0,0.6000000000000001,0.0,0.0,0.0,0.0,0.0,0.0,0.0,0.0,0.0,0.0,0.012860275617323223,0.0,0.0008043294090493882,4.2328912043719226e-05,0.0,0.003708962147927192,0.0,0.6540528027533926,0.4942081934042636,0.580754716981132,0.24387254901960786,0.40131490756650706,0.13346700921110347,0.020202020202020204,0.3999999999999986,0.0,1.0,0.0,0.25000000000000006,0.0,0.0,0.0037808643142117613,0.010223312193170981,0.0,0.0005147249349411245,0.003765072485235448,0.0,0.0,0.000849449552596801,0.0014002989714944406,0.03312156029362849,0,2
10709,0.0,1.0,1.0,0.03474903474903475,0.0,0.6000000000000001,0.32352941176470584,0.0,0.0,0.0,0.0,0.0,0.0,0.0,0.0,0.0,0.009770786935533304,0.0,0.0008043294090493882,9.89901386388269e-06,0.0,0.0,0.0,0.6540251561677741,0.49406575022142807,0.580754716981132,0.2450980392156863,0.39140130881438967,0.03302211918039978,0.020202020202020204,0.5,1.0,1.0,0.0,0.25000000000000006,0.0,0.0,0.0,0.0,6.025843606757579e-06,0.0,0.0038809578207157375,0.0,0.0,0.0004387820727643527,0.0011835935863087914,0.03315050932436574,1,4
6819,0.4000000000000341,0.0,0.0,0.10231660231660232,0.0,0.0,0.4411764705882353,0.0,0.0,0.0,0.0,0.0,0.0,0.0,0.0,0.0,0.009805340496675837,0.0,0.0008043294090493882,9.89901386388269e-06,0.0,0.0,0.0,0.6539885613176384,0.4938632260726105,0.20339622641509433,0.05294117647058825,0.39068840712170516,0.035967165862522715,0.020202020202020204,0.14999999999999858,0.0,1.0,0.0,0.75,0.0,0.0,0.0,0.0,0.0,0.0,0.0036354330375410375,0.0,0.0,0.0003835761659881474,0.0010825576210823542,0.03312156029362849,0,2
2848,0.0,0.0,0.0,0.06756756756756757,0.0,0.8,0.5588235294117647,0.0,0.0,0.0,0.0,0.0,0.0,0.0,0.0,0.0,0.009786333028155358,0.0,0.0008043294090493882,9.89901386388269e-06,0.0,0.0,0.0,0.6540985731529043,0.49399158471003457,0.580754716981132,0.2450980392156863,0.40287476084280827,0.12688764960210538,0.24242424242424243,0.0,0.0,0.0,0.0,0.35000000000000003,0.0,0.0,0.0,0.0,0.0,0.0,0.003636724068428589,0.002212489342460618,0.0,7.559474259670371e-05,0.0010829908961351767,0.03312156029362849,0,2
2425,0.20000000000004547,1.0,0.0,0.06756756756756757,0.0,0.4,0.5588235294117647,0.0,0.0,0.0,0.0,0.0,0.0,0.0,0.0,0.0,0.009770786935533304,0.0,0.0008043294090493882,9.89901386388269e-06,0.0,0.00026592307925629624,0.0,0.6541092793962253,0.49400466000018006,0.3920754716981132,0.17671568627450981,0.3967815839822567,0.09925433924431357,0.24242424242424243,0.10000000000000142,0.0,0.0,0.0,0.55,0.0,0.001165893504406741,0.0,0.0,0.0,0.0,0.0036354330375410375,0.005256342061387273,0.0,5.338958639570919e-05,0.0010867144047375069,0.03312156029362849,0,3
8745,0.20000000000004547,0.0,0.0,0.0694980694980695,0.0,0.0,0.4411764705882353,0.4444444444444444,0.0,0.0,0.0,0.0,0.0,0.0,0.0,0.0,0.009770786935533304,0.0,0.0008043294090493882,9.89901386388269e-06,0.05137341860925821,0.01441843245823865,0.0,0.65388889955773,0.49478307684900236,0.580377358490566,0.24325980392156868,0.3950511217538601,0.09768782505169499,0.020202020202020204,0.3999999999999986,0.0,1.0,0.0,0.6,0.0029199591980052144,0.0,0.0,0.0,0.0015023288946447609,0.0,0.0038135996191653635,0.0,0.0,0.0020872079369619154,0.00139660252709287,0.033215580158020834,0,2
5533,0.4000000000000341,1.0,0.0,0.04247104247104247,0.14814814814814814,0.6000000000000001,0.5,0.0,0.0,0.0,0.0,1.0,0.0,0.0,0.0,0.0,0.009770786935533304,0.0,0.0008043294090493882,9.89901386388269e-06,0.0,0.001235628207956834,0.0,0.6540831482638763,0.49397404462986255,0.20339622641509433,0.24497549019607845,0.39068840712170516,0.13415627545585562,0.25252525252525254,0.5499999999999972,0.0,0.0,0.0,0.55,0.0,0.0,0.0,0.0,0.0,0.0,0.0036354330375410375,0.0003112592351503278,0.0,0.000693936713258269,0.0010825576210823542,0.03312156029362849,0,0
8316,0.0,1.0,0.0,0.10231660231660232,0.4444444444444444,0.4,0.5,0.0,0.0,0.0,0.0,1.0,0.0,0.0,0.0,0.0,0.009932282695385451,0.0,0.0008043294090493882,9.89901386388269e-06,0.004378512896224328,0.0010065188549850813,0.0,0.6541114501985474,0.4940245652312503,0.4952830188679245,0.2248774509803922,0.3982012941907652,0.12237608872736389,0.020202020202020204,0.5,0.0,1.0,0.0,0.8,0.0,0.0,0.0,0.0,0.0,0.00016851522654149148,0.0036471591161377007,0.0,0.0,2.2512139927275557e-05,0.0010954098945145775,0.03312156029362849,0,0
896,0.0,0.0,0.0,0.04343629343629344,0.0,0.4,0.6470588235294117,0.3333333333333333,0.0,0.0,0.0,1.0,0.0,0.0,0.0,0.0,0.01127299397652871,0.0,0.003613657708923578,1.1376780759717938e-05,0.029182253430293004,0.0157063311714618,0.0026902979484153783,0.6532414670420718,0.492977302964684,0.5794339622641509,0.2450980392156863,0.4027772700130394,0.1335296697788082,0.020202020202020204,0.3500000000000014,0.0,1.0,0.0,0.4,0.0009690993110975319,0.0,0.0,0.0,0.0,0.001966818076194324,0.0033877942305529023,0.0,0.0,0.019525955729876834,0.0020602831510207155,0.03406076189245628,0,1
7401,0.20000000000004547,1.0,1.0,0.05791505791505792,0.0,0.6000000000000001,0.23529411764705882,0.0,0.0,0.0,0.0,0.0,0.0,0.0,0.0,0.0,0.009770786935533304,7.311069576961218e-06,0.0008043294090493882,1.6437626293400295e-05,0.0,0.0008484608247521202,0.00039149282034442104,0.6538183845960339,0.494252564923856,0.580754716981132,0.24448529411764708,0.3960808686432933,0.09223635566138232,0.020202020202020204,0.44999999999999574,1.0,1.0,0.0,0.25000000000000006,0.0,0.0,0.00013085435899762334,0.0005704767304387573,8.850946908107561e-05,0.0,0.0038997327394867678,0.0,0.0,0.001962291142342726,0.0013953023053893368,0.03314051903171584,0,4
7149,0.4000000000000341,1.0,0.0,0.06756756756756757,0.0,0.6000000000000001,0.5588235294117647,0.0,0.0,0.0,0.0,0.0,0.0,0.0,0.0,0.0,0.009770786935533304,0.0,0.0008043294090493882,9.89901386388269e-06,0.0,0.00039788740733723326,0.0,0.6540990913358762,0.49399272361578467,0.3920754716981132,0.20612745098039217,0.3967815839822567,0.11429287549345199,0.24242424242424243,0.6499999999999986,0.0,0.0,1.0,0.55,0.0,0.0005428921602124807,0.0,0.0,0.0,0.0,0.0036354330375410375,0.0035783226710954558,0.0,0.00022570978474812753,0.0010840054566867347,0.03312156029362849,0,3
5350,0.8000000000000114,1.0,0.0,0.10231660231660232,0.0,0.0,0.4411764705882353,0.0,0.0,0.0,0.0,0.0,0.0,0.0,0.0,0.0,0.009770786935533304,0.0,0.001242276222441675,9.89901386388269e-06,0.0,0.0005104892112098212,0.0,0.6539552127314148,0.4938350084598998,0.580754716981132,0.2450980392156863,0.4008579193019657,0.1342189360235604,0.24242424242424243,0.0,0.0,1.0,0.0,0.75,0.00048392507841548934,0.0,0.0,0.0,0.0,0.0,0.0036354330375410375,0.0,0.0,0.001934023057547681,0.0010923855940000078,0.03312156029362849,0,3
3940,0.0,0.0,0.0,0.07297297297297296,0.0,0.0,0.7941176470588235,0.3333333333333333,0.0,0.0,0.0,0.0,0.0,0.0,0.0,0.0,0.009770786935533304,1.985992034338719e-06,0.0008043294090493882,9.89901386388269e-06,0.0,1.3046851076012035e-05,0.0,0.6538324958050852,0.49374202538407264,0.20339622641509433,0.2450980392156863,0.39068840712170516,0.1342189360235604,0.25252525252525254,0.6499999999999986,0.0,1.0,0.0,0.25000000000000006,7.061794935156029e-05,0.0,0.0,0.0,0.0,0.0,0.0036354330375410375,0.0,0.001988424024640657,0.00011757476716563462,0.001090436723704639,0.03312156029362849,0,2
5245,0.6000000000000227,0.0,0.0,0.05791505791505792,0.0,0.6000000000000001,0.0,0.0,0.0,0.0,0.0,0.0,0.0,0.0,0.0,0.0,0.015715519447552367,8.573593084505118e-05,0.0008043294090493882,1.1052886645562267e-05,0.0,0.0,0.0,0.6530047677531519,0.49730758371929057,0.5788679245283018,0.24325980392156868,0.3915780109433457,0.059464878751801495,0.030303030303030304,0.5,1.0,1.0,0.0,0.2,0.0,0.0,0.0,0.0,0.0020389263549410643,0.0,0.004887484058811571,0.0,0.0,0.016180472662843354,0.0021057578486994998,0.03312156029362849,0,2
1577,0.8000000000000114,0.0,1.0,0.10231660231660232,0.0,0.4,0.23529411764705882,0.0,0.0,0.0,0.0,0.0,0.0,0.0,0.0,0.0,0.012982733076825313,0.0,0.0008043294090493882,9.89901386388269e-06,0.06316200063913563,0.017612999649729445,0.0011944652340956775,0.6537720473096521,0.4945486357787493,0.580754716981132,0.24497549019607845,0.39687907481202556,0.13390563318503665,0.020202020202020204,0.5,0.0,1.0,0.0,0.10000000000000002,0.0007752835222071556,0.0,0.0,0.0,0.0,0.0010394603176094616,0.003987020641389768,0.0,0.0,0.0038030934750097342,0.0013518456255518189,0.03312156029362849,0,4
7168,0.8000000000000114,1.0,0.0,0.10231660231660232,0.0,0.4,0.029411764705882346,0.0,0.0,0.0,0.0,0.0,0.0,0.0,0.0,0.0,0.009770786935533304,0.0,0.0008043294090493882,9.89901386388269e-06,0.0017869046603398986,0.0004106849555264425,0.0,0.6541011067495707,0.4940079253291405,0.5754716981132075,0.24093137254901964,0.4009919691928978,0.12168682248261171,0.020202020202020204,0.6000000000000014,0.0,1.0,0.0,0.45,2.9837135877726153e-05,0.0,0.00011099433686932459,0.00048389436071885345,2.4197283678044717e-05,0.0,0.0036394847856336897,0.0,0.0,2.7705281296862986e-05,0.0011133068655730335,0.03312156029362849,0,3
722,0.0,0.0,0.0,0.047972972972972976,0.0,0.0,0.7941176470588235,0.3333333333333333,0.0,0.0,0.0,0.0,0.0,0.0,0.0,0.0,0.010123471040661912,0.00017686241149759315,0.0008043294090493882,1.0364611652981466e-05,0.0,0.0003168639691263305,0.0,0.6539908020282771,0.49382847003847685,0.580754716981132,0.24460784313725495,0.40268587236013115,0.1212481985086785,0.020202020202020204,0.5499999999999972,0.0,1.0,0.0,0.10000000000000002,4.0271647332576005e-05,0.0,4.435740982970283e-06,1.9338194252161265e-05,0.0,7.227760091850375e-08,0.0036612634715244784,0.0,0.0013256160164271048,0.00018191343979870054,0.0011179031698657991,0.03312156029362849,0,2
419,0.8000000000000114,0.0,0.0,0.0694980694980695,0.0,0.6000000000000001,0.5294117647058824,0.0,0.0,0.0,0.0,1.0,0.0,0.0,0.0,0.0,0.013105912910427944,0.0,0.0008043294090493882,9.89901386388269e-06,0.059079196424310865,0.022567728323010117,0.0,0.6531064962812052,0.4941403229285039,0.580754716981132,0.24497549019607845,0.39577011662340517,0.13390563318503665,0.020202020202020204,0.44999999999999574,0.0,1.0,0.0,0.2,0.0,0.0,0.0,0.0,0.0,7.954149981081337e-05,0.003759446213463027,0.0,0.0,0.00475525466602473,0.0013943680452136592,0.03312156029362849,0,1
9826,0.4000000000000341,1.0,1.0,0.15830115830115832,0.0,0.6000000000000001,0.2941176470588235,0.0,0.0,0.0,0.0,0.0,0.0,0.0,0.0,0.0,0.009770786935533304,0.0,0.0008043294090493882,9.89901386388269e-06,0.04256939754959447,0.010131420016778084,0.0,0.6540901768659005,0.4939556587161426,0.4573584905660377,0.2422794117647059,0.39890200952972865,0.12795287925308604,0.24242424242424243,0.6499999999999986,0.0,1.0,0.0,0.35000000000000003,6.245092444577995e-05,0.0,0.0,0.0,0.0,0.0,0.0036354330375410375,0.0,0.0,0.0024382182459870834,0.0011751740918977103,0.03312156029362849,1,4
2153,0.20000000000004547,0.0,0.0,0.015444015444015444,0.0,0.6000000000000001,0.5588235294117647,0.0,0.0,0.0,0.0,0.0,0.0,0.0,0.0,0.0,0.009770786935533304,0.0,0.0010065930621383729,9.89901386388269e-06,0.0,0.0,0.0,0.6540988319130713,0.493997179865959,0.20339622641509433,0.2450980392156863,0.39068840712170516,0.12820352152390502,0.020202020202020204,0.8999999999999986,0.0,1.0,0.0,0.9,0.0,0.0,0.0,0.0,0.0,0.0,0.0036388675409392765,0.0,0.0,3.6991539016864155e-05,0.0010832005197707315,0.03312156029362849,0,2
1261,0.20000000000004547,0.0,0.0,0.02316602316602317,0.0,1.0,0.5588235294117647,0.0,0.0,0.0,0.0,0.0,0.0,0.0,0.0,0.0,0.009770786935533304,0.0,0.0008043294090493882,9.89901386388269e-06,0.0,0.0,0.0,0.6541030413214203,0.49399735143935414,0.20339622641509433,0.24546568627450985,0.39068840712170516,0.13440691772667462,0.020202020202020204,0.29999999999999716,0.0,1.0,0.0,0.25000000000000006,0.0,0.0,0.0,0.0,0.0,0.0,0.0036354330375410375,0.0,0.0,3.4024029662814193e-06,0.0010825576210823542,0.03312156029362849,0,2
5190,0.8000000000000114,1.0,0.0,0.10231660231660232,0.4444444444444444,0.6000000000000001,0.5,0.0,0.0,0.0,0.0,1.0,0.0,0.0,0.0,0.0,0.009829991512856791,0.0,0.0008043294090493882,9.89901386388269e-06,0.0011578910837687023,0.0002865321178986592,0.0,0.6541126552058805,0.49400857202886095,0.279811320754717,0.05625000000000001,0.39315614375022856,0.03765900119055079,0.24242424242424243,0.10000000000000142,0.0,0.0,0.0,0.5,0.0,0.00045016735670601126,0.0,0.0,0.0,0.0,0.0036439696259006026,0.020704377332078926,0.0,1.0335118784794687e-05,0.0010960934390722278,0.03312156029362849,0,0
10391,0.0,0.0,1.0,0.07722007722007722,0.0,1.0,0.5882352941176471,0.0,0.0,0.0,0.0,0.0,0.0,0.0,0.0,0.0,0.009770786935533304,0.0,0.0008043294090493882,9.89901386388269e-06,0.0,0.001103663879875897,0.00012631466588302858,0.6538614444745141,0.49403321183165383,0.580754716981132,0.2450980392156863,0.4021923250344265,0.13403095432044615,0.020202020202020204,0.14999999999999858,0.0,1.0,0.0,0.45,0.00023964753048549107,0.0,0.0,0.0,0.0003631470736726996,0.0,0.00365996498030029,0.0,0.0,0.003973597352981657,0.001969957917597153,0.03312156029362849,1,4
3483,0.20000000000004547,1.0,0.0,0.03861003861003861,0.0,0.6000000000000001,0.029411764705882346,0.0,0.0,0.0,0.0,0.0,0.0,0.0,0.0,0.0,0.009770786935533304,0.0,0.0008043294090493882,9.89901386388269e-06,0.0,0.0012569020542973377,0.0,0.6541315072590143,0.49403451260642156,0.35150943396226414,0.11004901960784316,0.3954228055423537,0.06516699041293315,0.25252525252525254,0.9499999999999957,0.0,1.0,0.0,0.45,0.00013188760834962138,0.0,0.0,0.0,0.0,0.0,0.0036354330375410375,0.0,0.00020048767967145793,4.479404205984034e-05,0.001134811752347058,0.03312207121723472,0,3
5261,0.8000000000000114,0.0,0.0,0.06756756756756757,0.0,0.6000000000000001,0.5294117647058824,0.0,0.0020524,0.0022457324081376837,0.0,1.0,0.0,0.0,0.0,0.0,0.009770786935533304,0.0,0.0008043294090493882,9.89901386388269e-06,0.00016195292086430802,0.012630432154089127,0.0,0.6540861155571605,0.4939844248202728,0.20339622641509433,0.2450980392156863,0.39068840712170516,0.10357791841594086,0.020202020202020204,0.0,0.0,1.0,0.0,0.6,0.0011247819504486163,0.0,0.001197146003926639,0.0011409534608775146,0.0,0.00033717500828482,0.0036354330375410375,0.0,0.0032990503080082135,0.000856612506210025,0.0010842803615537927,0.03312156029362849,0,1
3812,0.20000000000004547,1.0,0.0,0.06756756756756757,0.0,0.6000000000000001,0.029411764705882346,0.0,0.0,0.0,0.0,0.0,0.0,0.0,0.0,0.0,0.010069247834740069,0.0,0.0008043294090493882,9.89901386388269e-06,0.0,0.0008175472667885758,0.0,0.6541165578128024,0.4940131874308271,0.3920754716981132,0.20098039215686275,0.3967815839822567,0.11141048937903379,0.25252525252525254,0.3999999999999986,0.0,0.0,0.0,0.55,0.0,0.004981487629649145,0.0,0.0,0.0,0.0,0.0036365018289266564,0.009126460610993382,6.845482546201232e-05,7.569707050546406e-05,0.001089005443856767,0.03312156029362849,0,3
1332,0.20000000000004547,0.0,0.0,0.0501930501930502,0.0,0.6000000000000001,0.5588235294117647,0.0,0.0,0.0,0.0,0.0,0.0,0.0,0.003147996171675589,0.0,0.009770786935533304,0.0,0.0008043294090493882,9.89901386388269e-06,0.0,0.00026800060331298606,0.0,0.6541139519885864,0.49401006922023044,0.420566037735849,0.24240196078431378,0.3977016536882,0.1325271006955323,0.020202020202020204,0.3999999999999986,0.0,1.0,0.0,0.45,0.0,0.0,0.0,0.0,0.0,0.0,0.003655674501435244,0.0,0.0,6.868760875538054e-05,0.0010880608735093715,0.03312156029362849,0,2
4126,0.0,0.0,0.0,0.03474903474903475,0.0,0.6000000000000001,0.47058823529411764,0.0,0.0,0.0,0.0,0.0,0.0,0.0,0.0,0.0,0.009770786935533304,0.0,0.0008043294090493882,9.89901386388269e-06,0.0009109851798617327,0.0002094144249143333,7.133472866672412e-06,0.6541265354855639,0.49402487732403255,0.36735849056603775,0.2450980392156863,0.39598337781352444,0.1342189360235604,0.24242424242424243,0.8500000000000014,0.0,0.0,0.0,0.35000000000000003,0.0,0.00018292648310800085,0.0,0.0,0.0,0.0,0.003652431218244498,0.007943598281879917,0.0,2.1540024794052293e-05,0.0010894364387754596,0.03312156029362849,0,2
4123,0.20000000000004547,0.0,0.0,0.05067567567567568,0.0,0.6000000000000001,0.029411764705882346,0.3333333333333333,0.0,0.0,0.0,0.0,0.0,0.0,0.0,0.0,0.009770786935533304,0.0,0.0008043294090493882,9.89901386388269e-06,0.0,4.412661096409166e-05,0.0,0.6541024045262336,0.49399660536680756,0.580754716981132,0.2442401960784314,0.40287476084280827,0.13378031204962718,0.25252525252525254,0.5,0.0,0.0,0.0,0.8,0.0,0.0,0.0,0.0,0.0,0.0,0.0036354330375410375,0.0009142371132690893,0.0,1.5425932245621772e-05,0.0010830025942146259,0.03312156029362849,0,2
712,0.20000000000004547,0.0,0.0,0.03474903474903475,0.0,0.6000000000000001,0.5588235294117647,0.0,0.0,0.0,0.0,0.0,0.0,0.0,0.0,0.0,0.010068420114416533,1.7164645439641783e-05,0.0008043294090493882,9.89901386388269e-06,0.0,0.0,0.0,0.6539997476422421,0.4938743713561474,0.580754716981132,0.24497549019607845,0.40276508365931835,0.1326524218309418,0.25252525252525254,0.3999999999999986,0.0,1.0,0.0,0.5,0.0,0.0,0.0,0.0,0.0,0.0,0.0036354330375410375,0.0,0.0,0.0007530822445217475,0.00110314252330308,0.03312768641647985,0,2
9413,0.8000000000000114,0.0,1.0,0.23166023166023167,0.0,0.8,0.23529411764705882,0.0,0.0,0.0,0.0,0.0,1.0,0.0,0.0,0.0,0.009770786935533304,0.0,0.0008043294090493882,9.89901386388269e-06,8.676049332016502e-05,1.994423094422222e-05,0.0,0.6538457826923756,0.49369594589403015,0.3920754716981132,0.24473039215686276,0.3967815839822567,0.13403095432044615,0.020202020202020204,0.10000000000000142,0.0,1.0,0.0,0.35000000000000003,6.490171080570239e-05,0.0,0.0,0.0,0.00013796834128199494,0.0,0.003638861651199826,0.0,0.0,0.003684802412482777,0.0010831159565353908,0.03312156029362849,1,4
4986,0.0,0.0,0.0,0.06756756756756757,0.0,0.0,0.4411764705882353,0.4444444444444444,0.0,0.0,0.0,0.0,0.0,0.0,0.0,0.0,0.009770786935533304,0.0,0.0008043294090493882,9.89901386388269e-06,0.003518861008243693,0.0008089047667127462,0.0005623264464654936,0.6540605191737351,0.49444544796765805,0.580566037735849,0.24448529411764708,0.3938812317966342,0.06046744783507739,0.25252525252525254,0.29999999999999716,1.0,1.0,0.0,0.25000000000000006,8.038715038183286e-05,0.0,0.0,0.0,0.0,0.0,0.0036354330375410375,0.0,0.0,0.0006163465764407386,0.0012949312966705777,0.033121585095745296,0,2
3396,0.4000000000000341,0.0,0.0,0.06756756756756757,0.0,0.6000000000000001,0.47058823529411764,0.0,0.0,0.0,0.0,0.0,0.0,0.0,0.0,0.0,0.009770786935533304,0.0,0.0008043294090493882,9.89901386388269e-06,6.832388848962995e-05,0.0006105427697800027,0.0,0.6541032152639141,0.49399755523128286,0.3009433962264151,0.12708333333333335,0.3938385795586103,0.07387680932389248,0.24242424242424243,0.75,0.0,0.0,1.0,0.05,0.0,0.0004043306057663053,0.0,0.0,0.0,0.0,0.0036354330375410375,0.003295949528735754,0.0,0.00024868240026482466,0.0010850442560554569,0.03312156029362849,0,2
2944,0.8000000000000114,1.0,0.0,0.06756756756756757,0.0,0.6000000000000001,0.029411764705882346,0.0,0.0,0.0,0.0,0.0,0.0,0.0,0.0,0.0,0.009770786935533304,0.0,0.0008043294090493882,9.89901386388269e-06,0.0,0.0,0.0,0.6541007519068833,0.49399461480488305,0.580754716981132,0.24522058823529416,0.40287476084280827,0.1336549909142177,0.25252525252525254,0.7999999999999972,0.0,0.0,0.0,0.85,0.0,0.0,0.0,0.0,0.0,0.0,0.0036375176126572204,0.00132343101595555,0.0,4.200560654612098e-05,0.0010836859404997432,0.03312156029362849,0,3
11276,0.6000000000000227,0.0,0.0,0.15830115830115832,0.0,0.6000000000000001,0.5588235294117647,0.0,0.0,0.0,0.0,0.0,0.0,0.0,0.0,0.0,0.010178988500180557,0.0,0.0008043294090493882,9.89901386388269e-06,0.0002241312744104263,0.00041467380171528694,4.610659291873633e-06,0.6539407559566092,0.49392055759434306,0.580754716981132,0.24497549019607845,0.3978539831097138,0.13371765148192244,0.020202020202020204,0.3999999999999986,0.0,1.0,0.0,0.25000000000000006,0.0,0.0,0.0004977103007482793,0.0,0.0,0.0001784172578673265,0.0036354330375410375,0.0,0.0,0.002637732086092563,0.0011222031062898057,0.03312156029362849,1,2
3205,0.4000000000000341,0.0,0.0,0.06756756756756757,0.0,0.6000000000000001,0.5588235294117647,0.0,0.0,0.0,0.0,0.0,0.0,0.0,0.0,0.0,0.009770786935533304,0.0,0.0008043294090493882,9.89901386388269e-06,0.0,0.0007169951024447888,0.0,0.6541065778208078,0.494001494820396,0.4162264150943396,0.17818627450980393,0.3975615106204073,0.10000626605677049,0.04040404040404041,0.9499999999999957,0.0,1.0,0.0,0.85,0.0,0.0,0.0,0.0,2.8329290722678488e-05,0.0,0.003637604780801088,0.0,0.0,0.0002603477818635038,0.0010874901955911533,0.03312156029362849,0,2
3395,0.8000000000000114,0.0,0.0,0.03861003861003861,0.0,0.6000000000000001,0.5294117647058824,0.0,0.0,0.0,0.0,1.0,0.0,0.0,0.0,0.0,0.009770786935533304,0.0,0.0008043294090493882,9.89901386388269e-06,0.03657750097967057,0.03512993458707755,0.0,0.6540971203189326,0.49399041436210117,0.33999999999999997,0.2450980392156863,0.3950998671687445,0.1342189360235604,0.020202020202020204,0.6499999999999986,0.0,1.0,0.0,0.75,0.0,0.0,0.0,0.0,0.0,0.0009734708679708677,0.0036354330375410375,0.0,0.006416837782340863,0.004265641204583677,0.0011205996763151232,0.03312156029362849,0,1
9534,0.20000000000004547,0.0,1.0,0.04247104247104247,0.0,0.8,0.23529411764705882,0.0,0.0,0.0,0.0,0.0,0.0,0.0,0.0,0.0,0.009770786935533304,0.0,0.0008043294090493882,9.89901386388269e-06,0.0,0.0,0.0,0.6540570383359455,0.4939434541027516,0.20339622641509433,0.2450980392156863,0.39068840712170516,0.1342189360235604,0.020202020202020204,0.3999999999999986,0.0,1.0,0.0,0.2,0.0,0.0,0.0,0.0,0.0,0.0,0.0036354330375410375,0.0,0.0,0.0007169860747065364,0.0010825576210823542,0.03312156029362849,1,4
1154,0.20000000000004547,1.0,0.0,0.03861003861003861,0.537037037037037,0.6000000000000001,0.5,0.0,0.0,0.0,0.0,1.0,0.0,0.0,0.0,0.0,0.009770786935533304,0.0,0.0008146843100247997,9.89901386388269e-06,0.03321155534090367,0.007583960018465034,0.0,0.6540780946546241,0.4939617755794045,0.580754716981132,0.24411764705882358,0.4028686676659477,0.13240177956012283,0.020202020202020204,0.3999999999999986,0.0,1.0,0.0,0.5,0.0,0.0,0.0,0.0,0.0,0.0005137130485282653,0.00366759297818729,0.0,0.0,0.00035328710499508574,0.0011775087509742388,0.033121689264635885,0,0
12105,0.4000000000000341,1.0,1.0,0.03474903474903475,0.0,0.6000000000000001,0.23529411764705882,0.0,0.0,0.0,0.0,1.0,0.0,0.0,0.0,0.0,0.009770786935533304,0.0,0.0008043294090493882,9.89901386388269e-06,0.0,0.0,0.0,0.6539591103685513,0.49382872118776805,0.2788679245283019,0.2450980392156863,0.3931256778659258,0.1342189360235604,0.020202020202020204,0.7999999999999972,0.0,1.0,0.0,0.35000000000000003,2.297357629356662e-05,0.0,0.0,0.0,3.191349380306157e-05,0.0,0.0036354330375410375,0.0,0.002797741273100616,0.0002594268306846607,0.0010928677928003575,0.03312156029362849,1,4
4846,0.0,1.0,1.0,0.10424710424710425,0.0,0.4,0.2941176470588235,0.0,0.0,0.0,0.0,1.0,0.0,0.0,0.0,0.0,0.009770786935533304,0.0,0.0008043294090493882,9.89901386388269e-06,0.0002443753895184648,0.0005219571440027489,0.0,0.6541014884290998,0.49399551420659504,0.580566037735849,0.2450980392156863,0.4028686676659477,0.13378031204962718,0.020202020202020204,0.10000000000000142,0.0,1.0,0.0,0.35000000000000003,2.154112221616043e-05,0.0,0.0,0.0,2.6623272662583483e-05,0.0,0.0036354330375410375,0.0,0.0,0.00017395744489258385,0.001083069610330793,0.03312156029362849,0,0
1597,0.0,0.0,0.0,0.09266409266409267,0.0,0.0,0.7941176470588235,0.4444444444444444,0.0,0.0,0.0,0.0,0.0,0.0,0.0,0.0,0.009770786935533304,0.0,0.0008043294090493882,9.89901386388269e-06,0.0,0.0005486325528906462,0.0,0.6540731563443963,0.493980520555094,0.580188679245283,0.24436274509803926,0.4027833631899,0.1335296697788082,0.020202020202020204,0.14999999999999858,0.0,1.0,0.0,0.45,0.0,0.0,2.006164671843378e-05,8.746137854954754e-05,0.0,2.099664306682534e-05,0.0036715477419036577,0.0,0.0,0.0005281143371121325,0.0017909717999604858,0.03313436810674768,0,2
5845,0.8000000000000114,1.0,0.0,0.06756756756756757,0.2962962962962963,0.6000000000000001,0.5,0.0,0.0,0.0,0.0,1.0,0.0,0.0,0.0,0.0,0.009770786935533304,0.0,0.0008043294090493882,9.89901386388269e-06,0.00027401855806952116,0.0001240697366655157,0.0,0.6541008837718596,0.49399482364308805,0.4379245283018868,0.19607843137254904,0.3982622259593707,0.10921736950936778,0.25252525252525254,0.04999999999999716,0.0,0.0,0.0,0.5,0.0,0.001601132378008536,0.0,0.0,0.0,0.0,0.0036354330375410375,0.0032131530274749224,0.0,6.359679529455344e-05,0.0010833404010427903,0.03312156029362849,0,0
7301,0.4000000000000341,0.0,0.0,0.03474903474903475,0.0,0.6000000000000001,0.5588235294117647,0.0,0.0,0.0,0.0,0.0,0.0,0.0,0.0,0.0,0.010393277767213892,0.0,0.0008043294090493882,9.89901386388269e-06,0.001764491532898856,0.0011842718132754617,0.0,0.6540861705561203,0.49404676690622573,0.580754716981132,0.2450980392156863,0.3912794452771787,0.03941349708628361,0.020202020202020204,0.3500000000000014,0.0,1.0,0.0,0.4,0.0,0.0,7.893602703785754e-05,0.0,0.0,4.228239653732469e-05,0.0036354330375410375,0.0,0.0,0.0005068557140671711,0.0011038630952562754,0.03312156029362849,0,2
7457,0.0,0.0,0.0,0.03474903474903475,0.0,0.6000000000000001,0.5294117647058824,0.0,0.0,0.0,0.0,1.0,0.0,0.0,0.0,0.0,0.009770786935533304,8.729635315774588e-08,0.0008043294090493882,9.89901386388269e-06,0.005563155132100081,0.0012788407083359822,0.0,0.6540869998476668,0.4941601412083512,0.580188679245283,0.24485294117647063,0.39069450029856573,0.013409361488815089,0.020202020202020204,0.6000000000000014,1.0,1.0,0.0,0.45,0.0,0.0,0.0,0.0,0.0,0.00027487171629306977,0.0036394985283590745,0.0,0.0,0.00025405461547474265,0.0011723151011075613,0.03312156029362849,0,1
4091,0.0,0.0,0.0,0.03474903474903475,0.0,0.6000000000000001,0.0,0.0,0.0,0.0,0.0,0.0,0.0,0.0,0.0,0.0,0.009770786935533304,0.00013311602652141776,0.0008405715624633281,9.89901386388269e-06,0.0,0.008366355578214418,0.0,0.6537910872206791,0.4938801621523234,0.580754716981132,0.2450980392156863,0.3999622223034646,0.13359233034651294,0.020202020202020204,0.29999999999999716,0.0,1.0,0.0,0.10000000000000002,0.0,0.0,0.0,0.0,0.0,0.00021101445588157168,0.0037240948193331927,0.0,0.003314014373716633,0.003625835955059629,0.0012391885106189278,0.033143763148594206,0,2
10140,0.0,0.0,1.0,0.05405405405405406,0.0,0.6000000000000001,0.2647058823529412,0.0,0.0,0.0,0.0,0.0,0.0,0.0,0.0,0.0,0.009770786935533304,0.0,0.0008043294090493882,9.89901386388269e-06,0.0,0.0008045835166748313,0.0,0.6540382356493482,0.4938838478749196,0.580754716981132,0.2450980392156863,0.3976163492121523,0.08089479290682375,0.020202020202020204,0.0,1.0,1.0,0.0,0.45,0.0,0.0,0.0,0.0,0.0,0.0,0.0036354330375410375,0.0,0.0,0.0012550518009456122,0.0013379365099503667,0.03312156029362849,1,4
2374,1.0,0.0,0.0,0.02316602316602317,0.0,0.6000000000000001,0.0,0.0,0.0,0.0,0.0,0.0,0.0,0.0,0.0,0.0,0.03058507862552977,8.108740003940121e-05,0.0008043294090493882,9.89901386388269e-06,0.07088621505901882,0.016295101489127693,0.0,0.6537967892212843,0.4951088217495901,0.580754716981132,0.2416666666666667,0.39506940128444173,0.08534369321386052,0.020202020202020204,0.14999999999999858,1.0,1.0,0.0,0.2,0.00022776019830758468,0.0,0.004363761004292084,0.00568498960572059,0.000358827248126037,0.0,0.004906639454751104,0.0,0.0,0.002580044727528919,0.0016355928031975176,0.03312156029362849,0,2
10340,0.6000000000000227,0.0,0.0,0.015444015444015444,0.0,0.6000000000000001,0.029411764705882346,0.0,0.0,0.0,0.0,0.0,0.0,0.0,0.0,0.0,0.009770786935533304,0.0,0.0008043294090493882,9.89901386388269e-06,0.020047819491901632,0.01342537595914092,0.0,0.6537689007727696,0.4935946384031344,0.580754716981132,0.2450980392156863,0.40287476084280827,0.13139921047684694,0.25252525252525254,0.9499999999999957,0.0,1.0,0.0,0.8,0.00045506554152897877,0.0,0.0,0.0,0.0,0.0,0.0036354330375410375,0.0,0.0051334702258726906,0.002764362873183488,0.0010965721681032495,0.03312156029362849,1,2
4852,0.8000000000000114,1.0,1.0,0.10231660231660232,0.0,0.6000000000000001,0.23529411764705882,0.0,0.0,0.0,0.0,0.0,0.0,0.0,0.0,0.0,0.02210204391989383,0.0,0.0008043294090493882,9.89901386388269e-06,0.0,0.0,3.762471969311973e-05,0.6541409816581603,0.49404173266332413,0.33188679245283015,0.09583333333333335,0.39483786056374076,0.057898364559182916,0.020202020202020204,0.8999999999999986,0.0,1.0,0.0,0.45,1.8594747478746744e-05,0.0,0.00025455104504545375,0.0011097486474251634,0.0,1.5539684197478305e-06,0.0036759053637984394,0.0,0.0,7.677151354744766e-05,0.0011355614207944767,0.03312156029362849,0,4
3280,0.4000000000000341,0.0,1.0,0.03474903474903475,0.0,0.6000000000000001,0.2647058823529412,0.0,0.0,0.0,0.0,0.0,0.0,0.0,0.0,0.0,0.009770786935533304,0.0,0.0008043294090493882,9.89901386388269e-06,2.7474156218052256e-05,6.315673132337036e-06,0.0,0.6541035866725532,0.49399734367585213,0.5679245283018868,0.2450980392156863,0.4024177725782669,0.13208847672159912,0.020202020202020204,0.14999999999999858,0.0,1.0,0.0,0.35000000000000003,4.697906263341638e-06,0.0,0.0,0.0,0.00013612145934537834,0.0,0.0036756980449697816,0.0,0.0,1.9749286390746283e-05,0.0010899775740862549,0.03312156029362849,0,4
11425,0.0,0.0,1.0,0.03861003861003861,0.0,0.6000000000000001,0.2647058823529412,0.0,0.0,0.0,0.0,0.0,0.0,0.0,0.0,0.0,0.009770786935533304,0.0,0.0008043294090493882,9.89901386388269e-06,0.0,0.0,3.945158469556023e-05,0.6540709603618274,0.49395089813668813,0.5226415094339623,0.24080882352941177,0.4009980623697584,0.12914343003947618,0.24242424242424243,0.6000000000000014,0.0,1.0,0.0,0.35000000000000003,0.0,0.0,0.0,0.0,0.0,0.0,0.0036354330375410375,0.0,0.0,0.0011297256946913817,0.0011315733174968065,0.03312156029362849,1,4
7737,0.0,0.0,0.0,0.03581081081081081,0.0,0.0,0.7941176470588235,0.3333333333333333,0.0,0.0,0.0,0.0,0.0,0.0,0.0,0.0,0.009957324997537532,0.0,0.0008043294090493882,9.89901386388269e-06,0.00031053026567509065,0.0005457240192112805,0.0,0.65410859058395,0.4940031220504248,0.3920754716981132,0.23529411764705885,0.3967815839822567,0.12582241995112478,0.24242424242424243,0.44999999999999574,0.0,0.0,0.0,0.55,0.0,4.646753191594044e-05,0.0,0.0,0.0,0.0,0.0036368528573979065,0.005302528915635386,0.0,0.0002576105103041646,0.0010869009296229628,0.03312156029362849,0,2
982,0.4000000000000341,1.0,1.0,0.07335907335907337,0.0,0.6000000000000001,0.23529411764705882,0.0,0.0,0.0,0.0,0.0,0.0,0.0,0.0,0.0,0.009770786935533304,0.0,0.0008043294090493882,9.89901386388269e-06,0.0,0.0,0.0,0.6541177184233847,0.4940145472082105,0.2788679245283019,0.14350490196078433,0.3931256778659258,0.0822733253963281,0.04040404040404041,0.75,0.0,1.0,0.0,0.0,0.0,0.0,0.0,0.0,0.0,2.388774710356549e-05,0.0036697925995474064,0.0,0.00017245893223819303,0.0,0.0011057420249156148,0.03312156029362849,0,4
2430,0.6000000000000227,1.0,0.0,0.10424710424710425,0.2962962962962963,0.6000000000000001,0.5,0.0,0.0,0.0,0.0,1.0,0.0,0.0,0.0,0.0,0.010104734462429136,0.0,0.0008043294090493882,9.89901386388269e-06,0.0007233656130568758,0.00016628502549745274,0.0,0.6540992072975387,0.4939928594770705,0.580754716981132,0.2450980392156863,0.40287476084280827,0.1342189360235604,0.24242424242424243,0.44999999999999574,0.0,0.0,1.0,0.25000000000000006,0.0,0.0,0.0,0.0,0.0,0.0,0.003647027971272603,0.010712337999415636,0.0,6.579684533290082e-05,0.0010881253616507422,0.03312156029362849,0,0
1810,0.4000000000000341,0.0,1.0,0.10231660231660232,0.0,0.6000000000000001,0.5882352941176471,0.0,0.0,0.0,0.0,0.0,0.0,0.0,0.0,0.0,0.009770786935533304,0.0,0.0008043294090493882,1.2945642875159467e-05,2.819716032905363e-05,9.581540949453425e-05,0.0,0.6540578735912347,0.4940258939546255,0.580754716981132,0.24497549019607845,0.39418589063966175,0.13133654990914218,0.25252525252525254,0.29999999999999716,0.0,1.0,0.0,0.10000000000000002,9.729825515348606e-05,0.0,0.0,0.0,0.0,0.0,0.0036354330375410375,0.0,0.0006416837782340863,6.413401681554525e-05,0.0010983964241116037,0.0331240405053092,0,4
8795,0.4000000000000341,0.0,0.0,0.0694980694980695,0.0,1.0,0.5588235294117647,0.0,0.0,0.0,0.0,0.0,0.0,0.0,0.0,0.0,0.011394112034052715,0.0,0.0008139045735055669,9.89901386388269e-06,0.007028684465099869,0.0016157320093688025,0.00016024215878549493,0.6535283406231263,0.494823043357534,0.580754716981132,0.23982843137254906,0.3950450285769995,0.11435553606115673,0.030303030303030304,0.6999999999999957,1.0,1.0,0.0,0.10000000000000002,0.0,0.0,0.00019466854177535494,0.0,0.0,0.00013747199694699413,0.0044280089930070436,0.0,0.0,0.0003207724119864866,0.0014687006656904681,0.03407695271430795,0,2
4728,0.6000000000000227,0.0,0.0,0.015444015444015444,0.0,0.6000000000000001,0.5294117647058824,0.0,0.0,0.0,0.0,1.0,0.0,0.0,0.0,0.0,0.009770786935533304,0.0,0.0008043294090493882,9.89901386388269e-06,0.0,0.0,7.394453581306769e-06,0.654104901677806,0.4939995310425535,0.2907547169811321,0.24522058823529416,0.39350954800814053,0.13428159659126512,0.24242424242424243,0.9499999999999957,0.0,0.0,1.0,0.05,0.0,0.0,0.0,0.0,0.0,0.0,0.0036354330375410375,2.7959266283974855e-05,0.0,1.50166206105804e-05,0.0010829339423500614,0.03312156029362849,0,1
11580,0.6000000000000227,0.0,0.0,0.06756756756756757,0.0,0.6000000000000001,0.0,0.0,0.0,0.0,0.0,0.0,0.0,0.0,0.0,0.0,0.010114200573038305,0.0,0.0008043294090493882,9.89901386388269e-06,0.0,0.0008678233489604692,0.0,0.6540966110815747,0.4939751559751804,0.580754716981132,0.2450980392156863,0.40242386575512745,0.1287674666332477,0.020202020202020204,0.6000000000000014,0.0,1.0,0.0,0.4,0.0,0.0,0.0,0.0,0.0,3.198283840643791e-05,0.0036439020902215703,0.0,0.0,0.0003723712599788898,0.0014093378692987342,0.03312156029362849,1,2
830,0.8000000000000114,1.0,0.0,0.31660231660231664,0.0,0.6000000000000001,0.0,0.0,0.0,0.0,0.0,0.0,0.0,0.0,0.0,0.0,0.009770786935533304,0.0,0.0008323999237417686,9.89901386388269e-06,0.005019456040627047,0.001153856861085523,0.0,0.6540818544630417,0.49437052318576447,0.580754716981132,0.24093137254901964,0.39171815401113835,0.11479416003508992,0.020202020202020204,0.10000000000000142,1.0,1.0,0.0,0.8,0.0,0.0,0.0,0.0,0.0,0.001669973969222029,0.00383430519452827,0.0,0.0,0.0003222561666635116,0.0011405484211135949,0.033130489055679044,0,3
5653,0.8000000000000114,1.0,0.0,0.10424710424710425,0.0,0.6000000000000001,0.1764705882352941,0.0,0.0,0.0,0.0,0.0,0.0,0.0,0.0,0.0,0.009770786935533304,0.0,0.0008043294090493882,9.89901386388269e-06,0.0,0.00010154937589099812,0.0,0.6541037013089396,0.4939980520954138,0.37660377358490565,0.16360294117647062,0.3962819434796915,0.09236167679679179,0.24242424242424243,0.5,0.0,1.0,0.0,0.5,2.296678741168318e-05,0.0,0.0,0.0,0.0,0.0,0.0036354330375410375,0.0,0.0,0.00011624450435175015,0.0010869946133948236,0.03312156029362849,0,3
8216,0.20000000000004547,0.0,0.0,0.15830115830115832,0.0,0.0,0.4411764705882353,0.0,0.0,0.0,0.0,0.0,0.0,0.0,0.0,0.0,0.009770786935533304,0.0,0.0008043294090493882,9.89901386388269e-06,0.009350612167580786,0.002911026708233768,0.0,0.6538699047060919,0.4937140523216764,0.3920754716981132,0.18811274509803924,0.3967815839822567,0.10238736762955074,0.020202020202020204,0.6499999999999986,0.0,1.0,0.0,0.0,4.548550861905921e-06,0.0,0.0,0.0,0.0,0.000516820985367761,0.003654363445433561,0.0,0.0016570071868583164,0.000816986023542582,0.0010936419479056065,0.03312156029362849,0,2
3012,0.4000000000000341,0.0,0.0,0.06756756756756757,0.0,0.6000000000000001,0.029411764705882346,0.0,0.0,0.0,0.0,0.0,0.0,0.0,0.0,0.0,0.017133479609072206,0.0,0.0008043294090493882,9.89901386388269e-06,0.0,2.002733190648981e-05,0.0,0.6539010672493176,0.49376071756794826,0.580754716981132,0.2450980392156863,0.40287476084280827,0.1342189360235604,0.020202020202020204,0.29999999999999716,0.0,1.0,0.0,0.75,0.0,0.0,0.0,0.0,0.0,0.0,0.0036354330375410375,0.0,0.0023100616016427105,0.0008293677005025836,0.0010849130987748519,0.03312156029362849,0,2
7839,0.6000000000000227,1.0,0.0,0.31660231660231664,0.6666666666666666,0.6000000000000001,0.5,0.0,0.0,0.0,0.0,1.0,0.0,0.0,0.0,0.0,0.010387318180884432,0.007877448316248674,0.0009816258987925392,9.89901386388269e-06,0.08206060509660058,0.012085040538726917,0.0,0.6528692248043106,0.49401613717342946,0.5794339622641509,0.24191176470588235,0.3935522002461644,0.11122250767591955,0.030303030303030304,0.5,1.0,1.0,0.0,0.25000000000000006,0.0,0.0,0.0,0.0,0.0,0.00041888483612318844,0.003842519810464541,0.0,0.0,0.0016769497687645083,0.0014129952044431627,0.03312201665257774,0,0
8726,0.4000000000000341,1.0,1.0,0.015444015444015444,0.0,0.6000000000000001,0.23529411764705882,0.0,0.0,0.0,0.0,0.0,0.0,0.0,0.0,0.0,0.009770786935533304,0.0,0.0008043294090493882,9.89901386388269e-06,0.003567302283680785,0.001543018667384659,0.0,0.6541033769476036,0.49399774466073276,0.20339622641509433,0.2450980392156863,0.39068840712170516,0.1342189360235604,0.24242424242424243,0.7999999999999972,0.0,1.0,1.0,0.8,0.0,0.0,0.0,0.0,0.0,0.0,0.0036354330375410375,0.0,0.0,0.0002239702102992017,0.0010825576210823542,0.03312156029362849,0,4
5446,0.4000000000000341,1.0,0.0,0.06756756756756757,0.2962962962962963,0.6000000000000001,0.5,0.0,0.0,0.0,0.0,1.0,0.0,0.0,0.0,0.0,0.009770786935533304,0.0,0.0008043294090493882,9.89901386388269e-06,3.868071993857357e-05,0.00026251593980332495,0.0,0.6540996244282047,0.49399334469594836,0.4539622641509433,0.2229166666666667,0.39878014599251765,0.1228147127012971,0.25252525252525254,0.5,0.0,0.0,1.0,0.5,0.0,0.002144024538221017,0.0,0.0,0.0,0.0,0.0036354330375410375,0.0030493364424243404,0.0,0.00015049877180927512,0.001083382335683528,0.03312156029362849,0,0
5285,0.6000000000000227,0.0,1.0,0.10231660231660232,0.0,0.8,0.2647058823529412,0.0,0.0,0.0,0.0,0.0,0.0,0.0,0.0,0.0,0.010363630330170865,0.0,0.0008043294090493882,0.00015237193732810838,0.07563599056624236,0.017158271184201178,0.0,0.654037872523685,0.4940778422640395,0.580754716981132,0.2450980392156863,0.40159519370209246,0.13403095432044615,0.020202020202020204,0.14999999999999858,0.0,1.0,0.0,0.10000000000000002,1.3421619483564188e-05,0.0,0.0,0.0,0.0,0.001669395748414681,0.003735794590426977,0.0,0.0,0.0010093624920120277,0.0013107341628032136,0.03316388758617148,0,4
2676,0.6000000000000227,1.0,0.0,0.06756756756756757,0.2962962962962963,0.6000000000000001,0.5,0.0,0.0,0.0,0.0,1.0,0.0,0.0,0.0,0.0,0.009770786935533304,0.0,0.0008043294090493882,9.89901386388269e-06,0.00015833790030930116,0.0002360898338022305,0.0,0.6541005338989578,0.49399441373018005,0.580754716981132,0.24497549019607845,0.40287476084280827,0.13415627545585562,0.24242424242424243,0.3999999999999986,0.0,0.0,1.0,0.5,0.0,0.0025115595870403105,0.0,0.0,0.0,0.0,0.0036354330375410375,0.005636958813451991,0.0,0.00010670242685984812,0.0010851548921288923,0.03312156029362849,0,0
10692,0.6000000000000227,0.0,0.0,0.02316602316602317,0.0,0.6000000000000001,0.0,0.0,0.0,0.0,0.0,0.0,0.0,0.0,0.0,0.0,0.009770786935533304,0.0,0.0008043294090493882,9.89901386388269e-06,8.278397070965745e-05,1.90301203592787e-05,0.0,0.6539611261135647,0.4938300588391705,0.5809433962264151,0.15490196078431376,0.40288085401966883,0.08766213421893604,0.020202020202020204,0.5,0.0,1.0,0.0,0.55,1.574341708770124e-05,0.0,0.0,0.0,0.0,0.0,0.0036382385167659623,0.0,0.001026694045174538,0.00035814768066120206,0.0010828171598281017,0.03312156029362849,1,2
3673,0.8000000000000114,1.0,0.0,0.10424710424710425,0.2962962962962963,0.6000000000000001,0.5,0.0,0.0,0.0,0.0,1.0,0.0,0.0,0.0,0.0,0.009770786935533304,0.0,0.0008043294090493882,9.89901386388269e-06,0.0,0.0002453140406139333,0.0,0.6541068412194413,0.4940017191856051,0.35283018867924526,0.1107843137254902,0.395514203195262,0.06541763268375211,0.25252525252525254,0.5,0.0,0.0,0.0,0.5,0.0,0.005608694180351635,0.0,0.0,0.0,0.0,0.0036354330375410375,0.010568370948715832,0.0,8.552054974645702e-05,0.0010887970098564102,0.03312156029362849,0,0
2149,0.8000000000000114,1.0,0.0,0.03861003861003861,0.0,0.4,0.029411764705882346,0.0,0.0,0.0,0.0,0.0,0.0,0.0,0.0,0.0,0.016440301461761616,0.0,0.0008043294090493882,9.89901386388269e-06,0.03820462173147916,0.008782358995325985,0.0,0.6541398657756479,0.4942270206730748,0.3920754716981132,0.2365196078431373,0.39321707551883406,0.07544332351651106,0.020202020202020204,0.7999999999999972,1.0,1.0,0.0,0.6,0.0,0.0,0.00047704378025944047,0.0020797348909369798,0.0003781725538350042,0.0,0.0037492883761573855,0.0,0.0,0.001029751327832526,0.0011647379675530944,0.03312156029362849,0,3
8734,0.0,0.0,0.0,0.0637065637065637,0.0,0.6000000000000001,1.0,0.0,0.0,0.0,0.0,1.0,0.0,0.0,0.0,0.0,0.010020201643205436,0.0,0.0008043294090493882,1.4878885869026127e-05,0.0,0.0,0.0,0.654080577890797,0.4940261156026089,0.580754716981132,0.2382352941176471,0.3917059676574173,0.043925057961025124,0.24242424242424243,0.14999999999999858,1.0,1.0,0.0,0.25000000000000006,0.0,0.0,0.0,0.0,0.0,0.0,0.0036354330375410375,0.0,0.0,0.00033819373845293506,0.001104784219876639,0.03312156029362849,0,1
777,0.6000000000000227,0.0,0.0,0.0694980694980695,0.0,0.4,0.5294117647058824,0.0,0.0,0.0,0.0,1.0,0.0,0.0,0.0,0.0,0.010458998760902677,0.0,0.005834924320722785,9.89901386388269e-06,0.0,0.0027375118990190348,0.0,0.6540154064425093,0.4939738509304865,0.5747169811320755,0.2450980392156863,0.4018389207765145,0.12738893414374336,0.020202020202020204,0.10000000000000142,0.0,1.0,0.0,0.4,0.0,0.0,0.0,0.0,0.0,0.0004563969109998919,0.003880305630233918,0.0,0.0,0.0032063682750737912,0.00185432269964989,0.03312156029362849,0,1
6098,0.6000000000000227,0.0,0.0,0.03861003861003861,0.0,0.8,0.5588235294117647,0.0,0.0,0.0,0.0,0.0,0.0,0.0,0.0,0.0,0.009770786935533304,0.0,0.0008043294090493882,9.89901386388269e-06,0.0,0.0,0.0,0.653843775230338,0.49404980942267746,0.580754716981132,0.2450980392156863,0.39149270646729795,0.1336549909142177,0.020202020202020204,0.29999999999999716,0.0,1.0,0.0,0.45,0.0007822692816652171,0.0,0.0,0.0,0.0009933407541466923,0.0,0.0036354330375410375,0.0,0.0,0.00401030749024943,0.0011321095455624091,0.03312156029362849,0,2
5851,0.6000000000000227,1.0,0.0,0.03861003861003861,0.0,0.4,0.38235294117647056,0.0,0.0,0.0,0.0,1.0,0.0,0.0,0.0,0.0,0.009833768927424203,0.0,0.0008043294090493882,9.89901386388269e-06,0.0018602895776065383,0.0004275544508667638,0.0,0.6541877234850847,0.49408904771471723,0.4439622641509434,0.2450980392156863,0.3984572076189084,0.13240177956012283,0.020202020202020204,1.0,0.0,1.0,0.0,0.2,1.3027864334324571e-05,0.0,0.0,0.0,6.230878804805693e-05,0.0,0.0037110879187306927,0.0,0.0,0.0010119462717082263,0.0011696142822306438,0.03312156029362849,0,0
10743,0.8000000000000114,0.0,0.0,0.03474903474903475,0.0,0.8,0.5588235294117647,0.0,0.0,0.0,0.0,0.0,0.0,0.0,0.0,0.0,0.009770786935533304,0.0,0.0008043294090493882,9.89901386388269e-06,0.0,0.008309265217136581,0.0,0.653937825108419,0.4938037832664966,0.580754716981132,0.2450980392156863,0.40287476084280827,0.1342189360235604,0.25252525252525254,0.5,0.0,0.0,0.0,0.75,0.0,0.0,0.0,0.0,0.0,0.0,0.0036354330375410375,0.0386177711104625,0.0,0.00511588379847337,0.0010825605951703498,0.03312156029362849,1,2
417,0.20000000000004547,1.0,0.0,0.04247104247104247,0.14814814814814814,0.4,0.5,0.0,0.0,0.0,0.0,1.0,0.0,0.0,0.0,0.0,0.009770786935533304,0.0,0.0008043294090493882,9.89901386388269e-06,0.00016701394964131766,0.0009525032295111461,0.0,0.6540933598478769,0.4939859449139734,0.580566037735849,0.22169117647058825,0.4028686676659477,0.12168682248261171,0.04040404040404041,0.10000000000000142,0.0,1.0,0.0,0.35000000000000003,0.0,0.0,0.00016361835489456293,0.0,0.0,5.9881992360980355e-05,0.0036354330375410375,0.0,6.160164271047228e-05,0.00015569191317886253,0.001082821819232628,0.03312156029362849,0,0
5379,0.8000000000000114,1.0,0.0,0.13706563706563707,0.0,0.6000000000000001,0.0,0.0,0.0,0.0,0.0,0.0,0.0,0.0,0.0,0.0,0.009770786935533304,0.0,0.0008043294090493882,9.89901386388269e-06,0.04636046960563018,0.020112842796663165,0.0006801374907300194,0.6540374421402576,0.49392007664539134,0.5567924528301886,0.24497549019607845,0.4021009273815182,0.1339682937527414,0.020202020202020204,0.5499999999999972,0.0,1.0,0.0,0.35000000000000003,1.1072666351893369e-05,0.0,0.0004895445048478113,0.0021342334383748886,0.0,0.00030219264944026416,0.00370115271357628,0.0,0.0,0.004975541071608559,0.001127560677973173,0.03312156029362849,0,3
12207,0.0,0.0,0.0,0.03861003861003861,0.0,0.6000000000000001,0.5588235294117647,0.0,0.0,0.0,0.0,0.0,0.0,0.0,0.0,0.0,0.009889421832086699,0.0,0.0008043294090493882,9.89901386388269e-06,0.005936225253376791,0.002869559328062239,0.0,0.6540926475119501,0.4939790315154016,0.580754716981132,0.2450980392156863,0.40287476084280827,0.13290306410176078,0.020202020202020204,0.7999999999999972,0.0,1.0,0.0,0.10000000000000002,0.0007265461391659278,0.0,0.0,0.0,0.0011106021055800111,0.0,0.0035488542602678786,0.0,0.0,0.0006229467265557808,0.0011690193159271283,0.03312156029362849,1,2
3199,0.4000000000000341,0.0,0.0,0.06756756756756757,0.0,0.4,0.5294117647058824,0.0,0.0,0.0,0.0,1.0,0.0,0.0,0.0,0.0,0.009770786935533304,0.0,0.0008043294090493882,9.89901386388269e-06,0.0003741546274432116,0.001851821843171033,0.0,0.6540905446300302,0.4939822149394155,0.580754716981132,0.24497549019607845,0.40287476084280827,0.13183783445078015,0.25252525252525254,0.0,0.0,0.0,1.0,0.85,0.0,0.00014592066583557769,0.0,0.0,0.0,0.0,0.0036443630604958963,0.006416265434461124,0.0,0.0007429261995772835,0.001084333102047581,0.03312156029362849,0,1
3798,0.6000000000000227,1.0,0.0,0.06756756756756757,0.0,0.6000000000000001,0.0,0.0,0.0,0.0,0.0,0.0,0.0,0.0,0.0,0.0,0.009770786935533304,0.0,0.0008043294090493882,9.89901386388269e-06,0.00019593411408137267,6.71455775122148e-05,0.0,0.65410301050875,0.49399731533906965,0.5815094339622641,0.24522058823529416,0.4028991335502505,0.13428159659126512,0.25252525252525254,0.5,0.0,0.0,1.0,0.75,0.0,0.0,0.0,0.0,0.0,0.0,0.0036354330375410375,0.00027974713392419037,0.0,1.3865431637026536e-05,0.0010826190855675961,0.03312156029362849,0,3
25,0.6000000000000227,0.0,0.0,0.03474903474903475,0.0,0.6000000000000001,0.5294117647058824,0.0,0.0,0.0,0.0,1.0,0.0,0.0,0.0,0.0,0.009954330154912374,0.0,0.0011555539267726043,9.89901386388269e-06,0.03824077193702923,0.009735527032535274,0.0,0.6539881773188759,0.49382719992954216,0.5747169811320755,0.2450980392156863,0.40193641160628335,0.12475719030014412,0.020202020202020204,0.10000000000000142,0.0,1.0,0.0,0.4,0.0,0.0,0.00014476645571693923,0.0,0.0,9.25876067766033e-05,0.0036979015773996003,0.0,0.0,0.002400382501722946,0.0013308032094611066,0.03312156029362849,0,1
12451,1.0,0.0,0.0,0.03861003861003861,0.0,1.0,0.029411764705882346,0.0,0.0,0.0,0.0,0.0,0.0,0.0,0.0,0.0,0.009770786935533304,0.0,0.0008171482774255752,9.89901386388269e-06,0.0,0.0004262248354704823,0.0,0.6536228450709243,0.4939623539603069,0.580754716981132,0.2450980392156863,0.3966170682070218,0.13340434864339873,0.020202020202020204,0.9499999999999957,0.0,1.0,0.0,0.45,3.8696626735617536e-05,0.0,4.738177868172803e-06,2.0656707496626805e-05,2.1849552402684624e-05,0.0,0.0036515434381846584,0.0,0.0,0.007551236863015164,0.0012283454814683834,0.03312156029362849,1,2
6370,0.6000000000000227,1.0,0.0,0.10231660231660232,0.4444444444444444,0.6000000000000001,0.5,0.0,0.0,0.0,0.0,1.0,0.0,0.0,0.0,0.0,0.009770786935533304,0.0,0.0008043294090493882,9.89901386388269e-06,0.0004283799357683148,9.84746402870972e-05,2.0921953956520916e-05,0.6540099307328057,0.4938880642328807,0.2788679245283019,0.09656862745098041,0.3931256778659258,0.058211667397706626,0.020202020202020204,0.3999999999999986,0.0,1.0,0.0,0.35000000000000003,9.300089292126748e-05,0.0,4.738177868172803e-06,2.0656707496626805e-05,9.304841621343845e-05,0.0,0.0036354330375410375,0.0,0.0,0.0012231254934123852,0.0011152823539559628,0.03312156029362849,0,0
2694,0.0,0.0,0.0,0.015444015444015444,0.0,0.6000000000000001,0.5294117647058824,0.0,0.0,0.0,0.0,1.0,0.0,0.0,0.0,0.0,0.009770786935533304,0.0,0.0008043294090493882,9.89901386388269e-06,0.00046706065570688835,0.0011965707556910656,0.0,0.6540990890166429,0.49399245111686285,0.580754716981132,0.2439950980392157,0.4015220755797658,0.13302838523717025,0.25252525252525254,0.14999999999999858,0.0,0.0,0.0,0.5,0.0,0.030637662796685203,0.0,0.0,0.0,0.0,0.003635480940755235,0.022394290995872763,0.0,0.0004682013465329514,0.001089699645563068,0.03312156029362849,0,1
713,0.20000000000004547,1.0,0.0,0.06756756756756757,0.2962962962962963,0.6000000000000001,0.5,0.0,0.0,0.0,0.0,1.0,0.0,0.0,0.0,0.0,0.009770786935533304,0.0,0.0008043294090493882,9.89901386388269e-06,0.00021617822918941116,4.969437543602036e-05,0.0,0.6541025589209043,0.49399678625640525,0.580754716981132,0.2450980392156863,0.40287476084280827,0.1342189360235604,0.25252525252525254,0.10000000000000142,0.0,0.0,0.0,0.2,0.0,0.0,0.0,0.0,0.0,0.0,0.0036354330375410375,0.0017299989102064993,0.0,7.239699544794298e-06,0.0010831868885340852,0.03312156029362849,0,0
2530,0.0,0.0,0.0,0.03581081081081081,0.0,0.0,0.7941176470588235,0.2222222222222222,0.0,0.0,0.0,0.0,0.0,0.0,0.0,0.0,0.009770786935533304,0.0,0.0008043294090493882,9.89901386388269e-06,0.0002678730231260095,0.000604975005308074,0.0,0.6541044351806037,0.4939985004376569,0.29452830188679247,0.11286764705882356,0.3936314115453516,0.06579359608998059,0.24242424242424243,0.25,0.0,0.0,0.0,0.5,0.0,0.00024411223780274594,0.0,0.0,0.0,0.0,0.0036354330375410375,0.006106782616781878,0.0,0.0002625734138790413,0.0010872987634605047,0.03312156029362849,0,2
2958,0.6000000000000227,1.0,0.0,0.10231660231660232,0.0,0.6000000000000001,0.1764705882352941,0.0,0.0,0.0,0.0,0.0,0.0,0.0,0.0,0.0,0.009770786935533304,0.0,0.0008043294090493882,9.89901386388269e-06,0.0,0.0,2.181363806485497e-05,0.6540933903292282,0.4939844807174876,0.580754716981132,0.24497549019607845,0.40287476084280827,0.13371765148192244,0.24242424242424243,0.9499999999999957,0.0,0.0,1.0,0.4,0.0,0.007451836192908802,0.0,0.0,0.0,0.0,0.0036519871318899297,0.09002443500849243,0.0,0.0001801994473269648,0.001146740868865454,0.03312156029362849,0,3
5336,0.20000000000004547,0.0,0.0,0.015444015444015444,0.0,0.8,0.5588235294117647,0.0,0.0,0.0,0.0,0.0,0.0,0.0,0.0,0.0,0.009770786935533304,0.0,0.0008043294090493882,9.89901386388269e-06,0.0,0.0,0.0,0.6540579070544573,0.49398809967396623,0.20339622641509433,0.2450980392156863,0.39068840712170516,0.1322137978570086,0.020202020202020204,0.14999999999999858,0.0,1.0,0.0,0.45,5.8737406055537356e-05,0.0,0.0,0.0,7.955678715103577e-05,0.0,0.0036354330375410375,0.0,0.0,0.0003633664040079795,0.0010882393683572394,0.03312156029362849,0,2
408,0.6000000000000227,0.0,1.0,0.03474903474903475,0.0,0.6000000000000001,0.23529411764705882,0.0,0.0,0.0,0.0,0.0,0.0,0.0,0.0,0.0,0.012713483180309166,0.0003990425423282012,0.0008186609662728868,9.89901386388269e-06,0.009011161737465639,0.00207145768644428,0.0,0.6532266256058656,0.49332346704017743,0.580754716981132,0.24497549019607845,0.3992249479033379,0.13196315558618962,0.020202020202020204,0.44999999999999574,0.0,0.0,0.0,0.45,0.0,0.0,0.0,0.0,0.0,3.6138800459251876e-07,0.003757099348616648,0.0,0.0028234086242299797,0.000112330461841667,0.0012750487253300074,0.03354201569858912,0,4
1297,0.8000000000000114,0.0,0.0,0.03474903474903475,0.0,0.6000000000000001,0.5294117647058824,0.0,0.0,0.0,0.0,1.0,0.0,0.0,0.0,0.0,0.009770786935533304,0.0,0.0008886345215088371,9.89901386388269e-06,0.011379723205106143,0.0015693616724234858,0.0,0.6540926829630869,0.4940825019179674,0.3960377358490566,0.1493872549019608,0.39478911514885634,0.08409048185976566,0.020202020202020204,0.7999999999999972,0.0,1.0,0.0,0.45,0.0,0.0,0.0,0.0,0.0,0.0,0.0036724873516706617,0.0,0.0,0.00033783559077227385,0.0011227088499534538,0.03312156029362849,0,1
5516,0.0,0.0,0.0,0.10231660231660232,0.0,0.6000000000000001,0.5588235294117647,0.4444444444444444,0.0,0.0,0.0,0.0,0.0,0.0,0.0,0.0,0.009788154012867138,0.0,0.0008043294090493882,9.89901386388269e-06,0.0008704969496456556,0.00037337262346829345,0.0,0.6541181299216271,0.49401239089551724,0.4071698113207547,0.14362745098039217,0.3972690381311008,0.08208534369321387,0.25252525252525254,0.6000000000000014,0.0,1.0,0.0,0.5,5.2002835227163215e-06,0.0,0.0,0.0,0.0,0.0,0.0036354330375410375,0.0,0.0,0.00049457636501593,0.0012019061861646293,0.03312156029362849,0,2
4062,0.4000000000000341,0.0,0.0,0.10424710424710425,0.0,0.6000000000000001,0.47058823529411764,0.0,0.0,0.0,0.0,0.0,0.0,0.0,0.0,0.0,0.06667434690797172,0.0007905557741965467,0.1586617382120408,0.0016152093388389936,0.0,0.0,0.005566653397972167,0.6523532368210215,0.5005709477373766,0.5715094339622642,0.24178921568627454,0.39659878867644016,0.12569709881571528,0.030303030303030304,0.3999999999999986,1.0,1.0,0.0,0.10000000000000002,0.013613602274346034,0.0,3.2864808192007095e-05,0.0001432784392319221,0.0,0.013462136836676833,0.007579431095491334,0.0,0.0,0.02293664725676784,0.003676401626023189,0.03386045999712216,0,2
8601,0.8000000000000114,0.0,0.0,0.02316602316602317,0.0,0.6000000000000001,0.5294117647058824,0.0,0.0,0.0,0.0,1.0,0.0,0.0,0.0,0.0,0.009770786935533304,0.0,0.0008043294090493882,9.89901386388269e-06,0.08209494779187314,0.018781399179211795,0.0,0.6535906889019104,0.49348003513863503,0.580754716981132,0.24436274509803926,0.3997428679364848,0.12983269628422836,0.030303030303030304,0.3999999999999986,0.0,1.0,0.0,0.25000000000000006,0.0,0.0,0.0,0.0,0.0,0.0,0.003936401079357736,0.0,0.0,0.0038373989064216392,0.0011505728821114896,0.033429602584372636,0,1
1536,0.4000000000000341,0.0,0.0,0.03474903474903475,0.0,0.4,0.5588235294117647,0.0,0.0,0.0,0.0,0.0,0.0,0.0,0.0,0.0,0.009770786935533304,0.0,0.0008043294090493882,9.89901386388269e-06,0.002690298297036117,0.000640459116196336,0.0,0.6539944412365657,0.4938664126020252,0.370377358490566,0.239093137254902,0.3954288987192143,0.1270129707375149,0.030303030303030304,0.9499999999999957,0.0,1.0,0.0,0.45,0.0,0.0,8.085146064414016e-05,0.0,0.0,5.576216910862564e-05,0.0036364861229547882,0.0,0.001309034907597536,0.0003980299831005459,0.001083999954623943,0.03314718088029022,0,2
4019,0.0,0.0,0.0,0.06756756756756757,0.0,0.8,0.5588235294117647,0.0,0.0,0.0,0.0,0.0,0.0,0.0,0.0,0.0,0.009770786935533304,0.0,0.0008043294090493882,9.89901386388269e-06,0.0,0.00016196377545953794,0.0,0.6541020046241575,0.4939957572042091,0.3920754716981132,0.21078431372549022,0.3967815839822567,0.11235039789460495,0.24242424242424243,0.3999999999999986,0.0,0.0,0.0,0.55,0.0,0.0004920091614628988,0.0,0.0,0.0,0.0,0.0036354330375410375,0.002352362909422713,0.0,0.00010399073727769901,0.001083584325826561,0.03312156029362849,0,2
8279,0.6000000000000227,0.0,0.0,0.06756756756756757,0.0,0.4,0.029411764705882346,0.0,0.0,0.0,0.0,0.0,0.0,0.0,0.0,0.0,0.009770786935533304,0.0,0.0008043294090493882,9.89901386388269e-06,0.0,5.210430334178054e-05,0.0,0.6541027073518323,0.4939968654441261,0.580754716981132,0.2450980392156863,0.40287476084280827,0.13290306410176078,0.25252525252525254,0.6000000000000014,0.0,1.0,1.0,0.75,0.0,0.0,0.0,0.0,0.0,0.0,0.0036354330375410375,0.0,0.0,3.289842266645041e-05,0.0010838180395748801,0.03312156029362849,0,2
2115,0.8000000000000114,1.0,0.0,0.06756756756756757,0.2962962962962963,0.6000000000000001,0.5,0.0,0.0,0.0,0.0,1.0,0.0,0.0,0.0,0.0,0.009770786935533304,0.0,0.0008043294090493882,9.89901386388269e-06,6.434736587912238e-05,1.4791971283631478e-05,0.0,0.6541031185187557,0.493997441884153,0.20339622641509433,0.2450980392156863,0.39068840712170516,0.1342189360235604,0.25252525252525254,0.14999999999999858,0.0,0.0,0.0,0.75,0.0,0.0,0.0,0.0,0.0,0.0,0.0036354330375410375,0.00012095085911796856,0.0,5.3977971871081164e-06,0.0010825576210823542,0.03312156029362849,0,0
4770,0.4000000000000341,0.0,0.0,0.06756756756756757,0.0,0.6000000000000001,0.029411764705882346,0.0,0.0,0.0,0.0,0.0,0.0,0.0,0.0,0.0,0.009770786935533304,0.0,0.0008043294090493882,9.89901386388269e-06,0.0,0.0,0.0,0.6540909070930553,0.49398313491440793,0.3920754716981132,0.22034313725490198,0.3967815839822567,0.12275205213359236,0.25252525252525254,0.6499999999999986,0.0,0.0,1.0,0.55,0.0,0.0,0.0,0.0,0.0,0.0,0.0036354330375410375,0.006857280380542606,0.0,0.0002704526628535877,0.0010850139699260352,0.03312156029362849,0,2
2634,0.20000000000004547,1.0,0.0,0.06756756756756757,0.2962962962962963,0.6000000000000001,0.5,0.0,0.0,0.0,0.0,1.0,0.0,0.0,0.0,0.0,0.009770786935533304,0.0,0.0008043294090493882,9.89901386388269e-06,0.00022557728263242904,0.00041824714309279343,0.0,0.6541048483354412,0.4939993214279983,0.43886792452830187,0.21115196078431375,0.3982926918436735,0.11617269252459429,0.24242424242424243,0.3999999999999986,0.0,1.0,0.0,0.55,0.0,0.0,0.0,0.0,0.0,0.0,0.0036354330375410375,0.0,0.0,9.229977370182978e-05,0.001086350128526182,0.03312156029362849,0,0
1130,0.8000000000000114,1.0,0.0,0.33976833976833976,0.0,0.6000000000000001,0.1764705882352941,0.0,0.0,0.0,0.0,0.0,0.0,0.0,0.0,0.0,0.037862169968154585,0.0,0.0019443977685500294,9.89901386388269e-06,0.0733458750446455,0.01686052043639639,0.0,0.6513817865472116,0.4980936678027333,0.580754716981132,0.24485294117647063,0.3917851789566044,0.059778181590325205,0.030303030303030304,0.3999999999999986,1.0,1.0,0.0,0.2,0.0010612244382558354,0.0,0.0,0.0,0.0,0.0,0.006231610554859773,0.0,0.0,0.027971998991046822,0.0030795440999514517,0.03331328065654735,0,3
3682,0.0,1.0,0.0,0.02316602316602317,0.14814814814814814,0.6000000000000001,0.5,0.0,0.0,0.0,0.0,1.0,0.0,0.0,0.0,0.0,0.010093522614410325,0.0,0.0009170793097304491,9.89901386388269e-06,0.008413598839723003,0.001788582010885395,0.0,0.6539869875522186,0.4940601515719278,0.580754716981132,0.2433823529411765,0.395867607453174,0.13258976126323704,0.24242424242424243,0.44999999999999574,0.0,1.0,0.0,0.25000000000000006,4.557376408354395e-05,0.0,0.0,0.0,0.0,0.0,0.0036354330375410375,0.0,0.0009279260780287475,0.000850958889251016,0.001131224010861726,0.03315742415453155,0,0
6828,0.8000000000000114,0.0,0.0,0.15830115830115832,0.0,0.6000000000000001,0.0,0.0,0.0,0.0,0.0,0.0,0.0,0.0,0.0,0.0,0.009770786935533304,0.0,0.0008043294090493882,9.89901386388269e-06,0.0,0.0,0.0,0.6541152083503698,0.49401109206162497,0.3920754716981132,0.20012254901960785,0.3967815839822567,0.11047058086346265,0.25252525252525254,0.9499999999999957,0.0,0.0,0.0,0.55,0.0,0.001892342928703457,0.0,0.0,0.0,0.0,0.0036567582134941373,0.01999326969485087,0.0,0.00019311834580795816,0.0010940449863971404,0.03312156029362849,0,2
6566,0.6000000000000227,1.0,0.0,0.03861003861003861,0.537037037037037,0.6000000000000001,0.5,0.0,0.0,0.0,0.0,1.0,0.0,0.0,0.0,0.0,0.010605776148456305,0.0,0.0011102512350051794,9.89901386388269e-06,0.02462732753098434,0.005962078537888429,0.0,0.6539168307464002,0.49423506909564563,0.580754716981132,0.2450980392156863,0.39932853190996725,0.13240177956012283,0.020202020202020204,0.29999999999999716,0.0,1.0,0.0,0.10000000000000002,0.0008903482812496086,0.0,0.0,0.0,0.0,2.1285753470499352e-05,0.003776716107479804,0.0,0.0,0.0029732141349633487,0.0013212475142994483,0.03312354446297306,0,0
3349,0.8000000000000114,1.0,0.0,0.05791505791505792,0.0,0.4,0.1764705882352941,0.0,0.0,0.0,0.0,0.0,0.0,0.0,0.0,0.0,0.009770786935533304,0.0,0.0008043294090493882,9.89901386388269e-06,0.09068170611618097,0.027897740941891236,0.0,0.6530593714494755,0.49438803803455483,0.2790566037735849,0.05514705882352942,0.3908833887812428,0.027633310357791846,0.020202020202020204,0.7999999999999972,1.0,1.0,0.0,0.45,0.0,0.0,0.0,0.0,0.00020699164077758175,0.0,0.003978824872619738,0.0,0.0,0.005712992728067164,0.0014072592791986248,0.03312156029362849,0,3
3030,0.6000000000000227,1.0,1.0,0.05791505791505792,0.0,0.2,0.23529411764705882,0.0,0.0,0.0,0.0,0.0,0.0,0.0,0.0,0.0,0.009770786935533304,0.0,0.0008043294090493882,9.89901386388269e-06,0.0,0.0,0.0,0.6503331611364491,0.48583589033783503,0.580754716981132,0.2450980392156863,0.40287476084280827,0.10251268876496022,0.22222222222222224,0.14999999999999858,0.0,1.0,0.0,0.75,0.0,0.0,0.0036411384732481975,0.015874020454535467,0.0,0.00041574076048323357,0.0036354330375410375,0.0,0.0,0.0,0.0021015607165838735,0.03312156029362849,0,4
1629,0.4000000000000341,1.0,0.0,0.06756756756756757,0.0,0.6000000000000001,0.5588235294117647,0.0,0.0,0.0,0.0,0.0,0.0,0.0,0.0,0.0,0.009770786935533304,0.0,0.0008043294090493882,9.89901386388269e-06,0.0,0.0,0.0,0.6541011226528843,0.4939920144198728,0.39301886792452834,0.20931372549019608,0.3968120498665595,0.09048185976564949,0.24242424242424243,0.6499999999999986,0.0,1.0,1.0,0.55,0.0,0.0,0.0,0.0,0.0,0.0,0.0036354330375410375,0.0,0.0,6.410843483835516e-05,0.001083563903755658,0.03312156029362849,0,3
7417,1.0,0.0,0.0,0.10231660231660232,0.0,0.6000000000000001,0.0,0.0,0.0,0.0,0.0,0.0,0.0,0.0,0.0,0.0,0.009770786935533304,0.0,0.0008043294090493882,9.89901386388269e-06,0.003367030144933404,0.0008359125794497138,0.0,0.6541222591507695,0.49401907449442845,0.3937735849056604,0.21421568627450985,0.3968364225740017,0.11667397706623224,0.25252525252525254,0.7999999999999972,0.0,0.0,0.0,0.55,0.0,0.0005256508135287381,0.0,0.0,0.0,0.0,0.003648106578890639,0.013616317151380196,0.0,0.00010931178853323687,0.001092476303683873,0.03312156029362849,0,2
5947,0.8000000000000114,1.0,0.0,0.10231660231660232,0.0,0.0,0.4411764705882353,0.0,0.0,0.0,0.0,0.0,0.0,0.0,0.0,0.0,0.009770786935533304,0.0006299741325628732,0.0008043294090493882,1.0577167165396125e-05,0.017985811767325707,0.004134522175699534,0.0,0.6542386359560312,0.4941405406947363,0.2790566037735849,0.09080882352941178,0.39313177104278635,0.05489065730935523,0.030303030303030304,0.7999999999999972,0.0,1.0,0.0,0.05,0.0,0.0,0.003618153269972806,0.015773813447956087,0.0,6.504984082665337e-07,0.0038144795462392695,0.0,0.0,0.002357762927724263,0.0013256459426042415,0.03312156029362849,0,3
9552,0.20000000000004547,0.0,1.0,0.04247104247104247,0.0,0.8,0.23529411764705882,0.0,0.0,0.0,0.0,0.0,0.0,0.0,0.0,0.0,0.009770786935533304,0.0,0.0008043294090493882,9.89901386388269e-06,0.0,0.0,0.0,0.6540569621325674,0.493943364822478,0.20339622641509433,0.2450980392156863,0.39068840712170516,0.1342189360235604,0.020202020202020204,0.3999999999999986,0.0,1.0,0.0,0.2,0.0,0.0,0.0,0.0,0.0,0.0,0.0036354330375410375,0.0,0.0,0.0007181628456572804,0.0010825576210823542,0.03312156029362849,1,4
8781,0.4000000000000341,0.0,0.0,0.06756756756756757,0.0,0.6000000000000001,0.5294117647058824,0.0,0.0,0.0,0.0,1.0,0.0,0.0,0.0,0.0,0.009770786935533304,0.0,0.0008043294090493882,9.89901386388269e-06,5.675582271360795e-05,8.218685168264906e-05,0.0,0.65410518893141,0.4939987643967265,0.3920754716981132,0.19877450980392158,0.3967815839822567,0.09599598972366691,0.25252525252525254,0.6499999999999986,0.0,0.0,1.0,0.55,0.0,0.0010023109712365976,0.0,0.0,0.0,0.0,0.0036354330375410375,0.002613341806587219,0.0,3.916600707802145e-05,0.0010837713463933496,0.03312156029362849,0,1
8949,0.8000000000000114,1.0,0.0,0.06756756756756757,0.0,0.6000000000000001,0.1764705882352941,0.0,0.0,0.0,0.0,0.0,0.0,0.0,0.0,0.0,0.009833287344690508,0.0,0.0008043294090493882,9.89901386388269e-06,0.0,0.0,0.0,0.6540975510336791,0.49399091898973413,0.39283018867924524,0.15477941176470592,0.3968059566896989,0.0880380976251645,0.24242424242424243,0.14999999999999858,0.0,0.0,0.0,0.05,0.0,0.0,0.0,0.0,0.0,0.0,0.0036381030527586006,0.005816454213573421,0.0,8.470192647637428e-05,0.0010847847668778428,0.03312156029362849,0,3
2406,0.4000000000000341,1.0,0.0,0.06756756756756757,0.2962962962962963,0.6000000000000001,0.5,0.0,0.0,0.0,0.0,1.0,0.0,0.0,0.0,0.0,0.009770786935533304,0.0,0.0008043294090493882,9.89901386388269e-06,0.0009887081217943806,0.0008525327719032322,0.0,0.6541047419820308,0.4939993214279983,0.3920754716981132,0.16997549019607844,0.3967815839822567,0.0956826868851432,0.24242424242424243,0.6999999999999957,0.0,0.0,1.0,0.55,0.0,0.0006896538673497044,0.0,0.0,0.0,0.0,0.0036370688145110916,0.005003550131698185,0.0,0.0002288563679425081,0.0010853144519498551,0.03312156029362849,0,0
9045,0.0,0.0,0.0,0.02316602316602317,0.0,0.8,0.029411764705882346,0.0,0.0,0.0,0.0,0.0,0.0,0.0,0.0,0.0,0.009829073495770687,0.0,0.0008043294090493882,9.89901386388269e-06,0.0,0.0,0.0,0.6531833576590309,0.4929198452860432,0.20339622641509433,0.2450980392156863,0.39068840712170516,0.1342189360235604,0.25252525252525254,0.3999999999999986,0.0,1.0,0.0,0.2,0.0,0.0,0.0,0.0,0.0,0.0,0.0036354330375410375,0.0,0.0,0.014208818516849058,0.0010825576210823542,0.03312156029362849,1,2
8697,0.6000000000000227,0.0,0.0,0.07722007722007722,0.0,0.4,0.5294117647058824,0.0,0.0,0.0,0.0,1.0,0.0,0.0,0.0,0.0,0.009770786935533304,0.0,0.000919075435219685,9.89901386388269e-06,0.0,0.0,0.003016958809566048,0.6541838735578894,0.4940730878953866,0.44169811320754715,0.16887254901960785,0.3983840894965818,0.09480543893727679,0.020202020202020204,1.0,0.0,1.0,0.0,0.5,0.0007990581865629684,0.0,0.0,0.0,0.0,0.001023306273804176,0.004106247422384978,0.0,0.0,0.005948091098444053,0.001703435517554776,0.033122105940198245,0,1
6066,0.6000000000000227,1.0,0.0,0.015444015444015444,0.35185185185185186,0.6000000000000001,0.5,0.0,0.0,0.0,0.0,1.0,0.0,0.0,0.0,0.0,0.010285207591880906,2.0514642992070284e-06,0.000884876191486135,9.89901386388269e-06,0.08554801542601571,0.024811786708084187,0.0,0.653828989787049,0.4936611723920169,0.580754716981132,0.2450980392156863,0.40285038813536606,0.13246444012782757,0.020202020202020204,0.29999999999999716,0.0,1.0,0.0,0.8,0.0010464993534506505,0.0,0.004529193980497862,0.0,0.0,0.00454893536900787,0.004006581251403496,0.0,0.0,0.005810894954773623,0.0012208395773214106,0.033122056335964635,0,0
10179,0.8000000000000114,0.0,0.0,0.015444015444015444,0.0,1.0,0.029411764705882346,0.0,0.0,0.0,0.0,0.0,0.0,0.0,0.0,0.0,0.009770786935533304,0.0,0.00088737134834768,9.89901386388269e-06,0.06327442777839634,0.0,0.0022925198425268467,0.6499986004752611,0.4950628641465297,0.580754716981132,0.2450980392156863,0.3929489757369698,0.13246444012782757,0.04040404040404041,0.14999999999999858,0.0,1.0,0.0,0.8,0.00023860204267544104,0.0,0.0,0.0,9.431619110213291e-05,0.0,0.004470052309100544,0.0,0.0,0.06608584492921724,0.002052422933857203,0.03312156029362849,1,2
7610,0.6000000000000227,1.0,0.0,0.03861003861003861,0.537037037037037,0.8,0.5,0.0,0.0,0.0,0.0,1.0,0.0,0.0,0.0,0.0,0.012448943764906961,0.0,0.0008043294090493882,9.89901386388269e-06,0.019071402439994275,0.004464266793977341,0.0,0.6542419405320936,0.4941447718033512,0.3411320754716981,0.16225490196078435,0.3951364262299078,0.0893539695469641,0.24242424242424243,0.6999999999999957,0.0,1.0,1.0,0.05,0.00030165038872696385,0.0,0.0,0.0,0.0,0.0,0.0036354330375410375,0.0,0.0,0.0012032482971356883,0.001173439554210556,0.03312156029362849,0,0
3878,0.0,0.0,0.0,0.016216216216216217,0.0,0.0,0.7941176470588235,0.2222222222222222,0.0,0.0,0.0,0.0,0.0,0.0,0.0,0.0,0.009770786935533304,0.0,0.0008301074983752242,9.89901386388269e-06,0.0,0.0001778360592526481,0.0,0.6541023945866625,0.4939965937215545,0.5809433962264151,0.2425245098039216,0.40288085401966883,0.13290306410176078,0.24242424242424243,0.3500000000000014,0.0,1.0,0.0,0.85,0.0,0.0,0.0,0.0,0.0,0.0,0.0036354330375410375,0.0,0.0,7.096440472529818e-05,0.0010828312867460807,0.033129759873444915,0,2
5330,0.20000000000004547,0.0,0.0,0.02316602316602317,0.0,0.6000000000000001,0.5588235294117647,0.0,0.0,0.0,0.0,0.0,0.0,0.0,0.0,0.0,0.009770786935533304,0.0,0.0008043294090493882,9.89901386388269e-06,3.759621377207151e-05,0.0004971099562847388,0.0,0.6541031440303214,0.4939974717736359,0.20339622641509433,0.24558823529411766,0.39068840712170516,0.13446957829437936,0.07070707070707072,0.6000000000000014,0.0,1.0,0.0,0.85,0.0,0.0,0.0,0.0,0.0,0.0,0.0036354330375410375,0.0,0.0,7.475053734943088e-05,0.0010825576210823542,0.03312156029362849,0,2
2924,0.8000000000000114,1.0,0.0,0.15830115830115832,0.4444444444444444,0.6000000000000001,0.5,0.0,0.0,0.0,0.0,1.0,0.0,0.0,0.0,0.0,0.009770786935533304,0.0,0.0008043294090493882,9.89901386388269e-06,0.0018714961413270595,0.0018228196073396432,0.0,0.6541011398814742,0.49399394365013116,0.580754716981132,0.2450980392156863,0.40268587236013115,0.13027132025816157,0.020202020202020204,0.6499999999999986,0.0,1.0,0.0,0.5,0.0,0.0,2.0162459013501287e-07,0.0,0.0,7.227760091850375e-08,0.0036419855690043752,0.0,0.0,0.0004646454517035295,0.0010928690815718222,0.03312156029362849,0,0
1456,0.6000000000000227,0.0,0.0,0.02316602316602317,0.0,0.2,0.5294117647058824,0.0,0.0,0.0,0.0,1.0,0.0,0.0,0.0,0.0,0.009770786935533304,0.0,0.0008043294090493882,9.89901386388269e-06,0.0,0.0,0.0,0.6540903173451716,0.4939991110370928,0.20339622641509433,0.24473039215686276,0.39068840712170516,0.06096873237671534,0.24242424242424243,0.5,1.0,1.0,0.0,0.45,2.3625308954377024e-05,0.0,0.0,0.0,0.0,0.0,0.0036354330375410375,0.0,0.0,0.0002028139151630007,0.0010874457329756195,0.03312156029362849,0,1
6573,0.8000000000000114,0.0,1.0,0.0694980694980695,0.0,0.6000000000000001,0.23529411764705882,0.0,0.0,0.0,0.0,0.0,0.0,0.0,0.0,0.0,0.010139543864398944,0.0,0.0008043294090493882,9.89901386388269e-06,0.05980834607025576,0.013748555601399585,0.0019085519661210493,0.65298594253686,0.4942317703836264,0.580754716981132,0.2450980392156863,0.39527047612083993,0.13415627545585562,0.020202020202020204,0.29999999999999716,0.0,1.0,0.0,0.10000000000000002,4.039384720647796e-06,0.0,0.0017727842087621006,0.0077286851346421775,0.00018043097428234122,0.0,0.003951940567923954,0.0,0.0,0.01950062957245865,0.0014301933639589242,0.03390952354458996,0,4
2869,0.0,0.0,0.0,0.02316602316602317,0.0,0.6000000000000001,0.5294117647058824,0.0,0.0,0.0,0.0,1.0,0.0,0.0,0.0,0.0,0.010236071103583705,0.0,0.0008417879514333313,2.0445815956076717e-05,0.015144044109034804,0.003377472409441765,0.0,0.6539353325953131,0.4941296531594673,0.580754716981132,0.24411764705882358,0.39452710854385264,0.12951939344570462,0.020202020202020204,0.14999999999999858,1.0,1.0,0.0,0.25000000000000006,1.1255966162746294e-05,0.0,0.0,0.0,0.0,1.6081766204367084e-05,0.0037219281805139994,0.0,0.0,0.002437578696557331,0.0011501255297088214,0.03312156029362849,0,1
652,0.6000000000000227,1.0,1.0,0.06756756756756757,0.0,0.6000000000000001,0.23529411764705882,0.0,0.0,0.0,0.0,0.0,0.0,0.0,0.0,0.0,0.009770786935533304,0.0,0.0008043294090493882,9.89901386388269e-06,0.0009872621135723777,0.0005630921203252073,1.2092106444725186e-05,0.6541036489605319,0.49399799192827293,0.42566037735849055,0.21703431372549023,0.3978661694634349,0.11943104204524095,0.24242424242424243,0.3999999999999986,0.0,0.0,1.0,0.55,0.0,0.002691332165267139,0.0,0.0,0.0,0.0,0.003637215272698761,0.005316122371066268,0.0,0.000181452964209279,0.0010849796687778196,0.03312156029362849,0,4
10051,0.20000000000004547,0.0,0.0,0.02316602316602317,0.0,0.6000000000000001,0.5588235294117647,0.0,0.0,0.0,0.0,0.0,0.0,0.0,0.0,0.0,0.009770786935533304,0.0,0.0008043294090493882,9.89901386388269e-06,0.0,0.0,0.0,0.6539799804859316,0.49385317272563634,0.5094339622641509,0.2272058823529412,0.4005715399895198,0.12507049313866783,0.020202020202020204,0.14999999999999858,0.0,1.0,0.0,0.35000000000000003,0.0,0.0,0.0,0.0,0.0,0.0,0.0036452732215656483,0.0,0.0,0.0009519821171746651,0.0010898537528893724,0.03312156029362849,1,2
5874,0.8000000000000114,0.0,0.0,0.10231660231660232,0.0,0.6000000000000001,0.029411764705882346,0.0,0.0,0.0,0.0,0.0,0.0,0.0,0.0,0.0,0.009770786935533304,0.0,0.0008043294090493882,9.89901386388269e-06,0.0,0.0005434802932300554,0.0,0.6541002628799866,0.493994037976681,0.3937735849056604,0.1871323529411765,0.3968364225740017,0.10445516636380728,0.25252525252525254,0.6499999999999986,0.0,0.0,0.0,0.55,0.0,0.0012825879850101207,0.0,0.0,0.0,0.0,0.0036354330375410375,0.010395208863056518,0.0,0.00034709626651508493,0.0010884018526980644,0.03312156029362849,0,2
5901,1.0,0.0,0.0,0.10231660231660232,0.0,0.6000000000000001,0.029411764705882346,0.0,0.0,0.0,0.0,0.0,0.0,0.0,0.0,0.0,0.009770786935533304,0.0,0.0008043294090493882,9.89901386388269e-06,0.0006261215601271908,0.0008339181563552915,0.0,0.6540324991915634,0.4940093623533692,0.580754716981132,0.2450980392156863,0.399712402052182,0.1342189360235604,0.020202020202020204,0.5,1.0,1.0,0.0,0.45,6.217258028855884e-05,0.0,0.0,0.0,4.917714444787613e-05,0.0,0.003638752102046047,0.0,0.0,0.0011078019402394781,0.0011360704359549198,0.03312156029362849,0,2
11887,0.8000000000000114,0.0,1.0,0.04247104247104247,0.0,0.6000000000000001,0.23529411764705882,0.0,0.0,0.0,0.0,0.0,0.0,0.0,0.0,0.0,0.009770786935533304,0.0,0.0008043294090493882,9.89901386388269e-06,0.0,0.0,0.0,0.6538055681817743,0.49364883036463963,0.20339622641509433,0.2450980392156863,0.39068840712170516,0.1342189360235604,0.020202020202020204,0.6499999999999986,0.0,1.0,0.0,0.8,0.0,0.0,0.0,0.0,0.0,0.0,0.0036354330375410375,0.0,0.004363449691991787,0.0002513940898469737,0.0010825576210823542,0.03312156029362849,1,4
10581,0.8000000000000114,0.0,0.0,0.05791505791505792,0.0,0.6000000000000001,0.5588235294117647,0.0,0.0,0.0,0.0,0.0,0.0,0.0,0.0,0.0,0.009770786935533304,0.0,0.0008043294090493882,9.89901386388269e-06,0.007332707693775946,0.001685619918635848,6.237439079761121e-05,0.654032690362647,0.49399161576404277,0.580754716981132,0.2450980392156863,0.4026432201221073,0.13415627545585562,0.020202020202020204,0.10000000000000142,0.0,1.0,0.0,0.4,0.0,0.0,0.0,0.0,0.0,0.0,0.0036543815073012092,0.0,0.0,0.0002564593213306107,0.0017094542289995602,0.03312156029362849,1,2
10358,0.20000000000004547,0.0,0.0,0.0637065637065637,0.0,0.6000000000000001,0.5588235294117647,0.0,0.0,0.0,0.0,0.0,0.0,0.0,0.0,0.0,0.009770786935533304,0.0,0.0008043294090493882,9.89901386388269e-06,0.0,0.0,0.0,0.6532386763418336,0.49370097741970603,0.580754716981132,0.24485294117647063,0.3908590160738006,0.13340434864339873,0.020202020202020204,0.0,0.0,0.0,0.0,0.05,0.0019256799240019975,0.0,1.1089352457425708e-06,0.0,0.0,1.2648580160738157e-06,0.0036413428021056763,0.0,0.010604876796714579,0.0027733933111315882,0.0011763011721117678,0.03312156029362849,1,2
9802,0.4000000000000341,0.0,0.0,0.10231660231660232,0.0,1.0,0.029411764705882346,0.0,0.0,0.0,0.0,0.0,0.0,0.0,0.0,0.0,0.009770786935533304,0.0,0.0008043294090493882,9.89901386388269e-06,0.004124015449151844,0.003066176204787363,0.0001086332224665509,0.6540988382081329,0.49399186225523267,0.5783018867924529,0.2450980392156863,0.40281382907420277,0.1342189360235604,0.020202020202020204,0.6999999999999957,0.0,1.0,0.0,0.35000000000000003,5.458261034287105e-06,0.0,0.0,0.0,5.298046911395949e-05,0.0,0.0036925289570728477,0.0,0.0,0.0008888713794467232,0.0011508943314556782,0.03312850488633448,1,2
7116,0.4000000000000341,0.0,0.0,0.10424710424710425,0.0,0.4,0.5588235294117647,0.0,0.0,0.0,0.0,0.0,0.0,0.0,0.0,0.0,0.009770786935533304,0.0,0.0008043294090493882,9.89901386388269e-06,0.04265073551208212,0.007689830644393947,0.0056180448503622485,0.6541800176669514,0.4938544486571975,0.4775471698113207,0.18112745098039218,0.39970630887532144,0.10138479854627484,0.24242424242424243,0.6499999999999986,0.0,1.0,1.0,0.45,0.0009404162851399908,0.0,0.0,0.0,0.0,0.0,0.0036354330375410375,0.0,0.0,0.007010536193125509,0.0027889100250069266,0.035828413717721434,0,2
8609,0.8000000000000114,0.0,0.0,0.0694980694980695,0.0,0.2,0.47058823529411764,0.0,0.0,0.0,0.0,0.0,0.0,0.0,0.0,0.0,0.01568864111122808,7.012079567395938e-05,0.0008045009510836194,9.89901386388269e-06,0.0,0.0,0.0,0.6535873743862768,0.49689319670504456,0.580188679245283,0.24497549019607845,0.3947403697339719,0.08045616893289055,0.030303030303030304,0.6000000000000014,1.0,1.0,0.0,0.2,0.000733402909868204,0.0,0.004192984976447728,0.0,0.0065700633679278845,0.0,0.005337398506890739,0.0,0.0,0.0,0.0023749065667145047,0.033160936134271436,0,2
10201,0.4000000000000341,0.0,0.0,0.10231660231660232,0.0,0.8,0.5588235294117647,0.0,0.0,0.0,0.0,0.0,0.0,0.0,0.0,0.0,0.009770786935533304,0.0,0.0008043294090493882,9.89901386388269e-06,0.030843716877374163,0.0,0.00010310913067345703,0.6539317434161989,0.49379640405780206,0.569811320754717,0.22659313725490196,0.4025213565848963,0.12463186916473465,0.020202020202020204,0.14999999999999858,0.0,1.0,0.0,0.35000000000000003,9.919914208084973e-05,0.0,0.0,0.0,0.00011450668007022972,0.0,0.0036632063002445528,0.0,0.0,0.0030106149856152543,0.0011014302417077593,0.03312156029362849,1,2
7184,0.6000000000000227,1.0,0.0,0.05791505791505792,0.0,0.8,0.38235294117647056,0.0,0.0,0.0,0.0,1.0,0.0,0.0,0.0,0.0,0.009963329732248278,0.0,0.0008043294090493882,9.89901386388269e-06,0.10836385615688611,0.02491034444933355,0.0,0.6536354822415856,0.4951559698856892,0.5564150943396227,0.2433823529411765,0.3941127725173351,0.12933141174259039,0.030303030303030304,0.5499999999999972,0.0,1.0,0.0,0.10000000000000002,9.73050440353695e-05,0.0,0.0,0.0,0.0004322329793356293,0.0,0.004113615093788266,0.0,0.0,0.007747680865857833,0.001419908967670216,0.033123048420636916,0,0
8437,0.0,1.0,0.0,0.06756756756756757,0.2962962962962963,0.6000000000000001,0.5,0.0,0.0,0.0,0.0,1.0,0.0,0.0,0.0,0.0,0.009770786935533304,0.0,0.0008043294090493882,9.89901386388269e-06,0.002240228237937761,0.0006550017845931646,0.0,0.6541227521534947,0.49402009461859725,0.30792452830188677,0.19522058823529415,0.3940640271024507,0.10727489191052073,0.24242424242424243,0.29999999999999716,0.0,0.0,0.0,0.35000000000000003,0.0,0.0016288867409628535,0.0,0.0,0.0,0.0,0.0036486370480904814,0.006975219053513958,0.0,0.00011949341545489105,0.0010887266231071817,0.03312156029362849,0,0
1584,0.6000000000000227,0.0,0.0,0.20463320463320464,0.0,0.6000000000000001,0.5588235294117647,0.0,0.0,0.0,0.0,0.0,0.0,0.0,0.0,0.0,0.02944733941717804,4.494670983209441e-05,0.0008043294090493882,8.947574903550407e-05,0.08193914040595235,0.022990961523838966,0.0,0.6529797657560767,0.4965596172663673,0.580754716981132,0.24350490196078436,0.3960991481738749,0.13008333855504733,0.020202020202020204,0.14999999999999858,1.0,1.0,0.0,0.25000000000000006,0.0030486628207515016,0.0,0.010750320709113683,0.04686743228335729,0.0,0.0008081358558697904,0.005328468876585176,0.0,0.0,0.017077658184876856,0.002083953025151121,0.03317737001686782,0,2
1769,0.6000000000000227,0.0,0.0,0.06756756756756757,0.0,0.6000000000000001,0.5294117647058824,0.0,0.0,0.0,0.0,1.0,0.0,0.0,0.0,0.0,0.009770786935533304,0.0,0.0008043294090493882,9.89901386388269e-06,0.0,0.0,0.0,0.6541011296105841,0.4939950270468417,0.20339622641509433,0.24522058823529416,0.39068840712170516,0.13052196252898052,0.25252525252525254,0.0,0.0,0.0,1.0,0.55,0.0,0.0,0.0,0.0,0.0,0.0,0.0036354330375410375,6.588191751444904e-05,0.0,3.6121751792401236e-05,0.0010825576210823542,0.03312156029362849,0,1
3529,0.20000000000004547,0.0,1.0,0.03474903474903475,0.0,0.6000000000000001,0.23529411764705882,0.0,0.0,0.0,0.0,0.0,0.0,0.0,0.0,0.0,0.010326578558597295,0.0,0.001143701931680266,9.89901386388269e-06,0.0,0.0,0.00011861573480131505,0.6537189703314452,0.49419329407931245,0.580754716981132,0.2450980392156863,0.39694000658063106,0.13290306410176078,0.020202020202020204,0.29999999999999716,0.0,1.0,0.0,0.5,8.30348143163751e-05,0.0,0.0,0.0,0.0,3.975268050517706e-07,0.0036897438956113512,0.0,0.0,0.0023528767700809567,0.0012744377485194493,0.03328712434416259,0,4
657,0.20000000000004547,1.0,0.0,0.10231660231660232,0.0,0.8,0.1764705882352941,0.0,0.0,0.0,0.0,0.0,0.0,0.0,0.0,0.0,0.009770786935533304,0.0,0.0008043294090493882,9.89901386388269e-06,0.0037404617682656144,0.012020471091045,0.0,0.6539086726777831,0.4938790182002969,0.580754716981132,0.2450980392156863,0.39975505429020586,0.13371765148192244,0.020202020202020204,0.3999999999999986,0.0,1.0,0.0,0.45,0.0,0.0,0.0,0.0,0.0,0.00013042493085744,0.0036525246687771126,0.0,0.0,0.006443741906501967,0.0011464403372735009,0.03312156029362849,0,3
4021,0.4000000000000341,0.0,1.0,0.0694980694980695,0.0,0.6000000000000001,0.2647058823529412,0.0,0.0,0.0,0.0,0.0,0.0,0.0,0.0,0.0,0.009770786935533304,0.0,0.0008043294090493882,9.89901386388269e-06,0.0,0.0,0.0013941154807909602,0.6538139621495448,0.49408461708409973,0.580754716981132,0.2450980392156863,0.4008701056556868,0.13346700921110347,0.020202020202020204,0.25,0.0,1.0,0.0,0.4,9.015635141210541e-06,0.0,0.0017123976440166643,0.007465421990163892,9.771257568048718e-05,0.0,0.003675855104688462,0.0,0.0,0.0015848802328573893,0.0014826497827754605,0.03312156029362849,0,4
1197,0.6000000000000227,0.0,0.0,0.03861003861003861,0.0,0.8,0.029411764705882346,0.0,0.0,0.0,0.0,0.0,0.0,0.0,0.0,0.0,0.009770786935533304,0.0,0.0008043294090493882,9.89901386388269e-06,0.0,0.0002001902181026305,0.0,0.653989706687545,0.4939202016377743,0.49716981132075466,0.13946078431372552,0.3930586529204597,0.07813772792781504,0.020202020202020204,0.6000000000000014,0.0,1.0,0.0,0.45,0.0,0.0,0.0,0.0,0.0,0.0,0.0036354330375410375,0.0,0.0,0.0010060368349773165,0.0010932283018335548,0.03312156029362849,0,2
7134,0.20000000000004547,1.0,0.0,0.33976833976833976,1.0,0.6000000000000001,0.5,0.4444444444444444,0.0,0.0,0.0,1.0,0.0,0.0,0.0,0.0,0.04401937076249521,7.5183984157108645e-06,0.0008697804924737883,1.0091325994162619e-05,0.007001571810937317,0.001609499437198733,0.0,0.6526892274551678,0.49670190168558603,0.580754716981132,0.24473039215686276,0.391614570004509,0.046306159533805374,0.030303030303030304,0.14999999999999858,1.0,1.0,0.0,0.25000000000000006,0.0009993234132426143,0.0,0.03331433021571311,0.0,0.0,0.005258954381630792,0.0061746155461972155,0.0,0.0,0.00014863128747439884,0.002522548770965777,0.03370269869253558,0,0
12339,0.8000000000000114,0.0,0.0,0.06756756756756757,0.0,0.6000000000000001,0.029411764705882346,0.0,0.0,0.0,0.0,0.0,0.0,0.0,0.0,0.0,0.009770786935533304,0.0,0.0008043294090493882,9.89901386388269e-06,0.004013757322224134,0.0010620302977798332,0.0,0.6536621948388424,0.49275976847283603,0.20339622641509433,0.2280637254901961,0.39068840712170516,0.05758506172065919,0.020202020202020204,0.9499999999999957,0.0,1.0,0.0,0.55,0.0,0.0,7.167754179299707e-05,0.0,0.0,4.2210118936406186e-05,0.0036355237395285754,0.0,0.0017967145790554417,0.0007730617687072046,0.0010825576210823542,0.03312156029362849,1,2
1026,0.6000000000000227,0.0,0.0,0.20463320463320464,0.0,0.4,0.6470588235294117,0.0,0.0,0.0,0.0,1.0,0.0,0.0,0.0,0.0,0.010108015244802425,0.0,0.0008043294090493882,9.89901386388269e-06,0.014460082220027502,0.0033977490442350577,0.0,0.65368150941335,0.49400912013210535,0.28358490566037736,0.07463235294117648,0.3929489757369698,0.04693276521085282,0.25252525252525254,0.0,0.0,1.0,0.0,0.45,0.0003833545821941844,0.0,0.0,0.0,0.0,0.0,0.0036354330375410375,0.0,0.0,0.0010901503759783188,0.0016274327979640506,0.033659845595116276,0,1
9194,0.8000000000000114,1.0,1.0,0.05791505791505792,0.0,0.8,0.23529411764705882,0.0,0.0,0.0,0.0,0.0,0.0,0.0,0.0,0.0,0.009770786935533304,0.0,0.0008043294090493882,9.89901386388269e-06,0.03963653137331739,0.010432162399224502,0.0002324468231676669,0.6540396450805263,0.49388974347837317,0.58,0.24497549019607845,0.4030392766180432,0.13409361488815089,0.020202020202020204,0.8999999999999986,0.0,1.0,0.0,0.25000000000000006,6.881889565244823e-05,0.0,0.0,0.0,3.8659308334262906e-06,0.0,0.0037617357515120874,0.0,0.0,0.0017102063391116198,0.0014088621639238414,0.033532928202991,1,4
1989,0.6000000000000227,0.0,0.0,0.0694980694980695,0.0,0.6000000000000001,0.5294117647058824,0.0,0.0,0.0,0.0,1.0,0.0,0.0,0.0,0.0,0.009770786935533304,0.00013686976970720083,0.0014128825728498085,1.9919488020573754e-05,0.0,0.0003381378154668342,0.0,0.6536624396836097,0.4952441725851317,0.580377358490566,0.2433823529411765,0.39368015696023595,0.12995801741963783,0.020202020202020204,0.3500000000000014,0.0,1.0,0.0,0.2,0.0,0.0,0.0,0.0,0.0,3.6897715268896164e-05,0.004427873921648978,0.0,0.0,0.00681731551940879,0.0014024756569302708,0.03325725267468012,0,1
12227,0.0,0.0,0.0,0.015444015444015444,0.0,0.8,0.5588235294117647,0.0,0.0,0.0,0.0,0.0,0.0,0.0,0.0,0.0,0.009770786935533304,0.0,0.0008043294090493882,9.89901386388269e-06,0.0,1.9113221321546293e-05,0.0,0.6536589681227533,0.4934688556956891,0.580754716981132,0.2450980392156863,0.40287476084280827,0.13233911899241807,0.020202020202020204,0.7999999999999972,0.0,1.0,0.0,0.25000000000000006,4.955883774912421e-07,0.0,0.0,0.0,0.0,0.0,0.0036354330375410375,0.0,0.006628028747433266,0.0002640827505332563,0.0010866310311373642,0.03312156029362849,1,2
8625,0.20000000000004547,0.0,0.0,0.03474903474903475,0.0,0.6000000000000001,0.47058823529411764,0.0,0.0,0.0,0.0,0.0,0.0,0.0,0.0,0.0,0.009770786935533304,0.0,0.0009494071858178404,9.89901386388269e-06,0.0,3.0414952189938883e-05,0.0,0.6540468668415483,0.4939351483200879,0.580754716981132,0.2450980392156863,0.40160738005581353,0.1342189360235604,0.25252525252525254,0.10000000000000142,0.0,0.0,0.0,0.8,0.0,0.0,0.0,0.0,0.0,0.0,0.0036392939580754935,0.002699536671705771,0.00045777720739219714,0.0,0.0010877926107721704,0.03312156029362849,0,2
11438,0.0,0.0,0.0,0.02316602316602317,0.0,0.8,0.5588235294117647,0.0,0.0,0.0,0.0,0.0,0.0,0.0,0.0,0.0,0.009770786935533304,0.0,0.0008043294090493882,9.89901386388269e-06,0.0,0.0,1.9464811633145758e-05,0.6540997536426286,0.4944478235992841,0.580754716981132,0.2450980392156863,0.3913342838689236,0.1275769158468576,0.020202020202020204,0.6000000000000014,0.0,1.0,0.0,0.4,2.6517372636723175e-05,0.0,0.0,0.0,4.457559114817035e-05,0.0,0.0036359419110295614,0.0,0.0,8.019949849091917e-05,0.0011446868149913082,0.03312156029362849,1,2
4093,0.4000000000000341,0.0,0.0,0.02316602316602317,0.0,1.0,0.029411764705882346,0.0,0.0,0.0,0.0,0.0,0.0,0.0,0.0,0.0,0.01029486934547564,4.125843891117965e-05,0.0008043294090493882,9.89901386388269e-06,0.0,0.0009146091907171239,9.923791673971407e-05,0.6538730684715641,0.4941256708710929,0.580754716981132,0.2450980392156863,0.39862172339414326,0.13378031204962718,0.020202020202020204,0.0,0.0,1.0,0.0,0.8,0.0,0.0,1.612996721080103e-06,7.0320706371495505e-06,0.0,0.0,0.0036786009012202883,0.0,0.0,0.0019651563237880155,0.0012485504439476742,0.03312156029362849,0,2
2809,0.6000000000000227,1.0,0.0,0.06756756756756757,0.2962962962962963,0.6000000000000001,0.5,0.0,0.0,0.0,0.0,1.0,0.0,0.0,0.0,0.0,0.009814385222393026,0.0,0.0008043294090493882,1.738906525373258e-05,0.0,0.0012534949148443665,0.0,0.6540985582435477,0.4939920846795663,0.580754716981132,0.2450980392156863,0.40267977918327064,0.13258976126323704,0.25252525252525254,0.6999999999999957,0.0,0.0,1.0,0.5,0.0,0.004710462070193727,0.0,0.0,0.0,0.0,0.0036354330375410375,0.007448904633954891,0.0,0.0004616779423494795,0.0010852846119336328,0.03312156029362849,0,0
9496,0.4000000000000341,0.0,0.0,0.06756756756756757,0.0,1.0,0.5588235294117647,0.0,0.0,0.0,0.0,0.0,0.0,0.0,0.0,0.0,0.009770786935533304,0.0,0.0008043294090493882,9.89901386388269e-06,0.0,0.0,0.0,0.6540890003520046,0.4939809009666943,0.40452830188679245,0.1463235294117647,0.3971837336550531,0.0837145184535372,0.24242424242424243,0.3999999999999986,0.0,1.0,0.0,0.5,0.0,0.0,0.0,0.0,0.0,0.0,0.0036354330375410375,0.0,0.0,0.00016474793310415295,0.001087824830058789,0.03312156029362849,1,2
5643,0.8000000000000114,1.0,0.0,0.06756756756756757,0.2962962962962963,0.6000000000000001,0.5,0.0,0.0,0.0,0.0,1.0,0.0,0.0,0.0,0.0,0.009770786935533304,0.0,0.0008043294090493882,9.89901386388269e-06,0.0010635390472830228,0.00024448303099125734,0.0,0.6541051077582463,0.49399963856705686,0.3920754716981132,0.17867647058823533,0.3967815839822567,0.099880944921361,0.24242424242424243,0.0,0.0,0.0,0.0,0.55,0.0,0.001737801589526008,0.0,0.0,0.0,0.0,0.0036479864282058486,0.009791226922888885,0.0,8.255304039240706e-05,0.001087254350413104,0.03312156029362849,0,0
9176,0.20000000000004547,0.0,1.0,0.02316602316602317,0.0,0.4,0.23529411764705882,0.0,0.0,0.0,0.0,0.0,0.0,0.0,0.0,0.0,0.009770786935533304,0.0,0.0008043294090493882,9.89901386388269e-06,0.0,0.0002394138722929342,0.0,0.6540532666000427,0.4939390351173871,0.20339622641509433,0.2450980392156863,0.39068840712170516,0.1342189360235604,0.020202020202020204,0.8999999999999986,0.0,1.0,0.0,0.4,0.0,0.0,0.0,0.0,0.0,0.0,0.0036354330375410375,0.0,0.0,0.00043844950706088155,0.0010825576210823542,0.03312156029362849,1,4
11283,0.4000000000000341,0.0,0.0,0.03861003861003861,0.0,0.8,0.029411764705882346,0.0,0.0,0.0,0.0,0.0,0.0,0.0,0.0,0.0,0.009770786935533304,0.0,0.0008043294090493882,9.89901386388269e-06,0.0,0.0,0.0,0.6538998904041027,0.49399845308029444,0.20339622641509433,0.2450980392156863,0.39068840712170516,0.1342189360235604,0.25252525252525254,0.5499999999999972,0.0,1.0,0.0,0.6,1.0522766919334593e-05,0.0,0.0,0.0,0.0,0.0,0.0036354330375410375,0.0,0.0,0.0036291616120943406,0.001113091392897754,0.03312156029362849,1,2
5507,0.6000000000000227,0.0,0.0,0.06756756756756757,0.0,0.6000000000000001,0.029411764705882346,0.0,0.0,0.0,0.0,0.0,0.0,0.0,0.0,0.0,0.009770786935533304,0.0,0.0008043294090493882,9.89901386388269e-06,0.0009312292949697712,0.0008785433730929888,0.0,0.6541059867476481,0.4940005336988427,0.3920754716981132,0.21593137254901965,0.3967815839822567,0.11849113352966979,0.25252525252525254,0.6499999999999986,0.0,0.0,1.0,0.55,0.0,0.004321059947531639,0.0,0.0,0.0,0.0,0.003639893140902258,0.010595326152950935,0.0,0.0003280121115312809,0.001086949655097957,0.03312156029362849,0,2
1476,0.20000000000004547,1.0,1.0,0.06756756756756757,0.0,0.6000000000000001,0.23529411764705882,0.0,0.0,0.0,0.0,0.0,0.0,0.0,0.0,0.0,0.009770786935533304,0.0,0.0008043294090493882,9.89901386388269e-06,0.022268526618842356,0.0034539252947279504,0.0,0.6540082264276859,0.493881621690708,0.5771698113207546,0.24301470588235294,0.4027589904824578,0.13271508239864654,0.020202020202020204,0.8999999999999986,0.0,1.0,0.0,0.45,0.00011272938367454898,0.0,0.0,0.0,0.0,0.00020248569897318825,0.0037038121272628326,0.0,0.0,0.0007636987650556331,0.0012690389361492101,0.03312156029362849,0,4
11885,0.6000000000000227,0.0,1.0,0.02316602316602317,0.0,0.6000000000000001,0.23529411764705882,0.0,0.0,0.0,0.0,0.0,0.0,0.0,0.0,0.0,0.009770786935533304,0.0,0.0008043294090493882,9.89901386388269e-06,0.0,9.190966426795739e-05,9.097352744295945e-05,0.6539914603592011,0.49386662260475556,0.580754716981132,0.2425245098039216,0.40287476084280827,0.13290306410176078,0.020202020202020204,0.6499999999999986,0.0,1.0,0.0,0.9,1.452820723056518e-06,0.0,0.0,0.0,7.544043164823774e-06,0.0,0.0036354330375410375,0.0,0.0,0.0018407767506898182,0.0010843420738797008,0.03312156029362849,1,4
3742,0.20000000000004547,0.0,0.0,0.06756756756756757,0.0,0.0,0.4411764705882353,0.0,0.0,0.0,0.0,0.0,0.0,0.0,0.0,0.0,0.009770786935533304,0.0,0.0008043294090493882,9.89901386388269e-06,0.00033041287872762846,0.00026916401678473236,0.0,0.6540974055846224,0.4939907085988287,0.580754716981132,0.2450980392156863,0.40287476084280827,0.13403095432044615,0.24242424242424243,1.0,0.0,0.0,0.0,0.4,0.0,0.005320847794863298,0.0,0.0,0.0,0.0,0.00363573616279809,0.006652760664741597,0.0,7.907389149455539e-05,0.0010852352916410394,0.03312156029362849,0,2
4742,0.8000000000000114,1.0,1.0,0.03861003861003861,0.0,0.6000000000000001,0.23529411764705882,0.0,0.0,0.0,0.0,0.0,0.0,0.0,0.0,0.0,0.009770786935533304,0.0,0.0013867302099947409,9.89901386388269e-06,0.0,0.00148775652747671,0.0,0.6541353267048582,0.4940446715370236,0.3618867924528302,0.2193627450980392,0.395392339658051,0.11679929820164171,0.020202020202020204,0.29999999999999716,0.0,1.0,0.0,0.35000000000000003,1.8520069778028884e-05,0.0,4.435740982970283e-06,1.9338194252161265e-05,0.0,4.9148768624582544e-06,0.0036354330375410375,0.0,0.0008470225872689939,0.00019976965987738047,0.0011070872049160148,0.03312156029362849,0,4
5483,0.0,0.0,0.0,0.10231660231660232,0.0,0.8,0.5588235294117647,0.0,0.0,0.0,0.0,0.0,0.0,0.0,0.0,0.0,0.009770786935533304,0.0,0.0008043294090493882,9.89901386388269e-06,0.017127244385511577,0.0,0.0,0.6540668327892802,0.49408840761397355,0.580754716981132,0.2450980392156863,0.39605649593585107,0.11993232658687888,0.020202020202020204,0.10000000000000142,0.0,1.0,0.0,0.6,7.433825662368632e-06,0.0,0.0,0.0,6.338874443472258e-06,0.0,0.003724120341537478,0.0,0.0,0.00011783058693753547,0.001120966777910044,0.03312156029362849,0,2
2853,0.4000000000000341,0.0,0.0,0.03474903474903475,0.0,0.6000000000000001,0.029411764705882346,0.0,0.0,0.0,0.0,0.0,0.0,0.0,0.0,0.0,0.010983276813830574,0.0,0.0024320293929478293,9.89901386388269e-06,0.0,0.016823457407225045,0.0,0.6539248791484165,0.49384136715625043,0.5767924528301887,0.2450980392156863,0.40266149965268894,0.13409361488815089,0.030303030303030304,0.10000000000000142,0.0,0.0,0.0,0.4,0.0,0.0,0.0037727993306063607,0.011851236545671101,0.0,0.0005120145249066805,0.0038706299662646247,0.0,0.0,0.0,0.002434337023608138,0.03312156029362849,0,2
3691,0.0,0.0,0.0,0.047972972972972976,0.0,0.0,0.7941176470588235,0.3333333333333333,0.0,0.0,0.0,0.0,0.0,0.0,0.0,0.0,0.009857637371662904,0.0,0.0008043294090493882,1.6245314163120365e-05,0.0,0.0,0.0,0.6540103018101256,0.4940632321295395,0.580754716981132,0.24276960784313728,0.3933754981172084,0.13139921047684694,0.24242424242424243,0.5,0.0,1.0,0.0,0.10000000000000002,0.0006598928968342975,0.0,0.0,0.0,0.0,0.0,0.0036354330375410375,0.0,0.0004744609856262834,0.0,0.0011130827680425667,0.03315214130365164,0,2
2102,0.0,1.0,0.0,0.10231660231660232,0.0,0.6000000000000001,0.5588235294117647,0.0,0.0,0.0,0.0,0.0,0.0,0.0,0.0,0.0,0.009770786935533304,0.0,0.0008043294090493882,9.89901386388269e-06,0.0014951725015508437,0.0003437055799387629,0.0,0.6541230616054741,0.4940206516498691,0.30754716981132074,0.11985294117647059,0.3940518407487296,0.06992919355849365,0.24242424242424243,0.3500000000000014,0.0,1.0,0.0,0.05,6.845229603074239e-05,0.0,0.0,0.0,0.0,0.0,0.0036354330375410375,0.0,0.0,2.9189035973887966e-05,0.0010910647519530383,0.03312156029362849,0,3
3705,0.6000000000000227,0.0,0.0,0.06756756756756757,0.0,0.6000000000000001,0.5294117647058824,0.0,0.0,0.0,0.0,1.0,0.0,0.0,0.0,0.0,0.009770786935533304,0.0,0.0008043294090493882,9.89901386388269e-06,0.00020135664491388299,4.6287235983049066e-05,0.0,0.6541135302194538,0.4940089664147648,0.4139622641509434,0.19669117647058826,0.39754323108982564,0.10846544269691086,0.24242424242424243,0.5,0.0,1.0,0.0,0.55,1.3000708806790804e-05,0.0,0.0,0.0,0.0,0.0,0.003644779268750399,0.0,0.0,1.5118948519340743e-05,0.0010887079359209427,0.033125989951690235,0,1
12402,0.0,0.0,0.0,0.10231660231660232,0.0,0.6000000000000001,0.029411764705882346,0.0,0.0,0.0,0.0,0.0,0.0,0.0,0.0,0.0,0.009859894790727094,0.0,0.0008838937234719017,9.89901386388269e-06,0.01832887721799586,0.024938432574579998,5.7263518469355065e-05,0.651957260875454,0.49145500714676554,0.580754716981132,0.2450980392156863,0.4060188401028529,0.1342189360235604,0.020202020202020204,0.9499999999999957,0.0,1.0,0.0,0.75,0.0,0.0,0.0,0.0,0.0001156022879987311,0.0,0.003661424065086829,0.0,0.01325608316221766,0.02637742318883439,0.0011038075789470245,0.03350583933101429,1,2
6943,0.8000000000000114,0.0,0.0,0.10231660231660232,0.0,0.6000000000000001,0.029411764705882346,0.0,0.0,0.0,0.0,0.0,0.0,0.0,0.0,0.0,0.010992637578216748,0.0,0.0008043294090493882,9.89901386388269e-06,0.0,0.0,0.0,0.6540673486530189,0.4939586103996204,0.580188679245283,0.2450980392156863,0.40244823846256966,0.1342189360235604,0.020202020202020204,0.29999999999999716,0.0,0.0,0.0,0.25000000000000006,0.0,0.0,0.0,0.0,0.0,3.613880045925187e-08,0.003663496860724111,0.0,0.0,0.0005594522591699877,0.0010965944737632164,0.03312156029362849,0,2
7140,0.8000000000000114,1.0,0.0,0.06756756756756757,0.2962962962962963,0.6000000000000001,0.5,0.0,0.0,0.0,0.0,1.0,0.0,0.0,0.0,0.0,0.009770786935533304,3.055372360521106e-07,0.0008043294090493882,9.89901386388269e-06,0.0006723938232312789,0.00650331510513726,0.0,0.6541133128741664,0.4940092121296046,0.39943396226415095,0.22904411764705887,0.39701921787981825,0.1253211354094868,0.020202020202020204,0.5,0.0,1.0,0.0,0.55,0.0,0.0,0.00015867855243625512,0.0002553520650114931,0.0,3.588582885603711e-05,0.0036443355750451277,0.0,0.0,0.0020244553469146347,0.0010880200789356988,0.03312156029362849,0,0
5279,0.20000000000004547,0.0,0.0,0.10231660231660232,0.0,0.6000000000000001,0.5294117647058824,0.0,0.0,0.0,0.0,1.0,0.0,0.0,0.0,0.0,0.009951109570380796,0.0,0.0008043294090493882,9.89901386388269e-06,0.0009355673196357794,0.00021506529034852958,0.000314960225777896,0.6541398495410151,0.49403925727069686,0.4050943396226415,0.23431372549019613,0.3972081063624953,0.1273262735760386,0.24242424242424243,0.3500000000000014,0.0,1.0,0.0,0.35000000000000003,0.00020892105108103406,0.0,0.0,0.0,0.0,0.0,0.0036354330375410375,0.0,0.0,0.00030179058491144287,0.0011016703001771357,0.03312320715418448,0,1
9429,0.4000000000000341,0.0,1.0,0.0694980694980695,0.0,0.6000000000000001,0.23529411764705882,0.0,0.0,0.0,0.0,0.0,0.0,0.0,0.0,0.0,0.03023626223173114,0.0,0.028148145260235114,9.89901386388269e-06,0.0,0.0,0.0002964958402175152,0.6520156836863027,0.49363913646781016,0.3920754716981132,0.21225490196078434,0.3933754981172084,0.10771351588445392,0.020202020202020204,0.5,1.0,1.0,0.0,0.05,0.00027825590175662384,0.0,7.802871638224998e-05,0.0,0.0,0.00021083376187927544,0.004326037578004632,0.0,0.0,0.013549238398957074,0.0018339492550856497,0.04804102563776957,1,4
81,1.0,0.0,0.0,0.33976833976833976,0.0,0.6000000000000001,0.0,0.0,0.0,0.0,0.0,0.0,0.0,0.0,0.0,0.0,0.0121995140077744,1.28653000466228e-05,0.0019321559051980748,2.243978909634757e-05,0.14460082220027504,0.07124752411070544,0.0,0.6530255000418135,0.5006460514679925,0.580754716981132,0.23504901960784316,0.3928941371452248,0.05163230778870857,0.030303030303030304,0.0,1.0,1.0,0.0,0.10000000000000002,0.003110475590300238,0.0,0.0,0.0,0.0,0.01153340905616656,0.009893276884562666,0.0,0.0,0.013359266636343497,0.0038313705951878337,0.03312156029362849,0,2
4633,0.8000000000000114,1.0,0.0,0.06756756756756757,0.2962962962962963,0.6000000000000001,0.5,0.0,0.0,0.0,0.0,1.0,0.0,0.0,0.0,0.0,0.009770786935533304,0.0,0.0008043294090493882,9.89901386388269e-06,0.0,0.0,5.263111078459524e-06,0.6541078659892188,0.4940024935949342,0.3920754716981132,0.15600490196078434,0.3967815839822567,0.0870355285418886,0.24242424242424243,0.10000000000000142,0.0,0.0,0.0,0.55,0.0,0.0023128635795264473,0.0,0.0,0.0,0.0,0.0036354330375410375,0.005627458841758817,0.0,1.7267834603307955e-05,0.001086807989373101,0.03312156029362849,0,0
5523,0.4000000000000341,0.0,0.0,0.04247104247104247,0.0,0.6000000000000001,0.5294117647058824,0.0,0.0,0.0,0.0,1.0,0.0,0.0,0.0,0.0,0.009770786935533304,0.0,0.0008043294090493882,9.89901386388269e-06,0.0,2.4265480982137032e-05,9.177821797974872e-06,0.6535778873970074,0.4933916674647741,0.580754716981132,0.2450980392156863,0.40282601542792384,0.1342189360235604,0.020202020202020204,0.9499999999999957,0.0,1.0,0.0,0.45,0.00016270913210044658,0.0,0.0,0.0,0.0001350415029587127,0.0,0.003675516640994706,0.0,0.0,0.005746505118186177,0.0014818764703284771,0.03312156029362849,0,1
4798,0.4000000000000341,0.0,0.0,0.06756756756756757,0.0,0.0,0.4411764705882353,0.0,0.0,0.0,0.0,0.0,0.0,0.0,0.0,0.0,0.009770786935533304,0.0,0.0008043294090493882,9.89901386388269e-06,0.00010122057554019251,2.326826943492592e-05,2.9534317539454684e-05,0.6540992513629704,0.49399989243357373,0.580754716981132,0.2450980392156863,0.39843892808832676,0.1277648975499718,0.24242424242424243,0.5,0.0,0.0,0.0,0.45,0.0,0.0,0.0,0.0,0.0,0.0,0.0036370758821984324,0.002995194327327472,0.0,9.953947324662408e-05,0.0010863057154787811,0.03317943355298617,0,2
9577,0.20000000000004547,0.0,0.0,0.04247104247104247,0.0,0.8,0.5588235294117647,0.0,0.0,0.0,0.0,0.0,0.0,0.0,0.0,0.0,0.009770786935533304,0.0,0.0008043294090493882,9.89901386388269e-06,0.0,0.0,0.0,0.6540669066734252,0.49395501589817326,0.20339622641509433,0.2450980392156863,0.39068840712170516,0.1342189360235604,0.020202020202020204,0.3999999999999986,0.0,1.0,0.0,0.2,0.0,0.0,0.0,0.0,0.0,0.0,0.0036354330375410375,0.0,0.0,0.0005645942365851949,0.0010825576210823542,0.03312156029362849,1,2
5798,0.20000000000004547,1.0,0.0,0.06756756756756757,0.0,0.6000000000000001,0.0,0.0,0.0,0.0,0.0,0.0,0.0,0.0,0.0,0.0,0.009976061575770308,0.0,0.0008043294090493882,9.89901386388269e-06,0.00044356302209934363,0.0008400676275630934,1.0069505906308924e-05,0.6540943219983567,0.49398873861018455,0.580754716981132,0.2450980392156863,0.40216795232698427,0.13346700921110347,0.24242424242424243,0.5,0.0,0.0,0.0,0.10000000000000002,0.0,0.001400754287891381,0.0,0.0,0.0,0.0,0.0036354330375410375,0.007225925623563081,0.0,0.00020322322679804206,0.0010873640942601409,0.03312156029362849,0,3
5453,0.20000000000004547,0.0,0.0,0.06756756756756757,0.0,0.6000000000000001,0.5588235294117647,0.0,0.0,0.0,0.0,0.0,0.0,0.0,0.0,0.0,0.009770786935533304,0.0,0.0016137582949345588,9.89901386388269e-06,0.008557115155756776,0.0019670828778361837,0.0,0.6538264157694603,0.49424802599238493,0.580754716981132,0.2450980392156863,0.4023812135171036,0.13334168807569396,0.020202020202020204,0.7999999999999972,0.0,1.0,0.0,0.45,0.001325841476308625,0.0,0.0,0.0,0.001494205744432015,0.0,0.003657007545797542,0.0,0.0,0.002209643279793666,0.0037262340565693605,0.03344563467267674,0,2
3124,0.6000000000000227,0.0,0.0,0.06756756756756757,0.0,0.6000000000000001,0.1176470588235294,0.0,0.0,0.0,0.03467282410338535,0.0,0.0,0.0,0.0,0.0,0.009770786935533304,0.0,0.0008043294090493882,9.89901386388269e-06,0.0,5.210430334178054e-05,0.0,0.654100776424492,0.4939946978743549,0.3920754716981132,0.17806372549019608,0.3967815839822567,0.09994360548906574,0.25252525252525254,0.5,0.0,0.0,0.0,0.55,0.0,0.0,0.0,0.0,0.0,0.0,0.003637965232855459,0.0038655616526150757,0.0,6.635964883108273e-05,0.0010835052150858786,0.03312156029362849,0,2
6031,0.4000000000000341,0.0,1.0,0.10231660231660232,0.0,0.8,0.23529411764705882,0.0,0.0,0.0,0.0,0.0,0.0,0.0,0.0,0.0,0.009770786935533304,0.0,0.0008043294090493882,9.89901386388269e-06,0.0,0.0,0.0,0.6540955031507191,0.4939881551830058,0.20339622641509433,0.2450980392156863,0.39068840712170516,0.12951939344570462,0.020202020202020204,0.29999999999999716,0.0,1.0,0.0,0.8,0.0,0.0,0.0,0.0,4.820674885406063e-06,0.0,0.0036354330375410375,0.0,0.0,0.00012299814632993282,0.0010825576210823542,0.03312156029362849,0,4
1741,0.6000000000000227,1.0,0.0,0.15830115830115832,0.4444444444444444,0.6000000000000001,0.5,0.0,0.0,0.0,0.0,1.0,0.0,0.0,0.0,0.0,0.009956211337465866,0.0,0.0008043294090493882,9.89901386388269e-06,0.009023814309408164,0.0020744493210859134,0.0,0.6542954628030845,0.4942225632583752,0.2922641509433962,0.14240196078431375,0.39355829342302495,0.08158405915157592,0.020202020202020204,0.0,0.0,1.0,0.0,0.35000000000000003,0.00017709477281145948,0.0,0.0015963626923939645,0.004389330590825785,9.833863735391653e-05,0.0,0.0037105900394224763,0.0,0.0,0.00038073656652004784,0.0011442966642144217,0.03312156029362849,0,0
5580,0.4000000000000341,0.0,0.0,0.03474903474903475,0.0,0.6000000000000001,0.029411764705882346,0.0,0.0,0.0,0.0,0.0,0.0,0.0,0.0,0.0,0.013438430738583123,0.00021687687737627492,0.000929087252126634,9.89901386388269e-06,0.12878149225156493,0.04027571237261142,0.0,0.6534267989590091,0.49336641085174365,0.580754716981132,0.24387254901960786,0.4011564849681327,0.1290181089040667,0.020202020202020204,0.14999999999999858,1.0,1.0,0.0,0.25000000000000006,0.0,0.0,0.0012033963662208243,0.0007286983197746222,0.0,0.00037143459112019074,0.00395840043415327,0.0,0.0,0.010625576553810922,0.0013481883895436566,0.03316124368051985,0,2
10889,0.4000000000000341,0.0,0.0,0.02316602316602317,0.0,0.6000000000000001,0.0,0.0,0.0,0.0,0.0,0.0,0.0,0.0,0.0,0.0,0.009770786935533304,0.0,0.0008043294090493882,9.89901386388269e-06,0.0,0.0,0.0,0.6537697423231205,0.4936061248925862,0.20339622641509433,0.15747549019607845,0.39068840712170516,0.08929130897925937,0.020202020202020204,0.5,0.0,1.0,0.0,0.55,0.0,0.0,0.0,0.0,0.0,0.0,0.0036354330375410375,0.0,0.0002629363449691992,0.00011514447933257646,0.0010825576210823542,0.03312156029362849,1,2
7567,0.0,0.0,0.0,0.04633204633204634,0.0,0.8,0.5588235294117647,0.0,0.0,0.0,0.0,0.0,0.0,0.0,0.0,0.0,0.009854431836591755,0.0,0.0008043294090493882,9.89901386388269e-06,0.0005151404290884798,0.005230208363197742,0.0,0.6540586024931133,0.49394522922749434,0.3137735849056604,0.13823529411764707,0.3942529155851278,0.07957892098502413,0.24242424242424243,0.0,0.0,0.0,0.0,0.35000000000000003,0.0,0.1769958803694442,0.0,0.0,0.0,0.0,0.003639488712126657,0.13706976230839119,0.0,0.00305998820159212,0.0011239169740653906,0.03312156029362849,0,2
10281,0.6000000000000227,0.0,1.0,0.05791505791505792,0.0,0.6000000000000001,0.23529411764705882,0.0,0.0,0.0,0.0,0.0,0.0,0.0,0.0,0.0,0.010285794520837596,0.0,0.001404196308025555,9.89901386388269e-06,0.01680370004583846,0.006536472389082029,0.0,0.6538486091750695,0.4939829753744409,0.580754716981132,0.2450980392156863,0.4007908943564996,0.12601040165423902,0.020202020202020204,0.14999999999999858,1.0,1.0,0.0,0.45,1.78547593534516e-05,0.0,0.0,0.0,0.0,0.0005899297786968276,0.0036698542454869885,0.0,0.0,0.004157506187001184,0.0014834488210836057,0.03312156029362849,1,4
4869,0.6000000000000227,1.0,0.0,0.15830115830115832,0.4444444444444444,0.4,0.5,0.0,0.0,0.0,0.0,1.0,0.0,0.0,0.0,0.0,0.009770786935533304,0.0,0.0008043294090493882,9.89901386388269e-06,0.004641324890573327,0.0014272590269459025,0.0,0.6542271792750942,0.4941316883615286,0.2879245283018868,0.1397058823529412,0.39341815035523225,0.07494203897487312,0.020202020202020204,0.6999999999999957,0.0,1.0,0.0,0.35000000000000003,0.00026370732788040833,0.0,0.0,0.0,0.00014264815229087942,0.0,0.003651603120877757,0.0,0.0,0.00030299293783937693,0.0011200582931636615,0.03312156029362849,0,0
12247,0.6000000000000227,1.0,1.0,0.015444015444015444,0.0,0.6000000000000001,0.23529411764705882,0.0,0.0,0.0,0.0,0.0,0.0,0.0,0.0,0.0,0.009770786935533304,0.0,0.0008043294090493882,9.89901386388269e-06,0.0,8.84194238527185e-05,0.0,0.6540767895889423,0.4939665947732994,0.20339622641509433,0.2450980392156863,0.39068840712170516,0.1342189360235604,0.020202020202020204,0.7999999999999972,0.0,1.0,0.0,0.05,8.553991173136508e-06,0.0,4.0324918027002574e-07,0.0,0.0,1.445552018370075e-07,0.0036354330375410375,0.0,0.0,0.00043919138439939406,0.0010825576210823542,0.03312156029362849,1,4
3885,0.20000000000004547,1.0,0.0,0.03474903474903475,0.0,0.6000000000000001,0.47058823529411764,0.4444444444444444,0.0,0.0,0.0,0.0,0.0,0.0,0.0,0.0,0.009926458554199841,3.5464143470334266e-06,0.0008466379125829592,9.89901386388269e-06,0.0,0.0002050931748764185,0.0,0.6540470384648088,0.49411066169258777,0.48075471698113204,0.197671568627451,0.39632459571771533,0.10815213985838713,0.020202020202020204,0.19999999999999574,0.0,1.0,0.0,0.45,0.0,0.0,0.0,0.0,7.803858759296957e-05,0.0,0.003681874811056177,0.0,0.0,0.0003657711098638476,0.0011524526048609612,0.03312156029362849,0,3
9262,0.6000000000000227,0.0,1.0,0.21235521235521235,0.0,0.8,0.2647058823529412,0.0,0.0,0.0,0.0,0.0,1.0,0.0,0.0,0.0,0.009770786935533304,0.0,0.0008043294090493882,9.89901386388269e-06,0.0,6.016509668173702e-05,0.0,0.654078047276002,0.49396804848905745,0.4866037735849056,0.2450980392156863,0.39983426558939306,0.13415627545585562,0.25252525252525254,0.29999999999999716,0.0,0.0,1.0,0.35000000000000003,0.0,0.0,0.0,0.0,0.0,0.0,0.0036354330375410375,0.007932708070426765,0.0,0.00045492430037129684,0.0010851156341673508,0.03312156029362849,1,4
7811,0.8000000000000114,1.0,0.0,0.015444015444015444,0.0,0.6000000000000001,0.1764705882352941,0.0,0.0,0.0,0.0,0.0,0.0,0.0,0.0,0.0,0.009770786935533304,0.0,0.0008058888820878538,9.89901386388269e-06,0.019130688777096387,0.04075877826627294,0.0,0.653356802511604,0.4931214521770941,0.20339622641509433,0.12193627450980393,0.39068840712170516,0.07111974434488377,0.020202020202020204,0.29999999999999716,0.0,1.0,0.0,0.75,0.0,0.0,9.980417211683137e-06,4.351093706736284e-05,0.0,0.0,0.0036354330375410375,0.0,0.001797022587268994,0.015031816305031311,0.0010825625778956801,0.03312156029362849,0,3
4006,0.6000000000000227,1.0,0.0,0.06756756756756757,0.2962962962962963,0.6000000000000001,0.5,0.0,0.0,0.0,0.0,1.0,0.0,0.0,0.0,0.0,0.010085004619808114,0.0,0.0008043450037797729,9.89901386388269e-06,0.0013791303417351232,0.0003170301710508657,0.0,0.6540967886685778,0.49402478882010925,0.580754716981132,0.24473039215686276,0.3939421635652397,0.12763957641456233,0.24242424242424243,0.5,0.0,0.0,1.0,0.25000000000000006,0.0,0.0005128249336786368,0.0,0.0,0.0,0.0,0.0036567279794982913,0.009576434879972492,0.0,0.00010217441689720292,0.0010891414092462982,0.033121565254051855,0,0
11740,0.8000000000000114,0.0,1.0,0.03474903474903475,0.0,0.6000000000000001,0.23529411764705882,0.0,0.0,0.0,0.0,0.0,0.0,0.0,0.0,0.0,0.009770786935533304,0.0,0.000874505695780339,9.89901386388269e-06,0.0057959624558425234,0.0016096656391232681,0.0005146539692589511,0.6534728191730738,0.4933026674536715,0.580754716981132,0.2450980392156863,0.3979271012320404,0.13409361488815089,0.020202020202020204,0.6000000000000014,0.0,1.0,0.0,0.75,0.00042288624140146525,0.0,0.0,0.0,0.00041636231591419507,0.0,0.0036354330375410375,0.0,0.008983572895277209,0.001463237931318531,0.0010982318579091817,0.03312156029362849,1,4
8780,0.0,1.0,0.0,0.03861003861003861,0.0,0.6000000000000001,0.5588235294117647,0.0,0.0,0.0,0.0,0.0,0.0,0.0,0.0,0.0,0.009770786935533304,0.0,0.0008043294090493882,9.89901386388269e-06,0.006907942778562639,0.002039463815971257,0.0,0.6541659157348332,0.4940696855406151,0.3920754716981132,0.1632352941176471,0.3967815839822567,0.09186039225515384,0.020202020202020204,0.6000000000000014,0.0,1.0,0.0,0.55,0.0,0.0,4.0324918027002574e-07,0.0,0.0,1.8069400229625938e-07,0.0037027229181137854,0.0,0.0,0.0001776924135623364,0.0011263049684533065,0.03312156029362849,0,3
5856,0.0,1.0,0.0,0.06756756756756757,0.0,0.6000000000000001,0.5294117647058824,0.0,0.0,0.0,0.0,1.0,0.0,0.0,0.0,0.0,0.0097725627718638,0.0,0.0008043294090493882,9.89901386388269e-06,0.0,0.0,0.0,0.6541034160432497,0.493997760575912,0.3920754716981132,0.18578431372549023,0.3967815839822567,0.10370323955135036,0.24242424242424243,0.0,0.0,0.0,0.0,0.55,0.0,0.0,0.0,0.0,0.0,0.0,0.0036354330375410375,0.003934301285191699,0.0,4.418007460727828e-05,0.0010843564486383462,0.03312156029362849,0,0
2261,0.6000000000000227,0.0,1.0,0.015444015444015444,0.0,0.6000000000000001,0.2941176470588235,0.0,0.0,0.0,0.0,0.0,0.0,0.0,0.0,0.0,0.010482686611616242,0.0,0.0008043294090493882,9.89901386388269e-06,0.007018200905490348,0.0016132389805007747,0.0,0.6542131197518125,0.49412507152873497,0.39679245283018866,0.22855392156862747,0.3969339134037705,0.12519581427407733,0.020202020202020204,0.5,0.0,1.0,0.0,0.35000000000000003,1.70400935274386e-05,0.0,0.0,0.0,2.9268383232822524e-06,0.0,0.0037695149193783173,0.0,0.0,0.0005808132101237093,0.0011374371780932876,0.03312156029362849,0,4
2025,0.20000000000004547,1.0,1.0,0.03861003861003861,0.0,0.6000000000000001,0.2647058823529412,0.0,0.0,0.0,0.0,0.0,0.0,0.0,0.0,0.0,0.010459886679067923,0.0,0.0008043294090493882,9.89901386388269e-06,0.006580783418334517,0.0015127699171192553,0.0,0.6537147639049674,0.4940049713166121,0.3241509433962264,0.1011029411764706,0.39345470941639554,0.06009148442884893,0.020202020202020204,0.14999999999999858,0.0,1.0,0.0,0.45,0.00036918618570344164,0.0,0.0,0.0,0.000480846668277419,0.0,0.0036760891236692953,0.0,0.0,0.0008475053223303545,0.0013032740100432396,0.03322915683676104,0,4
1225,0.0,0.0,0.0,0.02364864864864865,0.0,0.0,0.7941176470588235,0.2222222222222222,0.0,0.0,0.0,0.0,0.0,0.0,0.0,0.0,0.009770786935533304,0.0,0.0008043294090493882,9.89901386388269e-06,0.0006633562718437617,0.0005763051733257545,0.0,0.6541068551348408,0.4940010996581419,0.4122641509433962,0.20637254901960786,0.39756760379726785,0.11015727802493892,0.24242424242424243,0.6999999999999957,0.0,1.0,0.0,0.55,0.0,0.0,0.0,0.0,0.0,0.0,0.0036354330375410375,0.0,0.00011930184804928133,4.438473042479897e-05,0.0010855421183859166,0.03312156029362849,0,2
11355,0.8000000000000114,1.0,1.0,0.06756756756756757,0.0,0.8,0.23529411764705882,0.0,0.0,0.0,0.0,0.0,0.0,0.0,0.0,0.0,0.009770786935533304,0.0,0.0008043294090493882,9.89901386388269e-06,0.0005053798735899612,0.0008138077234865341,0.0,0.654086213958914,0.49397731384057403,0.580754716981132,0.2450980392156863,0.4031855128626964,0.13415627545585562,0.020202020202020204,0.44999999999999574,0.0,1.0,0.0,0.10000000000000002,2.2715598781995838e-05,0.0,0.0,0.0,7.011890742408819e-06,0.0,0.0036354330375410375,0.0,0.0,0.000481196990945515,0.0010844871598057518,0.03312552863231762,1,4
4261,0.4000000000000341,0.0,0.0,0.08687258687258688,0.0,0.6000000000000001,0.5294117647058824,0.0,0.0,0.0,0.0,1.0,0.0,0.0,0.0,0.0,0.009784030460709884,0.0,0.0008277059098959872,9.89901386388269e-06,0.0,0.011094227765610412,0.0006591285432019536,0.6540081452545221,0.493879238683755,0.39867924528301885,0.1280637254901961,0.39699484517237604,0.07431543329782568,0.04040404040404041,0.9499999999999957,0.0,1.0,0.0,0.45,0.0003191657039862434,0.0,0.0009977392842831112,0.004349775193491819,0.00046532033877637097,0.0,0.0038823218843724748,0.0,0.0,0.006087001234586219,0.0036847318482262697,0.03312156029362849,0,1
386,0.6000000000000227,1.0,0.0,0.05791505791505792,0.7037037037037037,0.6000000000000001,0.5,0.0,0.0,0.0,0.0,1.0,0.0,0.0,0.0,0.0,0.009824664003865304,0.0,0.00086358938451108,1.5101563072508151e-05,0.08231401803750656,0.018938709300784347,0.0,0.6545485027468472,0.494485062789547,0.3526415094339622,0.16151960784313726,0.3955020168415409,0.09035653863024,0.020202020202020204,0.29999999999999716,0.0,1.0,0.0,0.35000000000000003,0.00027820837958343977,0.0,0.0011759754219624625,0.0,0.000209448932845792,0.0,0.004137081386356273,0.0,0.0,0.005663082290569307,0.0014863184690224055,0.033140409902401885,0,0
3191,1.0,0.0,0.0,0.10231660231660232,0.0,0.6000000000000001,0.0,0.0,0.0,0.0,0.0,0.0,0.0,0.0,0.0,0.0,0.017643355328370573,0.0,0.0009233016071539267,9.89901386388269e-06,0.0,0.0,0.0012063181082186546,0.6537344369666718,0.4934915495766942,0.580754716981132,0.2450980392156863,0.40322816510072024,0.13146187104455168,0.030303030303030304,0.5,0.0,1.0,0.0,0.8,0.0001542433963917948,0.0,0.0024840149504633587,0.010829388781210307,0.00010829301796144334,0.0,0.003660795040913515,0.0,0.0,0.006464821455706597,0.0012769733072400791,0.03361760262977043,0,2
7248,0.8000000000000114,1.0,0.0,0.06756756756756757,0.0,0.6000000000000001,0.1764705882352941,0.0,0.0,0.0,0.0,0.0,0.0,0.0,0.0,0.0,0.009788063716104571,0.0,0.0008043294090493882,9.89901386388269e-06,0.002503763236397762,0.0008349153679025026,2.407547092501939e-05,0.6541153239807134,0.49401162386151515,0.29509433962264153,0.10490196078431374,0.39364969107593323,0.06240992543392443,0.24242424242424243,0.14999999999999858,0.0,0.0,0.0,0.35000000000000003,0.0,0.009030470716098308,0.0,0.0,0.0,0.0,0.0036354330375410375,0.020250386814904327,0.0,0.00025553837015176767,0.001094982518069613,0.03312156029362849,0,3
10493,0.20000000000004547,1.0,1.0,0.15830115830115832,0.0,0.6000000000000001,0.2647058823529412,0.0,0.0,0.0,0.0,0.0,0.0,0.0,0.0,0.0,0.009770786935533304,0.0,0.0008043294090493882,9.89901386388269e-06,0.0,0.00036049197431681657,0.0,0.6540824574636868,0.49397299151081003,0.20339622641509433,0.2450980392156863,0.39068840712170516,0.13296572466946552,0.07070707070707072,0.0,0.0,1.0,0.0,0.9,0.0,0.0,0.0,0.0,0.0,0.0,0.0036354330375410375,0.0,0.0,0.0002248911614780448,0.0010825576210823542,0.03312156029362849,1,4
6221,0.8000000000000114,0.0,0.0,0.06756756756756757,0.0,0.2,0.029411764705882346,0.0,0.0,0.0,0.0,0.0,0.0,0.0,0.0,0.0,0.010054047879707857,0.0,0.0008043294090493882,9.89901386388269e-06,0.0011289709193286473,0.002095556965501882,0.0,0.6541051130593508,0.49399967233829073,0.3920754716981132,0.19987745098039217,0.3967815839822567,0.11090920483739584,0.24242424242424243,0.6000000000000014,0.0,0.0,0.0,0.55,0.0,0.018155979099282613,0.0,0.0,0.0,0.0,0.0036386303807640695,0.01805627953149229,0.0,0.0007554613684004255,0.0010896803139910968,0.03312156029362849,0,2
1814,0.4000000000000341,1.0,0.0,0.10424710424710425,0.0,0.0,0.4411764705882353,0.0,0.0,0.0,0.0,0.0,0.0,0.0,0.0,0.0,0.009770786935533304,0.0,0.0008043294090493882,9.89901386388269e-06,0.00044717804265435054,0.00010271278936274443,0.0,0.6541045332510382,0.4939990594098042,0.3920754716981132,0.17855392156862748,0.3967815839822567,0.09981828435365626,0.25252525252525254,0.5499999999999972,0.0,1.0,1.0,0.55,0.0,0.0,0.0,0.0,0.0,0.0,0.0036354330375410375,0.0,0.0,1.48375467702498e-05,0.0010838056971096985,0.03312156029362849,0,3
9322,0.20000000000004547,1.0,0.0,0.05791505791505792,0.0,1.0,0.029411764705882346,0.0,0.0,0.0,0.0,0.0,0.0,0.0,0.0,0.0,0.009770786935533304,0.0,0.001120465783407129,9.89901386388269e-06,0.011574934315076515,0.0028201142555130216,0.0005614347623571595,0.6542988806902572,0.4942346669462397,0.29283018867924526,0.15747549019607845,0.3935217343618616,0.08941663011466885,0.020202020202020204,0.29999999999999716,0.0,1.0,0.0,0.75,6.020380454236076e-05,0.0,4.0324918027002574e-07,0.0,0.0,4.792004940896798e-05,0.0036354330375410375,0.0,0.0,0.0004873366654711356,0.001138126869099462,0.03312156029362849,1,3
4209,1.0,0.0,0.0,0.23938223938223938,0.0,0.6000000000000001,0.0,0.0,0.0,0.0,0.0,0.0,1.0,0.0,0.0,0.0,0.009770786935533304,0.0,0.0008043294090493882,9.89901386388269e-06,0.005617380440425184,0.004338784340953276,0.0,0.6540136660236147,0.4938926388764611,0.2862264150943396,0.164093137254902,0.39336331176348727,0.092800300770725,0.020202020202020204,0.6999999999999957,0.0,1.0,0.0,0.75,0.00010531592465783067,0.0,0.0,0.0,6.304441051433643e-05,0.0,0.0036354330375410375,0.0,0.0,0.0026296737632776858,0.0010997297573281544,0.03312156029362849,0,2
7394,0.6000000000000227,0.0,1.0,0.015444015444015444,0.0,0.6000000000000001,0.23529411764705882,0.0,0.0,0.0,0.0,0.0,0.0,0.0,0.0,0.0,0.009770786935533304,0.0,0.0008043294090493882,9.89901386388269e-06,0.0003929527343292474,0.00021481598746172682,5.452322096569432e-05,0.6540995392792125,0.49399283890379003,0.580754716981132,0.2450980392156863,0.40287476084280827,0.13340434864339873,0.24242424242424243,0.9499999999999957,0.0,0.0,0.0,0.5,0.0,0.07326605143093716,0.0,0.0,0.0,0.0,0.0036479934958931893,0.04552749442417312,0.0,0.0001615246039782021,0.001091258265945284,0.03312156029362849,0,4
979,0.6000000000000227,1.0,1.0,0.10424710424710425,0.0,0.4,0.32352941176470584,0.0,0.0,0.0,0.0,0.0,0.0,0.0,0.0,0.0,0.009770786935533304,0.0,0.0008043294090493882,9.89901386388269e-06,8.676049332016502e-05,0.0028939910109689114,0.0,0.6540909564595916,0.49398310657762545,0.5250943396226415,0.1985294117647059,0.40233856127907974,0.11015727802493892,0.020202020202020204,0.6499999999999986,0.0,1.0,0.0,0.55,0.00019394477764616172,0.0,0.0,0.0,6.772422152322089e-05,0.0,0.0036354330375410375,0.0,0.0,0.0010043228425055807,0.0010854232044342268,0.03312156029362849,0,4
6510,0.4000000000000341,0.0,0.0,0.10424710424710425,0.0,0.6000000000000001,0.5294117647058824,0.0,0.0,0.0,0.0,1.0,0.0,0.0,0.0014382163744640975,0.0,0.01160033479029668,1.200324855919006e-06,0.000983216561291774,1.460560021020728e-05,0.05960084389039836,0.014330927144970874,0.0,0.653655582042208,0.4953290129118381,0.580754716981132,0.24411764705882358,0.39639771384004197,0.11316498527476661,0.030303030303030304,0.3500000000000014,1.0,1.0,0.0,0.25000000000000006,0.0003526620471991446,0.0,0.0,0.0,0.0,0.001012392356065482,0.004458280683185463,0.0,0.0,0.006713324782131091,0.001706139855769155,0.03319253403108368,0,1
1930,0.0,1.0,0.0,0.10231660231660232,0.0,0.2,0.5588235294117647,0.0,0.0,0.0,0.0,0.0,0.0,0.0,0.0,0.0,0.009770786935533304,0.0,0.0008043294090493882,9.89901386388269e-06,0.00019340359969286785,4.4459014813162025e-05,0.00010674111228545182,0.6541013492751048,0.49399458569175037,0.580754716981132,0.2450980392156863,0.40287476084280827,0.13271508239864654,0.24242424242424243,0.6000000000000014,0.0,1.0,0.0,0.5,0.0,0.0,0.0,0.0,0.0,0.0,0.0036354330375410375,0.0,0.0,0.0001566384463348957,0.001092086252043253,0.03312156029362849,0,3
2202,0.8000000000000114,0.0,0.0,0.03474903474903475,0.0,0.6000000000000001,0.029411764705882346,0.0,0.0,0.0,0.0,0.0,0.0,0.0,0.0,0.0,0.009770786935533304,0.0,0.0008043294090493882,9.89901386388269e-06,4.121123432707838e-05,0.0,0.0,0.6541040588021791,0.4939938388428535,0.3920754716981132,0.13014705882352942,0.3967815839822567,0.07387680932389248,0.04040404040404041,0.9499999999999957,0.0,1.0,0.0,0.45,1.1799076713421628e-05,0.0,0.0,0.0,0.0,0.0,0.0036484120600434717,0.0,0.0,7.065742099901714e-05,0.00110932540440522,0.03312156029362849,0,2
8541,1.0,0.0,0.0,0.15830115830115832,0.0,0.6000000000000001,0.0,0.0,0.0,0.0,0.0,0.0,0.0,0.0,0.0,0.0,0.009770786935533304,0.0,0.0008043294090493882,9.89901386388269e-06,0.002230467682439242,0.002105529080973993,0.0,0.6541736242035188,0.4940800137155617,0.38264150943396225,0.23615196078431375,0.39647692513922916,0.1295820540134094,0.020202020202020204,1.0,0.0,1.0,0.0,0.35000000000000003,6.304155716963937e-05,0.0,0.0,0.0,0.0,0.0,0.00370672440709646,0.0,0.0,0.0008165767119075407,0.0011123190222453022,0.03312156029362849,0,2
7865,0.6000000000000227,0.0,0.0,0.03474903474903475,0.0,0.6000000000000001,0.23529411764705882,0.0,0.0,0.0,0.0,0.0,0.0,0.0,0.0,0.0,0.015061906331706813,2.98007925592255e-05,0.0008043294090493882,9.89901386388269e-06,0.1607769546777643,0.04697389923426618,0.0,0.6538435373432704,0.49366969438821257,0.580754716981132,0.2439950980392157,0.40287476084280827,0.13146187104455168,0.22222222222222224,0.14999999999999858,0.0,1.0,0.0,0.8,0.0,0.0,0.00010917971555810948,0.0,0.0,4.593241538370913e-05,0.003961990426673002,0.0,0.0,0.0033923236672685256,0.0012374213075319555,0.03312156029362849,0,2
5904,0.0,0.0,0.0,0.015444015444015444,0.0,0.6000000000000001,0.5294117647058824,0.0,0.0,0.0,0.0,1.0,0.0,0.0,0.0,0.0,0.009770786935533304,0.0,0.0008043294090493882,9.89901386388269e-06,0.005340108363856157,0.0011939115248985025,0.0,0.6538671156624489,0.4937133171180327,0.5152830188679245,0.24178921568627454,0.40086401247882625,0.13027132025816157,0.020202020202020204,0.7999999999999972,0.0,1.0,0.0,0.8,0.0,0.0,0.0,0.0,0.0,0.0,0.003673678649636851,0.0,0.003314014373716633,0.0004732921599937785,0.0010949404347244756,0.03313231945189941,0,1
5117,0.6000000000000227,0.0,0.0,0.20463320463320464,0.0,0.6000000000000001,0.5294117647058824,0.0,0.0,0.0,0.0,1.0,0.0,0.0,0.0,0.0,0.009770786935533304,0.0,0.0008043294090493882,9.89901386388269e-06,2.530514388504813e-05,0.0010963509951963488,0.0,0.6541390921456994,0.49403662389080294,0.2830188679245283,0.054656862745098046,0.3932597277568579,0.03684441381038912,0.020202020202020204,0.6000000000000014,0.0,1.0,0.0,0.45,0.00026488180444624374,0.0,0.00018882142866143956,0.0008231917689613192,9.943424528241791e-05,0.0,0.0036955759156152433,0.0,0.0,0.0007143255490787675,0.0014973537233937306,0.03312156029362849,0,1
4243,0.6000000000000227,0.0,0.0,0.20463320463320464,0.0,0.8,0.5588235294117647,0.0,0.0,0.0,0.0,0.0,0.0,0.0,0.0,0.0,0.009770786935533304,0.0,0.0008043294090493882,9.89901386388269e-06,0.17524571294712382,0.044361786687308946,0.0,0.6537722904978244,0.4935682875244906,0.4928301886792452,0.23431372549019613,0.40007189948695454,0.12695031016981015,0.020202020202020204,0.14999999999999858,0.0,1.0,0.0,0.35000000000000003,0.0,0.0,0.0,0.0,0.0,0.0,0.0040101249113062174,0.0,0.0,0.010670805489482994,0.0013496964504299477,0.033225749025911744,0,2
6100,0.0,1.0,0.0,0.10231660231660232,0.4444444444444444,0.6000000000000001,0.5,0.0,0.0,0.0,0.0,1.0,0.0,0.0,0.0,0.0,0.009770786935533304,0.0,0.0008043294090493882,9.89901386388269e-06,0.0004735676927059007,0.0004188288498286666,0.0,0.6540867162385722,0.4939776030310252,1.0,0.2422794117647059,0.4164137998269538,0.12964471458111412,0.020202020202020204,0.6000000000000014,0.0,1.0,0.0,0.45,0.0,0.0,0.0,0.0,0.0,0.0,0.0036354330375410375,0.0,0.0,0.00028807864513755686,0.0010833314787788036,0.03312156029362849,0,0
10830,0.8000000000000114,1.0,0.0,0.05791505791505792,0.0,0.6000000000000001,0.029411764705882346,0.0,0.0,0.0,0.0,0.0,0.0,0.0,0.0,0.0,0.009770786935533304,0.0,0.0025198433197438255,9.89901386388269e-06,0.055929790516788876,0.012856882276268317,0.0,0.6534277799946739,0.49321805576210026,0.5028301886792452,0.24497549019607845,0.39984645194311413,0.1315245316122564,0.030303030303030304,0.29999999999999716,0.0,1.0,0.0,0.5,4.556018631977707e-05,0.0,0.0,0.0,0.0,0.0005620306247422852,0.0037338918119351663,0.0,0.0,0.003960397052751572,0.0012117261786128279,0.03312156029362849,1,3
10407,0.20000000000004547,0.0,1.0,0.20463320463320464,0.0,0.6000000000000001,0.23529411764705882,0.0,0.0,0.0,0.0,0.0,0.0,0.0,0.0,0.0,0.009770786935533304,0.0,0.0008043294090493882,9.89901386388269e-06,0.0,0.0004216542825457647,0.0008810056474269292,0.6538700037704835,0.493724323434883,0.580754716981132,0.2450980392156863,0.40287476084280827,0.1342189360235604,0.020202020202020204,0.14999999999999858,0.0,1.0,0.0,0.8,3.1025190207328448e-06,0.0,0.0,0.0,0.0,0.00048570547817234516,0.0036354330375410375,0.0,0.0,0.00246405604294907,0.0017381732123200582,0.03312156029362849,1,4
2034,0.6000000000000227,1.0,0.0,0.06756756756756757,0.2962962962962963,0.6000000000000001,0.5,0.0,0.0,0.0,0.0,1.0,0.0,0.0,0.0,0.0,0.009770786935533304,0.0,0.000810770032698251,9.89901386388269e-06,0.0,0.00017958117946026756,0.0,0.6541096246306606,0.49400491619574755,0.41509433962264153,0.197671568627451,0.3974883924980807,0.10865342440002508,0.25252525252525254,0.14999999999999858,0.0,0.0,1.0,0.55,0.0,0.0013414608761253394,0.0,0.0,0.0,0.0,0.0036354330375410375,0.006506399312232944,0.0,7.546683271075328e-05,0.001086935528179978,0.03312156029362849,0,0
6395,0.6000000000000227,1.0,0.0,0.03861003861003861,0.537037037037037,0.6000000000000001,0.5,0.0,0.0,0.0,0.0,1.0,0.0,0.0,0.0,0.0,0.01005431876999556,0.0,0.0008043294090493882,9.89901386388269e-06,0.008202843141366102,0.009411682582578464,0.0,0.653837952960923,0.4939316675539457,0.580754716981132,0.2450980392156863,0.39796366029320374,0.13415627545585562,0.020202020202020204,0.7999999999999972,0.0,1.0,0.0,0.5,0.0,0.0,0.0,0.0,8.893206071064042e-05,0.0,0.003654419986932286,0.0,0.0038501026694045177,0.0005203374160463464,0.0011694662717847304,0.03312156029362849,0,0
2795,0.6000000000000227,1.0,0.0,0.10231660231660232,0.4444444444444444,0.6000000000000001,0.5,0.0,0.0,0.0,0.0,1.0,0.0,0.0,0.0,0.0,0.009770786935533304,0.0,0.0008043294090493882,9.89901386388269e-06,0.014444176129585472,0.0057242435838785796,0.0,0.6541115303777542,0.49401354416374615,0.4137735849056604,0.1522058823529412,0.39748229932122014,0.0870355285418886,0.020202020202020204,0.9499999999999957,0.0,1.0,0.0,0.5,6.741359710257581e-06,0.0,0.0,0.0,0.0,0.0,0.0037611220406613445,0.0,0.0,0.002114580652555307,0.0013285100389121163,0.03312156029362849,0,0
3904,0.0,0.0,0.0,0.0,0.0,0.0,0.7941176470588235,0.3333333333333333,0.0,0.0,0.0,0.0,0.0,0.0,0.0,0.0,0.009770786935533304,0.003133273443670249,0.0008043294090493882,9.89901386388269e-06,0.06423819225836118,0.01476604378340399,0.0,0.6536830189028768,0.49431161140319047,0.28056603773584904,0.06924019607843139,0.3930403733898781,0.0443010213672536,0.020202020202020204,0.7999999999999972,0.0,1.0,0.0,0.05,0.011381927077211671,0.0,0.0010683078908303657,0.00461655437328868,0.0,0.00012073973233436051,0.003815330809914516,0.0,0.0068785934291581115,0.0021931940684604407,0.003000029527687415,0.03312156029362849,0,2
8005,1.0,1.0,0.0,0.10231660231660232,0.0,0.6000000000000001,0.1764705882352941,0.0,0.0,0.0,0.0,0.0,0.0,0.0,0.0,0.0,0.010141003662060452,0.0,0.0008458113918725724,9.89901386388269e-06,0.0,0.005197217281177507,0.0,0.6548217611034469,0.49478268828572497,0.30169811320754714,0.11813725490196081,0.3938629522660525,0.0661068989285043,0.020202020202020204,0.3999999999999986,0.0,1.0,0.0,0.35000000000000003,9.621203405213539e-05,0.0,9.073106556075579e-07,3.955539733396622e-06,8.996506247179886e-05,0.0,0.003645130297221649,0.0,0.0012833675564681726,0.00043241216044402126,0.0013340231553976521,0.03312156029362849,0,3
5258,0.6000000000000227,1.0,0.0,0.05791505791505792,0.7037037037037037,0.4,0.5,0.0,0.0,0.0,0.0,1.0,0.0,0.0,0.0,0.0,0.011192042928886859,0.0,0.0008043294090493882,9.89901386388269e-06,0.0,0.0055567120439471126,0.0001147662692604583,0.6539305288006139,0.49378808119543394,0.580754716981132,0.2450980392156863,0.40287476084280827,0.13409361488815089,0.020202020202020204,0.9499999999999957,0.0,1.0,0.0,0.45,0.0005760298389281425,0.0,0.0,0.0,0.0,0.0006695435561085595,0.003909274902695182,0.0,0.0,0.004519619074126849,0.0021039841521870704,0.03312156029362849,0,0
9874,0.0,0.0,1.0,0.02316602316602317,0.0,0.6000000000000001,0.32352941176470584,0.0,0.0,0.0,0.0,0.0,0.0,0.0,0.0,0.0,0.009770786935533304,0.0,0.0008043294090493882,9.89901386388269e-06,0.00011206563720521315,0.0045314123714895556,0.0,0.652909106339281,0.4925642380748364,0.20339622641509433,0.2450980392156863,0.39068840712170516,0.1312112287737327,0.020202020202020204,0.7999999999999972,0.0,1.0,0.0,0.10000000000000002,0.0,0.0,8.91180688396757e-05,0.00035468006276123047,0.0,1.2251053355686385e-05,0.0036354330375410375,0.0,0.012593275154004107,0.007279581847233642,0.0010825576210823542,0.03312156029362849,1,4
1416,0.6000000000000227,0.0,0.0,0.03861003861003861,0.0,0.6000000000000001,0.5294117647058824,0.0,0.0,0.0,0.0,1.0,0.0,0.0,0.0,0.0,0.009770786935533304,0.0,0.0008043294090493882,9.89901386388269e-06,0.007311740574556907,0.0017168658804484625,0.00015754535806760658,0.6541746943640042,0.4940817527400199,0.279811320754717,0.059068627450980404,0.393150050573368,0.03910019424775989,0.24242424242424243,0.0,0.0,1.0,1.0,0.45,0.0005566747366784503,0.0,0.0,0.0,0.0,0.0,0.0036567016719954125,0.0,0.0,0.000661729003975951,0.001271770189859949,0.03312156029362849,0,1
7989,0.6000000000000227,0.0,0.0,0.05791505791505792,0.0,0.0,0.4411764705882353,0.0,0.0,0.0,0.0,0.0,0.0,0.0,0.0,0.0,0.009770786935533304,0.0,0.0008043294090493882,1.7470038782271496e-05,0.11041718783213002,0.025382357915013476,0.0,0.6537097967699835,0.4935309792390594,0.39679245283018866,0.13958333333333336,0.3969339134037705,0.08020552666207158,0.020202020202020204,0.29999999999999716,0.0,1.0,0.0,0.45,2.3985119694199432e-05,0.0,0.0020628211816713167,0.008993139336084631,1.245862730124424e-05,0.0,0.003882945804104932,0.0,0.0,0.009382727355984982,0.0021990064123501825,0.03312156029362849,0,2
2000,0.8000000000000114,1.0,0.0,0.10231660231660232,0.0,0.6000000000000001,0.1764705882352941,0.0,0.0,0.0,0.0,0.0,0.0,0.0,0.0,0.0,0.009846395424723238,0.0,0.0008043294090493882,9.89901386388269e-06,0.0,5.1356394681372214e-05,0.0,0.654088197565981,0.4939767304133953,0.4049056603773585,0.13443627450980394,0.39719592000877424,0.076195250328968,0.24242424242424243,0.6499999999999986,0.0,1.0,0.0,0.5,0.000538378700002575,0.0,0.0,0.0,0.0,0.0,0.0036354330375410375,0.0,0.0,0.00017070853378944295,0.0011013630273190593,0.03312156029362849,0,3
10597,0.0,1.0,1.0,0.10424710424710425,0.0,0.4,0.23529411764705882,0.0,0.0,0.0,0.0,0.0,0.0,0.0,0.0,0.0,0.009770786935533304,0.0,0.0008043294090493882,9.89901386388269e-06,4.2657242549081136e-05,0.00017891637176212683,0.0,0.6540558710989827,0.4939420865618662,0.580754716981132,0.2450980392156863,0.40287476084280827,0.1342189360235604,0.24242424242424243,0.10000000000000142,0.0,0.0,0.0,0.75,0.0,0.0,0.0,0.0,0.0,0.0,0.0036354330375410375,0.0035000830668256585,0.0,0.0007900993655158018,0.0010829837583239872,0.03312156029362849,1,4
7482,0.20000000000004547,0.0,1.0,0.03474903474903475,0.0,0.6000000000000001,0.23529411764705882,0.0,0.0,0.0,0.0,0.0,0.0,0.0,0.0,0.0,0.009770786935533304,0.0,0.0008043294090493882,9.89901386388269e-06,0.0,0.0,1.3744984304076111e-05,0.6541169278961654,0.4940126967774979,0.5015094339622641,0.2450980392156863,0.4003156265613766,0.13309104580487502,0.020202020202020204,0.14999999999999858,0.0,1.0,0.0,0.35000000000000003,0.00022323880297321253,0.0,0.0,0.0,9.724302942541515e-05,0.0,0.0036390713259242644,0.0,0.0,7.12713884515792e-05,0.001100170120624033,0.03312156029362849,0,4
7691,0.8000000000000114,1.0,0.0,0.05791505791505792,0.0,0.6000000000000001,0.029411764705882346,0.0,0.0,0.0,0.0,0.0,0.0,0.0,0.0,0.0,0.009974451283504519,0.0,0.0013298562282819015,9.89901386388269e-06,0.0,0.0033675833949319217,0.0,0.6540772819290295,0.4942167417963662,0.5760377358490566,0.2450980392156863,0.4015220755797658,0.13340434864339873,0.020202020202020204,0.44999999999999574,0.0,1.0,0.0,0.4,0.000136877436533951,0.0,0.0,0.0,0.0003325796124675111,0.0,0.0037906402368393967,0.0,0.0,0.00181153655076155,0.0014806670078769421,0.03312156029362849,0,3
9621,0.20000000000004547,1.0,1.0,0.04247104247104247,0.0,0.8,0.23529411764705882,0.0,0.0,0.0,0.0,0.0,0.0,0.0,0.0,0.0,0.009770786935533304,0.0,0.0008043294090493882,9.89901386388269e-06,0.0,0.0,0.0,0.6540420776248866,0.4939259260560077,0.20339622641509433,0.2450980392156863,0.39068840712170516,0.1342189360235604,0.020202020202020204,0.3999999999999986,0.0,1.0,0.0,0.25000000000000006,0.0,0.0,0.0,0.0,0.0,0.0,0.0036354330375410375,0.0,0.0,0.0009480169107102018,0.0010825576210823542,0.03312156029362849,1,4
2306,0.6000000000000227,1.0,0.0,0.09266409266409267,0.7037037037037037,0.6000000000000001,0.5,0.0,0.0,0.0,0.0,1.0,0.0,0.0,0.0,0.0,0.01108421354492072,0.0027835533408761748,0.0008380296214106292,9.89901386388269e-06,0.008562537686589286,0.0019683293922701977,0.0010330051653085555,0.6535521379441875,0.4946315573559251,0.580754716981132,0.24460784313725495,0.39788444899401654,0.13233911899241807,0.020202020202020204,0.5499999999999972,0.0,1.0,0.0,0.10000000000000002,0.003084311239521454,0.0,0.0,0.0,0.0,0.0010658055031442563,0.004333151990611548,0.0,0.0,0.004320079652044179,0.0015505447419451748,0.03411756370036789,0,0
7952,0.4000000000000341,1.0,0.0,0.015444015444015444,0.35185185185185186,0.4,0.5,0.0,0.0,0.0,0.0,1.0,0.0,0.0,0.0,0.0,0.009770786935533304,0.0,0.0008043294090493882,9.89901386388269e-06,0.0,0.000335727887561074,0.0,0.6541085597712797,0.4940036336652096,0.39471698113207543,0.18725490196078434,0.39687907481202556,0.10445516636380728,0.24242424242424243,0.8500000000000014,0.0,1.0,0.0,0.55,0.00035752967550957225,0.0,0.0,0.0,0.0,0.0,0.0036354330375410375,0.0,0.0,0.00022483999752366462,0.0010900994125578071,0.033122651586768005,0,0
3153,0.8000000000000114,1.0,0.0,0.03861003861003861,0.537037037037037,0.4,0.5,0.0,0.0,0.0,0.0,1.0,0.0,0.0,0.0,0.0,0.009770786935533304,0.0,0.0008043294090493882,9.89901386388269e-06,0.0014962570077173458,0.004877444778371811,0.0,0.6540151473510234,0.4938954702256572,0.580754716981132,0.22340686274509808,0.40287476084280827,0.12350397894604927,0.24242424242424243,0.5499999999999972,0.0,1.0,0.0,0.4,0.00014543142770708753,0.0,0.0,0.0,0.0,0.0,0.0036767220743355766,0.0,0.0,0.0024329739406631157,0.0011235696005875073,0.03312156029362849,0,0
503,0.6000000000000227,0.0,0.0,0.13706563706563707,0.0,0.6000000000000001,0.5588235294117647,0.0,0.0,0.0,0.0,0.0,0.0,0.0,0.0,0.0,0.009770786935533304,0.0,0.0008043294090493882,9.89901386388269e-06,0.0,0.0,0.0001165496374771264,0.654097995332506,0.4939907765294716,0.580754716981132,0.24485294117647063,0.40287476084280827,0.13258976126323704,0.05050505050505051,0.8500000000000014,0.0,1.0,0.0,0.35000000000000003,1.6883949244119442e-05,0.0,0.0,0.0,3.693763873233217e-06,0.0,0.0036354330375410375,0.0,0.0,0.0002196468561540772,0.001089973806908127,0.03312156029362849,0,2
2645,0.0,0.0,0.0,0.03581081081081081,0.0,0.0,0.7941176470588235,0.3333333333333333,0.0,0.0,0.0,0.0,0.0,0.0,0.0,0.0,0.010258058365268916,0.0,0.0008381543792537065,9.89901386388269e-06,0.0029635938509946368,0.000681261688669724,0.00016872403201111151,0.6540836939463281,0.4940632651244232,0.580754716981132,0.2235294117647059,0.3931256778659258,0.12156150134720223,0.24242424242424243,0.5,0.0,1.0,0.0,0.25000000000000006,0.00043533026189381387,0.0,0.0,0.0,0.0,0.0,0.0036354330375410375,0.0,0.0,0.0004512149136787344,0.0010983727801120388,0.03322198406458043,0,2
9624,0.20000000000004547,0.0,0.0,0.04247104247104247,0.0,0.8,0.5588235294117647,0.0,0.0,0.0,0.0,0.0,0.0,0.0,0.0,0.0,0.009770786935533304,0.0,0.0008043294090493882,9.89901386388269e-06,0.0,0.0,0.0,0.6540503470166997,0.49393561451838575,0.20339622641509433,0.2450980392156863,0.39068840712170516,0.1342189360235604,0.020202020202020204,0.3999999999999986,0.0,1.0,0.0,0.2,0.0,0.0,0.0,0.0,0.0,0.0,0.0036354330375410375,0.0,0.0,0.0008203116805772932,0.0010825576210823542,0.03312156029362849,1,2
10686,0.0,0.0,0.0,0.02316602316602317,0.0,0.6000000000000001,0.5588235294117647,0.0,0.0,0.0,0.0,0.0,0.0,0.0,0.0,0.0,0.009770786935533304,0.0,0.0008043294090493882,9.89901386388269e-06,0.0,0.0,0.0,0.6538475380206269,0.4936980024457221,0.20339622641509433,0.2450980392156863,0.39068840712170516,0.1342189360235604,0.020202020202020204,0.5,0.0,1.0,0.0,0.0,0.0,0.0,0.0,0.0,0.0,0.0,0.0036354330375410375,0.0,0.003526129363449692,0.0004378099576311294,0.0010825576210823542,0.03312156029362849,1,2
7037,0.6000000000000227,0.0,0.0,0.02316602316602317,0.0,0.6000000000000001,0.47058823529411764,0.0,0.0,0.0,0.0,0.0,0.0,0.0,0.0,0.0,0.009770786935533304,0.0,0.0008043294090493882,9.89901386388269e-06,0.0002960701834550631,7.60373804748472e-05,0.0,0.6538590414175479,0.4939963584874425,0.20339622641509433,0.2450980392156863,0.39068840712170516,0.1342189360235604,0.020202020202020204,0.3999999999999986,0.0,1.0,0.0,0.45,2.020371248512242e-05,0.0,7.258485244860463e-06,3.1644317867172976e-05,2.2694735661814256e-06,0.0,0.0036354330375410375,0.0,0.0,7.72575711140593e-06,0.0011189407795993232,0.03312156029362849,0,2
10324,0.4000000000000341,1.0,1.0,0.02316602316602317,0.0,0.6000000000000001,0.23529411764705882,0.0,0.0,0.0,0.0,0.0,0.0,0.0,0.0,0.0,0.009770786935533304,0.0,0.0008564158085341383,9.89901386388269e-06,0.0,0.0,0.0,0.6539771046367014,0.4938510998705901,0.20339622641509433,0.12487745098039217,0.39068840712170516,0.0727489191052071,0.24242424242424243,0.14999999999999858,0.0,1.0,1.0,0.75,0.0,0.0,0.0,0.0,0.0,0.0,0.0036354330375410375,0.0,0.0,0.000994601691173348,0.0010827231786474413,0.03312156029362849,1,4
11808,0.8000000000000114,0.0,0.0,0.04247104247104247,0.0,1.0,0.029411764705882346,0.0,0.0,0.0,0.0,0.0,0.0,0.0,0.0,0.0,0.010239923765453256,0.0,0.0008043294090493882,9.89901386388269e-06,0.0994766896244572,0.013956474208993102,0.0,0.6532105592831844,0.4934857164694321,0.2788679245283019,0.116421568627451,0.392498080649289,0.06804937652735134,0.020202020202020204,0.75,0.0,0.0,0.0,0.05,0.0,0.0,0.0,0.0,0.0,0.0,0.0036354330375410375,0.0,0.0,0.012327929225925186,0.0013645927154052654,0.03312156029362849,1,2
3376,0.20000000000004547,0.0,1.0,0.0637065637065637,0.0,0.4,0.23529411764705882,0.0,0.0,0.0,0.0,0.0,0.0,0.0,0.0,0.0,0.009770786935533304,0.0,0.0008043294090493882,9.89901386388269e-06,0.0045813155493602134,0.0014227715749834525,0.0,0.6538913231564765,0.49370092928599335,0.4379245283018868,0.20808823529411768,0.3982622259593707,0.10526975374396894,0.020202020202020204,1.0,0.0,1.0,0.0,0.45,0.0,0.0,9.23440622818359e-05,0.0,0.0,4.470369616809457e-05,0.003636689122641182,0.0,0.001314476386036961,0.00042775624059542564,0.0011135664043187808,0.03312156029362849,0,4
11819,0.20000000000004547,0.0,0.0,0.10231660231660232,0.0,0.8,0.5588235294117647,0.0,0.0,0.0,0.0,0.0,0.0,0.0,0.0,0.0,0.009770786935533304,0.0,0.0008043294090493882,9.89901386388269e-06,0.0,0.0,0.0,0.6537075520835164,0.49398720764758114,0.580754716981132,0.2450980392156863,0.39102962502589605,0.1342189360235604,0.020202020202020204,0.75,0.0,1.0,0.0,0.45,6.788881883441673e-05,0.0,0.0,0.0,5.6345550608642295e-05,0.0,0.0036354330375410375,0.0,0.0,0.0031575834445722976,0.0011424370661270533,0.03312156029362849,1,2
5042,0.0,0.0,0.0,0.06756756756756757,0.0,0.8,0.5588235294117647,0.0,0.001962536,0.0021474033801095775,0.0,0.0,0.0,0.0,0.0,0.0,0.009770786935533304,0.0,0.0008043294090493882,9.89901386388269e-06,0.0021874489378346604,0.0018701871558321709,0.0,0.654115199736075,0.4940109748327441,0.3920754716981132,0.2220588235294118,0.3967815839822567,0.11974434488376468,0.25252525252525254,0.6499999999999986,0.0,0.0,0.0,0.55,0.0,0.00013582817021582592,0.0,0.0,0.0,0.0,0.0036547780830908766,0.00846918614669331,0.0001259240246406571,0.0003397286570843402,0.0010880275141556877,0.03312156029362849,0,2
10738,0.6000000000000227,0.0,0.0,0.05791505791505792,0.0,0.8,0.5588235294117647,0.0,0.0,0.0,0.0,0.0,0.0,0.0,0.0,0.0,0.009770786935533304,0.0,0.0008043294090493882,6.063905118458199e-05,0.07941332554416905,0.03360553053524083,0.0,0.653811118438261,0.49374314915099377,0.580188679245283,0.2450980392156863,0.40128444168220434,0.13327902750798926,0.020202020202020204,0.5,0.0,1.0,0.0,0.25000000000000006,0.000380258852055335,0.0,0.0,0.0,0.0,0.0013479049795291763,0.0036875474154456087,0.0,0.0,0.009271369009276538,0.0011933545431102779,0.03312156029362849,1,2
10875,1.0,1.0,1.0,0.15830115830115832,0.0,0.4,0.23529411764705882,0.0,0.0,0.0,0.0,0.0,0.0,0.0,0.0,0.0,0.009770786935533304,0.0,0.0008692814611014793,9.89901386388269e-06,0.00013917829136776471,8.650810172056388e-05,0.0,0.6534893119033539,0.4935016824995644,0.580754716981132,0.24497549019607845,0.40150988922604475,0.13390563318503665,0.030303030303030304,0.5,0.0,1.0,0.0,0.8,0.0,0.0,0.0,0.0,0.0,0.0,0.003676553627787292,0.0,0.0,0.009487997192122184,0.0013897118130477826,0.03312156029362849,1,4
9669,0.20000000000004547,1.0,1.0,0.04247104247104247,0.0,0.8,0.23529411764705882,0.0,0.0,0.0,0.0,0.0,0.0,0.0,0.0,0.0,0.009770786935533304,0.0,0.0008043294090493882,9.89901386388269e-06,0.0,0.0,0.0,0.6540537251455881,0.4939395723517287,0.20339622641509433,0.2450980392156863,0.39068840712170516,0.1342189360235604,0.020202020202020204,0.3999999999999986,0.0,1.0,0.0,0.10000000000000002,0.0,0.0,0.0,0.0,0.0,0.0,0.0036354330375410375,0.0,0.0,0.0007681500290867081,0.0010825576210823542,0.03312156029362849,1,4
1400,0.20000000000004547,0.0,0.0,0.02364864864864865,0.0,0.0,0.7941176470588235,0.3333333333333333,0.0,0.0,0.0,0.0,0.0,0.0,0.0,0.0,0.009770786935533304,0.0,0.0008043294090493882,9.89901386388269e-06,0.0008433842954831041,0.0,0.0,0.6540943929006303,0.4939870294752092,0.5569811320754716,0.24264705882352944,0.4021253000889604,0.1326524218309418,0.020202020202020204,0.14999999999999858,0.0,1.0,0.0,0.85,0.0,0.0,0.0,0.0,0.0,7.227760091850375e-08,0.0036354330375410375,0.0,0.0,0.0001860065561491143,0.001088354564698935,0.033122368842636404,0,2
4920,0.20000000000004547,0.0,0.0,0.07567567567567568,0.0,0.0,0.7941176470588235,0.3333333333333333,0.0,0.0,0.0,0.0,0.0,0.0,0.0,0.0,0.009770786935533304,0.0,0.0008748955640399554,9.89901386388269e-06,0.0022720404188218213,0.0005222895478518194,0.0,0.6540684632102551,0.49405000118117803,0.580754716981132,0.2450980392156863,0.39823785325192856,0.1283288426593145,0.020202020202020204,0.5,0.0,1.0,0.0,0.5,9.09506505924681e-05,0.0,0.0,0.0,0.0,1.658770941079661e-05,0.003641883480187233,0.0,0.0,0.00036252219876070673,0.0011216137411853486,0.033121565254051855,0,2
2357,1.0,0.0,0.0,0.06756756756756757,0.0,0.6000000000000001,0.029411764705882346,0.0,0.0,0.0,0.0,0.0,0.0,0.0,0.0,0.0,0.009770786935533304,0.0,0.0008043294090493882,9.89901386388269e-06,0.0001890655750268596,4.3461803265950916e-05,5.28485947134572e-06,0.6541096889065534,0.49400513590285544,0.3920754716981132,0.21629901960784315,0.3967815839822567,0.11943104204524095,0.24242424242424243,0.3500000000000014,0.0,0.0,0.0,0.55,0.0,0.00029646705883020825,0.0,0.0,0.0,0.0,0.0036354330375410375,0.0029490074730793587,0.0,6.779223955372753e-06,0.0010849364949337503,0.03312156029362849,0,2
6522,0.4000000000000341,1.0,0.0,0.06756756756756757,0.0,0.6000000000000001,0.5294117647058824,0.0,0.0,0.0,0.0,1.0,0.0,0.0,0.0,0.0,0.009770786935533304,0.0,0.0008043294090493882,9.89901386388269e-06,0.0,0.0,2.625031021363903e-05,0.6541144410154831,0.4940106774906157,0.42490566037735844,0.2337009803921569,0.3978417967559927,0.12820352152390502,0.24242424242424243,0.6000000000000014,0.0,0.0,1.0,0.35000000000000003,0.0,0.0010479374618508923,0.0,0.0,0.0,0.0,0.0036354330375410375,0.00493550561900155,0.0,3.497056281884737e-05,0.0010874638749123924,0.03312156029362849,0,0
4348,0.20000000000004547,1.0,0.0,0.02316602316602317,0.14814814814814814,0.6000000000000001,0.5,0.0,0.0,0.0,0.0,1.0,0.0,0.0,0.0,0.0,0.009770786935533304,0.0,0.0008043294090493882,9.89901386388269e-06,0.0,0.00040237485929968327,0.0,0.6540620816743077,0.4939493629041586,0.20339622641509433,0.0627450980392157,0.39068840712170516,0.04098001127890219,0.04040404040404041,0.44999999999999574,0.0,1.0,0.0,0.35000000000000003,0.0,0.0,0.0,0.0,0.0,0.0,0.0036354330375410375,0.0,0.00014899897330595483,0.0,0.0010825576210823542,0.03312156029362849,0,0
11260,0.6000000000000227,0.0,1.0,0.05791505791505792,0.0,0.6000000000000001,0.2941176470588235,0.0,0.0,0.0,0.0,0.0,0.0,0.0,0.0,0.0,0.009770786935533304,0.0,0.0015190514973085446,9.89901386388269e-06,0.0,0.0,0.0017927417740020537,0.6539541180533207,0.4942668128909855,0.5779245283018868,0.2450980392156863,0.39952351356950494,0.11704994047246071,0.020202020202020204,0.29999999999999716,0.0,1.0,0.0,0.4,0.0009828332191477345,0.0,0.0,0.0,0.0002682987301481517,0.0,0.0036537976377970156,0.0,0.0,0.0028413646245256463,0.0015326157994407664,0.03312156029362849,1,4
7315,0.8000000000000114,1.0,0.0,0.03861003861003861,0.0,0.6000000000000001,0.029411764705882346,0.0,0.0,0.0,0.0,0.0,0.0,0.0,0.0,0.0,0.009770786935533304,0.0,0.0008043294090493882,9.89901386388269e-06,0.0,0.00019952541040448978,0.0,0.6541205150873654,0.4940158891295391,0.2932075471698113,0.11948529411764708,0.39358875930732773,0.06848800050128455,0.25252525252525254,0.10000000000000142,0.0,0.0,0.0,0.05,0.0,0.0018715271564877188,0.0,0.0,0.0,0.0,0.003639449447196987,0.017402094488881057,0.0,0.00024177526642350146,0.0010950821500174649,0.03312156029362849,0,3
3259,0.4000000000000341,0.0,1.0,0.04247104247104247,0.0,0.6000000000000001,0.2647058823529412,0.0,0.0,0.0,0.0,0.0,0.0,0.0,0.0,0.0,0.009770786935533304,0.0,0.0008043294090493882,9.89901386388269e-06,0.0,0.0,0.0,0.6541032281853565,0.4939975703701119,0.2788679245283019,0.050857843137254916,0.3931256778659258,0.034901936211542084,0.04040404040404041,0.5,0.0,1.0,0.0,0.35000000000000003,0.0,0.0,0.00022844066062296958,0.0,0.0,8.510687508153816e-05,0.0036354330375410375,0.0,0.0,0.0,0.001086569517083989,0.03312156029362849,0,4
4483,0.0,1.0,1.0,0.02316602316602317,0.0,0.2,0.32352941176470584,0.0,0.0,0.0,0.0,0.0,0.0,0.0,0.0,0.0,0.009770786935533304,0.0,0.0008146375258336456,9.89901386388269e-06,0.042400214587620146,0.01949365752680733,0.002341540720092333,0.6537423992257387,0.49433403278527377,0.579811320754717,0.2450980392156863,0.40136974615825205,0.13409361488815089,0.020202020202020204,0.19999999999999574,0.0,1.0,0.0,0.4,0.0,0.0,0.0,0.0,0.0,0.003165180699423116,0.0039977061993501746,0.0,0.0,0.00732056417469216,0.0020305056897825914,0.03352075036363872,0,4
11441,0.6000000000000227,0.0,0.0,0.10231660231660232,0.0,0.6000000000000001,0.5588235294117647,0.0,0.0,0.0,0.0,0.0,0.0,0.0,0.0,0.0,0.009770786935533304,0.0,0.0008043294090493882,9.89901386388269e-06,0.0,0.0,0.0002335994879906353,0.6540446622446845,0.49394938308926395,0.5781132075471698,0.24301470588235294,0.4006690308192886,0.11786452785262237,0.020202020202020204,0.6000000000000014,0.0,1.0,0.0,0.2,0.00016202345503021898,0.0,0.0003084856229065697,0.0013448835093548515,0.0,1.0624807335020051e-05,0.003924678927254039,0.0,0.0,0.0011679195866361799,0.0011577557011658761,0.03312156029362849,1,2
7950,0.6000000000000227,1.0,0.0,0.06756756756756757,0.2962962962962963,0.4,0.5,0.0,0.0,0.0,0.0,1.0,0.0,0.0,0.0,0.0,0.010702679624151765,0.0,0.0008043294090493882,9.89901386388269e-06,0.06538053875374335,0.03325326555618851,1.6528778593509248e-06,0.6530722080741963,0.4950224326042255,0.580754716981132,0.24411764705882358,0.39580058250770794,0.11310232470706186,0.030303030303030304,0.14999999999999858,1.0,0.0,0.0,0.8,0.0014649931882735289,0.0,0.0,0.0,0.0027431831313817503,0.0,0.004415402202037881,0.0,0.0,0.008760855072471183,0.0017706149111527542,0.03312156029362849,0,0
1188,0.0,0.0,0.0,0.07673745173745174,0.0,0.0,0.4411764705882353,0.3333333333333333,0.0,0.0,0.0,0.0,0.0,0.0,0.0,0.0,0.009770786935533304,0.0,0.0008043294090493882,0.0027682723852331813,0.0,0.00034985505114656473,0.0006316168262009153,0.6540303701354396,0.4939170729464498,0.580754716981132,0.2450980392156863,0.4020156229054705,0.12619838335735323,0.020202020202020204,0.14999999999999858,0.0,1.0,0.0,0.45,3.937551492396171e-05,0.0,0.0,0.0,1.4947222453125942e-05,0.0,0.0036354330375410375,0.0,0.0,0.0019794566490372737,0.0013098490742157298,0.03312156029362849,0,2
1844,0.4000000000000341,1.0,0.0,0.06756756756756757,0.2962962962962963,0.6000000000000001,0.5,0.0,0.0,0.0,0.0,1.0,0.0,0.0,0.0,0.0,0.009770786935533304,0.0,0.0008043294090493882,9.89901386388269e-06,6.543187204562445e-05,0.00039988183043165545,0.0,0.6541011359056458,0.49399533409334756,0.5733962264150944,0.23958333333333337,0.4025335429386174,0.13102324707061846,0.25252525252525254,0.5,0.0,0.0,1.0,0.5,0.0,0.004186072818617458,0.0,0.0,0.0,0.0,0.0036354330375410375,0.009288037365319558,0.0,0.00014750568047803506,0.0010885114974088347,0.03312156029362849,0,0
8211,0.6000000000000227,1.0,0.0,0.15830115830115832,0.4444444444444444,0.6000000000000001,0.5,0.0,0.0,0.0,0.0,1.0,0.0,0.0,0.0,0.0,0.009770786935533304,0.0,0.0008043294090493882,9.89901386388269e-06,0.00201898897997134,0.004515789390583248,0.0,0.6540845129669846,0.49400080542141434,0.580754716981132,0.24497549019607845,0.4014123983962759,0.13384297261733194,0.25252525252525254,0.9499999999999957,0.0,1.0,1.0,0.5,0.00012048228678543937,0.0,0.0,0.0,0.0,0.0,0.0036354330375410375,0.0,0.0,0.0015392931495046562,0.0011146850579501842,0.03312156029362849,0,0
7632,0.20000000000004547,0.0,0.0,0.02316602316602317,0.0,0.6000000000000001,0.5588235294117647,0.0,0.0,0.0,0.0,0.0,0.0,0.0,0.0,0.0,0.009770786935533304,0.0,0.0008043294090493882,9.89901386388269e-06,0.0,0.0,0.0,0.6541031161995224,0.49399853537341615,0.20339622641509433,0.24460784313725495,0.39068840712170516,0.014098627733567267,0.24242424242424243,0.6000000000000014,0.0,1.0,0.0,0.45,0.0,0.0,0.0,0.0,0.0,0.0,0.0036354330375410375,0.0,0.0,2.7884355137193586e-06,0.0010839055768982167,0.03312156029362849,0,2
8542,0.6000000000000227,0.0,0.0,0.02316602316602317,0.0,0.6000000000000001,0.029411764705882346,0.0,0.0,0.0,0.0,0.0,0.0,0.0,0.0,0.0,0.009770786935533304,0.0,0.0008043294090493882,9.89901386388269e-06,1.1568065776022002e-05,2.6592307925629624e-06,0.0,0.6541033613756089,0.49399772641650297,0.20339622641509433,0.24362745098039218,0.39068840712170516,0.13346700921110347,0.020202020202020204,0.75,0.0,1.0,0.0,0.35000000000000003,0.0,0.0,0.0,0.0,0.0,0.0,0.0036354330375410375,0.0,0.0,1.637246540165495e-06,0.0010825576210823542,0.03312156029362849,0,2
903,0.6000000000000227,0.0,0.0,0.06756756756756757,0.0,0.6000000000000001,0.029411764705882346,0.0,0.0,0.0,0.0,0.0,0.0,0.0,0.0,0.0,0.010068164273589258,0.0,0.0008043294090493882,9.89901386388269e-06,0.0002830561094570384,0.001006352653060546,0.0,0.6540921538465868,0.49398459561731783,0.580754716981132,0.24473039215686276,0.40287476084280827,0.13403095432044615,0.020202020202020204,0.7999999999999972,0.0,1.0,0.0,0.10000000000000002,9.61984562883685e-06,0.0,0.0,0.0,3.834627749754823e-06,0.0,0.0036354330375410375,0.0,0.0,0.00046321286098088463,0.0010898538520256388,0.03312156029362849,0,2
8358,0.4000000000000341,1.0,0.0,0.10231660231660232,0.0,0.6000000000000001,0.5588235294117647,0.0,0.0,0.0,0.0,0.0,0.0,0.0,0.0,0.0,0.009770786935533304,0.0,0.0008043294090493882,9.89901386388269e-06,0.0,5.1522596605907397e-05,0.00041545954930500943,0.6539638035026926,0.4938758087685512,0.580754716981132,0.24497549019607845,0.4022654431567531,0.13390563318503665,0.020202020202020204,0.6499999999999986,0.0,1.0,0.0,0.05,9.137835015112492e-06,0.0,0.00011845444670432006,0.0,0.0,0.0003930455937948234,0.0036893724493766724,0.0,0.0,0.0026523138130909118,0.0012135761109142106,0.03312156029362849,0,3
3188,0.6000000000000227,0.0,0.0,0.15830115830115832,0.0,0.6000000000000001,0.5294117647058824,0.0,0.0,0.0,0.0,1.0,0.0,0.0,0.0,0.0,0.014972903822736017,0.0,0.0008043294090493882,0.0002278089008531776,0.03204209619135894,0.007365736891550336,0.0,0.6539512839502889,0.49400906074131473,0.580754716981132,0.24411764705882358,0.3991091775429874,0.12864214549783823,0.030303030303030304,0.14999999999999858,0.0,1.0,0.0,0.25000000000000006,9.285832640171521e-05,0.0,0.0,0.0,0.0,0.0,0.0037120695419724436,0.0,0.0,0.001317804390992893,0.0011849423352147859,0.03312156029362849,0,1
6093,0.20000000000004547,0.0,0.0,0.138996138996139,0.0,0.6000000000000001,0.5294117647058824,0.0,0.0,0.0,0.0,1.0,0.0,0.0,0.0,0.0,0.009770786935533304,0.0,0.0008043294090493882,9.89901386388269e-06,0.0,0.0,0.0,0.6540749815809643,0.49396351770926356,0.580754716981132,0.13149509803921572,0.40287476084280827,0.07469139670405416,0.020202020202020204,0.9499999999999957,0.0,1.0,0.0,0.8,2.085544514593282e-05,0.0,0.0,0.0,3.2711722436684e-05,0.0,0.0036380563274922935,0.0,0.0,9.035554343538325e-05,0.001084091060852874,0.03312156029362849,0,1
10322,0.20000000000004547,1.0,0.0,0.10424710424710425,0.0,0.8,0.029411764705882346,0.0,0.0,0.0,0.0,0.0,0.0,0.0,0.0,0.0,0.009770786935533304,0.0,0.0008043294090493882,9.89901386388269e-06,0.0,0.0,0.0,0.6532864436011737,0.49303094332936886,0.20339622641509433,0.09093137254901962,0.39068840712170516,0.05495331787705997,0.04040404040404041,0.14999999999999858,0.0,1.0,0.0,0.35000000000000003,0.0,0.0,0.0,0.0,0.0,0.0,0.0036354330375410375,0.0,0.0,0.0,0.0010825576210823542,0.03312156029362849,1,3
5081,0.0,0.0,0.0,0.04054054054054054,0.0,0.0,0.4411764705882353,0.3333333333333333,0.0,0.0,0.0,0.0,0.0,0.0,0.0,0.0,0.009770786935533304,0.0,0.0008043294090493882,9.89901386388269e-06,0.0,0.0,0.0,0.6540997572871381,0.49399350384774027,0.580566037735849,0.2450980392156863,0.4028686676659477,0.1342189360235604,0.25252525252525254,0.14999999999999858,0.0,1.0,0.0,0.5,0.0,0.0,0.0,0.0,0.0,0.0,0.0036354330375410375,0.0,0.0,1.3558447910745506e-05,0.0010827117284086584,0.03312156029362849,0,2
6090,0.4000000000000341,1.0,0.0,0.06756756756756757,0.0,0.6000000000000001,0.0,0.0,0.0,0.0,0.0,0.0,0.0,0.0,0.0,0.0,0.009770786935533304,0.0,0.0008043294090493882,9.89901386388269e-06,0.00012182619270373171,0.00014276745317572405,0.0,0.6541006405836873,0.493994538722563,0.580754716981132,0.2450980392156863,0.40287476084280827,0.1342189360235604,0.24242424242424243,0.10000000000000142,0.0,0.0,1.0,0.10000000000000002,0.0,0.0010023109712365976,0.0,0.0,0.0,0.0,0.0036354330375410375,0.002498338084220261,0.0,7.899714556298513e-05,0.0010836193209286422,0.03312156029362849,0,3
7152,0.4000000000000341,0.0,0.0,0.03474903474903475,0.0,0.6000000000000001,0.0,0.0,0.0,0.0,0.0,0.0,0.0,0.0,0.0,0.0,0.009770786935533304,1.6935492512602702e-05,0.0008347391332994669,6.957650439706504e-05,0.0,0.0011223615963861053,0.0,0.6536623363120706,0.4953744049437745,0.580754716981132,0.24019607843137258,0.396342875248297,0.11253837959771917,0.25252525252525254,0.0,1.0,1.0,0.0,0.25000000000000006,0.0,0.0,0.0,0.0,0.0,0.0,0.0036354330375410375,0.0,0.0,0.002259579299268714,0.001698291634093891,0.03312156029362849,0,2
1589,0.6000000000000227,0.0,0.0,0.06756756756756757,0.0,0.2,0.5588235294117647,0.0,0.0,0.0,0.0,0.0,0.0,0.0,0.0,0.0,0.010182570271762404,0.0,0.0008043294090493882,9.89901386388269e-06,0.0,0.0,0.0,0.6540999617109831,0.4939931882613821,0.580754716981132,0.2450980392156863,0.40287476084280827,0.13277774296635128,0.24242424242424243,0.6999999999999957,0.0,1.0,1.0,0.6,0.0,0.0,0.0,0.0,0.0,0.0,0.0036354330375410375,0.0,0.0,5.4157045711411764e-05,0.0010891250021941893,0.03312156029362849,0,2
813,0.20000000000004547,0.0,1.0,0.0694980694980695,0.0,0.4,0.2941176470588235,0.4444444444444444,0.0,0.0,0.0,0.0,0.0,0.0,0.0,0.0,0.010166843585615214,0.00012883850521668822,0.0008949347925842379,9.89901386388269e-06,0.12661284142061632,0.05543291238540896,0.0,0.653862879417258,0.49520604369753424,0.580566037735849,0.24436274509803926,0.3972690381311008,0.09618397142678115,0.030303030303030304,0.14999999999999858,1.0,1.0,0.0,0.2,0.00212574148422514,0.0,0.003843871998628953,0.0167578638327422,0.0023910077885359,0.0,0.0045670417898264195,0.0,0.0,0.0089682737435284,0.002090228202117391,0.03314756283288905,0,4
8915,0.0,1.0,0.0,0.02316602316602317,0.14814814814814814,0.6000000000000001,0.5,0.0,0.0,0.0,0.0,1.0,0.0,0.0,0.0,0.0,0.015921998044623607,2.4344770486866382e-05,0.0012659490231655822,0.00023319364050101562,0.02645146690304081,0.006080580510082016,0.0008147817910884611,0.6535757368051464,0.49519372806606393,0.580566037735849,0.24375000000000005,0.39355829342302495,0.08691020740647912,0.020202020202020204,0.0,1.0,1.0,0.0,0.2,0.0001991722166964118,0.0,0.009933337869886611,0.043305688505641045,0.0012680722679893305,0.0,0.0030496941300458334,0.0,0.0,0.008543971069853636,0.0015516536802224591,0.03317715175823992,0,0
960,0.6000000000000227,0.0,0.0,0.06756756756756757,0.0,0.6000000000000001,0.5588235294117647,0.0,0.0,0.0,0.0,0.0,0.0,0.0,0.0,0.0,0.009770786935533304,0.0,0.0008043294090493882,9.89901386388269e-06,0.0,0.0,0.0,0.6540987434508887,0.4939923160319273,0.20339622641509433,0.2450980392156863,0.39068840712170516,0.1342189360235604,0.25252525252525254,0.9499999999999957,0.0,0.0,0.0,0.35000000000000003,0.0,0.0,0.0,0.0,0.0,0.0,0.003644451799236951,0.0028754020013428173,0.0,7.295979894612487e-05,0.0010825576210823542,0.03312156029362849,0,2
7303,0.4000000000000341,0.0,0.0,0.0,0.0,0.0,0.4411764705882353,0.1111111111111111,0.0,0.0,0.0,0.0,0.0,0.0,0.0,0.0,0.009770786935533304,0.0,0.0008043294090493882,9.89901386388269e-06,0.0,0.0,0.0,0.654093583156907,0.49398432932919767,0.580754716981132,0.2450980392156863,0.40287476084280827,0.12168682248261171,0.24242424242424243,0.6000000000000014,0.0,1.0,0.0,0.10000000000000002,0.0,0.0,0.0,0.0,0.0,0.0,0.0036354330375410375,0.0,0.0,0.00014604750777820016,0.0010834637761264734,0.03312156029362849,0,2
3278,0.0,1.0,0.0,0.0250965250965251,0.35185185185185186,1.0,0.5,0.0,0.0,0.0,0.0,1.0,0.0,0.0,0.0,0.0,0.009770786935533304,0.0,0.0008043294090493882,9.89901386388269e-06,0.0,0.0,0.0,0.6541020261598948,0.4939960824949448,0.20339622641509433,0.2410539215686275,0.39068840712170516,0.1265743467635817,0.25252525252525254,0.0,0.0,0.0,0.0,0.45,0.0,0.0,0.0,0.0,0.0,0.0,0.0036354330375410375,0.000445958020783621,0.0,2.1898172474713496e-05,0.0010825576210823542,0.03312156029362849,0,0
3696,1.0,1.0,0.0,0.10231660231660232,0.4444444444444444,0.6000000000000001,0.5,0.0,0.0,0.0,0.0,1.0,0.0,0.0,0.0,0.0,0.009784090658551596,0.0,0.0008043294090493882,9.89901386388269e-06,0.0,0.0,0.000933049551603597,0.6541745389753764,0.4940873420733178,0.580754716981132,0.2450980392156863,0.4026675928295495,0.1342189360235604,0.020202020202020204,0.0,0.0,1.0,0.0,0.45,0.0,0.0,0.0,0.0,8.238971622330362e-05,0.0,0.003716894809179596,0.0,0.0,0.0,0.0011389929235237743,0.03312160989786211,0,0
2377,0.6000000000000227,0.0,0.0,0.1274131274131274,0.0,1.0,0.5588235294117647,0.0,0.0,0.0,0.0,0.0,0.0,0.0,0.0,0.0,0.00992973933657313,0.0,0.0010024448638560545,9.89901386388269e-06,0.07930812844601834,0.03583712377597476,0.0,0.6538321376492076,0.4941853671555486,0.580754716981132,0.2450980392156863,0.3985668848023983,0.11003195688952944,0.020202020202020204,0.14999999999999858,0.0,1.0,0.0,0.4,6.566885445853131e-05,0.0,8.962213031501322e-05,0.0,0.00012032905363312277,0.0,0.0037376345450313153,0.0,0.0,0.005737090950580225,0.0015037326464629125,0.03312156029362849,0,2
3284,0.0,0.0,0.0,0.05791505791505792,0.0,0.6000000000000001,0.029411764705882346,0.0,0.0,0.0,0.0,0.0,0.0,0.0,0.0,0.0,0.010672234565706058,0.0,0.0008111131167667135,9.89901386388269e-06,0.0,0.0,0.0012419637241591305,0.6538059627827458,0.4936337159906818,0.580754716981132,0.24068627450980395,0.40287476084280827,0.13133654990914218,0.020202020202020204,0.9499999999999957,0.0,1.0,0.0,0.25000000000000006,0.0,0.0,0.0,0.0,0.0,0.000708356627801796,0.0034793894952407063,0.0,0.0,0.005311227776296866,0.0015057535392559078,0.033304733847095626,0,2
9215,0.6000000000000227,1.0,0.0,0.03474903474903475,0.0,1.0,0.5294117647058824,0.0,0.0,0.0,0.0,1.0,0.0,0.0,0.0,0.0,0.009770786935533304,0.0,0.0011187971472559708,9.89901386388269e-06,0.0005925018689656269,0.00020766930470671386,0.0,0.6541024741032312,0.4940045144345167,0.20339622641509433,0.2450980392156863,0.39068840712170516,0.1342189360235604,0.020202020202020204,0.25,0.0,1.0,0.0,0.35000000000000003,0.0,0.0,0.0,0.0,0.0,0.0,0.0036354330375410375,0.0,0.0,3.734968669752536e-05,0.0010835571624895346,0.03312156029362849,1,0
226,0.0,1.0,0.0,0.06756756756756757,0.2962962962962963,0.6000000000000001,0.5,0.0,0.0,0.0,0.0,1.0,0.0,0.0,0.0,0.0,0.010154156890474466,0.0,0.0008043294090493882,9.89901386388269e-06,0.0017431629116243155,0.0008387380121668118,0.0,0.6541039050701465,0.49399836341184583,0.39622641509433965,0.19865196078431377,0.39691563387318884,0.11047058086346265,0.24242424242424243,0.5,0.0,0.0,0.0,0.55,0.0,0.001629517521939088,0.0,0.0,0.0,0.0,0.003641121740551634,0.007799708466722333,0.0,0.000245510235093254,0.0010866935365534045,0.03312156029362849,0,0
7914,0.6000000000000227,1.0,0.0,0.10424710424710425,0.2962962962962963,0.6000000000000001,0.5,0.0,0.0,0.0,0.0,1.0,0.0,0.0,0.0,0.0,0.009770786935533304,0.0,0.0008043294090493882,9.89901386388269e-06,0.0,0.0,0.0,0.6541046170747543,0.49399784597443447,0.4415094339622641,0.20526960784313728,0.3983779963197212,0.10965599348330096,0.24242424242424243,0.6999999999999957,0.0,0.0,0.0,0.85,0.0,0.0012909983980265807,0.0,0.0,0.0,0.0,0.0036393779850249874,0.0057715031280008424,0.0,7.649011179835673e-05,0.0010873870938739733,0.03312156029362849,0,0
7492,0.8000000000000114,1.0,0.0,0.10231660231660232,0.0,0.6000000000000001,0.029411764705882346,0.0,0.0,0.0,0.0,0.0,0.0,0.0,0.0,0.0,0.011494612330790452,0.0,0.0008043294090493882,9.89901386388269e-06,0.004964146226135442,0.0011411424138585812,0.0,0.654049052221908,0.4941355083927102,0.580754716981132,0.2450980392156863,0.39185829707893105,0.04730872861708127,0.020202020202020204,0.5,1.0,1.0,0.0,0.25000000000000006,3.093014586096026e-05,0.0,0.0,0.0,1.536981408269076e-05,0.0,0.003741450703545947,0.0,0.0,0.0008403167867399404,0.0011508273153395113,0.03340926484859082,0,3
9366,0.0,0.0,1.0,0.015444015444015444,0.0,0.8,0.2647058823529412,0.0,0.0,0.0,0.0,0.0,0.0,0.0,0.0,0.0,0.009770786935533304,0.0,0.0008043294090493882,9.89901386388269e-06,0.00034740347533616077,0.000933140705302797,0.0,0.6540502923490589,0.493935505441182,0.20339622641509433,0.2450980392156863,0.39068840712170516,0.13415627545585562,0.020202020202020204,0.29999999999999716,0.0,1.0,0.0,0.35000000000000003,1.8649058533814277e-05,0.0,0.0,0.0,0.0,0.0,0.0036354330375410375,0.0,0.0,0.0010838572095895577,0.0010825576210823542,0.03312156029362849,1,4
7681,0.4000000000000341,1.0,0.0,0.138996138996139,0.2962962962962963,0.6000000000000001,0.5,0.0,0.0,0.0,0.0,1.0,0.0,0.0,0.0001215811780474804,0.0,0.009770786935533304,0.0,0.0008043294090493882,9.89901386388269e-06,0.0007085440287813476,0.0005212092353423407,0.0,0.6541126750850226,0.49400716838769104,0.3949056603773585,0.20710784313725492,0.39687907481202556,0.10840278212920611,0.24242424242424243,0.6999999999999957,0.0,0.0,0.0,0.55,0.0,0.00020311147434750438,0.0,0.0,0.0,0.0,0.0036400706183843667,0.005820007048515583,0.0,0.00015727799576464787,0.0010872849835194586,0.03312156029362849,0,0
7664,0.8000000000000114,0.0,0.0,0.03861003861003861,0.0,0.6000000000000001,0.0,0.0,0.0,0.0,0.0,0.0,0.0,0.0,0.0,0.0,0.009770786935533304,0.0,0.0034873247980774817,9.89901386388269e-06,0.00045296207554236154,0.00023351370397193513,1.9138585739852812e-05,0.6539997224619954,0.4937769526034264,0.580754716981132,0.24485294117647063,0.40072386941103355,0.09931699981201832,0.020202020202020204,0.9499999999999957,0.0,1.0,0.0,0.4,0.0,0.0,0.0,0.0,0.0,0.0,0.0036354330375410375,0.0,0.0,0.0006596312818463639,0.001138662353643066,0.03312156029362849,0,2
8685,0.20000000000004547,1.0,0.0,0.03861003861003861,0.537037037037037,0.6000000000000001,0.5,0.0,0.0,0.0,0.0,1.0,0.0,0.0,0.0,0.0,0.009770786935533304,0.0,0.0008043294090493882,9.89901386388269e-06,0.008442157502107557,0.002397213458533243,0.0,0.6541506604811514,0.4940526776485083,0.3937735849056604,0.21029411764705885,0.3968364225740017,0.11604737138918482,0.020202020202020204,0.3500000000000014,0.0,1.0,0.0,0.55,0.00011560786959312825,0.0,2.0162459013501287e-07,0.0,0.0,7.227760091850375e-08,0.003676819451361158,0.0,0.0,0.00020038362732994255,0.0011089094286309052,0.03312156029362849,0,0
7695,0.4000000000000341,1.0,0.0,0.15830115830115832,0.4444444444444444,0.4,0.5,0.0,0.0,0.0,0.0,1.0,0.0,0.0,0.0,0.0,0.009770786935533304,0.0,0.0008043294090493882,9.89901386388269e-06,0.0065388491798964365,0.0015031302054962145,0.0,0.654119807058586,0.49401467414146893,0.2884905660377358,0.12022058823529413,0.3934364298858139,0.06942790901685571,0.24242424242424243,0.3999999999999986,0.0,1.0,1.0,0.05,0.0,0.0,0.0,0.0,0.0,0.0,0.0036354330375410375,0.0,0.0,0.0004685594942136126,0.0011051628708466093,0.03312156029362849,0,0
1498,0.20000000000004547,0.0,0.0,0.06756756756756757,0.0,0.6000000000000001,0.5294117647058824,0.0,0.0,0.0,0.0,1.0,0.0,0.0,0.0,0.0,0.009770786935533304,0.0,0.0008043294090493882,9.89901386388269e-06,7.555392959964371e-05,0.00019146461706453328,2.000852145530067e-06,0.6541128599610445,0.4940020545688935,0.43169811320754714,0.2450980392156863,0.4000231540720701,0.13158719217996115,0.24242424242424243,0.6999999999999957,0.0,0.0,0.0,0.35000000000000003,0.0,0.0,0.0,0.0,0.0,0.0,0.00363550410706374,5.3833172927984735e-05,6.937885010266941e-05,0.0,0.001086908017866019,0.03320311957453695,0,1
7986,0.20000000000004547,1.0,0.0,0.03474903474903475,0.1111111111111111,0.6000000000000001,0.5,0.4444444444444444,0.0,0.0,0.0,1.0,0.0,0.0,0.0,0.0,0.01613565523431897,0.011136395772333642,0.0008043294090493882,9.89901386388269e-06,0.1867002670777186,0.047674440346181984,0.0,0.6581936823984218,0.4981124065676212,0.37566037735849056,0.16482843137254904,0.3962697571259704,0.09142176828122064,0.030303030303030304,0.14999999999999858,0.0,1.0,0.0,0.05,0.008038463849553599,0.0,0.00325371682330377,0.0,0.0,0.0017598873047646477,0.005792464513742617,0.0,0.0138347022587269,0.013229412520126622,0.005700286847223225,0.03469464447296534,0,0
1526,0.8000000000000114,0.0,1.0,0.10231660231660232,0.0,0.8,0.23529411764705882,0.0,0.0,0.0,0.0,0.0,0.0,0.0,0.0,0.0,0.009770786935533304,0.0,0.0008043294090493882,9.89901386388269e-06,0.0,2.5761298302953698e-05,0.0,0.6541163692922711,0.4940107741462162,0.2788679245283019,0.06066176470588236,0.3931256778659258,0.03910019424775989,0.020202020202020204,0.6499999999999986,0.0,1.0,0.0,0.45,1.4888017970387589e-05,0.0,0.0,0.0,6.761466073037075e-06,0.0,0.003639811469848545,0.0,0.0,2.2333066086944956e-05,0.0010961273932435108,0.03312156029362849,0,4
5423,0.6000000000000227,1.0,1.0,0.06756756756756757,0.0,0.6000000000000001,0.23529411764705882,0.0,0.0,0.0,0.0,0.0,0.0,0.0,0.0,0.0,0.009770786935533304,0.0,0.0008043294090493882,9.89901386388269e-06,0.012741862950232734,0.0029290596170458354,0.0,0.6540413364642037,0.49399801405425375,0.580754716981132,0.24473039215686276,0.3915780109433457,0.13045930196127578,0.24242424242424243,0.7999999999999972,0.0,1.0,0.0,0.10000000000000002,0.00010868321007201774,0.0,0.0,0.0,0.0,0.0,0.0036354330375410375,0.0,0.0006400410677618071,0.0003197491328988832,0.0010930779616853783,0.03312156029362849,0,4
8960,0.4000000000000341,1.0,0.0,0.06756756756756757,0.0,0.4,0.1764705882352941,0.0,0.0,0.0,0.0,0.0,0.0,0.0,0.0,0.0,0.009770786935533304,0.0,0.0008043294090493882,9.89901386388269e-06,0.0004215113967138017,0.0005719839232878397,0.0,0.6541146000486203,0.4940108937041477,0.3920754716981132,0.1894607843137255,0.3967815839822567,0.10577103828560688,0.25252525252525254,0.29999999999999716,0.0,1.0,0.0,0.8,0.0,0.0,0.0,0.0,0.0,0.0,0.0036354330375410375,0.0,0.0,0.00023023779471077275,0.0010910171665451092,0.03312156029362849,0,3
1807,0.8000000000000114,0.0,0.0,0.03861003861003861,0.0,0.6000000000000001,0.029411764705882346,0.0,0.0,0.0,0.0,0.0,0.0,0.0,0.0,0.0,0.009770786935533304,0.0,0.0008510044370906627,9.89901386388269e-06,0.01776529551347029,0.03180597919733612,0.0,0.6539801355432404,0.49385426388584885,0.43943396226415093,0.17046568627450984,0.39830487819739463,0.09605865029137166,0.020202020202020204,0.3999999999999986,0.0,1.0,0.0,0.75,1.1948432114857344e-05,0.0,0.0,0.0,0.00020340743769719867,0.0,0.003635727524513563,0.0,0.0,0.012422582541528504,0.0014809966855312518,0.03312156029362849,0,2
4961,0.8000000000000114,1.0,0.0,0.10231660231660232,0.0,0.2,0.1764705882352941,0.0,0.0,0.0,0.0,0.0,0.0,0.0,0.0,0.0,0.009770786935533304,0.0,0.0008238228220302079,9.89901386388269e-06,0.011631690137790123,0.014044311926109948,0.0,0.6537433265877197,0.4935763930088015,0.3290566037735849,0.0803921568627451,0.394630692550482,0.050003133028385244,0.020202020202020204,0.3999999999999986,0.0,1.0,0.0,0.75,1.757641519623049e-05,0.0,1.4617782784788433e-05,0.0,0.0,3.5560579651903846e-05,0.003638197288589809,0.0,0.0,0.005368787224974559,0.001186893733484951,0.03312156029362849,0,3
478,0.6000000000000227,1.0,0.0,0.10231660231660232,0.0,1.0,0.0,0.0,0.0,0.0,0.0,0.0,0.0,0.0,0.0,0.0,0.009770786935533304,0.0,0.0008043294090493882,9.89901386388269e-06,0.0,0.0,0.0,0.6541158872230741,0.4940123881782915,0.3911320754716981,0.21875000000000006,0.39675111809795394,0.12074691396704057,0.25252525252525254,0.8999999999999986,0.0,0.0,0.0,0.35000000000000003,0.0,0.0001892342928703457,0.0,0.0,0.0,0.0,0.003649853475611659,0.042149675220683185,0.0,0.0006678430965243815,0.0011051803188295167,0.03312156029362849,0,3
1470,0.6000000000000227,0.0,0.0,0.06756756756756757,0.0,0.6000000000000001,0.5294117647058824,0.0,0.0,0.0,0.0,1.0,0.0,0.0,0.0,0.0,0.009770786935533304,0.0,0.0008043294090493882,9.89901386388269e-06,0.00037993866033122266,8.73391113432398e-05,0.0,0.6541052479061984,0.49399993668553543,0.430377358490566,0.18921568627450983,0.39804896476925145,0.1056457171501974,0.24242424242424243,0.3999999999999986,0.0,0.0,1.0,0.85,0.0,0.0,0.0,0.0,0.0,0.0,0.0036355429793441135,0.002564683414988036,0.0,7.214117567604212e-06,0.0010843952604866886,0.03312156029362849,0,1
4071,0.0,0.0,0.0,0.047972972972972976,0.0,0.0,0.7941176470588235,0.3333333333333333,0.0,0.0,0.0,0.0,0.0,0.0,0.0,0.0,0.009770786935533304,0.0,0.0008043294090493882,9.89901386388269e-06,0.0,0.0,5.676330543297255e-06,0.6540854055404668,0.49397989520500424,0.580754716981132,0.24473039215686276,0.4023690271633825,0.13371765148192244,0.25252525252525254,0.29999999999999716,0.0,1.0,0.0,0.5,0.0,0.0,0.0,0.0,0.0,0.0,0.0036354330375410375,0.0,0.0,0.0002832948154030108,0.0010954940116367192,0.03314474531241977,0,2
1011,0.20000000000004547,1.0,1.0,0.10231660231660232,0.0,0.6000000000000001,0.23529411764705882,0.0,0.0,0.0,0.0,0.0,0.0,0.0,0.0,0.0,0.009770786935533304,1.0475562378929505e-06,0.0008043294090493882,9.89901386388269e-06,0.000386445697330235,0.0032923770240797503,0.0,0.6540584060209251,0.49394489035063005,0.39283018867924524,0.13002450980392158,0.3968059566896989,0.07538066294880633,0.25252525252525254,0.7999999999999972,0.0,1.0,0.0,0.45,0.00011406000452370354,0.0,0.0,0.0,0.0,0.0,0.0036354330375410375,0.0,0.0,0.0007749292530420808,0.0011918220947024231,0.03312156029362849,0,4
1864,0.4000000000000341,0.0,0.0,0.03474903474903475,0.0,0.6000000000000001,0.5588235294117647,0.0,0.0,0.0,0.0,0.0,0.0,0.0,0.0,0.0,0.009770786935533304,0.0,0.0008043294090493882,9.89901386388269e-06,0.0004974268283689461,0.0012252405876733848,0.0,0.6541019989917339,0.49399288199122643,0.580754716981132,0.2450980392156863,0.40281382907420277,0.12826618209160975,0.25252525252525254,0.8999999999999986,0.0,1.0,0.0,0.6,0.00010143268422050203,0.0,0.0,0.0,0.0,0.0,0.0036354330375410375,0.0,0.0,0.0003728061535911212,0.0010933539074832346,0.03312156029362849,0,2
190,0.6000000000000227,1.0,0.0,0.06756756756756757,0.2962962962962963,0.6000000000000001,0.5,0.0,0.0,0.0,0.0,1.0,0.0,0.0,0.0,0.0,0.009770786935533304,0.0,0.0008043294090493882,9.89901386388269e-06,0.000477905717371909,0.0004838969032841916,0.0,0.6541046521945721,0.49399916732248267,0.3979245283018868,0.16629901960784316,0.39697047246493383,0.09367754871859141,0.24242424242424243,1.0,0.0,0.0,0.0,0.55,0.0,0.0016820826032919616,0.0,0.0,0.0,0.0,0.0036354330375410375,0.005357829563865568,0.0,0.00015436165036497807,0.0010857998726788666,0.03312156029362849,0,0
7147,0.8000000000000114,1.0,0.0,0.05791505791505792,0.0,0.6000000000000001,0.1764705882352941,0.0,0.0,0.0,0.0,0.0,0.0,0.0,0.0,0.0,0.02394320995810757,0.00012241131121544917,0.0013969291636663056,2.9322539022155572e-05,0.11985998302386347,0.039864445710349104,0.0,0.6529241432537182,0.4941620533589051,0.580377358490566,0.24044117647058827,0.39807333747669366,0.12926875117488565,0.020202020202020204,0.29999999999999716,0.0,1.0,0.0,0.25000000000000006,0.0,0.0,0.0015172250407659718,0.0,0.0,0.00019218614084230145,0.004934499885598486,0.0,0.0,0.016925752404322127,0.001707112927793175,0.03630512032360056,0,3
6604,0.8000000000000114,1.0,0.0,0.03861003861003861,0.0,0.4,0.0,0.0,0.0,0.0,0.0,0.0,0.0,0.0,0.0,0.0,0.009770786935533304,0.0,0.0008043294090493882,9.89901386388269e-06,0.0,0.00015697771772348238,0.0,0.6542003407766038,0.4941106259804784,0.2818867924528302,0.21703431372549023,0.3932231686956946,0.11911773920671723,0.020202020202020204,0.29999999999999716,0.0,1.0,0.0,0.35000000000000003,3.1670133986255406e-05,0.0,0.0,0.0,0.0,0.0,0.00368790904544787,0.0,0.0,0.0007378098041392663,0.0011125692421819968,0.03312156029362849,0,3
588,0.0,0.0,0.0,0.07142857142857142,0.0,0.8,0.5588235294117647,0.0,0.0,0.0,0.0,0.0,0.0,0.0,0.0004100621769109929,0.0,0.009770786935533304,0.0,0.0008043294090493882,9.89901386388269e-06,0.0007916895015465058,0.00018199110736602774,0.0,0.654100136316115,0.4939873186656604,0.580754716981132,0.2450980392156863,0.4037460851338671,0.13146187104455168,0.24242424242424243,0.75,0.0,0.0,0.0,0.6,0.0,0.0,0.0,0.0,0.0,0.0,0.0036400847537590483,0.01672103147757694,0.0,5.124070031174198e-05,0.00109384577206957,0.03318432453042053,0,2
4277,0.8000000000000114,0.0,0.0,0.02316602316602317,0.0,0.6000000000000001,0.5294117647058824,0.0,0.0,0.0,0.0,1.0,0.0,0.0,0.0,0.0,0.009770786935533304,0.0,0.011358016412673994,9.89901386388269e-06,0.050971066821485944,0.00791819208870529,0.0,0.6551180809215296,0.4954475130661894,0.3939622641509434,0.19289215686274513,0.39652567055411353,0.10746287361363496,0.020202020202020204,0.14999999999999858,0.0,1.0,0.0,0.35000000000000003,0.0018628963443439288,0.0,0.0,0.0,0.0,0.0,0.0036938623940844426,0.0,0.0,0.005528904820207306,0.0017923360141240572,0.03312156029362849,0,1
11342,0.4000000000000341,1.0,1.0,0.03474903474903475,0.0,0.6000000000000001,0.23529411764705882,0.0,0.0,0.0,0.0,0.0,0.0,0.0,0.0,0.0,0.00993339635545712,0.0,0.0008043294090493882,9.89901386388269e-06,0.0,0.0,0.0,0.6540125123707322,0.49388577050620125,0.580754716981132,0.2442401960784314,0.40287476084280827,0.08540635378156528,0.020202020202020204,0.44999999999999574,0.0,1.0,0.0,0.8,0.0,0.0,3.024368852025193e-07,1.3185132444655407e-06,0.0,0.000569186107233217,0.003681924284867561,0.0,0.0,6.991554366050466e-05,0.0010675638060207817,0.03312156029362849,1,4
7769,0.8000000000000114,0.0,0.0,0.19305019305019305,0.0,0.8,0.0,0.0,0.0,0.0,0.0,0.0,0.0,0.0,0.0,0.0,0.009770786935533304,0.0,0.0008043294090493882,9.89901386388269e-06,0.00863845311824443,0.0012141050587295276,0.0,0.6541789786504554,0.49408412798347084,0.34679245283018867,0.2376225490196079,0.39531922153572435,0.12964471458111412,0.020202020202020204,1.0,0.0,1.0,0.0,0.35000000000000003,0.0004862468760196264,0.0,4.334928687902776e-06,0.0,0.0003488728675185102,0.0,0.003720713716239305,0.0,0.0,0.0022216923910501965,0.001141861381827376,0.03312156029362849,0,2
12399,0.20000000000004547,0.0,1.0,0.10231660231660232,0.0,0.6000000000000001,0.23529411764705882,0.0,0.0,0.0,0.0,0.0,0.0,0.0,0.0,0.0,0.010303974269034538,0.0,0.0008043294090493882,9.89901386388269e-06,0.011003399565329927,0.06134612755748405,0.0,0.6537676666093615,0.49360411725095715,0.3920754716981132,0.22941176470588237,0.3967815839822567,0.12607306222194373,0.020202020202020204,0.9499999999999957,0.0,1.0,0.0,0.05,0.0,0.0,0.0,0.0,3.338473873562056e-05,0.0,0.0036722784622448173,0.0,0.0,0.01211153128087425,0.0010945916733388608,0.03312156029362849,1,4
3729,0.6000000000000227,0.0,0.0,0.06756756756756757,0.0,0.0,0.4411764705882353,0.0,0.0,0.0,0.0,0.0,0.0,0.0,0.0,0.0,0.009770786935533304,0.0,0.0008043294090493882,9.89901386388269e-06,0.0,0.0026631365377895394,0.0,0.6538036342725626,0.4936465645865676,0.20339622641509433,0.04926470588235294,0.39068840712170516,0.03408734883138041,0.04040404040404041,0.14999999999999858,0.0,1.0,0.0,0.35000000000000003,0.0,0.0,0.0,0.0,0.0,0.0,0.0036354330375410375,0.0,0.0,0.0017504212072544348,0.0010825576210823542,0.03312156029362849,0,2
9201,0.6000000000000227,0.0,0.0,0.03861003861003861,0.0,0.6000000000000001,0.029411764705882346,0.0,0.0,0.0,0.0,0.0,0.0,0.0,0.0,0.0,0.009788304507471417,0.0,0.0008043294090493882,1.6225070780985634e-05,0.0,0.0,0.0004534539916771945,0.6539691635820527,0.4938072593745376,0.580754716981132,0.2450980392156863,0.40449554588771497,0.13340434864339873,0.24242424242424243,0.0,0.0,0.0,1.0,0.25000000000000006,0.0,0.02102603254114952,0.0,0.0,0.0,0.0,0.0036406324995279455,0.08240391299972265,0.0,0.0027174711089940607,0.0011163856414660555,0.03393258951322056,1,2
7645,0.8000000000000114,0.0,0.0,0.05791505791505792,0.0,0.6000000000000001,0.0,0.0,0.0,0.0,0.0,0.0,0.0,0.0,0.0,0.0,0.009770786935533304,0.0,0.0008043294090493882,1.834050421406486e-05,0.0,0.0,0.0017089669646044253,0.6535503262917001,0.4948978986560843,0.5752830188679245,0.23517156862745103,0.3973726221377302,0.12055893226392633,0.030303030303030304,0.29999999999999716,1.0,1.0,0.0,0.05,0.0005686639020846083,0.0,0.0,0.0,0.00028704927726736103,0.0,0.004145108315928721,0.0,0.0,0.0007912761364665457,0.0016480901192274687,0.033131629953052175,0,2
248,0.0,0.0,0.0,0.16988416988416988,0.0,0.0,0.7941176470588235,0.4444444444444444,0.0,0.0,0.0,0.0,0.0,0.0,0.0,0.0,0.009770786935533304,0.0,0.0008043294090493882,9.89901386388269e-06,0.0,0.0006212627939125221,0.0,0.6541194750769121,0.4940166053126028,0.3920754716981132,0.24436274509803926,0.39773821274936333,0.13384297261733194,0.24242424242424243,0.25,0.0,1.0,0.0,0.75,0.00011289910572163502,0.0,0.0,0.0,0.0,0.0,0.0036354330375410375,0.0,0.0,0.0007916342841472069,0.0011041126708072374,0.03312156029362849,0,2
11613,0.20000000000004547,1.0,1.0,0.10231660231660232,0.0,0.8,0.2647058823529412,0.0,0.0,0.0,0.0,0.0,0.0,0.0,0.0,0.0,0.009770786935533304,0.0,0.001478583171960363,9.89901386388269e-06,0.0,0.0,0.00025017176336991696,0.6540931593998602,0.49400031437990993,0.580754716981132,0.2450980392156863,0.40096759648545566,0.1315245316122564,0.020202020202020204,0.6000000000000014,0.0,1.0,0.0,0.4,0.0003482356962111406,0.0,0.00016674353604165566,0.0,0.00022467788305196115,0.0,0.0036354330375410375,0.0,0.0,0.00023686352680300497,0.0010985481025993782,0.03312156029362849,1,4
2838,0.8000000000000114,0.0,1.0,0.08687258687258688,0.0,0.4,0.23529411764705882,0.0,0.0,0.0,0.0,0.0,0.0,0.0,0.0,0.0,0.027958315703517502,0.0,0.009117505903580122,9.89901386388269e-06,0.027185677577762708,0.0062493585644474966,0.01721193911085045,0.6534371311431387,0.4940592385840872,0.5790566037735849,0.24485294117647063,0.4015769141715108,0.12914343003947618,0.020202020202020204,0.3999999999999986,0.0,1.0,0.0,0.4,0.0,0.0,0.0,0.0,0.0,0.0,0.0046750658937374685,0.0,0.0,0.030713414830690802,0.0030928517062557984,0.03312156029362849,0,4
7899,1.0,1.0,0.0,0.10231660231660232,0.4444444444444444,0.4,0.5,0.0,0.0,0.0,0.0,1.0,0.0,0.0,0.0,0.0,0.009770786935533304,0.0,0.0008043294090493882,9.89901386388269e-06,0.002037787086857376,0.0042829404943094534,1.0113002692081316e-05,0.6540956340217382,0.49398867106771677,0.3018867924528302,0.13394607843137257,0.39386904544291307,0.07738580111535812,0.24242424242424243,0.29999999999999716,0.0,1.0,0.0,0.35000000000000003,0.00021765155318314005,0.0,0.0,0.0,0.0,0.0,0.0036354330375410375,0.0,0.0,0.0016687891180408709,0.0010974305890350396,0.03312156029362849,0,0
3392,0.6000000000000227,1.0,0.0,0.03861003861003861,0.537037037037037,0.6000000000000001,0.5,0.0,0.0,0.0,0.0,1.0,0.0,0.0,0.0,0.0,0.009770786935533304,0.0,0.0008043294090493882,9.89901386388269e-06,0.0006094924655741592,0.00014010822238316107,0.0,0.6541351978217533,0.4940347847171683,0.30056603773584906,0.12916666666666668,0.3938263932048892,0.0746287361363494,0.24242424242424243,0.5,0.0,1.0,1.0,0.05,0.0,0.0,0.0,0.0,0.0,0.0,0.003670125958800305,0.0,0.0,4.968019970314674e-05,0.0010942487114248376,0.03312156029362849,0,0
6949,0.6000000000000227,1.0,1.0,0.05791505791505792,0.0,0.6000000000000001,0.23529411764705882,0.0,0.0,0.0,0.0,0.0,0.0,0.0,0.0,0.0,0.010140687623391466,0.0002958036926750219,0.0008043294090493882,9.89901386388269e-06,0.03865360728441102,0.008892218467443744,0.0,0.6543080655165661,0.49420759056832975,0.3020754716981132,0.07794117647058825,0.39387513861977363,0.048373958268061915,0.020202020202020204,0.6000000000000014,0.0,1.0,0.0,0.05,0.00018282458912108424,0.0,1.2097475408100772e-06,5.274052977862163e-06,0.00014920614832005194,0.0,0.0037934249056515964,0.0,0.0,0.0010120230176397967,0.0015027584343718279,0.03312156029362849,0,4
6731,0.0,0.0,0.0,0.15830115830115832,0.0,0.2,0.5294117647058824,0.0,0.0,0.0,0.0,1.0,0.0,0.0,0.0,0.0,0.009957686184587802,0.0,0.0008043294090493882,2.596213758779049e-05,0.009456532269842487,0.0021738380719579543,0.0,0.6540584179484105,0.4940811929915224,0.58,0.24093137254901964,0.3963550616020181,0.12864214549783823,0.020202020202020204,0.3999999999999986,0.0,1.0,0.0,0.2,4.58249527132313e-06,0.0,0.0,0.0,0.0,0.00010827184617591861,0.0036719081939580287,0.0,0.0,0.00017643889668002218,0.0011194579239336207,0.0331228450432791,0,1
8787,0.6000000000000227,0.0,0.0,0.10231660231660232,0.0,0.6000000000000001,0.5294117647058824,0.0,0.0,0.0,0.0,1.0,0.0,0.0,0.0,0.0,0.010082506409377079,0.0,0.0008285012411456046,1.340111897319088e-05,0.012878872229267495,0.002960554881745253,5.221789131975751e-05,0.6541608896250609,0.49402636092927354,0.370377358490566,0.17193627450980395,0.3960747754664327,0.09048185976564949,0.020202020202020204,0.0,0.0,1.0,0.0,0.35000000000000003,0.001630383928717935,0.0,0.00015716636801024254,0.0006851873827072593,0.0,0.00027284794346735166,0.003725381923727777,0.0,0.0,0.0003309028749537606,0.0011624951582274957,0.03312367839440382,0,1
7094,0.20000000000004547,0.0,0.0,0.10231660231660232,0.0,0.6000000000000001,0.0,0.0,0.0,0.0,0.0,0.0,0.0,0.0,0.0,0.0,0.011328029853313663,0.0,0.0008043294090493882,2.1164456021859613e-05,0.01138876075649366,0.0026225001672406864,0.00035706511440557214,0.6540508999881703,0.4941833812517253,0.580754716981132,0.24240196078431378,0.39535578059688764,0.1315245316122564,0.24242424242424243,0.0,0.0,1.0,0.0,0.25000000000000006,0.0013011163684891304,0.0,0.0,0.0,0.0,0.0,0.0036354330375410375,0.0,0.0,0.00030636975882846824,0.0011382069216346765,0.03312924398941533,0,2
9217,0.6000000000000227,1.0,0.0,0.02316602316602317,0.0,0.6000000000000001,0.029411764705882346,0.0,0.0,0.0,0.0,0.0,0.0,0.0,0.0,0.0,0.009770786935533304,0.0,0.0008043294090493882,9.89901386388269e-06,0.0,0.00043079538839519994,0.0,0.6540682286363778,0.4939564991152391,0.20339622641509433,0.22622549019607846,0.39068840712170516,0.12438122689391568,0.12121212121212122,0.25,0.0,1.0,0.0,0.85,0.0,0.0,0.0,0.0,0.0,0.0,0.0036354330375410375,0.0,0.0004491786447638604,0.0001870809991910979,0.0010825576210823542,0.03312156029362849,1,3
12034,0.6000000000000227,0.0,1.0,0.08687258687258688,0.0,0.6000000000000001,0.23529411764705882,0.0,0.0,0.0,0.0,0.0,0.0,0.0,0.0,0.0,0.014601377793151637,0.0,0.0009867877545498601,9.89901386388269e-06,0.1842315695407044,0.23253618735278145,0.0,0.6505595839028373,0.4944471244959248,0.4783018867924528,0.18100490196078434,0.39853032574123504,0.10138479854627484,0.24242424242424243,0.6499999999999986,0.0,1.0,0.0,0.45,0.0005448145600280778,0.0,0.0,0.0,0.0,0.0,0.0036354330375410375,0.0,0.024952643737166325,0.07546683271075329,0.0067960764832067045,0.03323035229879114,1,4
1913,0.6000000000000227,1.0,0.0,0.06756756756756757,0.2962962962962963,0.4,0.5,0.0,0.0,0.0,0.0,1.0,0.0,0.0,0.0,0.0,0.009770786935533304,0.0,0.0008043294090493882,9.89901386388269e-06,0.0,0.00010462411149489905,0.0,0.6541042506359008,0.49399757114646203,0.40056603773584903,0.1448529411764706,0.39705577694098154,0.07907763644338618,0.24242424242424243,0.5499999999999972,0.0,0.0,0.0,0.5,0.0,0.005286154841170401,0.0,0.0,0.0,0.0,0.0036354330375410375,0.006641098097866237,0.0,4.5510337421162743e-05,0.0010857630435558547,0.03312156029362849,0,0
10147,0.20000000000004547,0.0,0.0,0.02316602316602317,0.0,0.8,0.5588235294117647,0.0,0.0,0.0,0.0,0.0,0.0,0.0,0.0,0.0,0.009770786935533304,0.0,0.0008043294090493882,9.89901386388269e-06,0.005873685397775171,0.0013502244349238442,0.0,0.6541034680603384,0.4939978514088859,0.20339622641509433,0.0,0.39068840712170516,0.008897800614073564,0.020202020202020204,0.14999999999999858,1.0,1.0,0.0,0.5,0.0,0.0,0.0,0.0,0.0,0.0,0.0036354330375410375,0.0,0.0,0.0035058309000609365,0.0010825576210823542,0.03312156029362849,1,2
10471,0.6000000000000227,0.0,0.0,0.10231660231660232,0.0,1.0,0.029411764705882346,0.0,0.0,0.0,0.0,0.0,0.0,0.0,0.0,0.0,0.009770786935533304,0.0,0.0008043294090493882,9.89901386388269e-06,0.0,0.0,0.0,0.6540269880307228,0.49390163017635547,0.580754716981132,0.2450980392156863,0.40287476084280827,0.1336549909142177,0.030303030303030304,0.0,0.0,1.0,0.0,0.8,0.0,0.0,0.0,0.0,0.0,4.264378454191721e-06,0.003701117767788874,0.0,0.0,0.0011687382099062626,0.0012899759703886122,0.03312156029362849,1,2
12223,1.0,0.0,0.0,0.02316602316602317,0.0,0.6000000000000001,0.029411764705882346,0.0,0.0056,0.0,0.0,0.0,0.0,0.0,0.0,0.0,0.009770786935533304,0.0,0.0008043294090493882,9.89901386388269e-06,0.00012833322970274408,6.38215390215111e-05,0.0,0.6540747271279448,0.4939640716351345,0.20339622641509433,0.2450980392156863,0.39068840712170516,0.13384297261733194,0.25252525252525254,0.7999999999999972,0.0,1.0,0.0,0.55,0.0,0.0,0.0,0.0,0.0,0.0,0.0036354330375410375,0.0,0.00035934291581108833,9.6239398189103e-05,0.0010825576210823542,0.03312156029362849,1,2
8256,0.6000000000000227,1.0,1.0,0.05791505791505792,0.0,0.6000000000000001,0.23529411764705882,0.0,0.0,0.0,0.0,0.0,0.0,0.0,0.0,0.0,0.01943240508512238,0.0,0.0008043294090493882,1.3259415298247773e-05,0.17776935879657413,0.05380313631341694,0.0,0.6525176515732753,0.4946614868208369,0.5730188679245283,0.1694852941176471,0.39389951132721585,0.06334983394949559,0.030303030303030304,0.9499999999999957,1.0,1.0,0.0,0.05,0.002706435285007207,0.0,0.0031425208618443105,0.011505346571206308,0.00019614512228541812,0.0,0.00438651695652611,0.0,0.0,0.016209354715090964,0.0019343958056394965,0.03315628325715843,0,4
8786,0.0,0.0,0.0,0.0,0.0,0.0,0.4411764705882353,0.1111111111111111,0.0,0.0,0.0,0.0,0.0,0.0,0.0,0.0,0.009770786935533304,0.0,0.0008043294090493882,9.89901386388269e-06,0.003083612533420865,0.0013191446750357647,0.0,0.6540939376682753,0.4939794336648076,0.4132075471698113,0.15992647058823534,0.3975736969741284,0.09010589635942104,0.24242424242424243,0.75,0.0,1.0,0.0,0.45,0.0,0.0,0.0,0.0,0.0,0.0,0.0036354330375410375,0.0,0.0,0.0006746223204797542,0.0011266069870892576,0.033185604319647774,0,2
3965,0.8000000000000114,1.0,0.0,0.06756756756756757,0.2962962962962963,0.6000000000000001,0.5,0.0,0.0,0.0,0.0,1.0,0.0,0.0,0.0,0.0,0.009770786935533304,0.0,0.0008043294090493882,9.89901386388269e-06,0.0,0.00012066259721254442,0.0,0.6541018383020015,0.4939958600706112,0.5018867924528302,0.2013480392156863,0.4003278129150977,0.11059590199887213,0.25252525252525254,0.10000000000000142,0.0,0.0,0.0,0.85,0.0,0.0,0.0,0.0,0.0,0.0,0.0036354330375410375,0.001047545659142406,0.0,5.9708334761660393e-05,0.0010832484521555938,0.03312156029362849,0,0
10864,0.4000000000000341,0.0,1.0,0.04247104247104247,0.0,0.2,0.23529411764705882,0.0,0.0,0.0,0.0,0.0,0.0,0.0,0.0,0.0,0.009770786935533304,0.0,0.0008043294090493882,9.89901386388269e-06,0.00019376510174836853,4.454211577542962e-05,0.0,0.6540713072528579,0.4939601716398818,0.20339622641509433,0.1886029411764706,0.39068840712170516,0.10533241431167369,0.020202020202020204,0.5,0.0,1.0,0.0,0.35000000000000003,0.0,0.0,0.0,0.0,1.4242903070517914e-06,0.0,0.0036354330375410375,0.0,0.0,0.000382271485151453,0.0010825576210823542,0.03312156029362849,1,4
1057,0.0,1.0,0.0,0.06756756756756757,0.0,0.6000000000000001,0.20588235294117646,0.0,0.0,0.0,0.0,0.0,0.0,0.0,0.0,0.0,0.009770786935533304,0.0,0.0008043294090493882,9.89901386388269e-06,0.0,5.958338994586388e-05,0.0,0.6541067759495912,0.4940009315783226,0.3924528301886792,0.18039215686274512,0.39679377033597785,0.0975625039162855,0.24242424242424243,0.0,0.0,0.0,0.0,0.55,0.0,0.0002329684405559367,0.0,0.0,0.0,0.0,0.0036360534234298244,0.0051278993546738745,0.0,5.331284046413893e-05,0.001085846119747198,0.03312156029362849,0,3
10649,0.8000000000000114,0.0,0.0,0.03474903474903475,0.0,0.8,0.5588235294117647,0.0,0.0,0.0,0.0,0.0,0.0,0.0,0.0,0.0,0.009770786935533304,0.0,0.0008043294090493882,9.89901386388269e-06,0.0,0.00025711437725593143,0.0,0.6536563285039955,0.4939913855762071,0.580754716981132,0.2450980392156863,0.39137084293008695,0.13096058650291373,0.020202020202020204,0.3500000000000014,0.0,1.0,0.0,0.45,0.0,0.0,0.0,0.0,0.0,0.0,0.003635520205684905,0.0,0.006006160164271047,0.0009116649211230898,0.0011553516962709174,0.03312156029362849,1,2
1999,0.6000000000000227,0.0,0.0,0.015444015444015444,0.0,0.6000000000000001,1.0,0.0,0.0,0.0,0.0,1.0,0.0,0.0,0.0,0.0,0.009770786935533304,0.0,0.0008043294090493882,9.89901386388269e-06,0.08967275387927856,0.019922209189221305,0.00017620547916396306,0.6538052951748888,0.49439971511798186,0.580754716981132,0.23995098039215687,0.4000779926638151,0.13096058650291373,0.020202020202020204,0.6000000000000014,1.0,1.0,0.0,0.10000000000000002,0.0003546987117641771,0.0,1.0081229506750644e-07,0.0,0.0,3.613880045925187e-08,0.003817483313359028,0.0,0.0,0.0037582482689955134,0.0015668273284714976,0.03312156029362849,0,1
12309,0.0,0.0,0.0,0.02316602316602317,0.0,0.6000000000000001,0.029411764705882346,0.0,0.0,0.0,0.0,0.0,0.0,0.0,0.0,0.0,0.009770786935533304,0.0,0.0008043294090493882,9.89901386388269e-06,0.0,0.0009359661380198952,0.0,0.6540178986242963,0.49389666153504613,0.20339622641509433,0.2450980392156863,0.39068840712170516,0.13309104580487502,0.04040404040404041,0.9499999999999957,0.0,1.0,0.0,0.55,0.0,0.0,0.0,0.0,0.0,1.1925804151553118e-06,0.0036360691294016925,0.0,0.0,0.001609541258868632,0.0010825576210823542,0.03312156029362849,1,2
6227,0.6000000000000227,1.0,0.0,0.03861003861003861,0.537037037037037,0.6000000000000001,0.5,0.0,0.0,0.0,0.0,1.0,0.0,0.0,0.0,0.0,0.010093597861712465,0.0,0.0008043294090493882,9.89901386388269e-06,0.0034845183129711276,0.0008642500075829628,0.0,0.6541219748790369,0.4940171196446133,0.2911320754716981,0.15245098039215688,0.3936070388379094,0.08647158343254592,0.25252525252525254,0.0,0.0,0.0,0.0,0.05,0.0,0.00015937732666191338,0.0,0.0,0.0,0.0,0.003646435856133178,0.014960447292650954,0.0,0.00023169596741060762,0.001092712694111388,0.03314889222634991,0,0
7719,0.6000000000000227,1.0,1.0,0.10231660231660232,0.0,0.6000000000000001,0.23529411764705882,0.0,0.0,0.0,0.0,0.0,0.0,0.0,0.0,0.0,0.010240300001963954,0.0,0.0008043294090493882,9.89901386388269e-06,0.026426884763266763,0.006074763442723285,0.0,0.6540187053861483,0.4938981404821859,0.35754716981132073,0.19178921568627455,0.39566653261677576,0.10683626793658753,0.24242424242424243,0.9499999999999957,0.0,1.0,0.0,0.35000000000000003,0.0004043186494502523,0.0,0.0,0.0,0.0,0.0,0.0036354330375410375,0.0,0.0,0.0021612421789500235,0.0011144330535606923,0.03312156029362849,0,4
10770,0.20000000000004547,0.0,0.0,0.03861003861003861,0.0,1.0,0.5588235294117647,0.0,0.0,0.0,0.0,0.0,0.0,0.0,0.0,0.0,0.010525938760886122,0.0,0.0010241995127426493,9.89901386388269e-06,0.013960847881381053,0.004509224414564109,0.0,0.6539860220885484,0.4938460442780579,0.580188679245283,0.2450980392156863,0.4027163382444339,0.13033398082586628,0.020202020202020204,0.5,0.0,1.0,0.0,0.25000000000000006,8.438580181118e-06,0.0,0.0,0.0,8.93859554238767e-05,0.0,0.0037380052059674007,0.0,0.0,0.001148323792108574,0.0011557102721469175,0.03312156029362849,1,2
3756,0.20000000000004547,0.0,0.0,0.03648648648648648,0.0,0.0,0.7941176470588235,0.3333333333333333,0.0,0.0,0.0,0.0,0.0,0.0,0.0,0.0,0.0109436365350634,2.4464802972458285e-05,0.0008061539925043929,0.00036519061371051886,0.0,0.014957674602393058,2.007376663395926e-05,0.6533489857015937,0.4961115331596667,0.580566037735849,0.24289215686274512,0.3936862501370965,0.07682185600601543,0.030303030303030304,0.3999999999999986,1.0,1.0,0.0,0.2,0.0034535110029886625,0.0,0.014013614700448868,0.06109419019114047,0.0,0.01063590194676104,0.004868475906358301,0.0,0.0,0.006129185914972671,0.001991969440261224,0.03313244842290681,0,2
6944,0.20000000000004547,0.0,1.0,0.015444015444015444,0.0,0.8,0.23529411764705882,0.0,0.0,0.0,0.0,0.0,0.0,0.0,0.0,0.0,0.009770786935533304,0.0,0.0008043294090493882,9.89901386388269e-06,0.0,2.409927905760185e-06,0.0,0.6538482609587629,0.5002616028466855,0.3920754716981132,0.1729166666666667,0.39154145188218237,0.09549470518202896,0.020202020202020204,0.7999999999999972,0.0,1.0,0.0,0.35000000000000003,0.0,0.0,0.0,0.0,0.0,8.131230103331672e-06,0.0036354330375410375,0.0,0.0,0.0029356342104711127,0.002211790529599174,0.04682742829985815,0,4
4432,0.8000000000000114,0.0,0.0,0.05405405405405406,0.0,0.6000000000000001,0.5294117647058824,0.0,0.0,0.0,0.0,1.0,0.0,0.0,0.0,0.0,0.010156233716013522,0.0001597632383228197,0.0008043294090493882,9.89901386388269e-06,0.016629094553031628,0.005894766758451679,0.00020521783527414902,0.6539994328891582,0.4943749875876159,0.580754716981132,0.2450980392156863,0.3952278238828161,0.08402782129206092,0.020202020202020204,0.5,1.0,1.0,0.0,0.10000000000000002,0.0,0.0,1.5121844260125966e-06,0.0,0.0,5.7822080734803e-07,0.003654560162731208,0.0,0.0,0.0023854170450667463,0.0012928581094969935,0.03312945232719651,0,1
10091,0.4000000000000341,0.0,1.0,0.06756756756756757,0.0,0.6000000000000001,0.2647058823529412,0.0,0.0,0.0,0.0,0.0,0.0,0.0,0.0,0.0,0.009954435501135369,0.0,0.0008043294090493882,9.89901386388269e-06,0.0,0.0,6.987758634334896e-05,0.6535127113102532,0.4932973611000232,0.580754716981132,0.2450980392156863,0.40287476084280827,0.13277774296635128,0.020202020202020204,0.14999999999999858,0.0,1.0,0.0,0.6,0.0,0.0,0.0,0.0,0.0,1.445552018370075e-07,0.003638877357171694,0.0,0.0,0.009204216319152561,0.0010868308402825337,0.03312156029362849,1,4
4538,1.0,0.0,0.0,0.03474903474903475,0.0,0.6000000000000001,0.029411764705882346,0.0,0.0,0.0,0.0,0.0,0.0,0.0,0.0,0.0,0.01024848690843675,1.3181749326819628e-05,0.0008043294090493882,4.671160427588815e-05,0.0,0.0,0.0,0.6538974393058762,0.4945540578085781,0.580754716981132,0.24473039215686276,0.3981830146601836,0.12237608872736389,0.020202020202020204,0.5499999999999972,1.0,1.0,0.0,0.10000000000000002,0.00014949117907338565,0.0,0.0,0.0,0.0,0.0,0.004122564356558663,0.0,0.0,0.003176718763510482,0.0014489384457774524,0.03312156029362849,0,2
10574,0.4000000000000341,0.0,0.0,0.10424710424710425,0.0,0.6000000000000001,0.029411764705882346,0.0,0.0,0.0,0.0,0.0,0.0,0.0,0.0,0.0,0.009770786935533304,0.0,0.0008043294090493882,5.3867639860515e-05,0.0,0.0,1.0939441621756779e-05,0.6539424436957773,0.49381088066006684,0.580754716981132,0.2450980392156863,0.399590538514971,0.1342189360235604,0.020202020202020204,0.10000000000000142,0.0,1.0,0.0,0.75,7.368652396287592e-05,0.0,5.262401802523836e-05,0.0,0.0,1.8864453839729477e-05,0.0036354330375410375,0.0,0.0,0.0024994870813573387,0.0010834738880256586,0.03312156029362849,1,2
10776,0.0,0.0,1.0,0.33976833976833976,0.0,0.8,0.2647058823529412,0.0,0.0,0.0,0.0,0.0,0.0,0.0,0.0,0.0,0.011286147204942724,0.0,0.0008043294090493882,9.89901386388269e-06,0.08742457259611978,0.020040628060452627,5.785072507728237e-05,0.6539779485062854,0.4946046044176977,0.580754716981132,0.24473039215686276,0.3908833887812428,0.013346700921110346,0.030303030303030304,0.5,1.0,0.0,0.0,0.10000000000000002,0.0,0.0,0.0009756613916633273,0.0,0.0,0.0003781564080056116,0.0037793637416874554,0.0,0.0,0.0015647727987859817,0.002188233175131268,0.03312156029362849,1,4
7312,0.6000000000000227,1.0,0.0,0.03861003861003861,0.537037037037037,0.6000000000000001,0.5,0.0,0.0,0.0,0.0,1.0,0.0,0.0,0.0,0.0,0.011183254043996947,0.0,0.0008043294090493882,0.00014347497087989478,0.01485845748518926,0.0034156157511225902,0.0,0.6537752491768135,0.4942615542828748,0.580566037735849,0.24264705882352944,0.3918400175483494,0.12864214549783823,0.24242424242424243,0.44999999999999574,0.0,1.0,0.0,0.2,0.0003232254553525415,0.0,0.0,0.0,0.0,0.0,0.003780730161239973,0.0,0.0012833675564681726,0.0009676638691921877,0.0011780804202551221,0.03312156029362849,0,0
4660,0.8000000000000114,0.0,0.0,0.08687258687258688,0.0,1.0,0.47058823529411764,0.0,0.0,0.0,0.0,0.0,0.0,0.0,0.0,0.0,0.009770786935533304,0.0,0.0008043294090493882,9.89901386388269e-06,0.030759848400498006,0.020211816042723867,0.0,0.6532054168804307,0.4929984817982649,0.5447169811320755,0.24485294117647063,0.40163175276325574,0.1335296697788082,0.24242424242424243,0.6000000000000014,0.0,1.0,0.0,0.5,0.0,0.0,0.0,0.0,0.0,0.0,0.0036354330375410375,0.0,0.0,0.028638332750916987,0.0026883331102626066,0.03312156029362849,0,2
10618,1.0,0.0,0.0,0.02316602316602317,0.0,1.0,0.029411764705882346,0.0,0.0,0.0,0.0,0.0,0.0,0.0,0.0,0.0,0.009770786935533304,0.0,0.0008043294090493882,9.89901386388269e-06,0.0,0.00011085668366496849,0.0,0.6540768638044063,0.49396644998398626,0.5809433962264151,0.2450980392156863,0.40288085401966883,0.13334168807569396,0.020202020202020204,0.10000000000000142,0.0,0.0,0.0,0.10000000000000002,0.0,0.0,0.0,0.0,0.0,0.0,0.0036354330375410375,0.0,0.0,0.00044494732926716335,0.001082902218744775,0.03312156029362849,1,2
1399,0.4000000000000341,1.0,0.0,0.08687258687258688,0.8888888888888888,0.4,0.5,0.0,0.0,0.0,0.0,1.0,0.0,0.0,0.0,0.0,0.009770786935533304,0.0,0.0015806506823279347,9.89901386388269e-06,0.0,0.0,0.0,0.6542601110619708,0.5118078025572744,0.28471698113207544,0.12022058823529413,0.3925163601798706,0.06385111849113353,0.030303030303030304,0.6999999999999957,1.0,1.0,0.0,0.05,0.06585035521568512,0.0,0.0616367380165685,0.268713438726492,0.03677400186243957,0.0,0.010708558963558268,0.0,0.05563182751540041,0.0,0.011456756149840111,0.03385182390004993,0,0
6810,0.0,0.0,0.0,0.0637065637065637,0.0,1.0,0.5588235294117647,0.0,0.0,0.0,0.0,0.0,0.0,0.0,0.0,0.0,0.009770786935533304,0.0,0.0008043294090493882,9.89901386388269e-06,0.0329111471327826,0.007565511604841628,0.0,0.6539868971021219,0.4936108179295729,0.5766037735849057,0.23541666666666672,0.3913342838689236,0.026192117300582744,0.030303030303030304,0.10000000000000142,0.0,1.0,0.0,0.6,0.0,0.0,0.0,0.0,0.0,0.0,0.0037442950550512456,0.0,0.0,0.0016866197561423606,0.0011985275230653862,0.03312156029362849,0,2
11337,0.20000000000004547,0.0,0.0,0.03861003861003861,0.0,1.0,0.5588235294117647,0.0,0.0,0.0,0.0,0.0,0.0,0.0,0.0,0.0,0.009770786935533304,0.0,0.0008043294090493882,9.89901386388269e-06,0.0,0.0,0.0,0.654123153380847,0.49460823812483024,0.5466037735849056,0.24485294117647063,0.39421026334710396,0.1241305846230967,0.020202020202020204,0.44999999999999574,0.0,1.0,0.0,0.35000000000000003,0.0,0.0,0.0,0.0,0.0,0.0,0.004476137195251511,0.0,0.0,1.7037596808597184e-05,0.0012033196214845275,0.03312156029362849,1,2
5356,0.8000000000000114,1.0,0.0,0.10231660231660232,0.0,0.6000000000000001,0.029411764705882346,0.0,0.0,0.0,0.0,0.0,0.0,0.0,0.0,0.0,0.009770786935533304,0.0,0.0008160098621074953,9.89901386388269e-06,0.0,0.0,0.0,0.6540174023083807,0.49383984900342537,0.580754716981132,0.24485294117647063,0.40369733971898275,0.13171251331537065,0.020202020202020204,0.6499999999999986,0.0,1.0,0.0,0.5,4.752217318409171e-05,0.0,0.0,0.0,0.0001463262646222769,0.0,0.0036795259829633144,0.0,0.0,0.0,0.001184522344421677,0.033661983537585045,0,3
6045,0.6000000000000227,0.0,0.0,0.0250965250965251,0.0,0.6000000000000001,0.5294117647058824,0.0,0.0,0.0,0.0,1.0,0.0,0.0,0.0,0.0,0.01202035018137986,0.0,0.0009720975185275144,9.89901386388269e-06,0.06529305525631218,0.015009280299961233,0.0,0.6544906236305362,0.4944520845973819,0.3375471698113207,0.21139705882352944,0.39500846951583624,0.11667397706623224,0.030303030303030304,0.10000000000000142,0.0,1.0,0.0,0.35000000000000003,0.0,0.0,0.0,0.0,0.0,0.0029113417649973307,0.0036565536432105563,0.0,0.0,0.005730362890579233,0.0013059631308407079,0.03312156029362849,0,1
2596,0.4000000000000341,0.0,0.0,0.06756756756756757,0.0,0.6000000000000001,0.08823529411764706,0.0,0.0,0.0,0.0,1.0,0.0,0.0,0.0,0.0,0.009770786935533304,0.0,0.0008043294090493882,9.89901386388269e-06,0.0,0.0,0.0,0.6540878274826181,0.49397952682683216,0.580754716981132,0.2450980392156863,0.40287476084280827,0.1342189360235604,0.020202020202020204,0.6000000000000014,0.0,1.0,0.0,0.5,0.0,0.0,0.0,0.0,0.0,0.0,0.0036354330375410375,0.0,0.0,0.0002415194466516006,0.001085814842255111,0.03312156029362849,0,1
1551,0.8000000000000114,1.0,0.0,0.03474903474903475,0.0,0.6000000000000001,0.47058823529411764,0.0,0.0,0.0,0.0,0.0,0.0,0.0,0.0,0.0,0.009770786935533304,0.009590846575808186,0.0008043294090493882,9.89901386388269e-06,0.1807510277503438,0.05301691810940325,0.0,0.6529951035081983,0.4931247757323199,0.580754716981132,0.24460784313725495,0.39722638589307696,0.09386553042170565,0.030303030303030304,0.3999999999999986,1.0,0.0,0.0,0.10000000000000002,0.0,0.0,0.06638691254785434,0.2573988370713184,0.0,0.0027832658561697424,0.004470290254574344,0.0,0.0,0.016463613986383227,0.001782045074841759,0.033122453169833546,0,3
845,0.0,0.0,0.0,0.10231660231660232,0.0,0.6000000000000001,0.5588235294117647,0.0,0.0,0.0,0.0,0.0,0.0,0.0,0.0,0.0,0.009770786935533304,0.0,0.0008043294090493882,9.89901386388269e-06,0.0009832855909618701,0.00032883050769286383,0.0,0.6541020195335141,0.49399615430733873,0.580188679245283,0.24522058823529416,0.4028564813122266,0.13428159659126512,0.04040404040404041,0.6000000000000014,0.0,1.0,0.0,0.8,0.0,0.0,9.778792621548125e-06,0.0,0.0,3.5416024450066835e-06,0.0036354330375410375,0.0,0.0,5.402913582546133e-05,0.0010826025793792206,0.03312156029362849,0,2
1269,0.20000000000004547,0.0,0.0,0.03861003861003861,0.0,0.6000000000000001,0.5294117647058824,0.0,0.0,0.0,0.0,1.0,0.0,0.0,0.0,0.0,0.009770786935533304,0.0,0.0008043294090493882,9.89901386388269e-06,0.0,0.0,0.0,0.652768280508415,0.49244063225336476,0.510377358490566,0.2433823529411765,0.40024250843905,0.13334168807569396,0.020202020202020204,0.6499999999999986,0.0,1.0,0.0,0.05,0.0,0.0,0.00011956338195006264,0.0,0.0,4.286061734467272e-05,0.0036763039028345906,0.0,0.0,0.01080963887969359,0.0011119541016482448,0.03312156029362849,0,1
4148,0.0,0.0,0.0,0.02316602316602317,0.0,0.6000000000000001,0.5294117647058824,0.0,0.0,0.0,0.0,1.0,0.0,0.0,0.0,0.0,0.013631184227744087,0.0,0.0008043294090493882,9.89901386388269e-06,0.007128097530362558,0.010965504375057911,0.0,0.6549904031552779,0.4948762598350072,0.48056603773584905,0.23443627450980395,0.39966974981415815,0.12425590575850619,0.020202020202020204,0.19999999999999574,0.0,1.0,0.0,0.35000000000000003,0.0,0.0,0.0,0.0,0.0,0.003147978630404512,0.004563007318302822,0.0,0.0,0.003611407719924421,0.0017776771309389202,0.03333060741534879,0,1
5260,0.6000000000000227,1.0,0.0,0.015444015444015444,0.35185185185185186,0.4,0.5,0.0,0.0,0.0,0.0,1.0,0.0,0.0,0.0,0.0,0.009796024880670946,0.0,0.0008043294090493882,9.89901386388269e-06,0.0,0.0,0.000334120559910635,0.654076452306164,0.4939696136110699,0.580754716981132,0.21605392156862746,0.40253963611547794,0.11874177580048878,0.25252525252525254,0.5,0.0,1.0,1.0,0.5,0.0,0.0,0.0,0.0,0.0,0.0,0.0036354330375410375,0.0,0.0,0.0005146837990873374,0.0011069232335311919,0.03312156029362849,0,0
1816,0.6000000000000227,0.0,0.0,0.20463320463320464,0.0,0.6000000000000001,0.5294117647058824,0.0,0.0,0.0,0.0,1.0,0.0,0.0,0.0,0.0,0.010209237915640702,4.183677725084971e-05,0.00081602545683788,9.89901386388269e-06,0.02759200588814548,0.008835792914064049,0.0003187879429258665,0.6540321864263936,0.4946142540625655,0.580566037735849,0.24375000000000005,0.3985973506867011,0.11354094868099507,0.020202020202020204,0.14999999999999858,1.0,1.0,0.0,0.45,0.0,0.0,0.0026691063242073004,0.011636318886823219,0.0,0.004446481869705891,0.003973797391024786,0.0,0.0,0.001456381961431588,0.0015383859266972536,0.033167106900933045,0,1
6269,0.4000000000000341,0.0,0.0,0.03861003861003861,0.0,0.8,0.5588235294117647,0.0,0.0,0.0,0.0,0.0,0.0,0.0,0.0,0.0,0.009770786935533304,0.0,0.0008043294090493882,9.89901386388269e-06,0.0,0.0,0.0,0.6540867940985456,0.494024571442052,0.580754716981132,0.2450980392156863,0.39102962502589605,0.027320007519268125,0.020202020202020204,0.14999999999999858,1.0,1.0,0.0,0.25000000000000006,8.325884741852868e-05,0.0,0.0,0.0,0.0002999461477400058,0.0,0.0036354330375410375,0.0,0.0,0.0002574826004182142,0.0011078175913595953,0.03312156029362849,0,2
2073,0.4000000000000341,0.0,0.0,0.06756756756756757,0.0,0.6000000000000001,0.0,0.0,0.0,0.0,0.0,0.0,0.0,0.0,0.0,0.0,0.009770786935533304,0.0,0.0008043294090493882,9.89901386388269e-06,0.002451706940405663,0.0010783180863842812,2.609807146343566e-07,0.6541025317527434,0.49399451659658217,0.3920754716981132,0.16262254901960785,0.3967815839822567,0.08640892286484117,0.25252525252525254,0.6000000000000014,0.0,0.0,1.0,0.55,0.0,0.0,0.0,0.0,0.0,0.0,0.0036367256390257754,0.006759809126259799,0.0,0.00034898933282715127,0.0010866916529643407,0.03312156029362849,0,2
12074,0.20000000000004547,0.0,1.0,0.015444015444015444,0.0,0.8,0.2647058823529412,0.0,0.0,0.0,0.0,0.0,0.0,0.0,0.0,0.0,0.009770786935533304,0.0,0.0008043294090493882,9.89901386388269e-06,0.0,0.0,0.0,0.6540517299423549,0.49393901415593156,0.580754716981132,0.2450980392156863,0.39839018267344234,0.1342189360235604,0.05050505050505051,0.7999999999999972,0.0,1.0,0.0,0.10000000000000002,2.186698854656563e-05,0.0,0.0,0.0,2.8798836977750505e-05,0.0,0.0036354330375410375,0.0,0.0003354466119096509,7.830643217885281e-05,0.0010832546481722512,0.03312156029362849,1,4
5036,0.6000000000000227,1.0,0.0,0.10424710424710425,0.0,0.6000000000000001,0.1764705882352941,0.0,0.0,0.0,0.0,0.0,0.0,0.0,0.0,0.0,0.009770786935533304,0.0,0.0008043294090493882,9.89901386388269e-06,0.00019954913463637953,0.005236025430556473,0.0,0.6541021093209728,0.4939962595027914,0.20339622641509433,0.2450980392156863,0.39068840712170516,0.1342189360235604,0.020202020202020204,0.5,0.0,1.0,0.0,0.7,0.00047432559943230284,0.0,0.0008580134433195472,0.00019689797784018742,0.0,0.0005053649856221782,0.0036354330375410375,0.0,0.0,0.0016187251886798728,0.0010825576210823542,0.03312156029362849,0,3
6359,0.6000000000000227,1.0,0.0,0.06756756756756757,0.0,0.6000000000000001,0.029411764705882346,0.0,0.0,0.0,0.0,0.0,0.0,0.0,0.0,0.0,0.010364036665602419,0.0,0.0008043294090493882,9.89901386388269e-06,0.004255240695298593,0.0009780983258895646,0.00012018161908912119,0.6539752426237205,0.4938393820287773,0.5677358490566037,0.2136029411764706,0.4026675928295495,0.11798984898803185,0.020202020202020204,0.3999999999999986,0.0,1.0,0.0,0.35000000000000003,5.741357408826623e-05,0.0,0.0,0.0,3.673416868846763e-05,0.0,0.0036354330375410375,0.0,0.0,0.001321411449776695,0.0011492990802229835,0.033220768760856875,0,3
6614,0.6000000000000227,1.0,0.0,0.05791505791505792,0.7037037037037037,0.2,0.5,0.0,0.0,0.0,0.0,1.0,0.0,0.0,0.0,0.0,0.010207462079310205,0.0,0.0008043294090493882,9.89901386388269e-06,0.0,0.01488545986618252,0.0,0.6543889583844187,0.49432818997363415,0.36283018867924527,0.16360294117647062,0.39583714156887123,0.09236167679679179,0.020202020202020204,0.14999999999999858,0.0,1.0,0.0,0.35000000000000003,0.003035757156291079,0.0,0.0,0.0,0.0018510608982867495,0.0,0.0038356720067300844,0.0,0.0,0.00890593046511616,0.0013942778312111266,0.03312156029362849,0,0
3098,0.8000000000000114,0.0,0.0,0.07335907335907337,0.0,0.6000000000000001,0.029411764705882346,0.0,0.0,0.0,0.0,0.0,0.0,0.0,0.0,0.0,0.009770786935533304,0.0,0.0008043294090493882,9.89901386388269e-06,0.013314120704090323,0.005697485074028415,0.0,0.6540861679055681,0.4939775824577448,0.39735849056603767,0.20575980392156865,0.39695219293435213,0.1141675543580425,0.020202020202020204,0.8999999999999986,0.0,1.0,0.0,0.55,0.00022970181852624902,0.0,0.00025606322947146636,0.001116341213647491,0.0001033471307413514,0.0,0.0036800607713054208,0.0,0.0,0.0021981569720353174,0.0011181939861036334,0.03312156029362849,0,2
2249,0.8000000000000114,1.0,0.0,0.03861003861003861,0.0,0.6000000000000001,0.029411764705882346,0.0,0.0,0.0,0.0,0.0,0.0,0.0,0.0,0.0,0.009770786935533304,0.0,0.0008043294090493882,9.89901386388269e-06,0.002752838152637736,0.0009863253211540564,0.0,0.6540100132312455,0.49389441361302877,0.580754716981132,0.2450980392156863,0.40264931329896786,0.13378031204962718,0.020202020202020204,0.9499999999999957,0.0,1.0,0.0,0.5,0.0,0.0,0.0,0.0,0.0,1.5539684197478305e-06,0.0037024873285357654,0.0,0.0,0.0015511120229664758,0.0011463899264819758,0.03312255237830077,0,3
9489,0.6000000000000227,1.0,0.0,0.06756756756756757,0.0,0.6000000000000001,0.0,0.0,0.0,0.0,0.0,0.0,0.0,0.0,0.0,0.0,0.009770786935533304,0.0,0.000815074178284416,9.89901386388269e-06,0.0,0.0008606766662054564,0.0,0.6540998795438623,0.49398885312183977,0.580754716981132,0.2410539215686275,0.4215076956823749,0.13008333855504733,0.24242424242424243,0.3999999999999986,0.0,1.0,1.0,0.35000000000000003,0.0,0.0,0.0,0.0,0.0,0.0,0.0036354330375410375,0.0,0.0,0.00031777932065524657,0.0010837558315676392,0.033183664794113464,1,3
9179,0.6000000000000227,0.0,1.0,0.015444015444015444,0.0,0.6000000000000001,0.23529411764705882,0.0,0.0,0.0,0.0,0.0,0.0,0.0,0.0,0.0,0.009770786935533304,0.0,0.0008043294090493882,9.89901386388269e-06,0.0015522898263199524,0.0,0.0,0.6534397962734623,0.49322029009798907,0.20339622641509433,0.2450980392156863,0.39068840712170516,0.1342189360235604,0.020202020202020204,0.8999999999999986,0.0,1.0,0.0,0.25000000000000006,0.0,0.0,0.0,0.0,0.0,0.0,0.0036354330375410375,0.0,0.0,0.010248754029800957,0.0010825576210823542,0.03312156029362849,1,4
701,0.8000000000000114,0.0,0.0,0.06756756756756757,0.0,0.6000000000000001,0.029411764705882346,0.0,0.0,0.0,0.0,0.0,0.0,0.0,0.0,0.0,0.009770786935533304,0.0,0.0008043294090493882,9.89901386388269e-06,0.0,0.00035334529156180364,0.0,0.6540700870048493,0.4939580456048466,0.5690566037735849,0.24154411764705885,0.40250307705431465,0.130897925935209,0.24242424242424243,0.8500000000000014,0.0,1.0,0.0,0.8,3.323157681944699e-05,0.0,0.0,0.0,0.0,0.0,0.0036354330375410375,0.0,0.0,0.0006204396927911523,0.0010851925143420364,0.03312156029362849,0,2
3549,0.20000000000004547,0.0,0.0,0.31660231660231664,0.0,0.4,0.5294117647058824,0.0,0.0,0.0,0.0,1.0,0.0,0.0,0.0,0.0,0.009785971841105088,0.0,0.001055373378781576,9.89901386388269e-06,0.015006311825889043,0.0034496040446900353,0.0,0.6540888479452481,0.49407349315019344,0.580754716981132,0.2450980392156863,0.4024665179931513,0.13359233034651294,0.11111111111111112,0.5,0.0,1.0,0.0,0.25000000000000006,0.0,0.0,0.0,0.0,7.1371030770946905e-06,0.0,0.0036758755224518902,0.0,0.0,0.000116500324123651,0.0015780402350324253,0.03312156029362849,0,1
605,0.6000000000000227,1.0,0.0,0.08687258687258688,0.8888888888888888,0.6000000000000001,0.5,0.0,0.0,0.0,0.0,1.0,0.0,0.0,0.0,0.0,0.01551593350335712,0.0,0.006161930222158631,9.89901386388269e-06,0.09752024050008748,0.06656960474273811,0.0,0.6533657414991882,0.4928692579185378,0.5722641509433962,0.2450980392156863,0.4012722553284832,0.11930572090983146,0.030303030303030304,0.7999999999999972,0.0,1.0,0.0,0.4,0.0005720108208531451,0.0,7.218160326833461e-05,0.0003146851610124424,0.0,0.0008945798665683208,0.0044538771213229675,0.0,0.0,0.02983674605436375,0.003873477286916026,0.03312156029362849,0,0
6823,0.6000000000000227,1.0,0.0,0.06756756756756757,0.0,0.6000000000000001,0.0,0.0,0.0,0.0,0.0,0.0,0.0,0.0,0.0,0.0,0.009861264291626036,0.0,0.0008043294090493882,9.89901386388269e-06,0.0,0.0,0.0,0.654021409943437,0.4939603699973591,0.580754716981132,0.24497549019607845,0.4015525414640686,0.13359233034651294,0.020202020202020204,0.5,0.0,1.0,0.0,0.45,1.782081494403439e-05,0.0,0.0,0.0,8.364183957016234e-05,0.0,0.0036585667561547398,0.0,0.0,0.0,0.0011675265220258814,0.03312156029362849,0,3
3661,0.6000000000000227,1.0,0.0,0.20463320463320464,0.6666666666666666,0.6000000000000001,0.5,0.0,0.0,0.0,0.0,1.0,0.0,0.0,0.0,0.0,0.012564523620993485,0.001292564365074309,0.0008043294090493882,9.89901386388269e-06,0.04219198940365175,0.011730614934655636,1.8529630739039314e-05,0.6539724227674073,0.49444378502551983,0.28056603773584904,0.060539215686274524,0.39301600068243586,0.039789460492512065,0.24242424242424243,0.14999999999999858,0.0,1.0,1.0,0.45,0.002175680499359737,0.0,0.0,0.0,0.0,0.0,0.0036354330375410375,0.0,0.0,0.0006680477523419022,0.0023088954940174563,0.03312156029362849,0,0
9203,0.20000000000004547,1.0,1.0,0.02316602316602317,0.0,0.6000000000000001,0.2647058823529412,0.0,0.0,0.0,0.0,0.0,0.0,0.0,0.0,0.0,0.009770786935533304,0.0,0.0008043294090493882,9.89901386388269e-06,0.0,0.0,0.0,0.6537566012162058,0.49359146041357194,0.20339622641509433,0.2450980392156863,0.39068840712170516,0.1342189360235604,0.07070707070707072,0.0,0.0,1.0,0.0,0.75,0.0,0.0,0.0,0.0,0.0,0.0,0.0036354330375410375,0.0,0.002738475359342916,3.704270297124433e-05,0.0010825576210823542,0.03312156029362849,1,4
6186,0.6000000000000227,1.0,0.0,0.15830115830115832,0.4444444444444444,0.4,0.5,0.0,0.0,0.0,0.0,1.0,0.0,0.0,0.0,0.0,0.009770786935533304,0.0,0.0008043294090493882,9.89901386388269e-06,0.006923848869004669,0.0015976991005567348,0.0,0.6541563213981961,0.4940597533042728,0.3181132075471698,0.13823529411764707,0.3943930586529205,0.07951626041731939,0.24242424242424243,0.5499999999999972,0.0,1.0,1.0,0.05,0.0001438835626376628,0.0,0.0,0.0,0.0,0.0,0.0036354330375410375,0.0,0.0,2.2819123653556588e-05,0.0011015871744176594,0.03312156029362849,0,0
4452,0.8000000000000114,0.0,1.0,0.10231660231660232,0.0,0.6000000000000001,0.23529411764705882,0.0,0.0,0.0,0.0,0.0,0.0,0.0,0.0,0.0,0.009770786935533304,0.0,0.0008043294090493882,9.89901386388269e-06,0.0005216474660874921,0.001122029192537035,0.0,0.6540982593937774,0.49399126097199925,0.580754716981132,0.2450980392156863,0.40287476084280827,0.13346700921110347,0.25252525252525254,0.0,0.0,0.0,0.0,0.5,0.0,0.017241136423417198,0.0,0.0,0.0,0.0,0.0036376526840152853,0.023603490644883568,0.0,0.0003343564418744222,0.001094334315590977,0.03312156029362849,0,4
12208,0.8000000000000114,0.0,1.0,0.03474903474903475,0.0,0.6000000000000001,0.23529411764705882,0.0,0.0,0.0,0.0,0.0,0.0,0.0,0.0,0.0,0.009770786935533304,0.0,0.0008043294090493882,9.89901386388269e-06,0.0008271167029855732,0.00021664420863161385,0.0,0.653695062018507,0.49351824709570435,0.580754716981132,0.2450980392156863,0.39816473512960193,0.13277774296635128,0.020202020202020204,0.7999999999999972,1.0,1.0,0.0,0.10000000000000002,0.0,0.0,0.0002130163794776411,0.00021975220741092346,0.0,6.118298917751342e-05,0.0036418642403716946,0.0,0.0051334702258726906,9.854177613621072e-05,0.0010842471013363755,0.03312156029362849,1,4
611,0.20000000000004547,1.0,0.0,0.03474903474903475,0.0,0.8,0.5294117647058824,0.0,0.0,0.0,0.0,1.0,0.0,0.0,0.0,0.0,0.009770786935533304,0.0,0.0008062319661563162,9.89901386388269e-06,0.0,0.0002497183916141157,0.00023801441174653318,0.6540115223894534,0.49415115107298224,0.580754716981132,0.2439950980392157,0.39887763682228644,0.11103452597280533,0.020202020202020204,0.6999999999999957,1.0,1.0,0.0,0.10000000000000002,0.0,0.0,0.0,0.0,0.0002500490323676859,0.0,0.0038879658253632475,0.0,0.0,0.0008814270240844082,0.001313202953248343,0.033167543418188845,0,0
2783,0.6000000000000227,1.0,1.0,0.10231660231660232,0.0,0.6000000000000001,0.23529411764705882,0.0,0.0,0.0,0.0,0.0,0.0,0.0,0.0,0.0,0.009770786935533304,0.0,0.0008043294090493882,9.89901386388269e-06,0.0,0.0,8.264389296754624e-05,0.6541036787792451,0.49399349996598924,0.4033962264150943,0.24411764705882358,0.3971471745938898,0.12362930008145875,0.24242424242424243,0.6999999999999957,0.0,1.0,1.0,0.35000000000000003,0.0,0.0,0.0,0.0,0.0,0.0,0.003697311818155956,0.0,0.0,0.00041632109679145727,0.0010899691475036008,0.03312156029362849,0,4
11827,0.0,0.0,1.0,0.10231660231660232,0.0,1.0,0.6176470588235294,0.0,0.0,0.0,0.0,0.0,0.0,0.0,0.0,0.0,0.009776611076718913,0.0,0.0008043294090493882,9.89901386388269e-06,0.0013599707327935867,0.0004599638261511249,0.0013063389671022717,0.6538132935477307,0.4936578814434997,0.29603773584905657,0.09362745098039217,0.39368015696023595,0.056770474340497534,0.25252525252525254,0.6499999999999986,0.0,1.0,0.0,0.45,0.00017387684279870813,0.0,0.0,0.0,0.0,0.0,0.0036354330375410375,0.0,0.0,0.005625911677712112,0.0012561864644444537,0.03312156029362849,1,4
2720,0.6000000000000227,1.0,0.0,0.03861003861003861,0.537037037037037,0.6000000000000001,0.5,0.0,0.0,0.0,0.0,1.0,0.0,0.0,0.0,0.0,0.009770786935533304,0.0,0.0008043294090493882,9.89901386388269e-06,0.0,0.0011649092890671127,0.0,0.6541165329638748,0.4940121079158677,0.42471698113207546,0.1993872549019608,0.3978357035791321,0.10877874553543457,0.25252525252525254,0.5,0.0,1.0,1.0,0.55,0.0001163342799546565,0.0,0.0,0.0,0.0,0.0,0.0036354330375410375,0.0,0.0,0.0003903809719207102,0.001091909293807516,0.03312156029362849,0,0
3041,0.4000000000000341,1.0,0.0,0.10424710424710425,0.0,0.6000000000000001,0.1764705882352941,0.0,0.0,0.0,0.0,0.0,0.0,0.0,0.0,0.0,0.02356447523697821,0.00022538827180915516,0.0009394265583716607,0.005540532716746905,0.09312835202780963,0.021407638889754523,0.0,0.6496491128975558,0.5016775033626425,0.580377358490566,0.2442401960784314,0.3925711987716156,0.06754809198571339,0.020202020202020204,0.14999999999999858,1.0,0.0,0.0,0.15000000000000002,0.0,0.0,0.05736693407127934,0.0,0.0,0.006351900123919946,0.009416815810182876,0.0,0.0,0.05735579055728291,0.004821379058979799,0.037800162162192195,0,3
3472,0.6000000000000227,1.0,0.0,0.10231660231660232,0.4444444444444444,0.6000000000000001,0.5,0.0,0.0,0.0,0.0,1.0,0.0,0.0,0.0,0.0,0.010129295181847521,0.0,0.0008043294090493882,9.89901386388269e-06,0.002022604000526347,0.00046494988388718044,0.0,0.6541244259772633,0.4940206015752809,0.3920754716981132,0.21041666666666672,0.3967815839822567,0.11266370073312865,0.020202020202020204,0.14999999999999858,0.0,1.0,0.0,0.55,1.8893458281618177e-05,0.0,1.300478606370833e-05,5.669606951201825e-05,0.0,0.0001646845136928108,0.003638547139113169,0.0,0.0,9.319514290348278e-05,0.001092847271593188,0.03312156029362849,0,0
3036,0.8000000000000114,1.0,0.0,0.03474903474903475,0.2222222222222222,0.6000000000000001,0.5,0.0,0.0,0.0,0.0,1.0,0.0,0.0,0.0,0.0,0.009770786935533304,6.416281957094323e-06,0.0008043294090493882,9.89901386388269e-06,0.002294815048318365,0.002367047809230107,0.0,0.6540847144089582,0.4940325290316489,0.580754716981132,0.2450980392156863,0.3923335648740541,0.04116799298201643,0.25252525252525254,0.44999999999999574,1.0,1.0,0.0,0.45,0.0005822756102609089,0.0,0.0,0.0,0.0,0.0,0.0036354330375410375,0.0,0.0,0.0008133533827815898,0.0011156724055965829,0.03312156029362849,0,0
1633,0.4000000000000341,0.0,1.0,0.10424710424710425,0.0,0.6000000000000001,0.32352941176470584,0.0,0.0,0.0,0.0,0.0,0.0,0.0,0.0,0.0,0.0174124514570248,0.0,0.0019809986007628165,1.0182421213768902e-05,0.0999527878315516,0.03710399794574421,0.0,0.6539298648372662,0.4938160406717016,0.5781132075471698,0.2450980392156863,0.40203390243605214,0.1267623284666959,0.030303030303030304,0.3500000000000014,0.0,1.0,0.0,0.4,0.001936800112527075,0.0,0.007176323224380446,0.019193157795270054,0.0,0.0017670066484551203,0.004012430547976443,0.0,0.0,0.00787482329249256,0.0026364596622613368,0.03312156029362849,0,4
8229,0.20000000000004547,1.0,0.0,0.06756756756756757,0.2962962962962963,0.6000000000000001,0.5,0.0,0.0,0.0,0.0,1.0,0.0,0.0,0.0,0.0,0.009770786935533304,0.0,0.0008043294090493882,9.89901386388269e-06,0.0005588821778040629,0.0018594671316996515,0.0,0.6541061206005385,0.49400062259094113,0.3032075471698113,0.15171568627450982,0.3939116976809369,0.08465442696910835,0.24242424242424243,0.5,0.0,1.0,0.0,0.5,0.0,0.0013063474017816197,0.0,0.0,0.0,0.0,0.003635491542286246,0.0032909292184913935,0.0,0.0003034789954059886,0.0010848651168218566,0.03312156029362849,0,0
6519,0.6000000000000227,1.0,0.0,0.06756756756756757,0.0,0.6000000000000001,0.0,0.0,0.0,0.0,0.0,0.0,0.0,0.0,0.0,0.0,0.009770786935533304,0.0,0.0008043294090493882,9.89901386388269e-06,0.0006217835354611827,0.00020958062683886847,0.0,0.6541088490127979,0.49400380756765544,0.3937735849056604,0.2215686274509804,0.3968364225740017,0.12074691396704057,0.25252525252525254,0.7999999999999972,0.0,1.0,1.0,0.55,8.032605044488188e-05,0.0,0.0,0.0,0.0,0.0,0.0036375317480319014,0.0,0.0,0.00011887944800232899,0.0010871881273870692,0.03312156029362849,0,3
3606,1.0,0.0,0.0,0.03474903474903475,0.0,0.6000000000000001,0.029411764705882346,0.0,0.0,0.0,0.0,0.0,0.0,0.0,0.0,0.0,0.009817154323111765,0.0,0.0008043294090493882,9.89901386388269e-06,0.00248171161101222,0.000570488105967023,0.0,0.6540829179971465,0.4940693163860928,0.580754716981132,0.24485294117647063,0.39120632715485204,0.048311297700357164,0.020202020202020204,0.29999999999999716,1.0,1.0,0.0,0.25000000000000006,0.0,0.0,0.0,0.0,0.0,8.351676786133108e-05,0.00371082759224698,0.0,0.0,0.00010245581864629387,0.001104626147099674,0.0331240405053092,0,2
11263,0.6000000000000227,0.0,0.0,0.03861003861003861,0.0,0.6000000000000001,0.1176470588235294,0.0,0.0,0.0,0.0,0.0,0.0,0.0,0.0,0.0,0.009770786935533304,0.0,0.0008043294090493882,0.0027959450886113563,0.0,0.0,0.0001147662692604583,0.6540215852112069,0.4940087641755366,0.580754716981132,0.2450980392156863,0.4020095297286099,0.1342189360235604,0.020202020202020204,0.29999999999999716,0.0,1.0,0.0,0.45,0.00012021752039198515,0.0,0.0,0.0,0.0001447141558131963,0.0,0.003635864166468815,0.0,0.0,0.001077410551337656,0.0013099259543904154,0.03312156029362849,1,2
7956,0.4000000000000341,1.0,0.0,0.06756756756756757,0.0,1.0,0.5588235294117647,0.0,0.0,0.0,0.0,0.0,0.0,0.0,0.0,0.0,0.009899399624350418,0.0,0.0008043294090493882,9.89901386388269e-06,0.0020077824162508186,0.0004817362782652342,0.0,0.6541111013196028,0.4940025110628138,0.410188679245283,0.2450980392156863,0.39736652896086966,0.10796415815527291,0.24242424242424243,0.5499999999999972,0.0,0.0,0.0,0.25000000000000006,0.0,0.0034091609162219833,0.0,0.0,0.0,0.0,0.003641912536235189,0.006944788249878914,0.0,3.788690821851716e-05,0.0010861133911217338,0.03312156029362849,0,3
3694,0.8000000000000114,0.0,0.0,0.03474903474903475,0.0,0.6000000000000001,0.5588235294117647,0.0,0.0,0.0,0.0,0.0,0.0,0.0,0.0,0.0,0.009770786935533304,0.0,0.0008043294090493882,9.89901386388269e-06,0.010419212243640816,0.00244840365129008,0.0,0.6540889917377096,0.4939808908741416,0.580754716981132,0.2450980392156863,0.40287476084280827,0.1342189360235604,0.020202020202020204,0.3999999999999986,0.0,1.0,0.0,0.45,2.1860199664682188e-06,0.0,0.0,0.0,7.043193826080287e-07,0.0,0.003654548383252307,0.0,0.0,0.0003974927615795541,0.0011498387284897811,0.03312156029362849,0,2
8308,0.4000000000000341,1.0,0.0,0.06756756756756757,0.0,0.4,0.029411764705882346,0.0,0.0,0.0,0.0,0.0,0.0,0.0,0.0,0.0,0.009770786935533304,0.0,0.0008043294090493882,9.89901386388269e-06,0.0,0.00017417961691287403,0.0,0.654105337362338,0.49399783627005694,0.3920754716981132,0.1894607843137255,0.3967815839822567,0.09417883326022936,0.25252525252525254,0.6499999999999986,0.0,0.0,1.0,0.55,0.0,0.0,0.0,0.0,0.0,0.0,0.0036354330375410375,0.0034640140686084866,0.0,9.764640693455773e-05,0.0010851465151143715,0.03312156029362849,0,3
8631,0.4000000000000341,1.0,0.0,0.23938223938223938,0.6666666666666666,0.6000000000000001,0.5,0.0,0.0,0.0,0.0,1.0,0.0,0.0,0.0014656462743894436,0.0,0.01478657645317778,0.0,0.0008062631556170855,9.89901386388269e-06,0.0,0.0023577405014561367,1.9269076097169993e-05,0.6539028649864056,0.4943217206473794,0.580377358490566,0.24093137254901964,0.3996027248686921,0.1319004950184849,0.020202020202020204,0.29999999999999716,0.0,1.0,0.0,0.25000000000000006,0.0,0.0,3.024368852025193e-07,1.3185132444655407e-06,0.0,0.0,0.004189144719852274,0.0,0.0,0.0012804547042953676,0.0013901961928459957,0.03312156029362849,0,0
817,0.8000000000000114,1.0,0.0,0.10231660231660232,0.0,0.6000000000000001,0.1764705882352941,0.0,0.0,0.0,0.0,0.0,0.0,0.0,0.0,0.0,0.009802872385165657,0.0,0.0008043294090493882,9.89901386388269e-06,0.0,0.0005782164954579092,0.0,0.6541107855725617,0.4940064246441951,0.3920754716981132,0.16139705882352942,0.3967815839822567,0.09142176828122064,0.020202020202020204,0.5,0.0,1.0,0.0,0.55,1.90767580924711e-06,0.0,0.00023650564422837009,0.00019821649108465295,0.0,6.84830268702823e-05,0.0036456120779087007,0.0,0.0,0.0002527499346380483,0.001092585502281444,0.03312156029362849,0,3
11497,1.0,0.0,0.0,0.07335907335907337,0.0,0.6000000000000001,0.0,0.0,0.0,0.0,0.0,0.0,0.0,0.0,0.0,0.0,0.03762365106983228,0.0,0.0008574138712787563,9.89901386388269e-06,0.01217611223337416,0.0033320161830813918,0.0,0.6535530209094178,0.49335369268269225,0.580754716981132,0.2450980392156863,0.40275289730559727,0.13415627545585562,0.020202020202020204,0.6000000000000014,0.0,1.0,0.0,0.75,0.0002508152411837526,0.0,0.0,0.0,0.0,0.00043572551713719985,0.0036408625920158117,0.0,0.006160164271047228,0.0025246853288895736,0.0011027106857261222,0.03312156029362849,1,2
2225,0.4000000000000341,0.0,0.0,0.10424710424710425,0.0,0.6000000000000001,0.5294117647058824,0.0,0.0,0.0,0.0,1.0,0.0,0.0,0.0,0.0,0.009770786935533304,0.0,0.0008365481220240869,9.89901386388269e-06,0.0003810231664977247,0.00016312718893128422,0.0,0.6541047098440843,0.49399921390349494,0.2849056603773585,0.1817401960784314,0.3933206595254634,0.10082085343693216,0.24242424242424243,0.44999999999999574,0.0,0.0,1.0,0.05,0.0,0.00022245542428536193,0.0,0.0,0.0,0.0,0.003635828435382815,0.0023675783112402354,0.0,7.68994234333981e-05,0.0010839648603855952,0.033131808528293186,0,1
10215,0.6000000000000227,1.0,1.0,0.03474903474903475,0.0,0.6000000000000001,0.23529411764705882,0.0,0.0,0.0,0.0,0.0,0.0,0.0,0.0,0.0,0.009770786935533304,0.0,0.0008043294090493882,9.89901386388269e-06,0.0,0.003620459623112206,0.0,0.6540620190550099,0.49394928953906425,0.20339622641509433,0.2450980392156863,0.39068840712170516,0.1342189360235604,0.030303030303030304,0.14999999999999858,0.0,1.0,0.0,0.8,0.0,0.0,5.605163605753358e-05,0.0001639351467285489,0.0,1.2251053355686385e-05,0.0036354330375410375,0.0,0.0003120636550308008,0.001443590972836545,0.0010825576210823542,0.03312156029362849,1,4
884,0.20000000000004547,1.0,0.0,0.06756756756756757,0.2962962962962963,0.6000000000000001,0.5,0.0,0.0,0.0,0.0,1.0,0.0,0.0,0.0,0.0,0.009770786935533304,0.0,0.0008043294090493882,9.89901386388269e-06,0.0,9.62309143058722e-05,0.0,0.6541093642138984,0.4940045489821008,0.3937735849056604,0.18333333333333338,0.3968973543426072,0.10263800990036973,0.24242424242424243,0.10000000000000142,0.0,0.0,0.0,0.55,0.0,0.00032148803755417617,0.0,0.0,0.0,0.0,0.0036354330375410375,0.0033819126872276432,0.0,1.7293416580498042e-05,0.001085710798743399,0.03312424884309038,0,0
6172,0.20000000000004547,0.0,0.0,0.10231660231660232,0.0,0.8,0.5588235294117647,0.0,0.0,0.0,0.0,0.0,0.0,0.0,0.0,0.0,0.01002191728169422,0.0,0.0008043294090493882,9.89901386388269e-06,0.0,0.0016591107116724858,0.0,0.6541558227630473,0.49403932364863934,0.39301886792452834,0.18590686274509807,0.3968120498665595,0.09110846544269692,0.24242424242424243,0.14999999999999858,0.0,1.0,0.0,0.55,0.0,0.0,0.0,0.0,0.0,0.0,0.0036354330375410375,0.0,0.0,0.0005336912081395712,0.0011090434112951061,0.03312156029362849,0,2
6787,0.8000000000000114,0.0,1.0,0.05791505791505792,0.0,0.4,0.23529411764705882,0.0,0.0,0.0,0.0,0.0,0.0,0.0,0.0,0.0,0.009770786935533304,0.0,0.0008043294090493882,0.00019311174387425136,0.08044866743112301,0.03402527349565444,0.0,0.6535946011170845,0.49503543025935054,0.580754716981132,0.24485294117647063,0.3926991554856872,0.08697286797418387,0.020202020202020204,0.6499999999999986,1.0,1.0,0.0,0.25000000000000006,6.834367392060733e-05,0.0,0.0,0.0,0.0,0.00012807590882758864,0.003823514799205644,0.0,0.0,0.012575818584897118,0.0014402268959252055,0.03312156029362849,0,4
3968,0.6000000000000227,0.0,0.0,0.10231660231660232,0.0,0.4,0.5588235294117647,0.0,0.0,0.0,0.0,0.0,0.0,0.0,0.0,0.0,0.009770786935533304,0.0,0.0008043294090493882,9.89901386388269e-06,1.2652571942524064e-05,0.0069416726810988105,0.0,0.654089615280135,0.4939799204363859,0.27962264150943394,0.1511029411764706,0.393150050573368,0.08477974810451784,0.25252525252525254,0.44999999999999574,0.0,1.0,0.0,0.35000000000000003,4.684328499574755e-05,0.0,0.0,0.0,0.0,0.0,0.0036354330375410375,0.0,0.0,0.0024026337157156737,0.0010933047854631743,0.03312156029362849,0,2
4160,0.6000000000000227,1.0,0.0,0.20463320463320464,0.6666666666666666,0.6000000000000001,0.5,0.0,0.0,0.0,0.0,1.0,0.0,0.0,0.0,0.0,0.010788145509921996,0.0,0.001660137023098525,9.89901386388269e-06,0.0,0.00019952541040448978,0.0,0.6540731285135973,0.4941370510005667,0.5786792452830188,0.24497549019607845,0.401954691136865,0.1339682937527414,0.020202020202020204,0.0,0.0,1.0,0.0,0.4,0.0,0.0,0.0010863532916474494,0.004736099574120222,0.0,0.0001535537631513612,0.0037744395268575347,0.0,0.0,0.0006792782403283498,0.0014668600521981381,0.03322298110967607,0,0
3857,0.20000000000004547,1.0,0.0,0.06756756756756757,0.2962962962962963,0.6000000000000001,0.5,0.0,0.0,0.0,0.0,1.0,0.0,0.0,0.0,0.0,0.009770786935533304,0.0,0.0008043294090493882,9.89901386388269e-06,9.869006115168771e-05,2.2686562699052774e-05,0.0,0.6541048864371304,0.4939978607250884,0.390188679245283,0.12990196078431374,0.3967206522136512,0.07262359796979762,0.24242424242424243,0.6000000000000014,0.0,1.0,0.0,0.5,1.0448089218616734e-05,0.0,0.0,0.0,0.0,0.0,0.0036354330375410375,0.0,0.0,3.70938669256245e-06,0.0010882309417745853,0.03312156029362849,0,0
7051,0.6000000000000227,1.0,0.0,0.05791505791505792,0.7037037037037037,0.4,0.5,0.0,0.0,0.0,0.0,1.0,0.0,0.0,0.0,0.0,0.009770786935533304,0.0,0.005342068461646126,9.89901386388269e-06,0.0,0.0106652605983851,0.001855877358550682,0.6541169547330072,0.4941037017130038,0.570566037735849,0.2450980392156863,0.4017536163004668,0.1287674666332477,0.020202020202020204,0.8500000000000014,0.0,1.0,0.0,0.4,0.0014083263911924414,0.0,4.334928687902776e-06,0.0,2.984749028074468e-05,0.0,0.0038194061169649703,0.0,0.0,0.006461777200420978,0.0016306143781654532,0.03312156029362849,0,0
2118,0.4000000000000341,0.0,0.0,0.10231660231660232,0.0,0.6000000000000001,0.5294117647058824,0.0,0.0,0.0,0.0,1.0,0.0,0.0,0.00027578169654672384,0.0,0.009829043396849832,0.0,0.0008043294090493882,9.89901386388269e-06,5.4586810380603824e-05,4.487451962449999e-05,0.0,0.6540963364180941,0.49398944897062175,0.580754716981132,0.2450980392156863,0.40287476084280827,0.13378031204962718,0.25252525252525254,0.14999999999999858,0.0,0.0,0.0,0.10000000000000002,0.0,0.004929973849923329,0.0,0.0,0.0,0.0,0.0036359301315506604,0.004697465677876659,0.0,3.4433341297855565e-05,0.00108338084863953,0.03312156029362849,0,1
3032,0.4000000000000341,0.0,0.0,0.02316602316602317,0.0,0.6000000000000001,0.5588235294117647,0.0,0.0,0.0,0.0,0.0,0.0,0.0,0.0,0.0,0.009813000672033655,0.0,0.0008768449053380373,9.89901386388269e-06,0.0012909238401929554,0.0008832801279422415,0.0,0.6541016600523604,0.4940010309511488,0.580754716981132,0.24485294117647063,0.3931195846890652,0.05971552102262047,0.020202020202020204,0.5,1.0,1.0,0.0,0.45,0.0,0.0,3.1856685241332035e-05,0.00013800438625405993,4.26191484187036e-05,0.0,0.0036354330375410375,0.0,0.0,0.0002111536397269687,0.0010849802140272854,0.03314462626225909,0,2
1486,0.8000000000000114,1.0,0.0,0.10424710424710425,0.0,0.6000000000000001,0.0,0.0,0.0,0.0,0.0,0.0,0.0,0.0,0.0,0.0,0.009770786935533304,0.0,0.0008043294090493882,9.89901386388269e-06,0.001128247915217646,0.0003356447865988064,0.0,0.6541200754270049,0.49401730868588817,0.29339622641509433,0.11703431372549022,0.39359485248418824,0.06873864277210352,0.24242424242424243,0.5,0.0,1.0,0.0,0.05,0.0003812703954559678,0.0,0.0,0.0,0.0,0.0,0.0036354330375410375,0.0,0.0,6.528520578909911e-05,0.0010895319070001175,0.03312156029362849,0,3
7830,0.8000000000000114,1.0,1.0,0.10231660231660232,0.0,0.6000000000000001,0.23529411764705882,0.0,0.0,0.0,0.0,0.0,0.0,0.0,0.0,0.0,0.009978334044294927,0.0,0.0008043294090493882,9.89901386388269e-06,0.0032311053720651454,0.0015062049411001155,0.0,0.6541189486109644,0.49401147208505014,0.3218867924528302,0.17916666666666667,0.39458804031245814,0.0988783758380851,0.24242424242424243,0.14999999999999858,0.0,0.0,0.0,0.05,0.0,0.001892342928703457,0.0,0.0,0.0,0.0,0.0036654074922018555,0.025388635732235806,0.0,0.0007581986399597647,0.0010997860667275373,0.033153827847594526,0,4
7650,0.6000000000000227,0.0,1.0,0.10231660231660232,0.0,0.8,0.23529411764705882,0.0,0.0,0.0,0.0,0.0,0.0,0.0,0.0,0.0,0.009770786935533304,0.0,0.0008043294090493882,9.89901386388269e-06,0.0,0.0,0.0,0.6532589981262099,0.4935244800233218,0.580754716981132,0.2450980392156863,0.3961539867656199,0.13378031204962718,0.020202020202020204,0.14999999999999858,0.0,1.0,0.0,0.45,9.580470113912889e-05,0.0,0.0,0.0,0.00020306310377681255,0.0,0.0037240842178021816,0.0,0.0,0.009731793434743702,0.001213975977045216,0.03312156029362849,0,4
8370,0.8000000000000114,1.0,0.0,0.05791505791505792,0.0,0.4,0.1764705882352941,0.0,0.0,0.0,0.0,0.0,0.0,0.0,0.0,0.0,0.009770786935533304,0.0,0.0008044853563532348,1.4959859397565044e-05,0.012415788096171115,0.004431774317730712,0.00014262596054767586,0.6543411241986334,0.49427543542453267,0.38,0.1254901960784314,0.3963916206631814,0.07306222194373083,0.04040404040404041,0.6000000000000014,0.0,1.0,0.0,0.0,1.1541099201850844e-05,0.0,8.871481965940566e-05,0.00038676388504322527,8.813383207701798e-05,0.0,0.0039030282450339747,0.0,0.0,0.0012188533032216407,0.0016741353974399423,0.03312156029362849,0,3
4349,0.6000000000000227,0.0,1.0,0.03474903474903475,0.0,1.0,0.23529411764705882,0.0,0.0,0.0,0.0,0.0,0.0,0.0,0.0,0.0,0.009770786935533304,0.0,0.0008978977913573226,9.89901386388269e-06,0.0,0.0,4.791170952829062e-05,0.6537868400419599,0.493503635408504,0.45132075471698113,0.24411764705882358,0.3986948415164699,0.11498214173820416,0.020202020202020204,0.14999999999999858,0.0,1.0,0.0,0.35000000000000003,3.2423699875317434e-05,0.0,0.0,0.0,1.0267411444241485e-05,0.0,0.0036354330375410375,0.0,0.005646817248459959,0.0007645941342572861,0.0011302906924805804,0.03315132283379701,0,4
9995,0.8000000000000114,0.0,0.0,0.05791505791505792,0.0,0.8,0.5588235294117647,0.0,0.0,0.0,0.0,0.0,0.0,0.0,0.0,0.0,0.01619693663718151,0.0,0.0008043294090493882,0.005991879164822832,0.08860668431760703,0.020368627558522815,0.0,0.6520396450102866,0.49415960475035986,0.580754716981132,0.2421568627450981,0.3962453844185282,0.13108590763832323,0.030303030303030304,0.14999999999999858,0.0,1.0,0.0,0.25000000000000006,0.0,0.0,0.0021570806775594352,0.009404075963943059,0.0,0.0005133155217232136,0.0044301159491331385,0.0,0.0,0.0,0.001759577525351699,0.03312156029362849,1,2
5781,0.6000000000000227,0.0,0.0,0.03474903474903475,0.0,0.6000000000000001,0.029411764705882346,0.0,0.0,0.0,0.0,0.0,0.0,0.0,0.0,0.0,0.009812473940918678,0.0,0.0008043294090493882,9.89901386388269e-06,0.000508994894144968,0.0,0.0001171368440850537,0.6538121968817224,0.4940672842894323,0.580754716981132,0.2450980392156863,0.39864000292472496,0.12431856632621094,0.020202020202020204,0.9499999999999957,1.0,1.0,0.0,0.45,0.0,0.0,0.00012571293194918052,0.000548062005282843,0.0,4.069228931711761e-05,0.0036581277742410287,0.0,0.0021817248459958935,0.0005340493558202324,0.0013004166550014881,0.03312156029362849,0,2
4717,0.8000000000000114,1.0,0.0,0.06756756756756757,0.2962962962962963,0.4,0.5,0.0,0.0,0.0,0.0,1.0,0.0,0.0,0.0,0.0,0.009770786935533304,0.0,0.0008043294090493882,9.89901386388269e-06,0.000990515632071884,0.00022769663661320366,2.2422593065668467e-05,0.6541072603380215,0.4940021446255172,0.3920754716981132,0.21397058823529416,0.3967815839822567,0.1176138855818034,0.25252525252525254,0.04999999999999716,0.0,1.0,0.0,0.55,0.0,0.0,0.0,0.0,0.0,0.0,0.0036441365018517005,0.0,0.0,0.00012233301492299057,0.0010867690783884923,0.03312156029362849,0,0
8322,0.0,0.0,0.0,0.05540540540540541,0.0,0.0,0.7941176470588235,0.3333333333333333,0.0,0.0,0.0,0.0,0.0,0.0,0.0,0.0,0.009770786935533304,0.0,0.0008043294090493882,9.89901386388269e-06,0.0023757915087505186,0.0007760798866170471,0.0,0.6542148542069646,0.49412649030873385,0.2792452830188679,0.06458333333333334,0.3931256778659258,0.041606616955949624,0.24242424242424243,0.3999999999999986,0.0,1.0,0.0,0.05,0.0004407681562824506,0.0,0.0,0.0,0.0,0.0,0.0036354330375410375,0.0,0.0,0.00028572510323606896,0.0011911796421272451,0.03312156029362849,0,2
7414,0.4000000000000341,0.0,0.0,0.10231660231660232,0.0,1.0,0.5588235294117647,0.0,0.0,0.0,0.0,0.0,0.0,0.0,0.0,0.0,0.010113222358110489,0.0,0.0008043294090493882,9.89901386388269e-06,0.010388123066867759,0.00243494129540273,0.0,0.6541240946582275,0.49401079161409583,0.3350943396226415,0.2450980392156863,0.39492316503978847,0.11918039977442198,0.020202020202020204,0.44999999999999574,0.0,1.0,0.0,0.25000000000000006,0.0,0.0,0.0,0.0,0.0,0.00013631555533229808,0.0036607184743006585,0.0,0.0,0.0006515473770542968,0.0010976300016351432,0.03312156029362849,0,2
8879,0.6000000000000227,1.0,0.0,0.10231660231660232,0.4444444444444444,0.6000000000000001,0.5,0.0,0.0,0.0,0.0,1.0,0.0,0.0,0.0,0.0,0.009770786935533304,0.0,0.0008043294090493882,9.89901386388269e-06,0.007288242940949362,0.001335598665564748,0.00020043318883918582,0.6541614966015344,0.4940658379490012,0.28264150943396227,0.15171568627450982,0.39324754140313684,0.08647158343254592,0.020202020202020204,0.14999999999999858,0.0,1.0,0.0,0.35000000000000003,0.0,0.0,0.0,0.0,0.0,0.0002549953760404812,0.0036354330375410375,0.0,0.0,0.0001930160178991978,0.0010977766241733252,0.03312156029362849,0,0
1753,0.8000000000000114,1.0,0.0,0.06756756756756757,0.0,0.6000000000000001,0.0,0.0,0.0,0.0,0.0,0.0,0.0,0.0,0.0,0.0,0.009770786935533304,0.000258506325788375,0.0008043294090493882,9.89901386388269e-06,0.016730315128571822,0.002646599446298288,0.0,0.6540547946434355,0.49393229406856076,0.3350943396226415,0.15551470588235294,0.39492316503978847,0.08697286797418387,0.020202020202020204,0.7999999999999972,0.0,1.0,0.0,0.05,5.7148807694812e-05,0.0,0.0,0.0,7.96193933183787e-05,0.0,0.00371608987812136,0.0,0.0,0.002341262552436658,0.0011553240372525584,0.03312156029362849,0,3
4596,0.4000000000000341,1.0,1.0,0.06756756756756757,0.0,0.6000000000000001,0.2647058823529412,0.0,0.0,0.0,0.0,0.0,0.0,0.0,0.0,0.0,0.009770786935533304,0.0,0.0008043294090493882,9.89901386388269e-06,0.002613659861269971,0.0008054145262975073,0.0,0.6540810019791627,0.49399051218222695,0.580754716981132,0.24485294117647063,0.3942833814694306,0.13215113728930386,0.24242424242424243,0.44999999999999574,0.0,0.0,0.0,0.10000000000000002,0.0,0.0,0.0,0.0,0.0,0.0,0.0036416274728457844,0.00937083386658039,0.0,0.0003522126619531021,0.0010863033362083848,0.03312156029362849,0,4
9415,0.8000000000000114,0.0,1.0,0.04247104247104247,0.0,0.6000000000000001,0.23529411764705882,0.0,0.01376,0.0,0.0,0.0,0.0,0.0,0.0,0.0,0.009971998221454767,0.0,0.0008043294090493882,9.89901386388269e-06,7.916895015465058e-05,0.00017384721306380367,0.0,0.6539936649560649,0.4938692055218862,0.580754716981132,0.13909313725490197,0.40287476084280827,0.08001754495895734,0.25252525252525254,0.5,0.0,0.0,0.0,0.75,0.0,0.0,0.0,0.0,0.0,0.0,0.0036354330375410375,0.0012430288165035672,0.0008829568788501027,9.562543073654094e-05,0.0010834792413840506,0.03312156029362849,1,4
949,0.6000000000000227,1.0,0.0,0.03861003861003861,0.537037037037037,0.4,0.5,0.0,0.0,0.0,0.0,1.0,0.0,0.0,0.0,0.0,0.009770786935533304,0.0,0.0008043294090493882,9.89901386388269e-06,0.0022818009743203397,0.0005245332738330443,0.0,0.6541190152060906,0.49401304108881355,0.3920754716981132,0.18137254901960786,0.3967815839822567,0.09862773356726613,0.24242424242424243,0.6000000000000014,0.0,1.0,1.0,0.55,0.0,0.0,0.0,0.0,0.0,0.0,0.0036354330375410375,0.0,0.0,0.00016004084930117715,0.0010975334924796867,0.03312156029362849,0,0
617,0.0,0.0,0.0,0.02316602316602317,0.0,0.6000000000000001,0.5294117647058824,0.0,0.0,0.0,0.0,1.0,0.0,0.0,0.0,0.0,0.009784391647760154,0.0,0.0008043294090493882,9.89901386388269e-06,0.0,0.0,0.0,0.6540554542996357,0.49394107575389984,0.20339622641509433,0.24485294117647063,0.39068840712170516,0.13290306410176078,0.020202020202020204,0.44999999999999574,0.0,1.0,0.0,0.55,0.0,0.0,0.0,0.0,0.0,5.059432064295262e-07,0.0036354330375410375,0.0,0.0006628080082135524,8.063439210315064e-05,0.0010825576210823542,0.03312156029362849,0,1
4015,0.6000000000000227,1.0,0.0,0.15830115830115832,0.4444444444444444,0.6000000000000001,0.5,0.0,0.0,0.0,0.0,1.0,0.0,0.0,0.0,0.0,0.009851331647743601,0.0,0.0008043294090493882,9.89901386388269e-06,0.010480667593075935,0.0036620932052082696,0.0,0.6540716779988589,0.4939591220144052,0.580754716981132,0.2450980392156863,0.4035389171206084,0.13233911899241807,0.020202020202020204,0.0,0.0,1.0,0.0,0.75,2.694507219538e-05,0.0,0.0005570887425430406,0.002428701396305526,0.0,7.7192477780962e-05,0.0036509238375944646,0.0,0.0,0.0008765920303954821,0.0010846817642969292,0.03313068251219014,0,0
12195,0.20000000000004547,0.0,0.0,0.015444015444015444,0.0,0.6000000000000001,0.5588235294117647,0.0,0.0,0.0,0.0,0.0,0.0,0.0,0.0,0.0,0.009770786935533304,0.0,0.0008043294090493882,9.89901386388269e-06,0.006688149528818221,0.0015374509029127301,0.0,0.6540354320276677,0.49391731827311447,0.44867924528301883,0.24276960784313728,0.3984572076189084,0.13302838523717025,0.020202020202020204,0.7999999999999972,0.0,1.0,0.0,0.8,0.0,0.0,0.0,0.0,0.0,0.0,0.0036423350268784387,0.0,0.0,0.00044182632804997286,0.0010766047361185388,0.03313206150988462,1,2
4433,0.0,0.0,0.0,0.06756756756756757,0.0,0.6000000000000001,0.5294117647058824,0.0,0.0,0.0,0.0,1.0,0.0,0.0,0.0,0.0,0.009887600847374918,0.0,0.0008043294090493882,9.89901386388269e-06,0.0,0.0,0.0,0.6540961628069193,0.49398883992388626,0.3920754716981132,0.19607843137254904,0.3967815839822567,0.10815213985838713,0.24242424242424243,0.3999999999999986,0.0,0.0,0.0,0.55,0.0,0.0,0.0,0.0,0.0,0.0,0.003640547687279858,0.009218448141778504,0.0,0.00023000755691606197,0.0010875232079679044,0.03312156029362849,0,1
11386,0.0,0.0,0.0,0.03474903474903475,0.0,0.6000000000000001,0.5588235294117647,0.0,0.0,0.0,0.0,0.0,0.0,0.0,0.0,0.0,0.009770786935533304,0.0,0.0008043294090493882,9.89901386388269e-06,0.007157379196858113,0.009223126499193298,0.0,0.6540838914124735,0.49397491530661697,0.580754716981132,0.2450980392156863,0.40287476084280827,0.1342189360235604,0.020202020202020204,0.6999999999999957,0.0,1.0,0.0,0.35000000000000003,0.00018387686581301772,0.0,0.0,0.0,0.00019132444740001204,0.0,0.0036354330375410375,0.0,0.0,0.0026430019733937205,0.001099499414212897,0.03312156029362849,1,2
9768,0.8000000000000114,0.0,0.0,0.03474903474903475,0.0,0.8,0.0,0.0,0.0,0.0,0.0,0.0,0.0,0.0,0.0,0.0,0.00987637394989568,0.0,0.0008043294090493882,9.89901386388269e-06,0.029893327973462856,0.008576601012751426,0.0006797025228722954,0.6540931312377423,0.4941001289493623,0.580754716981132,0.2442401960784314,0.40032171973823716,0.13378031204962718,0.020202020202020204,0.5499999999999972,1.0,1.0,0.0,0.10000000000000002,0.00014791615847642718,0.0,0.0,0.0,0.00012900000781011938,0.0,0.0037186012630230562,0.0,0.0,0.0017290858382779033,0.0011632899336761807,0.03312156029362849,1,2
9454,0.6000000000000227,0.0,0.0,0.04247104247104247,0.0,0.6000000000000001,0.0,0.0,0.0,0.0,0.0,0.0,0.0,0.0,0.0,0.0,0.009770786935533304,0.0,0.0008043294090493882,9.89901386388269e-06,0.006374004242588123,0.0014700560225137126,0.0,0.6536950958130486,0.4935193526183957,0.20339622641509433,0.2450980392156863,0.39068840712170516,0.13428159659126512,0.04040404040404041,0.5,0.0,1.0,0.0,0.35000000000000003,0.0,0.0,4.133304097767764e-06,0.0,0.0,0.00014632600305951082,0.0036354330375410375,0.0,0.0038501026694045177,0.0006972623702929802,0.0010825576210823542,0.03312156029362849,1,2
4430,0.6000000000000227,0.0,0.0,0.02316602316602317,0.0,0.6000000000000001,0.5294117647058824,0.0,0.0,0.0,0.0,1.0,0.0,0.0,0.0,0.0,0.009770786935533304,0.0,0.0008043294090493882,9.89901386388269e-06,0.0009084546654732279,0.00020874961721619256,8.388355136205944e-05,0.6540245578055957,0.4939052743642157,0.3920754716981132,0.2134803921568628,0.3967815839822567,0.1179271884203271,0.24242424242424243,0.25,0.0,1.0,1.0,0.55,0.00034078150390312166,0.0,0.0,0.0,0.0,0.0,0.003640219825117113,0.0,0.0014630390143737168,5.4387283506122535e-05,0.0010927358919977535,0.03312156029362849,0,1
1392,0.0,0.0,0.0,0.10231660231660232,0.0,0.6000000000000001,0.5588235294117647,0.0,0.0,0.0,0.0,0.0,0.0,0.0,0.0,0.0,0.010087412533476585,0.0,0.0008440491873391064,9.89901386388269e-06,0.05244021117504074,0.015492761698434087,4.884689042239707e-05,0.653639360993537,0.49465193072616875,0.580754716981132,0.2450980392156863,0.3943443132380361,0.09054452033335424,0.020202020202020204,0.5,1.0,1.0,0.0,0.45,0.0005625946416808115,0.0,0.0,0.0,0.001060595429414841,0.0,0.0037600646361053303,0.0,0.0,0.008452208517672798,0.001456113284362384,0.03312156029362849,0,2
6939,0.8000000000000114,1.0,1.0,0.03861003861003861,0.0,0.6000000000000001,0.23529411764705882,0.0,0.0,0.0,0.0,0.0,0.0,0.0,0.0,0.0,0.009770786935533304,0.0,0.0008043294090493882,9.89901386388269e-06,0.0,0.0,0.0,0.6534422463777315,0.4924391831957079,0.5573584905660377,0.22855392156862747,0.45296067463654205,0.12463186916473465,0.030303030303030304,0.5,0.0,1.0,0.0,0.0,0.0,0.0,0.002244585749678031,0.00955438647381213,0.0,1.9009009041566487e-05,0.0038530137555681577,0.0,0.0,0.0,0.0012263765856471776,0.043042407016467256,0,4
192,0.4000000000000341,1.0,0.0,0.10231660231660232,0.4444444444444444,0.6000000000000001,0.5,0.0,0.0,0.0,0.0,1.0,0.0,0.0,0.0,0.0,0.009774549300640287,0.0,0.0008043294090493882,1.060753223859822e-05,0.0,0.0,0.00020054193080361682,0.6540921949301473,0.4940292411885325,0.580754716981132,0.2450980392156863,0.4007848011796391,0.13070994423209475,0.24242424242424243,0.29999999999999716,0.0,1.0,1.0,0.4,0.0005045768571049189,0.0,0.0,0.0,0.0,0.0,0.0036354330375410375,0.0,0.0,0.0004093627989957539,0.0011279180642139747,0.033121773591833034,0,0
8202,0.4000000000000341,0.0,0.0,0.03474903474903475,0.0,0.6000000000000001,0.5294117647058824,0.0,0.0,0.0,0.0,1.0,0.0,0.0,0.0,0.0,0.010345510779815634,0.0011127884377900763,0.0008043294090493882,9.89901386388269e-06,0.0,0.0,0.0003627849417346418,0.6540553698132816,0.4942686054836079,0.580754716981132,0.2450980392156863,0.39836580996600013,0.1326524218309418,0.020202020202020204,0.29999999999999716,1.0,1.0,0.0,0.2,0.0008376461911884509,0.0,0.0,0.0,0.00023845123986740704,0.0,0.003734113266138505,0.0,0.0,0.001044665620534346,0.0012127101060580316,0.033122056335964635,0,1
2421,0.20000000000004547,1.0,0.0,0.06756756756756757,0.2962962962962963,0.6000000000000001,0.5,0.0,0.0,0.0,0.0,1.0,0.0,0.0,0.0,0.0,0.009770786935533304,0.0,0.0008043294090493882,9.89901386388269e-06,0.0,4.121807728472592e-05,7.698931081713517e-06,0.6540963519900886,0.4939894893408324,0.3920754716981132,0.20723039215686279,0.3967815839822567,0.1147314994673852,0.24242424242424243,0.6000000000000014,0.0,0.0,0.0,0.55,0.0,0.0,0.0,0.0,0.0,0.0,0.0036397930153316,0.005774051900894132,0.0,8.495774624827514e-05,0.0010844970734324038,0.03312156029362849,0,0
5739,0.4000000000000341,1.0,0.0,0.06756756756756757,0.0,0.6000000000000001,0.0,0.0,0.0,0.0,0.0,0.0,0.0,0.0,0.0,0.0,0.009770786935533304,0.0,0.0008043294090493882,9.89901386388269e-06,0.0,0.0,0.0,0.6541193322784078,0.49401040227446824,0.3069811320754717,0.24497549019607845,0.394033561218148,0.11222507675919545,0.25252525252525254,0.6000000000000014,0.0,1.0,0.0,0.35000000000000003,6.313660151600756e-06,0.0,0.0,0.0,0.0,0.0,0.0036354330375410375,0.0,0.0,0.00020475814542944722,0.0010888937668525331,0.03312156029362849,0,3
4491,0.6000000000000227,0.0,0.0,0.06756756756756757,0.0,0.6000000000000001,0.5294117647058824,0.0,0.0,0.0,0.0,1.0,0.0,0.0,0.0,0.0,0.009770786935533304,0.0,0.0008043294090493882,9.89901386388269e-06,0.0009420743566347918,0.0003203542095415694,0.0,0.6540958374516261,0.4939888965974512,0.38943396226415095,0.22267156862745102,0.396696279506209,0.12275205213359236,0.020202020202020204,0.14999999999999858,0.0,1.0,0.0,0.55,6.678223108741574e-05,0.0,0.0,0.0,9.843254660493094e-05,0.0,0.0036394521957420637,0.0,0.0,0.0004411356146658406,0.0010902971398413796,0.03312156029362849,0,1
4050,0.6000000000000227,1.0,0.0,0.03861003861003861,0.537037037037037,0.6000000000000001,0.5,0.0,0.0,0.0,0.0,1.0,0.0,0.0,0.0,0.0,0.009770786935533304,0.0,0.0008043294090493882,9.89901386388269e-06,0.0,9.141105849435183e-06,1.9791037526438704e-05,0.6541370601660532,0.49403713278836203,0.3920754716981132,0.19338235294117648,0.3967815839822567,0.10771351588445392,0.25252525252525254,0.7999999999999972,0.0,0.0,1.0,0.55,0.0,0.005085145970077012,0.0,0.0,0.0,0.0,0.0036630453140329053,0.026914501104352402,0.0,0.00011184440427505538,0.0011008250643687926,0.03312156029362849,0,0
8857,0.6000000000000227,1.0,0.0,0.10231660231660232,0.4444444444444444,0.6000000000000001,0.5,0.0,0.0,0.0,0.0,1.0,0.0,0.0,0.0,0.0,0.0132793729913203,0.0,0.0009636607693894158,9.89901386388269e-06,0.025045223907143137,0.005871082984205416,0.0,0.6539996508970837,0.49402987857205044,0.580188679245283,0.24485294117647063,0.3915353587053218,0.032896798044990294,0.020202020202020204,0.6000000000000014,1.0,1.0,0.0,0.45,0.0003169728951378917,0.0,0.0,0.0,0.0,0.0001639255988831665,0.0036930551071304263,0.0,0.0,0.001634892998264007,0.0012186381078189506,0.033177871019627325,0,0
8621,0.20000000000004547,0.0,0.0,0.03581081081081081,0.0,0.0,0.7941176470588235,0.3333333333333333,0.0,0.0,0.0,0.0,0.0,0.0,0.0,0.0,0.009770786935533304,0.0,0.0008059356662790078,9.89901386388269e-06,0.0,0.0,0.0,0.6540890580015168,0.4939789565976069,0.579811320754717,0.24485294117647063,0.40282601542792384,0.12814086095620028,0.020202020202020204,0.5,0.0,1.0,0.0,0.5,0.0,0.0,0.0,0.0,0.0,0.00018365738393391802,0.003656462155924425,0.0,0.0,9.854177613621072e-05,0.0010862337425492882,0.03312156029362849,0,2
3109,0.20000000000004547,0.0,0.0,0.03474903474903475,0.0,0.6000000000000001,0.47058823529411764,0.0,0.0,0.0,0.0,0.0,0.0,0.0,0.0,0.0,0.013084572775541136,9.624422935641483e-06,0.0008043294090493882,9.89901386388269e-06,0.040528356944237585,0.01762629580369226,0.001342919763936854,0.653876561568158,0.49444911311697387,0.580754716981132,0.2450980392156863,0.3958737006300345,0.08239864653173759,0.020202020202020204,0.14999999999999858,1.0,1.0,0.0,0.25000000000000006,0.0007564240083349547,0.0,0.00017964750981029647,0.0007827573627977093,0.0,0.0011718006048912419,0.0038154957226191302,0.0,0.0,0.007636322519149389,0.0015382299357818855,0.03312156029362849,0,2
568,0.4000000000000341,0.0,0.0,0.03861003861003861,0.0,0.6000000000000001,0.5294117647058824,0.0,0.0,0.0,0.0,1.0,0.0,0.0,0.0,0.0,0.009770786935533304,0.0,0.0008043294090493882,9.89901386388269e-06,0.0029361196947765844,0.0006749460155373869,0.0004362945096899856,0.6540928098582776,0.4939850466767867,0.580754716981132,0.24485294117647063,0.40287476084280827,0.1339682937527414,0.020202020202020204,0.9499999999999957,0.0,1.0,0.0,0.5,1.3890052333521664e-05,0.0,0.0002787459958616553,0.0012152297069824066,0.0003887216930322889,0.0,0.0036663070517405963,0.0,0.0,0.0006743920826850434,0.0011234674406648592,0.03312156029362849,0,1
6076,0.20000000000004547,0.0,0.0,0.02364864864864865,0.0,0.0,0.7941176470588235,0.3333333333333333,0.0,0.0,0.0,0.0,0.0,0.0,0.0,0.0,0.009770786935533304,0.0,0.0008043294090493882,9.89901386388269e-06,0.0014864964522188274,0.0007708445259941888,9.264815369519657e-06,0.6541073381979948,0.49400223507031604,0.3920754716981132,0.17144607843137258,0.3967815839822567,0.09605865029137166,0.24242424242424243,0.5,0.0,1.0,0.0,0.55,8.689768810805341e-05,0.0,0.0,0.0,0.0,0.0,0.0036354330375410375,0.0,0.0,9.355329058414399e-05,0.0010868275687857386,0.03312156029362849,0,2
12141,0.0,0.0,1.0,0.02316602316602317,0.0,0.6000000000000001,0.23529411764705882,0.0,0.0,0.0,0.0,0.0,0.0,0.0,0.0,0.0,0.009770786935533304,0.0,0.0008043294090493882,9.89901386388269e-06,0.0,0.0,0.0,0.6539205242910107,0.4937835135390053,0.580754716981132,0.2450980392156863,0.40287476084280827,0.1342189360235604,0.020202020202020204,0.7999999999999972,0.0,1.0,0.0,0.8,1.4399218474779789e-05,0.0,0.0,0.0,2.4025116717851646e-05,0.0,0.0036403831672245403,0.0,0.002386088295687885,0.00044694272348799004,0.001084247200472642,0.03312156029362849,1,4
2947,0.6000000000000227,0.0,1.0,0.06756756756756757,0.0,0.8,0.23529411764705882,0.0,0.0,0.0,0.0,0.0,0.0,0.0,0.0,0.0,0.009770786935533304,0.0,0.0008043294090493882,9.89901386388269e-06,0.00029534717934406174,0.00029276469006872866,0.0,0.6541011826216299,0.49399517377703034,0.20339622641509433,0.24522058823529416,0.39068840712170516,0.12218810702424965,0.020202020202020204,0.6000000000000014,0.0,1.0,0.0,0.4,0.0,0.0,0.0,0.0,9.046591181054236e-06,0.0,0.0036354330375410375,0.0,0.0,0.00012202603119670955,0.0010825576210823542,0.03312156029362849,0,4
5231,0.6000000000000227,0.0,0.0,0.07722007722007722,0.0,0.6000000000000001,0.029411764705882346,0.0,0.0,0.0,0.0,0.0,0.0,0.0,0.0,0.0,0.009770786935533304,0.0,0.0008043294090493882,9.89901386388269e-06,0.03449922566259712,0.008660117479830358,0.0,0.6542044550963897,0.4941168530854693,0.27962264150943394,0.06813725490196079,0.393150050573368,0.0437370762579109,0.020202020202020204,0.8999999999999986,0.0,1.0,0.0,0.45,7.35711129708574e-05,0.0,0.0,0.0,0.0,0.00023761261301958106,0.003674796914833854,0.0,0.0,0.0024765144658406416,0.0014082184721453319,0.03312156029362849,0,2
5351,0.8000000000000114,1.0,0.0,0.03861003861003861,0.537037037037037,0.6000000000000001,0.5,0.0,0.0,0.0,0.0,1.0,0.0,0.0,0.0,0.0,0.009770786935533304,0.0,0.0008043294090493882,9.89901386388269e-06,0.001068961578115533,0.00039107312843129064,0.0,0.6541036850743068,0.49400072623369345,0.49,0.2450980392156863,0.39963319075299486,0.1336549909142177,0.25252525252525254,0.0,0.0,1.0,0.0,0.5,0.0,0.0,0.0,0.0,0.0,0.0,0.0036354330375410375,0.0,0.0,0.0003163978938869819,0.0010957073033141353,0.03312156029362849,0,0
6689,0.8000000000000114,1.0,0.0,0.06756756756756757,0.2962962962962963,0.6000000000000001,0.5,0.0,0.0,0.0,0.0,1.0,0.0,0.0,0.0,0.0,0.009770786935533304,0.0,0.0008043294090493882,9.89901386388269e-06,0.00013845528725676333,0.00024232240597229994,0.0,0.654107487954199,0.4940024419676456,0.3920754716981132,0.15551470588235294,0.3967815839822567,0.08816341876057399,0.25252525252525254,0.0,0.0,0.0,0.0,0.5,0.0,0.00014739248811345814,0.0,0.0,0.0,0.0,0.0036359391624844846,0.008965578976547196,0.0,0.00010478377857059168,0.0010888442482874067,0.03312156029362849,0,0
1041,0.6000000000000227,1.0,0.0,0.03861003861003861,0.537037037037037,0.6000000000000001,0.5,0.0,0.0,0.0,0.0,1.0,0.0,0.0,0.0,0.0,0.009770786935533304,0.0,0.0008043294090493882,9.89901386388269e-06,0.0007739759008269721,0.0001779191602149157,5.828569293500629e-06,0.654139477138419,0.494039622155293,0.31245283018867925,0.13651960784313727,0.39421026334710396,0.07820038849551979,0.24242424242424243,0.5,0.0,1.0,1.0,0.05,0.00010693846742797324,0.0,0.0,0.0,0.0,0.0,0.003661851660170936,0.0,0.0,4.714758396132824e-05,0.0010959502367352408,0.03312157021447521,0,0
5452,0.20000000000004547,1.0,0.0,0.31660231660231664,0.6666666666666666,0.6000000000000001,0.5,0.4444444444444444,0.0,0.0,0.0,1.0,0.0,0.0,0.0,0.0,0.018179432158273973,7.048089313073509e-05,0.000961383938753256,9.89901386388269e-06,0.0,0.0027293680047168105,0.0,0.6535535149061,0.49512173594706815,0.580754716981132,0.2433823529411765,0.3946794379653664,0.09254965849990603,0.020202020202020204,0.3999999999999986,1.0,1.0,0.0,0.25000000000000006,0.0055953489261594425,0.0,0.005590646635263637,0.024373156828360342,0.0030416267311055255,0.0,0.0040823315463722485,0.0,0.0,0.0013895362550338936,0.0016349614538841897,0.03317728072924731,0,0
10589,0.8000000000000114,0.0,1.0,0.03861003861003861,0.0,0.8,0.23529411764705882,0.0,0.0,0.0,0.0,0.0,0.0,0.0,0.0,0.0,0.009770786935533304,6.780744231527911e-05,0.0008043294090493882,9.89901386388269e-06,0.0,0.0008992355126976192,0.0004916659179782416,0.653843311715007,0.49434506161628,0.580566037735849,0.24485294117647063,0.3982622259593707,0.13378031204962718,0.020202020202020204,0.10000000000000142,0.0,1.0,0.0,0.5,2.167689985382926e-05,0.0,0.0,0.0,4.092878190044433e-05,0.0,0.003777099333193384,0.0,0.0,0.004694957945787698,0.0013312411934865887,0.03312178847310312,1,4
4220,1.0,0.0,0.0,0.02316602316602317,0.0,0.2,0.0,0.0,0.0,0.0,0.0,0.0,0.0,0.0,0.0,0.0,0.00984470988515531,0.0,0.0008043294090493882,9.89901386388269e-06,0.010003484879815026,0.0022995698278688217,0.0,0.6539106496584693,0.4942443123211814,0.580754716981132,0.24436274509803926,0.3940030953338452,0.12983269628422836,0.020202020202020204,0.5,1.0,1.0,0.0,0.2,4.9572415512891095e-05,0.0,0.00012107556637607523,0.0005278448022010381,5.0429267794734854e-05,0.0,0.0037260168376405415,0.0,0.0,0.0027322830737871204,0.0011724171618939427,0.03312156029362849,0,2
820,0.4000000000000341,1.0,0.0,0.06756756756756757,0.0,0.6000000000000001,0.1764705882352941,0.0,0.0,0.0,0.0,0.0,0.0,0.0,0.0,0.0,0.009770786935533304,0.0,0.0008043294090493882,9.89901386388269e-06,0.0008101261063770408,0.00014451257338334348,0.0,0.6541143525533005,0.4940104554544572,0.2994339622641509,0.14436274509803923,0.3937898341437259,0.08208534369321387,0.24242424242424243,0.0,0.0,1.0,1.0,0.05,0.00016470506337417843,0.0,0.0,0.0,0.0,0.0,0.0036354330375410375,0.0,0.0,4.01637041884348e-05,0.0010866052061399359,0.03312156029362849,0,3
10532,0.4000000000000341,0.0,0.0,0.03861003861003861,0.0,0.8,0.5588235294117647,0.0,0.0,0.0,0.0,0.0,0.0,0.0,0.0,0.0,0.009770786935533304,0.0,0.0008043294090493882,9.89901386388269e-06,0.00047826721942740967,0.00010994257308002498,0.0,0.653916077989551,0.49377830422913255,0.46528301886792456,0.11458333333333334,0.3991457366041507,0.06748543141800865,0.020202020202020204,0.25,0.0,1.0,0.0,0.75,2.5342896070887767e-05,0.0,0.0,0.0,8.919813692184789e-05,0.0,0.0036354330375410375,0.0,0.0,2.744946152496213e-05,0.00114699019657575,0.03312156029362849,1,2
2718,0.20000000000004547,1.0,0.0,0.06756756756756757,0.0,0.6000000000000001,0.029411764705882346,0.0,0.0,0.0,0.0,0.0,0.0,0.0,0.0,0.0,0.01101563315375063,0.0,0.0008043294090493882,1.688298070036434e-05,0.012061154579724941,0.0027725805050959587,0.0,0.6534526816020813,0.4947042412029532,0.5792452830188679,0.2425245098039216,0.3940640271024507,0.1325271006955323,0.25252525252525254,0.3999999999999986,0.0,1.0,0.0,0.2,0.001957309324696952,0.0,0.0,0.0,0.0,0.0,0.0036354330375410375,0.0,0.0,0.0006547195422258674,0.001357599940573796,0.03312156029362849,0,3
11869,0.4000000000000341,0.0,0.0,0.02316602316602317,0.0,0.8,0.0,0.0,0.0,0.0,0.0,0.0,0.0,0.0,0.0,0.0,0.009770786935533304,0.0,0.0008043294090493882,9.89901386388269e-06,0.0015674729126509814,0.06462687044684634,0.0,0.6539878450058831,0.49386238683803935,0.20339622641509433,0.24497549019607845,0.39068840712170516,0.13415627545585562,0.24242424242424243,0.6499999999999986,0.0,1.0,1.0,0.55,0.0018996174064514649,0.0,0.0,0.0,0.0,0.0,0.0036354330375410375,0.0,0.0,0.021578039612156763,0.0010825576210823542,0.03312156029362849,1,2
4709,0.8000000000000114,0.0,0.0,0.03474903474903475,0.0,0.6000000000000001,0.5294117647058824,0.0,0.0,0.0,0.0,1.0,0.0,0.0,0.0,0.0,0.009770786935533304,0.0,0.0008043294090493882,9.89901386388269e-06,0.0015743414517054943,0.00048614062926541655,0.0,0.6540980168682433,0.4939701178505278,0.580754716981132,0.24485294117647063,0.40149160969546305,0.11115984710821482,0.020202020202020204,0.5,1.0,1.0,0.0,0.45,1.4222707545810306e-05,0.0,9.184000080649836e-05,0.0,0.0,2.3743191901728482e-05,0.0036439786568344267,0.0,0.0,0.00023136340170713652,0.001117409223417867,0.03312156029362849,0,1
12471,0.6000000000000227,1.0,0.0,0.06756756756756757,0.0,0.4,0.029411764705882346,0.0,0.0,0.0,0.0,0.0,0.0,0.0,0.0,0.0,0.009770786935533304,0.0,0.0008043294090493882,9.89901386388269e-06,0.00013556327081275783,0.0008517017622805563,0.0,0.6540703663067964,0.4939590304050811,0.20339622641509433,0.2450980392156863,0.39068840712170516,0.13409361488815089,0.020202020202020204,1.0,0.0,1.0,0.0,0.35000000000000003,0.0,0.0,0.0,0.0,0.0,0.0,0.0036354330375410375,0.0,0.00041067761806981524,0.00035446387594582966,0.0010825576210823542,0.03312156029362849,1,3
10971,0.4000000000000341,0.0,0.0,0.10231660231660232,0.0,0.6000000000000001,0.5588235294117647,0.0,0.0,0.0,0.0,0.0,0.0,0.0,0.0,0.0,0.012925861165868155,0.0,0.0008043294090493882,9.89901386388269e-06,0.018901857975964453,0.008075917715089182,0.0,0.6537811552699446,0.4936258472931833,0.580754716981132,0.2410539215686275,0.40259447470722287,0.13208847672159912,0.020202020202020204,0.3999999999999986,0.0,1.0,0.0,0.25000000000000006,0.0,0.0,6.048737704050386e-07,2.6370264889310813e-06,0.0,3.613880045925187e-08,0.003703802311030415,0.0,0.0033367556468172485,0.002574902750113712,0.0011227197549427707,0.03312156029362849,1,2
4768,0.0,0.0,0.0,0.04864864864864865,0.0,0.0,0.7941176470588235,0.3333333333333333,0.0,0.0,0.0,0.0,0.0,0.0,0.0,0.0,0.009770786935533304,0.0,0.0008043294090493882,9.89901386388269e-06,0.0074039235987095825,0.0025647449984647097,0.000225813563337377,0.6539838718280064,0.49417046899512274,0.580754716981132,0.2422794117647059,0.3934912684775589,0.08609562002631746,0.24242424242424243,0.29999999999999716,1.0,1.0,0.0,0.10000000000000002,0.0,0.0,0.0,0.0,0.0,0.0,0.0036354330375410375,0.0,0.0,0.0023355577715232687,0.0011667608926395532,0.03312156029362849,0,2
8286,0.4000000000000341,0.0,1.0,0.03861003861003861,0.0,0.6000000000000001,0.2941176470588235,0.0,0.0,0.0,0.0,0.0,0.0,0.0,0.0,0.0,0.009770786935533304,0.0,0.0008043294090493882,9.89901386388269e-06,7.808444398814851e-05,0.00043345461918776286,0.0,0.6541494544798613,0.49405137959096623,0.2788679245283019,0.18026960784313728,0.3931256778659258,0.10082085343693216,0.25252525252525254,0.6499999999999986,0.0,0.0,1.0,0.35000000000000003,0.0,0.00019154715644987213,0.0,0.0,0.0,0.0,0.00364215872734422,0.03835354832052472,0.0007700205338809035,0.00022770517896895424,0.001108711750915466,0.03312156029362849,0,4
8807,0.6000000000000227,1.0,0.0,0.03861003861003861,0.537037037037037,0.6000000000000001,0.5,0.0,0.0,0.0,0.0,1.0,0.0,0.0,0.0,0.0,0.009770786935533304,0.0,0.0008043294090493882,9.89901386388269e-06,0.0008650744188131454,0.0002204668528959231,2.76204589654694e-05,0.6541125236722233,0.4940016097202263,0.3820754716981132,0.1235294117647059,0.39645864560864746,0.07017983582931261,0.24242424242424243,0.6999999999999957,0.0,1.0,0.0,0.5,0.0002717657306760536,0.0,0.0,0.0,0.0,0.0,0.0036354330375410375,0.0,0.0,6.180605689124743e-05,0.0011138183095720062,0.03312156029362849,0,0
10847,0.4000000000000341,0.0,0.0,0.03861003861003861,0.0,0.6000000000000001,0.5588235294117647,0.0,0.0,0.0,0.0,0.0,0.0,0.0,0.0,0.0,0.009770786935533304,0.0,0.0008043294090493882,9.89901386388269e-06,0.0,0.0,0.0,0.6541034697169336,0.49399785334976143,0.580754716981132,0.2450980392156863,0.40287476084280827,0.1342189360235604,0.04040404040404041,0.5,0.0,1.0,0.0,0.10000000000000002,3.822140500377662e-05,0.0,0.0,0.0,0.0,0.0,0.0033518848817724566,0.0,0.0,0.0,0.0010825582158999533,0.03312156029362849,1,2
10222,0.20000000000004547,0.0,0.0,0.06756756756756757,0.0,0.6000000000000001,0.029411764705882346,0.0,0.0,0.0,0.0,0.0,0.0,0.0,0.0,0.0,0.011395586881174653,0.0,0.0008043294090493882,9.89901386388269e-06,0.0,0.0002158131990089379,0.0,0.654067007394412,0.49395513390340434,0.20339622641509433,0.2450980392156863,0.39068840712170516,0.1342189360235604,0.020202020202020204,0.14999999999999858,0.0,1.0,0.0,0.75,0.0,0.0,0.0,0.0,0.0,0.0,0.0036354330375410375,0.0,0.0,0.0003250957661316111,0.0010825576210823542,0.03312156029362849,1,2
7212,0.20000000000004547,1.0,1.0,0.10231660231660232,0.0,0.8,0.23529411764705882,0.0,0.0,0.0,0.0,0.0,0.0,0.0,0.0,0.0,0.009770786935533304,0.0,0.0008043294090493882,9.89901386388269e-06,0.00020750217985739466,0.00011459622696701017,0.0,0.6540987033612854,0.4939922372323815,0.580754716981132,0.2450980392156863,0.40287476084280827,0.13415627545585562,0.25252525252525254,0.3999999999999986,0.0,0.0,0.0,0.5,0.0,0.025876107467416483,0.0,0.0,0.0,0.0,0.0036354330375410375,0.021761422962914504,0.0,4.863133863835322e-05,0.001090410403025878,0.03312156029362849,0,4
5148,0.20000000000004547,0.0,0.0,0.15830115830115832,0.0,0.2,0.5294117647058824,0.0,0.0,0.0,0.0,1.0,0.0,0.0,0.0,0.0,0.01020371476366365,0.0,0.0008043294090493882,1.731821341626102e-05,0.0006250370539606888,0.00014368156376066757,0.0001374498430407611,0.6541277265774973,0.49409274469439146,0.49566037735849056,0.23039215686274514,0.39730559719226416,0.12463186916473465,0.24242424242424243,0.3999999999999986,0.0,1.0,0.0,0.10000000000000002,0.0004173397249026934,0.0,0.0,0.0,0.0,0.0,0.0036354330375410375,0.0,0.0,8.357631948001051e-05,0.001116712543304903,0.03327693563457823,0,1
7834,0.20000000000004547,1.0,0.0,0.06756756756756757,0.0,0.6000000000000001,0.5588235294117647,0.0,0.0,0.0,0.0,0.0,0.0,0.0,0.0,0.0,0.009770786935533304,0.0,0.0008043294090493882,9.89901386388269e-06,0.0001655679414193149,8.152204398450832e-05,3.566736433336206e-06,0.6541034879394805,0.4939977621286124,0.35735849056603775,0.10269607843137257,0.39566043943991525,0.06121937464753431,0.24242424242424243,0.10000000000000142,0.0,0.0,0.0,0.5,0.0,0.0022968837947951737,0.0,0.0,0.0,0.0,0.0036354330375410375,0.00788961063786749,0.0,1.1511889735538636e-05,0.0010870787800850985,0.03312156029362849,0,3
3167,0.8000000000000114,1.0,0.0,0.15830115830115832,0.4444444444444444,0.6000000000000001,0.5,0.0,0.0,0.0,0.0,1.0,0.0,0.0,0.0,0.0,0.009770786935533304,0.0,0.0008043294090493882,9.89901386388269e-06,0.006974097654719264,0.0013322746270740442,0.0,0.6540574392319788,0.4940065170298694,0.580754716981132,0.2450980392156863,0.3964464592549264,0.11642333479541327,0.020202020202020204,0.5499999999999972,1.0,1.0,0.0,0.10000000000000002,2.9803191468308946e-05,0.0,1.360965983411337e-05,0.00017096721736569844,3.9754916262764286e-06,0.0,0.003651921166808084,0.0,0.0,0.0007692500541058817,0.0011048022131090122,0.03312156029362849,0,0
49,0.4000000000000341,1.0,1.0,0.15830115830115832,0.0,0.6000000000000001,0.23529411764705882,0.0,0.0,0.0,0.0,0.0,0.0,0.0,0.0,0.0,0.009770786935533304,0.0,0.0008043294090493882,9.89901386388269e-06,0.0022452892667147706,0.0005285221200218888,0.0,0.6541488050945513,0.49404724940787786,0.3532075471698113,0.22732843137254904,0.3955263895489831,0.12425590575850619,0.020202020202020204,0.6000000000000014,0.0,1.0,0.0,0.35000000000000003,0.00010287871606167511,0.0,0.0,0.0,0.00016758105843520362,0.0,0.0036963596436114577,0.0,0.0,0.0030193640218142636,0.001154811701027187,0.03312156029362849,0,4
6793,0.8000000000000114,0.0,0.0,0.02316602316602317,0.0,0.6000000000000001,0.5588235294117647,0.0,0.0,0.0,0.0,0.0,0.0,0.0,0.0,0.0,0.009770786935533304,0.00011319063391316226,0.0008043294090493882,9.89901386388269e-06,0.0,0.0,0.0,0.6540809191494038,0.4939973297015484,0.580754716981132,0.24497549019607845,0.40163175276325574,0.13233911899241807,0.020202020202020204,0.3999999999999986,0.0,1.0,0.0,0.45,0.0,0.0,0.0,0.0,6.096275545018382e-05,0.0,0.0036354330375410375,0.0,0.0,0.0003060627751021872,0.0011270400143014137,0.03312156029362849,0,2
8169,1.0,0.0,0.0,0.03474903474903475,0.0,0.6000000000000001,0.5294117647058824,0.0,0.0,0.0,0.0,1.0,0.0,0.0,0.0,0.0,0.009770786935533304,3.8715932625460296e-05,0.0008121267742417161,9.89901386388269e-06,0.030408106900495835,0.006990120542100817,0.0,0.6539400963004091,0.49420863941745613,0.580754716981132,0.24473039215686276,0.39392997721151857,0.07569396578733005,0.020202020202020204,0.5,1.0,1.0,0.0,0.25000000000000006,0.0005528254406505389,0.0,0.0015628930104315522,0.006813636942983092,0.0,0.0005292527327257437,0.003741994522821877,0.0,0.0,0.0018199530212570881,0.001235230643882546,0.0331240405053092,0,1
11357,0.0,0.0,1.0,0.03861003861003861,0.0,0.6000000000000001,0.5882352941176471,0.0,0.0,0.0,0.0,0.0,0.0,0.0,0.0,0.0,0.009975670289799182,0.0,0.000894435761211929,9.89901386388269e-06,9.977456731818976e-05,2.293586558585555e-05,0.0,0.6537143835507144,0.4939560616418988,0.580754716981132,0.2450980392156863,0.3959407255755006,0.13384297261733194,0.020202020202020204,0.44999999999999574,0.0,1.0,0.0,0.4,1.8601536360630183e-06,0.0,6.462068113827163e-05,0.00025139652527809644,4.315130084111856e-05,0.0,0.003644407037217127,0.0,0.004639630390143737,0.00011002808389455928,0.0011840384603047966,0.03312156029362849,1,4
5924,0.8000000000000114,0.0,0.0,0.15830115830115832,0.0,0.6000000000000001,0.5294117647058824,0.0,0.0,0.0,0.0,1.0,0.0,0.0,0.0,0.0,0.009770786935533304,0.0,0.0008043294090493882,9.89901386388269e-06,0.0002736570560140205,0.00495896682235632,0.0,0.6539075627590133,0.4937683277408286,0.20339622641509433,0.13884803921568628,0.39068840712170516,0.07989222382354785,0.04040404040404041,0.6499999999999986,0.0,1.0,0.0,0.35000000000000003,3.57909852895045e-05,0.0,9.08318778558233e-05,0.0002913914270268845,1.3585538313417086e-05,0.0,0.0036354330375410375,0.0,0.0,0.0032205151084599088,0.0010825576210823542,0.03312156029362849,0,1
11358,0.0,0.0,1.0,0.03861003861003861,0.0,0.8,0.32352941176470584,0.4444444444444444,0.0,0.0,0.0,0.0,0.0,0.0,0.0,0.0,0.04565687245273774,5.552048060832638e-05,0.0008318697029086902,9.89901386388269e-06,8.856800359766845e-05,2.0359735755560182e-05,0.0,0.6529587389247924,0.49286405908939285,0.580754716981132,0.2439950980392157,0.3993102523793856,0.13346700921110347,0.020202020202020204,0.44999999999999574,0.0,1.0,0.0,0.10000000000000002,0.0,0.0,6.572961638401419e-05,0.00018898689837339416,0.0,2.50803275187208e-05,0.0037930825154648736,0.0,0.01325608316221766,0.00428738588519525,0.00118731585570779,0.03312156029362849,1,4
4147,0.6000000000000227,1.0,0.0,0.03861003861003861,0.537037037037037,0.6000000000000001,0.5,0.0,0.0,0.0,0.0,1.0,0.0,0.0,0.0,0.0,0.009770786935533304,0.0,0.0008043294090493882,9.89901386388269e-06,0.0,0.0005224557497763545,0.0,0.6534830715093157,0.49327099158897453,0.2788679245283019,0.11678921568627451,0.3931256778659258,0.06861332163669404,0.04040404040404041,0.6999999999999957,0.0,1.0,0.0,0.35000000000000003,0.0,0.0,0.0,0.0,0.0,0.0,0.0036354330375410375,0.0,0.0,0.004697899873164557,0.0010873518509312257,0.03312156029362849,0,0
9810,0.6000000000000227,0.0,1.0,0.10231660231660232,0.0,1.0,0.23529411764705882,0.0,0.0,0.0,0.0,0.0,0.0,0.0,0.0,0.0,0.009770786935533304,0.0,0.0008359399275390854,9.89901386388269e-06,0.0003615020555006876,0.0004592990184529842,0.0,0.6540915011480863,0.49398461774329866,0.580754716981132,0.2450980392156863,0.40256400882292015,0.1342189360235604,0.25252525252525254,0.6000000000000014,0.0,0.0,0.0,0.4,0.0,0.0,0.0,0.0,0.0,0.0,0.0036354330375410375,0.008935148172912152,0.0,0.00030058823198350886,0.0010872682294904166,0.03312156029362849,1,4
7406,0.6000000000000227,1.0,0.0,0.5405405405405406,1.0,0.4,0.5,0.0,0.0,0.0,0.0,1.0,0.0,0.0,0.0,0.0,0.042121137170338746,0.0,0.0010782976324470199,1.2024568988029278e-05,0.1808124830997789,0.04156460829738178,0.0,0.6557165073759731,0.49555516295008145,0.30283018867924527,0.147671568627451,0.39357047977674603,0.07256093740209288,0.020202020202020204,0.0,0.0,1.0,0.0,0.05,0.0,0.0,0.0012123686604818323,0.0,0.0,0.00042542595900631306,0.004685930107127874,0.0,0.0,0.006319157677586249,0.002518212501100091,0.036187682300518956,0,0
3010,0.6000000000000227,1.0,0.0,0.10231660231660232,0.2962962962962963,0.6000000000000001,0.5,0.0,0.0,0.0,0.0,1.0,0.0,0.0,0.0,0.0,0.009770786935533304,0.0,0.0008043294090493882,9.89901386388269e-06,0.0027705517533572694,0.001188925467162447,0.0,0.654077695415186,0.4939658044487911,0.580754716981132,0.2450980392156863,0.40287476084280827,0.13108590763832323,0.020202020202020204,0.6499999999999986,0.0,1.0,0.0,0.10000000000000002,0.0,0.0,4.838990163240309e-06,0.0,0.0,2.1249614670040103e-05,0.0036418948670168374,0.0,0.0,0.0005986438482251992,0.0010889658389182926,0.03312156029362849,0,0
1579,0.4000000000000341,1.0,0.0,0.02316602316602317,0.0,0.6000000000000001,0.1764705882352941,0.0,0.0,0.0,0.0,0.0,0.0,0.0,0.0,0.0,0.01117980771755895,0.0,0.0008043294090493882,9.89901386388269e-06,0.013283393029372766,0.013435431175575297,0.0,0.6538673157791466,0.49418036629570583,0.5749056603773585,0.22818627450980397,0.39272962136998996,0.1222507675919544,0.020202020202020204,0.7999999999999972,0.0,1.0,0.0,0.05,0.0008820997897612269,0.0,0.0009735443334669097,0.004244294133934575,0.0006554552689968672,0.0,0.0036698408954109005,0.0,0.0,0.006178380057109206,0.0011573418568212915,0.03312156029362849,0,3
10223,0.4000000000000341,0.0,0.0,0.06756756756756757,0.0,0.6000000000000001,0.029411764705882346,0.0,0.0,0.0,0.0,0.0,0.0,0.0,0.0,0.0,0.01144111149896915,0.0,0.0008043294090493882,9.89901386388269e-06,0.0,0.002044782277556383,0.0,0.6540576883838937,0.49394421570230224,0.20339622641509433,0.22218137254901962,0.39068840712170516,0.12250140986277337,0.020202020202020204,0.14999999999999858,0.0,1.0,0.0,0.75,0.0,0.0,0.0,0.0,0.0,0.0,0.0036354330375410375,0.0,0.001117222792607803,0.00015686868412960648,0.0010825576210823542,0.03312156029362849,1,2
3470,0.8000000000000114,1.0,0.0,0.05791505791505792,0.7037037037037037,0.6000000000000001,0.5,0.0,0.0,0.0,0.0,1.0,0.0,0.0,0.0,0.0,0.009770786935533304,0.0,0.0008043294090493882,9.89901386388269e-06,0.08839122909252863,0.01200900315825207,0.0,0.6535743823729282,0.4944686585097243,0.29,0.14105392156862748,0.3928453917303404,0.08051882950059529,0.04040404040404041,0.6499999999999986,1.0,1.0,0.0,0.05,2.3645675600027346e-05,0.0,0.00017934507292509394,0.0,0.0,4.3330421750642995e-05,0.004008276318417351,0.0,0.0,0.005219900117728259,0.0017260100350764101,0.03312156029362849,0,0
9234,0.6000000000000227,1.0,1.0,0.20463320463320464,0.0,0.8,0.32352941176470584,0.0,0.0,0.0,0.0,0.0,0.0,0.0,0.0,0.0,0.00982519073498028,0.0,0.0008560571297352912,9.89901386388269e-06,0.004473949438876509,0.0010284575090237257,0.0006772884512619276,0.6540488458101488,0.49404802304085677,0.5788679245283018,0.2450980392156863,0.40023641526218945,0.11435553606115673,0.020202020202020204,0.3500000000000014,0.0,1.0,0.0,0.4,0.00032471900936689865,0.0,0.0001616021089932128,0.0007045255769594206,0.0,0.00039365995340263064,0.0036773891854906707,0.0,0.0,0.0016249671911142537,0.0013708621920362099,0.03312156029362849,1,4
7513,0.20000000000004547,1.0,0.0,0.10424710424710425,0.2962962962962963,0.6000000000000001,0.5,0.0,0.0,0.0,0.0,1.0,0.0,0.0,0.0,0.0,0.009770786935533304,0.0,0.0008043294090493882,9.89901386388269e-06,0.0009117081839727341,0.0007838913770702008,0.0,0.6541033110151154,0.49399766741388745,0.20339622641509433,0.24558823529411766,0.39068840712170516,0.13446957829437936,0.020202020202020204,0.5499999999999972,0.0,1.0,0.0,0.35000000000000003,0.0,0.0,0.0,0.0,0.0,3.404275003261526e-05,0.0036354330375410375,0.0,0.0,9.255559347373065e-05,0.0010825576210823542,0.03312156029362849,0,0
11655,0.0,0.0,1.0,0.02316602316602317,0.0,0.6000000000000001,0.23529411764705882,0.0,0.0,0.0,0.0,0.0,0.0,0.0,0.0,0.0,0.009770786935533304,0.0,0.0008043294090493882,9.89901386388269e-06,0.0,0.0,0.0,0.6529010615817742,0.49258904595744857,0.580754716981132,0.2450980392156863,0.40287476084280827,0.1342189360235604,0.020202020202020204,0.6000000000000014,0.0,1.0,0.0,0.35000000000000003,2.009509037498735e-06,0.0,0.0,0.0,0.00011594662191911726,0.0,0.0036354330375410375,0.0,0.0,0.018568166503880018,0.0010834423626929054,0.03312156029362849,1,4
11415,0.6000000000000227,0.0,0.0,0.10231660231660232,0.0,0.8,0.5588235294117647,0.0,0.0,0.0,0.0,0.0,0.0,0.0,0.0,0.0,0.010362591917401338,0.0,0.0008277215046263718,9.89901386388269e-06,0.0585691170239994,0.013463685502746278,0.0,0.6540147424791618,0.4939282958650072,0.5677358490566037,0.24485294117647063,0.40169268453186124,0.13045930196127578,0.020202020202020204,0.6000000000000014,0.0,1.0,0.0,0.25000000000000006,5.8058517867193185e-05,0.0,5.716057130327615e-05,0.0002491990032039872,0.000357590776321014,0.0,0.003960296930256333,0.0,0.0,0.0016339464651079739,0.0012381541228140658,0.03316486974999704,1,2
10514,0.20000000000004547,1.0,1.0,0.08687258687258688,0.0,0.6000000000000001,0.32352941176470584,0.0,0.0,0.0,0.0,0.0,0.0,0.0,0.0,0.0,0.00998515144986878,0.0,0.0008043294090493882,9.89901386388269e-06,0.0,0.000461376542509674,0.0,0.6541027047012801,0.4941289125213721,0.4058490566037736,0.13860294117647062,0.3951912648216528,0.07914029701109093,0.020202020202020204,0.19999999999999574,0.0,1.0,0.0,0.45,1.2606953657551187e-05,0.0,0.0,0.0,2.2334750199592375e-05,0.0,0.0037480990414376796,0.0,0.0,0.00012959829644497496,0.0011417919864408126,0.03312156029362849,1,4
3340,0.8000000000000114,1.0,0.0,0.03861003861003861,0.537037037037037,0.2,0.5,0.0,0.0,0.0,0.0,1.0,0.0,0.0,0.0,0.0,0.009770786935533304,0.0,0.0013501449725123386,4.57804086976906e-05,0.004754113531889542,0.002509649060481296,0.0,0.6541341684135092,0.49400719090184697,0.30377358490566037,0.10882352941176474,0.39404574757186905,0.062221943730810206,0.25252525252525254,0.29999999999999716,0.0,1.0,0.0,0.75,0.0010353452205161557,0.0,0.0,0.0,0.0,0.0,0.0036450945661356494,0.0,0.0,0.0010806082984864168,0.001133442085688828,0.03346878992892785,0,0
3008,0.6000000000000227,1.0,1.0,0.10424710424710425,0.0,0.6000000000000001,0.2941176470588235,0.0,0.0,0.0,0.0,0.0,0.0,0.0,0.0,0.0,0.009770786935533304,0.0,0.0008043294090493882,9.89901386388269e-06,0.002300237579150875,0.0011546047697459313,0.0,0.6540991095584232,0.4940028705129585,0.42132075471698116,0.22512254901960788,0.3945210153669921,0.12400526348768723,0.020202020202020204,0.6499999999999986,0.0,1.0,0.0,0.55,8.350324716633258e-05,0.0,0.0,0.0,2.8798836977750506e-06,0.0,0.0036354330375410375,0.0,0.0,0.00030887679259309665,0.0010855755768758668,0.03312156029362849,0,4
12157,0.20000000000004547,0.0,1.0,0.04247104247104247,0.0,0.6000000000000001,0.32352941176470584,0.0,0.0,0.0,0.0,0.0,0.0,0.0,0.0,0.0,0.01033040112154599,0.0,0.0008043294090493882,9.89901386388269e-06,0.0002505209244619765,0.0022006796827703868,0.0,0.6540280674681412,0.4938938391138774,0.580754716981132,0.2450980392156863,0.40287476084280827,0.11805250955573661,0.020202020202020204,0.7999999999999972,0.0,1.0,0.0,0.25000000000000006,1.7990536991120433e-06,0.0,0.0,0.0,0.0,0.0,0.0036354330375410375,0.0,0.0006097792607802875,0.00033430527792004203,0.001085260967934068,0.03312156029362849,1,4
6369,0.4000000000000341,1.0,0.0,0.03861003861003861,0.537037037037037,0.4,0.5,0.0,0.0,0.0,0.0,1.0,0.0,0.0,0.0,0.0,0.009782841553336077,0.0,0.0008044073827013115,9.89901386388269e-06,0.0,0.0007659415692204008,0.0,0.6541335147210517,0.494032195589236,0.40641509433962264,0.2450980392156863,0.39724466542365866,0.13296572466946552,0.24242424242424243,0.14999999999999858,0.0,1.0,1.0,0.35000000000000003,0.0002917861433503231,0.0,0.0,0.0,0.0,0.0,0.0036354330375410375,0.0,0.0,0.0005170885049432055,0.0010998702829859454,0.033121585095745296,0,0
12184,0.4000000000000341,0.0,0.0,0.02316602316602317,0.0,0.2,0.5588235294117647,0.0,0.0,0.0,0.0,0.0,0.0,0.0,0.0,0.0,0.009770786935533304,0.0,0.0008043294090493882,9.89901386388269e-06,0.0001135116454272159,0.0008248601514681239,0.0,0.6538273166259185,0.4936730396812441,0.580754716981132,0.2450980392156863,0.40287476084280827,0.13378031204962718,0.020202020202020204,0.7999999999999972,0.0,1.0,0.0,0.2,2.7583227092423517e-05,0.0,0.0,0.0,5.1806603476279445e-05,0.0,0.0036354330375410375,0.0,0.004363449691991787,0.00016183158770448315,0.0010868403077959863,0.03312156029362849,1,2
11784,0.6000000000000227,0.0,0.0,0.03861003861003861,0.0,0.6000000000000001,0.029411764705882346,0.0,0.0,0.0,0.0,0.0,0.0,0.0,0.0,0.0,0.009770786935533304,0.0,0.0008043294090493882,9.89901386388269e-06,0.0192427544143016,0.010858719638544054,0.0,0.6535361402045468,0.4939113163096829,0.2939622641509434,0.09313725490196079,0.39254073288731284,0.05651983206967856,0.020202020202020204,0.6000000000000014,0.0,1.0,0.0,0.05,0.0020438064687738826,0.0,0.0,0.0,0.00036691909525511147,0.0,0.003679266049128899,0.0,0.0,0.007146606729799576,0.0012939369103492561,0.03354121211000457,1,2
10576,0.6000000000000227,0.0,0.0,0.02316602316602317,0.0,0.6000000000000001,0.0,0.0,0.0,0.0,0.0,0.0,0.0,0.0,0.0,0.0,0.00996841644987292,0.0,0.0008043294090493882,9.89901386388269e-06,0.0,0.0009648021719267498,0.0,0.6537783851114868,0.49361232133174404,0.4464150943396227,0.24240196078431378,0.39853641891809555,0.13133654990914218,0.020202020202020204,0.10000000000000142,0.0,1.0,0.0,0.55,0.0,0.0,0.0,0.0,0.0,0.0,0.0036354330375410375,0.0,0.0,0.005312148727475709,0.001084183654125803,0.03312156029362849,1,2
1155,0.8000000000000114,0.0,0.0,0.05791505791505792,0.0,0.6000000000000001,0.029411764705882346,0.0,0.0,0.0,0.0,0.0,0.0,0.0,0.0,0.0,0.009770786935533304,0.0,0.0008043294090493882,9.89901386388269e-06,0.00036475557400019376,8.384887092800092e-05,0.0,0.6541005759764754,0.4939939358866291,0.580377358490566,0.24325980392156868,0.4028625744890872,0.11786452785262237,0.020202020202020204,0.9499999999999957,0.0,1.0,0.0,0.45,0.00010864926566260053,0.0,0.0,0.0,0.0,0.0,0.0036413278814324017,0.0,0.0,4.430798449322871e-05,0.0010826097171904101,0.03312156029362849,0,2
10347,0.0,0.0,1.0,0.10231660231660232,0.0,0.8,0.5882352941176471,0.0,0.0,0.0,0.0,0.0,0.0,0.0,0.0,0.0,0.009770786935533304,0.0,0.0008043294090493882,9.89901386388269e-06,0.0,0.0,0.0,0.6532206969830401,0.4939879086918159,0.580754716981132,0.2450980392156863,0.39096260008043,0.1342189360235604,0.020202020202020204,0.0,0.0,1.0,0.0,0.8,0.0007572386741609676,0.0,0.0,0.0,0.0006459391315607409,0.0,0.0036354330375410375,0.0,0.008218762833675565,0.00276796993196729,0.0012169929414760634,0.03312156029362849,1,4
4650,1.0,1.0,0.0,0.20463320463320464,0.0,0.6000000000000001,0.029411764705882346,0.0,0.0,0.0,0.0,0.0,0.0,0.0,0.0,0.0,0.009770786935533304,0.0,0.000875316621760341,9.89901386388269e-06,0.02536189970776174,0.0061224633950648834,0.0,0.6540025018973863,0.49422949140760086,0.580754716981132,0.23897058823529416,0.39137084293008695,0.023372391753869293,0.020202020202020204,0.5,0.0,1.0,0.0,0.10000000000000002,0.0,0.0,0.003974121483856171,0.017325703536692025,0.0,0.0003359824278696647,0.003945821521284173,0.0,0.0,0.0013201323509171906,0.0013839520455311467,0.03313177876575302,0,3
4814,1.0,1.0,0.0,0.05791505791505792,0.0,0.6000000000000001,0.029411764705882346,0.0,0.0,0.0,0.0,0.0,0.0,0.0,0.0,0.0,0.010844656233828884,0.0,0.0008043294090493882,9.89901386388269e-06,0.0,0.0,0.0,0.6544359927660517,0.4943661907634478,0.4928301886792452,0.2319852941176471,0.40003534042579125,0.12607306222194373,0.020202020202020204,0.3999999999999986,0.0,1.0,0.0,0.35000000000000003,0.0,0.0,0.0,0.0,0.0,0.0,0.0037819014340920304,0.0,0.0,0.00018592981021754403,0.0013974491508089446,0.03312156029362849,0,3
6368,0.0,0.0,0.0,0.0,0.0,0.0,0.7941176470588235,0.3333333333333333,0.0,0.0,0.0,0.0,0.0,0.0,0.0,0.0,0.014529411273385261,0.0010047592007573656,0.0012203344367904643,9.89901386388269e-06,0.0,0.0,0.002478403356525167,0.6549936099922248,0.49543786109227095,0.44811320754716977,0.1897058823529412,0.39765900145017613,0.09724920107776178,0.020202020202020204,0.14999999999999858,0.0,1.0,0.0,0.35000000000000003,0.0,0.0,1.2299099998235785e-05,0.0,0.0,0.010303714092939597,0.0050741338284911106,0.0,0.0,0.005632997885393766,0.0023938998361762638,0.033369055656823146,0,2
9766,1.0,0.0,1.0,0.05791505791505792,0.0,1.0,0.23529411764705882,0.0,0.0,0.0,0.0,0.0,0.0,0.0,0.0,0.0,0.010164721611694875,0.0021634109600876927,0.0008043294090493882,9.89901386388269e-06,0.03385683650997239,0.0077829037221336505,0.0011316993722261148,0.6529595069223172,0.4946780219156691,0.580566037735849,0.2450980392156863,0.3959650982829428,0.13284040353405605,0.020202020202020204,0.5499999999999972,0.0,1.0,0.0,0.5,2.0712878626380545e-05,0.0,0.0,0.0,5.039796471106338e-06,0.0,0.003780272724809317,0.0,0.0,0.013926802800305551,0.0015866787214562474,0.033282193683341336,1,4
7464,0.20000000000004547,0.0,0.0,0.06756756756756757,0.0,0.6000000000000001,0.1176470588235294,0.0,0.0,0.0,0.0,0.0,0.0,0.0,0.0,0.0,0.009770786935533304,0.0,0.0008043294090493882,9.89901386388269e-06,0.0,0.00010312829417408238,0.0,0.6541120074771656,0.49400623599109533,0.39264150943396225,0.19044117647058825,0.39679986351283836,0.10125947741086536,0.25252525252525254,0.9499999999999957,0.0,1.0,0.0,0.55,0.0,0.0,0.0,0.0,0.0,0.0,0.0036354330375410375,0.0,0.0,2.194933642909367e-05,0.0010881649665892166,0.03312156029362849,0,2
12186,0.4000000000000341,1.0,1.0,0.06756756756756757,0.0,0.4,0.32352941176470584,0.0,0.0,0.0,0.0,0.0,0.0,0.0,0.0,0.0,0.009770786935533304,0.0,0.0008043294090493882,9.89901386388269e-06,0.0,0.0,0.0,0.6537543273736635,0.49358813258842005,0.20339622641509433,0.2450980392156863,0.39068840712170516,0.13403095432044615,0.020202020202020204,0.7999999999999972,0.0,1.0,0.0,0.10000000000000002,0.0,0.0,0.0,0.0,0.0,0.0,0.0036354330375410375,0.0,0.0053901437371663245,1.9391138710085083e-05,0.0010825576210823542,0.03312156029362849,1,4
1520,0.4000000000000341,1.0,1.0,0.015444015444015444,0.0,0.6000000000000001,0.5882352941176471,0.0,0.0,0.0,0.0,0.0,0.0,0.0,0.0,0.0,0.009770786935533304,0.0,0.0008043294090493882,9.89901386388269e-06,0.0,0.0,0.00010173898192162666,0.6541052217319946,0.4939996789372675,0.3920754716981132,0.17867647058823533,0.3967815839822567,0.0975625039162855,0.25252525252525254,0.3999999999999986,0.0,1.0,0.0,0.55,8.370691362283582e-06,0.0,0.0,0.0,0.0,0.0,0.0036354330375410375,0.0,0.0,8.876946084959794e-06,0.0010838891202779744,0.03312156029362849,0,4
3325,0.6000000000000227,1.0,0.0,0.10231660231660232,0.4444444444444444,0.6000000000000001,0.5,0.0,0.0,0.0,0.0,1.0,0.0,0.0,0.0,0.0,0.009770786935533304,0.0,0.0008043294090493882,9.89901386388269e-06,0.0023298807477019315,0.0005355857018146342,0.0,0.6542100017083671,0.49412123829959986,0.4460377358490566,0.22561274509803925,0.3984572076189084,0.1228147127012971,0.24242424242424243,0.5499999999999972,0.0,1.0,1.0,0.35000000000000003,0.00045226852219300084,0.0,0.0,0.0,0.0,0.0,0.003732770012894493,0.0,0.0,0.0011803012635961815,0.0011896672192452272,0.03313320240725774,0,0
11753,0.20000000000004547,0.0,0.0,0.05791505791505792,0.0,0.8,0.23529411764705882,0.0,0.0,0.0,0.0,0.0,0.0,0.0,0.0,0.0,0.009770786935533304,0.0,0.0008043294090493882,9.89901386388269e-06,0.0026725846963165834,0.0006144485150065796,0.0,0.6540043546334341,0.4938817296033864,0.3920754716981132,0.2166666666666667,0.3967815839822567,0.11968168431605992,0.020202020202020204,0.6000000000000014,0.0,1.0,0.0,0.55,0.0,0.0,0.0,0.0,0.0,0.0,0.003652622831101288,0.0,0.0,0.0010592985114870753,0.001096694056142935,0.03312156029362849,1,2
6984,0.6000000000000227,1.0,0.0,0.06756756756756757,0.2962962962962963,0.6000000000000001,0.5,0.0,0.0,0.0,0.0,1.0,0.0,0.0,0.0,0.0,0.009770786935533304,0.0,0.0008043294090493882,9.89901386388269e-06,0.0,0.0,4.560637988235381e-05,0.654098782877854,0.4939922985640477,0.580754716981132,0.24497549019607845,0.40287476084280827,0.13384297261733194,0.24242424242424243,0.10000000000000142,0.0,1.0,0.0,0.5,5.019020376428429e-05,0.0,0.0,0.0,0.0,0.0,0.0036354330375410375,0.0,0.0,0.0001257098359120819,0.0010863975156615781,0.03312156029362849,0,0
6155,0.8000000000000114,1.0,0.0,0.10231660231660232,0.0,0.6000000000000001,0.0,0.0,0.0,0.0,0.0,0.0,0.0,0.0,0.0,0.0,0.009770786935533304,0.0,0.0008043294090493882,9.89901386388269e-06,0.003480180288305119,0.006210716616993067,0.0,0.6540850758780262,0.4939754622453361,0.3920754716981132,0.23517156862745103,0.3967815839822567,0.1277648975499718,0.020202020202020204,0.5,0.0,1.0,0.0,0.55,0.0,0.0,0.0,0.0,0.0,0.0,0.0036502846045394365,0.0,0.0,0.0022461487612439185,0.0010896914668210803,0.03312156029362849,0,3
10561,0.6000000000000227,0.0,0.0,0.33976833976833976,0.0,0.4,0.029411764705882346,0.0,0.0,0.0,0.0,0.0,0.0,0.0,0.0,0.0,0.014568494722116604,0.0,0.001268678100982897,9.89901386388269e-06,0.1867002670777186,0.04819564958152433,0.0,0.651569315109356,0.49238280153845065,0.5794339622641509,0.24497549019607845,0.4010772736689456,0.12720095244062912,0.030303030303030304,0.10000000000000142,0.0,1.0,0.0,0.4,0.0002771764695371566,0.0,0.0,0.0,6.327918364187245e-05,0.0,0.004415279302808014,0.0,0.0,0.041371582823441895,0.003536042071046689,0.03495109836075072,1,2
7708,0.6000000000000227,1.0,0.0,0.06756756756756757,0.2962962962962963,0.4,0.5,0.0,0.0,0.0,0.0,1.0,0.0,0.0,0.0,0.0,0.009770786935533304,0.0,0.0008043294090493882,9.89901386388269e-06,0.0,0.0,2.353176110286448e-05,0.6541031258077744,0.4939974504240052,0.5809433962264151,0.24497549019607845,0.40288085401966883,0.13415627545585562,0.25252525252525254,0.29999999999999716,0.0,0.0,0.0,0.75,0.0,0.0,0.0,0.0,0.0,0.0,0.0036354330375410375,0.0003162795453946879,0.0,3.2949586620830585e-05,0.0010827841970194839,0.03312156029362849,0,0
5127,0.6000000000000227,0.0,0.0,0.03474903474903475,0.0,0.6000000000000001,0.029411764705882346,0.0,0.0,0.0,0.0,0.0,0.0,0.0,0.0,0.0,0.009785083922939839,0.0,0.0008043294090493882,9.89901386388269e-06,0.000737102691165902,0.0001700245687994944,0.0,0.654092758172508,0.49398500902380177,0.4056603773584906,0.2192401960784314,0.39722029271621645,0.11974434488376468,0.020202020202020204,0.04999999999999716,0.0,1.0,0.0,0.55,0.0,0.0,1.0081229506750644e-07,0.0,0.0,3.613880045925187e-08,0.0036354330375410375,0.0,0.00012833675564681725,8.656941081125055e-05,0.001084542378706203,0.03312156029362849,0,2
8579,0.6000000000000227,1.0,0.0,0.03861003861003861,0.537037037037037,0.6000000000000001,0.5,0.0,0.0,0.0,0.0,1.0,0.0,0.0,0.0,0.0,0.01146994626514907,0.0,0.0009047438779961865,9.89901386388269e-06,0.012436032211279154,0.0028587562029674524,0.0,0.6538445790103187,0.49677120608017356,0.4664150943396226,0.21519607843137256,0.39084073654321894,0.11485682060279467,0.030303030303030304,0.14999999999999858,0.0,1.0,0.0,0.8,0.003882364671565673,0.0,0.011233614851667309,0.0,0.0,0.0004060194231596948,0.00392852374916733,0.0,0.0,0.0005411611454790762,0.0014854473090803676,0.03312156029362849,0,0
11709,0.4000000000000341,0.0,0.0,0.20463320463320464,0.0,1.0,0.0,0.0,0.0,0.0,0.0,0.0,0.0,0.0,0.0,0.0,0.009770786935533304,2.4595747502194902e-05,0.0008043294090493882,5.5730031016910106e-05,0.023454253360884608,0.012222323328392981,0.0,0.6515173841636938,0.49389307207987526,0.5741509433962264,0.2450980392156863,0.39831097137425514,0.1335296697788082,0.020202020202020204,0.6000000000000014,0.0,1.0,0.0,0.25000000000000006,0.0029354650042269954,0.0,0.0,0.0,0.0,8.311924105627931e-07,0.0037805691750283257,0.0,0.028234086242299797,0.015331662659676308,0.002263916328966869,0.03312156029362849,1,2
7084,0.0,0.0,0.0,0.047972972972972976,0.0,0.0,0.7941176470588235,0.3333333333333333,0.0,0.0,0.0,0.0,0.0,0.0,0.0,0.0,0.01040771019976428,2.8480435217714593e-06,0.0008043294090493882,9.89901386388269e-06,0.0074993601413617635,0.001723929462241208,0.0,0.654094657955859,0.4941606799953932,0.580377358490566,0.24203431372549022,0.3948013015025775,0.06548029325145686,0.020202020202020204,0.5,1.0,1.0,0.0,0.10000000000000002,2.4175208386935798e-05,0.0,0.0,0.0,0.0,0.00028415938801109746,0.0037660175920926063,0.0,0.0,3.67357192449633e-05,0.0011793843100005167,0.03312156029362849,0,2
10887,0.4000000000000341,0.0,1.0,0.04247104247104247,0.0,0.2,0.23529411764705882,0.0,0.0,0.0,0.0,0.0,0.0,0.0,0.0,0.0,0.009770786935533304,0.0,0.0008043294090493882,9.89901386388269e-06,0.0004619996269298787,0.0018204927803961506,0.0,0.6539450617787976,0.4938122617870808,0.20339622641509433,0.2450980392156863,0.39068840712170516,0.1342189360235604,0.020202020202020204,0.5,0.0,1.0,0.0,0.75,0.0,0.0,0.0,0.0,0.0,0.0,0.0036354330375410375,0.0,0.0025667351129363453,0.0004157327113160853,0.0010825576210823542,0.03312156029362849,1,4
2906,0.4000000000000341,1.0,0.0,0.015444015444015444,0.35185185185185186,0.6000000000000001,0.5,0.0,0.0,0.0,0.0,1.0,0.0,0.0,0.0,0.0,0.009770786935533304,0.0,0.0008043294090493882,9.89901386388269e-06,0.0008571213735921302,0.0012516666936744794,0.0,0.6540853392766597,0.49397720204614454,0.38754716981132076,0.11740196078431374,0.39655004326155574,0.06886396390751301,0.020202020202020204,0.5,0.0,1.0,0.0,0.5,2.8961370114762178e-05,0.0,0.0,0.0,0.0,0.0,0.0036359913848409454,0.0,0.0,0.0004532614718539413,0.0010890817787819868,0.03312156029362849,0,0
9381,0.0,1.0,1.0,0.0637065637065637,0.0,0.6000000000000001,0.23529411764705882,0.0,0.0,0.0,0.0,0.0,0.0,0.0,0.0,0.0,0.009770786935533304,0.0,0.0008043294090493882,9.89901386388269e-06,0.0,0.0,0.0,0.6526876937793513,0.49233772509287244,0.3920754716981132,0.23566176470588238,0.3967815839822567,0.12933141174259039,0.020202020202020204,0.14999999999999858,0.0,1.0,0.0,0.75,3.5234296975062285e-06,0.0,0.0,0.0,0.0,0.0,0.003637304404089112,0.0,0.01325608316221766,0.008545812972211322,0.0010994534645533652,0.03312156029362849,1,4
6729,0.4000000000000341,1.0,0.0,0.08687258687258688,0.8888888888888888,0.6000000000000001,0.5,0.0,0.0,0.0,0.0,1.0,0.0,0.0,0.0,0.0,0.07373574938374342,5.75064726426651e-06,0.0008043294090493882,0.0006317251045874337,0.10167245310956838,0.02337214563776041,0.0,0.6526504999043989,0.5008880933949234,0.580754716981132,0.2433823529411765,0.39274180772371103,0.056206529231154836,0.020202020202020204,0.3999999999999986,1.0,1.0,0.0,0.25000000000000006,0.040060194028552445,0.0,0.0698395320293263,0.15389378936311415,0.0,0.025056837298422285,0.0070392744522007914,0.0,0.0029970482546201236,0.013046808366943788,0.003777549268253861,0.03332223422071471,0,0
2700,0.20000000000004547,0.0,1.0,0.10231660231660232,0.0,0.6000000000000001,0.2647058823529412,0.0,0.0,0.0,0.0,0.0,0.0,0.0,0.0,0.0,0.009770786935533304,0.0,0.0008043294090493882,9.89901386388269e-06,0.0,0.0,0.0,0.6540907891434786,0.4939898860557869,0.580754716981132,0.2431372549019608,0.40188157301453836,0.13139921047684694,0.020202020202020204,0.14999999999999858,0.0,1.0,0.0,0.6,7.497641152072984e-05,0.0,0.0,0.0,0.0,0.00010042972647626095,0.0036354330375410375,0.0,0.0,9.506262723835905e-05,0.0010984989805793179,0.03312156029362849,0,4
10529,0.6000000000000227,1.0,0.0,0.05791505791505792,0.0,0.4,0.029411764705882346,0.0,0.3397756,0.0,0.0,0.0,0.0,0.0,0.0,0.0,0.009770786935533304,0.0,0.01574227212882495,0.111677445592874,0.016390503196401174,0.07582904636244235,0.0,0.6521020476253925,0.49408267582041315,0.580754716981132,0.2450980392156863,0.39506330810758117,0.09536938404661949,0.030303030303030304,0.25,0.0,1.0,0.0,0.25000000000000006,0.0,0.0,0.0024528639512874993,0.0,0.0,0.0008842803084374341,0.0036364998656801726,0.0,0.047601155030800826,0.0013456887461300864,0.002075909058917615,0.03312756240589581,1,3
9868,0.6000000000000227,0.0,1.0,0.02316602316602317,0.0,0.6000000000000001,0.2647058823529412,0.0,0.0,0.0,0.0,0.0,0.0,0.0,0.0,0.0,0.009770786935533304,0.0,0.0008043294090493882,9.89901386388269e-06,0.0,8.310096226759257e-06,0.0,0.6540617218618349,0.49394894134599754,0.20339622641509433,0.2450980392156863,0.39068840712170516,0.1342189360235604,0.25252525252525254,0.7999999999999972,0.0,0.0,1.0,0.25000000000000006,0.0,0.0,0.0,0.0,0.0,0.0,0.0036354330375410375,1.2357686755348e-05,0.0,0.0006472240229091722,0.0010825576210823542,0.03312156029362849,1,4
6816,1.0,0.0,0.0,0.03474903474903475,0.0,0.6000000000000001,0.5294117647058824,0.0,0.0,0.0,0.0,1.0,0.0,0.0,0.0,0.0,0.009770786935533304,1.1239405469059783e-05,0.0008043294090493882,9.89901386388269e-06,0.005880553936829684,0.0013518033532069285,0.0,0.6540830415791468,0.49408424598870193,0.20339622641509433,0.232843137254902,0.39068840712170516,0.03070367817532427,0.020202020202020204,0.10000000000000142,1.0,1.0,0.0,0.45,0.00021627341016080138,0.0,0.0,0.0,0.00026940998961848885,0.0,0.003683333895842716,0.0,0.0,0.000297364902857558,0.0011102497013861124,0.03312156029362849,0,1
953,0.20000000000004547,0.0,0.0,0.03861003861003861,0.0,0.0,0.7941176470588235,0.4444444444444444,0.0,0.0,0.0,0.0,0.0,0.0,0.0,0.0,0.009770786935533304,1.2014160603334777e-05,0.0008043294090493882,9.89901386388269e-06,0.0,0.0,0.0,0.6533529244222906,0.49404250784900344,0.580754716981132,0.2450980392156863,0.3937106228445387,0.08891534557303091,0.020202020202020204,0.5,1.0,1.0,0.0,0.45,0.0,0.0,0.0,0.0,0.0,1.0841640137775562e-07,0.003674500464614845,0.0,0.0,0.0,0.0013942068992124322,0.033125915545339814,0,2
6432,0.0,0.0,0.0,0.06563706563706564,0.0,1.0,0.1176470588235294,0.0,0.0,0.0,0.0,0.0,0.0,0.0,0.0,0.0,0.011074476544023848,4.9027814342219034e-05,0.0009573604983140148,0.00011631847374615528,0.00982634887261969,0.0022588503563577013,5.545840185980076e-06,0.6534022690915599,0.4935825436432973,0.580754716981132,0.24448529411764708,0.3911271158556649,0.029325145685819915,0.020202020202020204,0.0,1.0,1.0,0.0,0.2,0.0,0.0,0.0,0.0,0.0,0.003258852470213497,0.0032393327461718575,0.0,0.0,0.0009899713533019427,0.001843575981382269,0.03319603112955348,0,2
2585,0.0,0.0,1.0,0.02316602316602317,0.0,0.8,0.23529411764705882,0.0,0.0,0.0,0.0,0.0,0.0,0.0,0.0,0.0,0.009770786935533304,0.0,0.0008043294090493882,9.89901386388269e-06,0.02194462077711374,0.004379254509577594,0.0,0.6540539315573475,0.4940632294123138,0.580754716981132,0.24473039215686276,0.39137693610694746,0.13171251331537065,0.020202020202020204,0.5,0.0,1.0,0.0,0.25000000000000006,9.780742129474419e-05,0.0,0.0,0.0,0.00011661963821805382,0.0,0.003671751919537942,0.0,0.0,0.0007546939090847229,0.001099622194478981,0.03312156029362849,0,4
5474,0.6000000000000227,1.0,0.0,0.03861003861003861,0.537037037037037,0.6000000000000001,0.5,0.0,0.0,0.0,0.0,1.0,0.0,0.0,0.0,0.0,0.009770786935533304,0.0,0.0008043294090493882,9.89901386388269e-06,0.0,0.00024257170885910273,0.0,0.6539573991057316,0.4938221008613985,0.5669811320754716,0.2450980392156863,0.402429958931988,0.13334168807569396,0.020202020202020204,0.9499999999999957,0.0,1.0,0.0,0.5,4.8839216269479394e-05,0.0,1.0081229506750643e-06,0.0,4.211829907996012e-05,0.0,0.0036538321909351254,0.0,0.0,0.0022728819274075583,0.0011538132501189382,0.03312156029362849,0,0
7509,0.4000000000000341,1.0,0.0,0.19111969111969113,0.5,0.2,0.5,0.0,0.0,0.0,0.0,1.0,0.0,0.0,0.0,0.0,0.009864063491265632,0.00024146171283432512,0.0008043294090493882,5.426238581214222e-05,0.1192956783152269,0.03229228602852607,0.0,0.6519197134830905,0.49767710390251363,0.580754716981132,0.24375000000000005,0.3914622405829952,0.050755059840842165,0.020202020202020204,0.3999999999999986,1.0,0.0,0.0,0.2,0.024304937130846485,0.0,0.0,0.0,0.03028185186976997,0.0,0.004459413476406444,0.0,0.0,0.005889559534633137,0.0029257764640644875,0.03725377152893185,0,0
1035,0.6000000000000227,0.0,0.0,0.03474903474903475,0.0,0.6000000000000001,0.029411764705882346,0.0,0.0,0.0,0.0,0.0,0.0,0.0,0.0,0.0,0.009770786935533304,0.0,0.0008043294090493882,9.89901386388269e-06,0.0,2.4597884831207404e-05,0.0,0.6541034425487726,0.49400234880562105,0.580754716981132,0.2450980392156863,0.40287476084280827,0.14881884829876557,0.020202020202020204,0.29999999999999716,0.0,1.0,0.0,0.6,0.0,0.0,0.0,0.0,0.0,0.0,0.0036494969500502554,0.0,0.0,1.1665381598679152e-05,0.0010892028241634068,0.03312156029362849,0,2
9946,0.6000000000000227,1.0,0.0,0.03474903474903475,0.0,0.6000000000000001,0.029411764705882346,0.0,0.0,0.0,0.0,0.0,0.0,0.0,0.0,0.0,0.009770786935533304,0.0,0.0008043294090493882,9.89901386388269e-06,0.009067917560179247,0.002119822446484019,0.0,0.6533532149890849,0.4931188510157336,0.580754716981132,0.2450980392156863,0.40287476084280827,0.1342189360235604,0.020202020202020204,1.0,0.0,1.0,0.0,0.2,4.772583964059496e-06,0.0,8.064983605400515e-07,3.5160353185747753e-06,2.463552684944527e-05,0.0,0.003647985642907255,0.0,0.006160164271047228,0.0016060109460164001,0.001095477555016477,0.03312156029362849,1,3
4488,0.0,0.0,0.0,0.03474903474903475,0.0,0.6000000000000001,0.5294117647058824,0.0,0.0,0.0,0.0,1.0,0.0,0.0,0.0,0.0,0.011086094727474212,2.778206439245263e-05,0.0008043294090493882,9.89901386388269e-06,0.009671625992865395,0.004103857920622791,0.0,0.654020964981972,0.4940871953431291,0.580754716981132,0.2442401960784314,0.3938629522660525,0.057898364559182916,0.020202020202020204,0.14999999999999858,1.0,1.0,0.0,0.10000000000000002,0.0003012973668690249,0.0,0.0,0.0,0.0,0.0004662989423257269,0.003745179301267415,0.0,0.0,0.0015000503964950646,0.0012168645104427877,0.03312156029362849,0,1
9394,0.6000000000000227,1.0,0.0,0.04247104247104247,0.0,0.6000000000000001,0.08823529411764706,0.0,0.0,0.0,0.0,1.0,0.0,0.0,0.0,0.0,0.009770786935533304,0.0,0.0008043294090493882,9.89901386388269e-06,0.0015739799496499937,0.0003618215897130981,0.0,0.6537934081105244,0.49363458356203543,0.3920754716981132,0.2450980392156863,0.3967815839822567,0.1342189360235604,0.020202020202020204,0.14999999999999858,0.0,1.0,0.0,0.75,0.0,0.0,0.0,0.0,0.0,7.444592894605885e-05,0.0036354330375410375,0.0,0.0,0.004805625579112009,0.0010829312161027321,0.03312156029362849,1,0
5753,0.4000000000000341,0.0,0.0,0.02316602316602317,0.0,0.2,0.029411764705882346,0.0,0.0,0.0,0.0,0.0,0.0,0.0,0.0,0.0,0.009770786935533304,0.0,0.0008043294090493882,9.89901386388269e-06,0.0,0.0,0.0,0.6541026470517678,0.4939950782859552,0.580754716981132,0.2450980392156863,0.40287476084280827,0.13277774296635128,0.020202020202020204,0.7999999999999972,0.0,1.0,0.0,0.8,0.0,0.0,0.0,0.0,0.0,0.0,0.00364657132014054,0.0,0.0,0.0,0.001106384874035859,0.03312156029362849,0,2
383,0.0,0.0,0.0,0.07297297297297296,0.0,0.0,0.7941176470588235,0.3333333333333333,0.0,0.0,0.0,0.0,0.0,0.0,0.0,0.0,0.009770786935533304,0.0,0.0008043294090493882,9.89901386388269e-06,0.00018834257091585822,0.00014393086664747035,0.0,0.6540518389463177,0.4939144884766188,0.4460377358490566,0.2450980392156863,0.4082367564800936,0.1174885644463939,0.24242424242424243,0.6499999999999986,0.0,1.0,0.0,0.05,0.00011992559847099715,0.0,0.0,0.0,0.0,0.0,0.0036354330375410375,0.0,0.000861652977412731,5.9708334761660393e-05,0.0010853239194633076,0.03325733700187726,0,2
8910,0.20000000000004547,1.0,0.0,0.10424710424710425,0.2962962962962963,0.6000000000000001,0.5,0.0,0.0,0.0,0.0,1.0,0.0,0.0,0.0,0.0,0.009770786935533304,0.0,0.0008043294090493882,9.89901386388269e-06,0.005670882744639286,0.0013462355887349997,2.2139863958147915e-05,0.6541198007635243,0.49401629244347034,0.3920754716981132,0.19865196078431377,0.3967815839822567,0.10902938780625354,0.020202020202020204,0.5,0.0,1.0,0.0,0.55,0.0,0.0,0.0,0.0,0.0,0.00013544822412127602,0.0036428336914852482,0.0,0.0,5.768735856364361e-05,0.0010920713320351418,0.03312156029362849,0,0
10035,0.0,0.0,1.0,0.07335907335907337,0.0,0.6000000000000001,0.32352941176470584,0.0,0.0,0.0,0.0,0.0,0.0,0.0,0.0,0.0,0.009770786935533304,0.0,0.0008043294090493882,9.89901386388269e-06,0.0,0.0,0.0,0.6535578773838437,0.49375520509332066,0.580754716981132,0.24448529411764708,0.39918229566531405,0.1325271006955323,0.020202020202020204,0.14999999999999858,0.0,1.0,0.0,0.2,0.0,0.0,0.0,0.0,0.0,0.0,0.003842823721020187,0.0,0.0,0.008373953249448325,0.0012818367837711144,0.03312156029362849,1,4
5944,0.4000000000000341,1.0,0.0,0.06756756756756757,0.2962962962962963,0.6000000000000001,0.5,0.0,0.0,0.0,0.0,1.0,0.0,0.0,0.0,0.0,0.009770786935533304,0.0,0.0008043294090493882,9.89901386388269e-06,0.0,0.0003871673832047138,3.1752653613846715e-06,0.6541016643595078,0.4939957381836291,0.580754716981132,0.2450980392156863,0.40287476084280827,0.1342189360235604,0.25252525252525254,0.6000000000000014,0.0,0.0,0.0,0.8,0.0,0.0,0.0,0.0,0.0,0.0,0.0036674457347010275,0.006817735782925493,0.0,0.0001507034276267958,0.0010864409869144468,0.03312156029362849,0,0
5875,0.0,0.0,0.0,0.10231660231660232,0.0,0.6000000000000001,0.029411764705882346,0.0,0.0,0.0,0.0,0.0,0.0,0.0,0.0,0.0,0.009770786935533304,2.367913579403857e-06,0.0008052806876028523,9.89901386388269e-06,0.0,0.0020056417243283467,0.0,0.6541135772667569,0.4940110641130176,0.5418867924528302,0.2450980392156863,0.40161956640953467,0.13515884453913152,0.020202020202020204,0.9499999999999957,0.0,1.0,0.0,0.35000000000000003,5.288538987201063e-06,0.0,0.00048198358271774825,0.0018019681007695723,2.3978162092344443e-05,0.0,0.003645938369474259,0.0,0.0002651180698151951,0.00044883578980005643,0.0011111619533106228,0.03312156029362849,0,2
9893,0.20000000000004547,0.0,1.0,0.02316602316602317,0.0,0.6000000000000001,0.23529411764705882,0.0,0.0,0.0,0.0,0.0,0.0,0.0,0.0,0.0,0.009770786935533304,0.0,0.0008043294090493882,9.89901386388269e-06,0.0005570746675265596,0.00017725435251677497,0.0,0.6538347345278097,0.4936830018070692,0.580754716981132,0.2450980392156863,0.40287476084280827,0.1342189360235604,0.020202020202020204,0.7999999999999972,0.0,1.0,0.0,0.8,0.0,0.0,1.0081229506750644e-07,0.0,0.0,3.613880045925187e-08,0.0036354330375410375,0.0,0.0,0.0021510861340055597,0.0010839890000664926,0.03312156029362849,1,4
6565,0.0,0.0,0.0,0.06756756756756757,0.0,0.0,0.4411764705882353,0.0,0.0,0.0,0.0,0.0,0.0,0.0,0.0,0.0,0.009770786935533304,0.0,0.0008043294090493882,9.89901386388269e-06,0.0,5.900168320999073e-06,0.0,0.6541103677792577,0.4940057647465212,0.3920754716981132,0.19460784313725493,0.3967815839822567,0.10777617645215867,0.24242424242424243,0.6999999999999957,0.0,1.0,0.0,0.55,6.041425988074745e-05,0.0,0.0,0.0,0.0,0.0,0.0036354330375410375,0.0,0.0,4.8529010729592876e-05,0.0010873165584203448,0.03312156029362849,0,2
3605,0.8000000000000114,0.0,0.0,0.02316602316602317,0.0,0.4,0.029411764705882346,0.0,0.0,0.0,0.0,0.0,0.0,0.0,0.0,0.0,0.009770786935533304,0.0,0.0008043294090493882,9.89901386388269e-06,0.0,0.0,0.0,0.6541005670308614,0.49399445254769025,0.580754716981132,0.2450980392156863,0.40287476084280827,0.1342189360235604,0.25252525252525254,0.04999999999999716,0.0,0.0,0.0,0.8,0.0,0.0005866263078980717,0.0,0.0,0.0,0.0,0.003638118366081172,0.007617587058165392,0.0,4.481962403703042e-05,0.001086812400936961,0.03312156029362849,0,2
4039,0.4000000000000341,1.0,0.0,0.06756756756756757,0.2962962962962963,0.6000000000000001,0.5,0.0,0.0,0.0,0.0,1.0,0.0,0.0,0.0,0.0,0.009770786935533304,0.0,0.0010304529996268963,9.89901386388269e-06,0.0,0.00041243007573406196,0.0,0.6541010070225409,0.49400041646996184,0.4039622641509434,0.19742647058823531,0.3956726257936363,0.10902938780625354,0.020202020202020204,0.29999999999999716,0.0,1.0,0.0,0.55,0.0,0.0,0.0,0.0,0.0,0.0,0.003635567323600509,0.0,0.0,0.00022578653067969779,0.001085939307837726,0.03312156029362849,0,0
7305,0.6000000000000227,0.0,0.0,0.05791505791505792,0.0,0.6000000000000001,0.5294117647058824,0.0,0.0,0.0,0.0,1.0,0.0,0.0,0.0,0.0,0.01455412248740793,0.0,0.0008043294090493882,9.89901386388269e-06,0.11107150655258625,0.02553277065671782,0.00023992827032051845,0.6540589473962295,0.4942942362974369,0.3937735849056604,0.15330882352941178,0.3965073910235319,0.08684754683877437,0.04040404040404041,0.6000000000000014,0.0,1.0,0.0,0.45,0.00015783471490813546,0.0,0.0,0.0,0.00015624934214613221,0.0,0.003892109060742031,0.0,0.0,0.010219002190328888,0.0020957820140403327,0.03335899591824619,0,1
4867,0.20000000000004547,0.0,0.0,0.06756756756756757,0.0,0.0,0.7941176470588235,0.4444444444444444,0.0,0.0,0.0,0.0,0.0,0.0,0.0,0.0,0.014273404902045695,0.0,0.0008043294090493882,9.89901386388269e-06,0.0,0.009396475106483495,0.0,0.6539319700384194,0.49491444345529406,0.580754716981132,0.2450980392156863,0.3994747681546205,0.13296572466946552,0.020202020202020204,0.14999999999999858,0.0,1.0,0.0,0.25000000000000006,0.0003063890282816061,0.0,0.0011541999662278812,0.005031886045295325,0.0,9.721337323538753e-06,0.004166840276553203,0.0,0.0,0.0050190560148088955,0.001687508235407658,0.03348021874435256,0,2
3388,0.6000000000000227,1.0,0.0,0.03861003861003861,0.537037037037037,0.6000000000000001,0.5,0.0,0.0,0.0,0.0,1.0,0.0,0.0,0.0,0.0,0.009770786935533304,0.0,0.0008043294090493882,9.89901386388269e-06,0.0009055626490292223,0.0018572234057184264,0.0,0.6538598690524992,0.4937120310939188,0.2990566037735849,0.22843137254901966,0.3937776477900048,0.1255717776803058,0.020202020202020204,0.5,0.0,1.0,0.0,0.75,5.3577855824121686e-05,0.0,9.325137293744345e-05,0.0004065415837102084,0.0,0.0,0.00364595014895316,0.0,0.0,0.004739828733779108,0.0010934139840607453,0.03312156029362849,0,0
1191,0.8000000000000114,1.0,0.0,0.05791505791505792,0.0,0.4,0.1764705882352941,0.0,0.0,0.0,0.0,0.0,0.0,0.0,0.0,0.0,0.009770786935533304,0.0,0.0008043294090493882,9.89901386388269e-06,0.013126501137285466,0.0028378978614382864,0.0,0.6539949965272696,0.49411787747956426,0.580754716981132,0.24203431372549022,0.390731059359729,0.01691835328028072,0.020202020202020204,0.5,0.0,1.0,0.0,0.6,4.839115006517225e-05,0.0,0.0,0.0,5.647076294332816e-05,0.0,0.0036734752573011602,0.0,0.0,0.001507904063492421,0.0013634873956017088,0.03312156029362849,0,3
4409,0.0,0.0,0.0,0.10231660231660232,0.0,0.4,0.0,0.0,0.0,0.0,0.0,0.0,0.0,0.0,0.0,0.0,0.00977466969632371,0.0,0.0008043294090493882,9.89901386388269e-06,0.004558902421919171,0.00104798623515661,0.0,0.6540695694845154,0.49395740433957763,0.290377358490566,0.18419117647058825,0.39349736165441945,0.10251268876496022,0.25252525252525254,0.0,0.0,1.0,0.0,0.05,0.0,0.0,0.0,0.0,0.0,0.0,0.0036354330375410375,0.0,0.0,0.0002690200721309429,0.0010932628508224366,0.03312156029362849,0,2
10771,0.4000000000000341,0.0,0.0,0.03861003861003861,0.0,1.0,0.5588235294117647,0.0,0.0,0.0,0.0,0.0,0.0,0.0,0.0,0.0,0.01157419387753336,0.0,0.0008043294090493882,9.89901386388269e-06,0.035076182943176215,0.007222803236450076,0.0,0.6539534302350024,0.4938100895592084,0.580754716981132,0.2450980392156863,0.40287476084280827,0.13183783445078015,0.020202020202020204,0.5,0.0,1.0,0.0,0.25000000000000006,0.0,0.0,0.0,0.0,0.0,9.851437005192061e-05,0.0037224040714616004,0.0,0.0,0.0023164480345622745,0.0011517787260892965,0.03312156029362849,1,2
3813,0.8000000000000114,1.0,0.0,0.06756756756756757,0.0,0.6000000000000001,0.0,0.0,0.0,0.0,0.0,0.0,0.0,0.0,0.0,0.0,0.009838419210696434,0.0,0.0008043294090493882,9.89901386388269e-06,0.0001427933119227716,0.0,0.0,0.65410684850846,0.49400126890248647,0.4913207547169811,0.2450980392156863,0.39998659501090683,0.13215113728930386,0.25252525252525254,0.14999999999999858,0.0,0.0,0.0,0.35000000000000003,0.0,0.0,0.0,0.0,0.0,0.0,0.003654354414499737,0.01002386037605831,0.0,0.00013791243903175286,0.0010879307075914316,0.03312156029362849,0,3
5192,0.4000000000000341,0.0,1.0,0.03474903474903475,0.0,0.6000000000000001,0.32352941176470584,0.0,0.0,0.0,0.0,0.0,0.0,0.0,0.0,0.0,0.009830111908540216,0.0,0.0008043294090493882,9.89901386388269e-06,0.0,0.0,0.0,0.6541011458452168,0.49399504412654616,0.580754716981132,0.2450980392156863,0.40287476084280827,0.13415627545585562,0.020202020202020204,0.5,0.0,1.0,0.0,0.45,5.88596059294393e-06,0.0,0.0,0.0,3.527857529774437e-05,0.0,0.0036354330375410375,0.0,0.0,3.499614479603745e-05,0.0011465258423033738,0.03312156029362849,0,4
3652,0.6000000000000227,1.0,0.0,0.05791505791505792,0.7037037037037037,0.6000000000000001,0.5,0.0,0.0,0.0,0.0,1.0,0.0,0.0,0.0,0.0,0.009856267870763963,0.0,0.0008043294090493882,9.89901386388269e-06,0.053840670138050405,0.013036463455728585,0.0,0.6508906637262358,0.4938706386643638,0.580754716981132,0.24436274509803926,0.3933206595254634,0.1335296697788082,0.030303030303030304,0.10000000000000142,0.0,1.0,0.0,0.2,0.006094413211175007,0.0,4.405497294450031e-05,0.0,0.0,1.6117905004826337e-05,0.0036354330375410375,0.0,0.0,0.0489467132531526,0.0017026970515054741,0.03312156029362849,0,0
9255,0.20000000000004547,0.0,0.0,0.06756756756756757,0.0,0.6000000000000001,0.5588235294117647,0.0,0.0,0.0,0.0,0.0,0.0,0.0,0.0,0.0,0.010064477155784414,0.0,0.0008043294090493882,9.89901386388269e-06,0.00014062429958976746,3.232627432209351e-05,0.0,0.6540466624177033,0.49392457520665173,0.4613207547169811,0.22794117647058829,0.39901777989007914,0.11585938968607057,0.25252525252525254,0.6000000000000014,0.0,1.0,0.0,0.55,0.0,0.0,0.0,0.0,0.0,0.0,0.0036354330375410375,0.0,0.0,0.00043512385002617037,0.001083742249899126,0.03312156029362849,1,2
1850,0.4000000000000341,0.0,0.0,0.10424710424710425,0.0,0.6000000000000001,0.5294117647058824,0.0,0.0,0.0,0.0,1.0,0.0,0.0,0.0,0.0,0.009770786935533304,0.0,0.0008043294090493882,9.89901386388269e-06,0.0,0.0008300955120909822,0.0,0.6540971484810506,0.49398816178198257,0.580754716981132,0.2450980392156863,0.40287476084280827,0.12569709881571528,0.24242424242424243,0.0,0.0,0.0,1.0,0.5,0.0,0.011429120508392645,0.0,0.0,0.0,0.0,0.0036354330375410375,0.011521766481890931,0.0,0.00035310803115475513,0.001086236369660351,0.03312156029362849,0,1
3225,0.20000000000004547,0.0,0.0,0.10231660231660232,0.0,0.6000000000000001,0.0,0.0,0.0,0.0,0.0,0.0,0.0,0.0,0.0,0.0,0.009770786935533304,0.0,0.0008043294090493882,9.89901386388269e-06,0.011046056807879009,0.0025393161040108262,0.0,0.6540340759388544,0.4940697585175343,0.37924528301886795,0.12585784313725493,0.3953862464811904,0.07312488251143556,0.25252525252525254,0.3500000000000014,0.0,1.0,0.0,0.45,0.0008052903801319679,0.0,0.0,0.0,0.0,0.0,0.0036354330375410375,0.0,0.0,0.00052437936844238,0.001206249147728305,0.033152300037199205,0,2
7623,0.6000000000000227,1.0,0.0,0.06756756756756757,0.0,0.6000000000000001,0.1764705882352941,0.0,0.0,0.0,0.0,0.0,0.0,0.0,0.0,0.0,0.009770786935533304,0.0,0.0008045477352747734,9.89901386388269e-06,0.000622506539572184,0.00029209988237058793,1.850788234615312e-05,0.6541030337010825,0.49399705564992624,0.580754716981132,0.2450980392156863,0.40287476084280827,0.13359233034651294,0.24242424242424243,0.3999999999999986,0.0,0.0,1.0,0.45,0.0,0.002198902483153417,0.0,0.0,0.0,0.0,0.0036354330375410375,0.012286784527589193,0.0,7.41621518740589e-05,0.0010912846857603113,0.03312156029362849,0,3
3399,0.20000000000004547,1.0,0.0,0.05791505791505792,0.7037037037037037,0.6000000000000001,0.5,0.0,0.0,0.0,0.0,1.0,0.0,0.0,0.0,0.0,0.017887322131367796,0.0,0.0008804472880568928,0.00047086106845380647,0.0,0.0,0.0,0.6533590249996958,0.49521133025425235,0.580754716981132,0.2422794117647059,0.39295506891383036,0.06861332163669404,0.030303030303030304,0.6999999999999957,1.0,1.0,0.0,0.25000000000000006,0.005724079704433263,0.0,0.0,0.0,0.001048950682289055,0.0,0.004632123803403821,0.0,0.0,0.0,0.0017423318795642749,0.033131808528293186,0,0
4098,0.8000000000000114,0.0,1.0,0.03474903474903475,0.0,0.6000000000000001,0.2647058823529412,0.0,0.0,0.0,0.0,0.0,0.0,0.0,0.0,0.0,0.010214610573013472,0.0,0.0008043294090493882,9.89901386388269e-06,0.0027210259717536755,0.0008861886616216072,0.0,0.6541615887082264,0.4940588601133625,0.37660377358490565,0.1332107843137255,0.39628803665655205,0.07644589259978696,0.24242424242424243,0.3999999999999986,0.0,1.0,0.0,0.45,0.0002254791339947483,0.0,0.0,0.0,0.0,0.0,0.0036797800270582798,0.0,0.0,0.0004548219724625365,0.0011905155778459658,0.0331376816695531,0,4
5959,0.6000000000000227,1.0,0.0,0.015444015444015444,0.35185185185185186,0.6000000000000001,0.5,0.0,0.0,0.0,0.0,1.0,0.0,0.0,0.0,0.0,0.009770786935533304,0.0,0.0008043294090493882,9.89901386388269e-06,0.017363666729809026,0.014809006980896334,0.0,0.6539094310670559,0.4940380504343038,0.580754716981132,0.2450980392156863,0.40231418857163753,0.1342189360235604,0.020202020202020204,0.44999999999999574,0.0,1.0,0.0,0.45,9.570286791087727e-05,0.0,0.0005923730458166678,0.00045708459141472076,0.0,0.00017950142188110404,0.0036354330375410375,0.0,0.0,0.006036630321498941,0.0019707537835447694,0.03312156029362849,0,0
2247,0.4000000000000341,1.0,1.0,0.10231660231660232,0.0,0.6000000000000001,0.23529411764705882,0.0,0.0,0.0,0.0,0.0,0.0,0.0,0.0,0.0,0.009770786935533304,0.0,0.0008043294090493882,9.89901386388269e-06,4.771827132609076e-05,0.0002438182232931166,0.0,0.6541055818757864,0.49399960401947274,0.40603773584905656,0.17058823529411768,0.3972324790699375,0.09417883326022936,0.25252525252525254,0.6499999999999986,0.0,0.0,0.0,0.55,0.0,0.0005658105356823336,0.0,0.0,0.0,0.0,0.003636588604421227,0.00628728207895218,0.0,0.00012090042420034577,0.001087373115660394,0.03312156029362849,0,4
10656,0.6000000000000227,1.0,0.0,0.03474903474903475,0.1111111111111111,0.6000000000000001,0.5,0.0,0.0,0.0,0.0,1.0,0.0,0.0,0.0,0.0,0.009770786935533304,0.0,0.0008043294090493882,9.89901386388269e-06,0.003778057982037686,0.0014409706857200554,0.0,0.6539097670245582,0.49376969955164013,0.580754716981132,0.15416666666666667,0.40287476084280827,0.08741149194811706,0.020202020202020204,0.5,0.0,1.0,0.0,0.4,0.0,0.0,0.0002931621540563087,0.001278078838301931,0.0,0.000217085774358726,0.003653105004437636,0.0,0.0,0.001599666615673259,0.0010969203842393983,0.03312156029362849,1,0
5138,0.20000000000004547,0.0,0.0,0.03581081081081081,0.0,0.0,0.7941176470588235,0.2222222222222222,0.0,0.0,0.0,0.0,0.0,0.0,0.0,0.0,0.00977408276736702,1.787392830904847e-05,0.0008043294090493882,9.89901386388269e-06,0.0051962305457668835,0.0012880649151476849,0.0,0.6541289319161494,0.4940221919286749,0.39415094339622636,0.2069852941176471,0.3968607952814439,0.11216241619149071,0.020202020202020204,0.29999999999999716,0.0,1.0,0.0,0.45,0.0,0.0,0.0,0.0,2.3039069582200405e-05,0.0,0.003642913791941775,0.0,0.0,0.00022169341432928406,0.0011157878497789445,0.03312583121814267,0,2
2683,0.20000000000004547,0.0,0.0,0.10231660231660232,0.0,0.2,0.5588235294117647,0.0,0.0,0.0,0.0,0.0,0.0,0.0,0.00021249276258383725,0.0,0.009770786935533304,0.0,0.0008043294090493882,9.89901386388269e-06,0.0,0.0,0.0,0.6541055755807247,0.4940003205907116,0.2788679245283019,0.11973039215686275,0.3931256778659258,0.07011717526160788,0.04040404040404041,0.6499999999999986,0.0,1.0,0.0,0.8,0.0,0.0,0.0,0.0,0.0,0.0,0.003638371624877544,0.0,0.0,3.069837262810303e-07,0.0010831335036545647,0.03312156029362849,0,2
264,0.8000000000000114,1.0,0.0,0.03861003861003861,0.537037037037037,0.6000000000000001,0.5,0.0,0.0,0.0,0.0,1.0,0.0,0.0,0.0,0.0,0.009909016229563868,0.0,0.0008043294090493882,9.89901386388269e-06,0.008286350116186761,0.009227281547306676,7.785924653258304e-06,0.654172728316846,0.4940785285576203,0.28981132075471694,0.17022058823529415,0.39347908212383775,0.09580800802055267,0.020202020202020204,0.44999999999999574,0.0,1.0,0.0,0.75,0.000250360386097562,0.0,2.97396270449144e-05,0.00012965380237244483,0.00012962606948354875,0.0,0.0036354330375410375,0.0,0.0,0.0037349686697525355,0.0011307651090840083,0.03312156029362849,0,0
8588,0.6000000000000227,1.0,0.0,0.05791505791505792,0.7037037037037037,0.4,0.5,0.0,0.0,0.0,0.0,1.0,0.0,0.0,0.0,0.0,0.010700407155627147,0.00046018272567105743,0.0009497034856951489,0.0007420211721485071,0.0,0.00012398663570324813,0.0,0.6495890421058235,0.49470776078660567,0.580754716981132,0.2450980392156863,0.39225435357486693,0.10815213985838713,0.25252525252525254,0.0,1.0,1.0,0.0,0.45,0.0005241831479842984,0.0,0.0,0.0,0.0,0.0,0.003886005720074119,0.0,0.01310089835728953,3.819389194479819e-05,0.002237618649819837,0.03312156029362849,0,0
6901,0.20000000000004547,1.0,0.0,0.10231660231660232,0.0,0.6000000000000001,0.5588235294117647,0.0,0.0,0.0,0.0,0.0,0.0,0.0,0.0,0.0,0.009932041904018606,0.0,0.0008052494981420829,9.89901386388269e-06,0.0,0.0014817732581934432,0.0,0.6540958142592936,0.4939578092062093,0.580754716981132,0.2450980392156863,0.3951120535224656,0.04975249075756627,0.25252525252525254,0.6999999999999957,0.0,0.0,0.0,0.5,0.0,0.011944889086627043,0.0,0.0,0.0,0.0,0.0036354330375410375,0.03405091073448143,0.0,0.0002966230255190455,0.0010975461819218012,0.03312156029362849,0,3
9437,0.4000000000000341,1.0,0.0,0.10231660231660232,0.0,0.6000000000000001,0.029411764705882346,0.0,0.0,0.0,0.0,0.0,0.0,0.0,0.0,0.0,0.009770786935533304,0.0,0.0008043294090493882,9.89901386388269e-06,0.0,0.0,0.0,0.6540827238441915,0.4939691051016859,0.580754716981132,0.2450980392156863,0.40287476084280827,0.13378031204962718,0.020202020202020204,0.5,0.0,1.0,0.0,0.45,4.841830559270601e-05,0.0,0.0,0.0,7.8602043099056e-05,0.0,0.0036354330375410375,0.0,0.0,0.0003203375183742551,0.0012780744633204418,0.03312156029362849,1,3
10835,0.20000000000004547,0.0,0.0,0.03474903474903475,0.0,0.8,0.5588235294117647,0.0,0.0,0.0,0.0,0.0,0.0,0.0,0.0,0.0,0.009770786935533304,0.0,0.0008043294090493882,9.89901386388269e-06,0.0,1.6620192453518515e-07,0.0,0.6533427466328317,0.49404039540009675,0.580754716981132,0.2450980392156863,0.390731059359729,0.1342189360235604,0.020202020202020204,0.29999999999999716,0.0,1.0,0.0,0.85,0.00044673558345799586,0.0,2.0162459013501287e-07,0.0,0.0005772601659855403,0.0,0.0036354330375410375,0.0,0.0034619609856262838,0.002616601372933552,0.0012022853328159321,0.03312264662634464,1,2
2660,0.20000000000004547,0.0,1.0,0.0694980694980695,0.0,0.6000000000000001,0.6176470588235294,0.0,0.0,0.0,0.0,0.0,0.0,0.0,0.0,0.0,0.012354794340469813,3.334720690625893e-05,0.0010217823295330275,1.9190726263723495e-05,0.06785032079692405,0.015597219608004451,0.00047765995295953107,0.6527818778416418,0.4947928142214433,0.580754716981132,0.24473039215686276,0.39750667202866236,0.13246444012782757,0.030303030303030304,0.14999999999999858,0.0,1.0,0.0,0.2,0.004953025655639492,0.0,0.008498274849600657,0.03705022216948169,0.005645526791691079,0.0,0.004175046646854243,0.0,0.0,0.003600458633687064,0.0018571070903994832,0.03319075819952029,0,4
3575,0.4000000000000341,0.0,0.0,0.06756756756756757,0.0,0.0,0.4411764705882353,0.0,0.0,0.0,0.0,0.0,0.0,0.0,0.0,0.0,0.009770786935533304,0.0,0.0008043294090493882,9.89901386388269e-06,0.0,0.0,0.0,0.6540735029041077,0.4939627335955569,0.580754716981132,0.2450980392156863,0.40287476084280827,0.1342189360235604,0.020202020202020204,0.9499999999999957,0.0,1.0,0.0,0.45,0.0,0.0,0.0,0.0,0.0,0.0,0.0036354330375410375,0.0,0.0,0.00046275238539146313,0.001086109029126007,0.03312156029362849,0,2
4561,0.8000000000000114,0.0,0.0,0.10424710424710425,0.0,0.4,0.0,0.0,0.0,0.0,0.0,0.0,0.0,0.0,0.0,0.0,0.009770786935533304,0.0,0.0008043294090493882,9.89901386388269e-06,0.004405264048331379,0.0008797898875270026,6.598462401671982e-05,0.6541121999735253,0.49400800141146056,0.3920754716981132,0.20428921568627456,0.3967815839822567,0.11310232470706186,0.24242424242424243,0.9499999999999957,0.0,0.0,0.0,0.55,0.0,0.003118160625852474,0.0,0.0,0.0,0.0,0.003645373347136307,0.010331489540724255,0.0,0.0001534151172089449,0.001088607758723625,0.03312156029362849,0,2
5099,0.4000000000000341,1.0,0.0,0.10231660231660232,0.4444444444444444,0.6000000000000001,0.5,0.0,0.0,0.0,0.0,1.0,0.0,0.0,0.0,0.0,0.00984514631950772,0.0,0.0008043294090493882,9.89901386388269e-06,0.0,0.0,0.0,0.6540732895346487,0.49396141651743486,0.41245283018867923,0.1334558823529412,0.3974396470831963,0.0770724982768344,0.020202020202020204,0.29999999999999716,0.0,1.0,0.0,0.45,0.0,0.0,0.0,0.0,0.0,0.0,0.0036577429779302622,0.0,0.0,0.0,0.0011991645231459057,0.03312156029362849,0,0
5083,0.0,1.0,0.0,0.06756756756756757,0.0,0.6000000000000001,0.029411764705882346,0.0,0.0,0.0,0.0,0.0,0.0,0.0,0.0,0.0,0.009770786935533304,0.0,0.0008043294090493882,9.89901386388269e-06,0.003323288396217821,0.0008973241905654647,0.0,0.6541096693587304,0.49400511688227544,0.3920754716981132,0.18284313725490198,0.3967815839822567,0.10238736762955074,0.24242424242424243,0.3999999999999986,0.0,0.0,0.0,0.55,0.0,0.0,0.0,0.0,0.0,0.0,0.003637002849429246,0.005698515540602068,0.0,7.480170130381105e-05,0.0010871163527301092,0.03312156029362849,0,3
5256,0.0,1.0,1.0,0.06756756756756757,0.0,0.6000000000000001,0.5882352941176471,0.0,0.0,0.0,0.0,0.0,0.0,0.0,0.0,0.0,0.009770786935533304,0.0,0.0008043294090493882,9.89901386388269e-06,0.0,0.0,0.0,0.654101619962757,0.4939981720415204,0.580754716981132,0.2450980392156863,0.4023446544559403,0.1342189360235604,0.020202020202020204,0.14999999999999858,0.0,1.0,0.0,0.25000000000000006,4.507817570605271e-05,0.0,0.0,0.0,3.8455838290398364e-05,0.0,0.0036354330375410375,0.0,0.0,2.854948654413582e-05,0.0010912719467500635,0.03312156029362849,0,4
5427,0.6000000000000227,0.0,0.0,0.03474903474903475,0.0,0.2,0.5294117647058824,0.0,0.0,0.0,0.0,1.0,0.0,0.0,0.0,0.0,0.009770786935533304,0.0,0.0008043294090493882,9.89901386388269e-06,0.0,0.0,0.0,0.6540983001460189,0.49400704805340934,0.3920754716981132,0.2220588235294118,0.3964159933706236,0.12143618021179274,0.11111111111111112,0.25,0.0,1.0,0.0,0.0,0.00010116112894516438,0.0,0.0012693276071949736,0.0019940315300467195,5.1963118894636785e-06,0.0,0.0036354330375410375,0.0,0.0,0.0,0.0011287360375490253,0.03364098606549616,0,1
1390,0.6000000000000227,1.0,0.0,0.06756756756756757,0.2962962962962963,0.6000000000000001,0.5,0.0,0.0,0.0,0.0,1.0,0.0,0.0,0.0,0.0,0.010015686805077056,0.0,0.0008043294090493882,9.89901386388269e-06,0.0,0.0001232387270428398,0.0,0.6541197000425375,0.49401298092167273,0.3520754716981132,0.14044117647058826,0.39548983048781977,0.07487937840716838,0.24242424242424243,0.5499999999999972,0.0,1.0,1.0,0.05,7.438577879687042e-05,0.0,0.0,0.0,0.0,0.0,0.0036354330375410375,0.0,0.0,4.302888563372441e-05,0.0010912381908513137,0.03312156029362849,0,0
10475,0.4000000000000341,0.0,0.0,0.10231660231660232,0.0,0.6000000000000001,0.0,0.0,0.0,0.0,0.0,0.0,0.0,0.0,0.0,0.0,0.009770786935533304,0.0,0.0008043294090493882,9.89901386388269e-06,0.0,1.4791971283631478e-05,0.0,0.6536163373024243,0.493427126484018,0.20339622641509433,0.21580882352941178,0.39068840712170516,0.11924306034212671,0.020202020202020204,0.0,0.0,1.0,0.0,0.15000000000000002,0.0,0.0,0.0,0.0,0.0,1.8792176238810975e-06,0.0036354330375410375,0.0,0.0,0.006628622855654717,0.0010825576210823542,0.03312156029362849,1,2
3619,0.8000000000000114,0.0,0.0,0.10231660231660232,0.0,0.6000000000000001,0.5588235294117647,0.0,0.0,0.0,0.0,0.0,0.0,0.0,0.000812518116707552,0.0,0.009770786935533304,0.0,0.0008043294090493882,9.89901386388269e-06,0.00014315481397827228,0.00012049639528800924,0.0,0.6541043139178366,0.4939988144713147,0.4058490566037736,0.19963235294117648,0.39722638589307696,0.11053324143116737,0.24242424242424243,0.5,0.0,0.0,0.0,0.55,0.0,0.0,0.0,0.0,0.0,0.0,0.0036361735741146147,0.0014599062190599245,0.0,4.238933620397227e-05,0.0010835621193028607,0.03312156029362849,0,2
10569,0.8000000000000114,1.0,0.0,0.02316602316602317,0.0,0.6000000000000001,0.1764705882352941,0.0,0.0,0.0,0.0,0.0,0.0,0.0,0.0,0.0,0.009770786935533304,0.0,0.0008043294090493882,9.89901386388269e-06,0.0017352098664033004,0.0011788702507280683,0.0,0.6540415683875287,0.49392531895014774,0.20339622641509433,0.24497549019607845,0.39068840712170516,0.13415627545585562,0.020202020202020204,0.10000000000000142,0.0,1.0,0.0,0.05,0.00013999353331845075,0.0,2.2178704914851417e-06,9.669097126080633e-06,0.0,0.0,0.0036354330375410375,0.0,0.0,0.0011955992859558526,0.0010825576210823542,0.03312156029362849,1,3
3719,0.6000000000000227,0.0,0.0,0.015444015444015444,0.0,0.6000000000000001,0.5294117647058824,0.0,0.0,0.0,0.0,1.0,0.0,0.0,0.0,0.0,0.009770786935533304,0.0,0.0008199241394340439,9.89901386388269e-06,0.015215260013968439,0.0034976364008807038,0.0,0.6542002947232579,0.4944580698692841,0.27962264150943394,0.12144607843137256,0.3927539940774321,0.07049313866783634,0.020202020202020204,0.7999999999999972,0.0,1.0,0.0,0.45,6.582499874185046e-05,0.0,0.0,0.0,0.00013441544128528333,0.0,0.003846372485363766,0.0,0.0,0.0025298017243275905,0.0013782882914886347,0.03312652071698991,0,1
8179,0.6000000000000227,1.0,0.0,0.03861003861003861,0.537037037037037,0.6000000000000001,0.5,0.0,0.0,0.0,0.0,1.0,0.0,0.0,0.0,0.0,0.009913952452584229,0.0,0.0008043294090493882,9.89901386388269e-06,0.0006293750786266971,0.003345312337044207,0.0,0.654118870750991,0.4940137398039977,0.30283018867924527,0.19558823529411767,0.3939726294495424,0.10859076383232034,0.24242424242424243,0.6499999999999986,0.0,0.0,1.0,0.5,0.0,0.008398217917585942,0.0,0.0,0.0,0.0,0.0036354330375410375,0.016769303691465016,0.0011550308008213552,0.00024952660551209746,0.0010941059056329165,0.03314636241043559,0,0
6293,0.20000000000004547,0.0,1.0,0.02316602316602317,0.0,0.6000000000000001,0.32352941176470584,0.0,0.0,0.0,0.0,0.0,0.0,0.0,0.0,0.0,0.009770786935533304,0.0,0.0008043294090493882,9.89901386388269e-06,0.004160165654701913,0.004009953833260412,0.0,0.6540365204107002,0.49391941519501703,0.580754716981132,0.2439950980392157,0.40287476084280827,0.1336549909142177,0.020202020202020204,0.5,0.0,0.0,0.0,0.75,0.0,0.0,0.0,0.0,0.0,2.0382283459018057e-05,0.0036354330375410375,0.0,0.0009279260780287475,0.0010434632676064122,0.0010853892006948106,0.03312156029362849,0,4
7589,0.0,0.0,0.0,0.07335907335907337,0.0,1.0,0.5588235294117647,0.0,0.0,0.0,0.0,0.0,0.0,0.0,0.0009633158449187593,0.0,0.009770786935533304,0.0,0.0008043294090493882,9.89901386388269e-06,0.002146237703507582,0.0004758361099442351,0.0,0.6539309459312799,0.49388619672246353,0.3543396226415094,0.2450980392156863,0.39099306596473277,0.056707813772792784,0.24242424242424243,0.7999999999999972,1.0,1.0,0.0,0.10000000000000002,0.0,0.0,0.0,0.0,0.0,0.0,0.0036354330375410375,0.0,0.0,0.00104878431886195,0.0011537121311270885,0.03312924398941533,0,2
12228,0.0,0.0,1.0,0.10231660231660232,0.0,0.8,0.23529411764705882,0.0,0.0,0.0,0.0,0.0,0.0,0.0,0.0,0.0,0.009770786935533304,0.0,0.0008043294090493882,9.89901386388269e-06,0.0,0.005542252476512552,0.0,0.6528688593594143,0.49257357717962236,0.580754716981132,0.2442401960784314,0.393856859089192,0.13371765148192244,0.020202020202020204,0.7999999999999972,0.0,1.0,0.0,0.45,1.9008869273636685e-06,0.0,0.0,0.0,6.6675568220226715e-06,0.0,0.0036354330375410375,0.0,0.0,0.020700194064878965,0.001086643224898146,0.03312156029362849,1,4
2637,0.20000000000004547,0.0,0.0,0.10231660231660232,0.0,0.6000000000000001,0.5588235294117647,0.0,0.0,0.0,0.0,0.0,0.0,0.0,0.0,0.0,0.009778552457114117,0.0,0.0008043294090493882,9.89901386388269e-06,0.0032668940755597137,0.0009043046713959424,0.0,0.6540753523269652,0.4940347575449111,0.580754716981132,0.2450980392156863,0.39140130881438967,0.13114856820602797,0.25252525252525254,0.10000000000000142,0.0,1.0,0.0,0.25000000000000006,0.0,0.0,0.0,0.0,0.0,0.0,0.0036354330375410375,0.0,0.0,0.0002486056543332544,0.0010922716368616438,0.03312156029362849,0,2
736,0.8000000000000114,0.0,0.0,0.33976833976833976,0.0,0.6000000000000001,0.029411764705882346,0.0,0.0,0.0,0.0,0.0,0.0,0.0,0.0,0.0,0.03503255536903421,0.00034196163940718004,0.01663305872312687,2.38365824636439e-05,0.03312696385991651,0.007615122879315381,0.0,0.6533058158251935,0.5032010067933042,0.579811320754717,0.23357843137254902,0.3933206595254634,0.058712951939344574,0.030303030303030304,0.14999999999999858,1.0,1.0,0.0,0.25000000000000006,0.004304592391424444,0.0,0.0,0.0,0.0,0.009377548914769891,0.009450984544631048,0.0,0.0,0.0012793035153218137,0.0042628722489066375,0.034557786392423774,0,2
7979,0.4000000000000341,1.0,0.0,0.06756756756756757,0.0,0.6000000000000001,0.0,0.0,0.0,0.0,0.0,0.0,0.0,0.0,0.0,0.0,0.009796416166642074,0.0,0.0008043294090493882,9.89901386388269e-06,0.0005335770339190149,0.0011045779904608405,0.0,0.6540991433529648,0.49399278455927575,0.3920754716981132,0.18958333333333335,0.3967815839822567,0.10583369885331163,0.24242424242424243,0.3999999999999986,0.0,0.0,1.0,0.55,0.0,0.0014581553567287193,0.0,0.0,0.0,0.0,0.0036373177541651996,0.0048151726442213485,0.0,0.0004318493569458394,0.0010855899516345122,0.03312156029362849,0,3
921,0.0,0.0,1.0,0.03861003861003861,0.0,0.6000000000000001,0.2941176470588235,0.0,0.0,0.0,0.0,0.0,0.0,0.0,0.0,0.0,0.010005618716050768,0.0,0.0008043294090493882,9.89901386388269e-06,0.016927333748819696,0.004047183064356294,0.0,0.6537413184630441,0.4940907021170032,0.580754716981132,0.23615196078431375,0.39517907846793165,0.09323892474465821,0.020202020202020204,1.0,1.0,1.0,0.0,0.25000000000000006,5.105239176348138e-05,0.0,0.0,0.0,9.234409683083043e-06,0.0,0.004061580031041628,0.0,0.0,0.0015554097951344104,0.001285677967121803,0.03312156029362849,0,4
11621,0.6000000000000227,1.0,1.0,0.20463320463320464,0.0,0.8,0.23529411764705882,0.0,0.0,0.0,0.0,0.0,0.0,0.0,0.0,0.0,0.009770786935533304,0.0,0.0013056376119945311,9.89901386388269e-06,0.0,0.00018631235740394254,0.0,0.6538787177924426,0.4937571137502986,0.580754716981132,0.2450980392156863,0.4021009273815182,0.12770223698226707,0.020202020202020204,0.6000000000000014,0.0,1.0,0.0,0.4,0.0007432807330086116,0.0,0.00013337466637431102,0.0,0.0009818525224392634,0.0,0.0036452492699585496,0.0,0.0,0.0035247615631816,0.0015373028134173974,0.03312156029362849,1,4
5518,0.20000000000004547,0.0,0.0,0.06756756756756757,0.0,0.6000000000000001,0.029411764705882346,0.0,0.0,0.0,0.0,0.0,0.0,0.0,0.0,0.0,0.009770786935533304,0.0,0.0008043294090493882,9.89901386388269e-06,0.00010338958787319665,0.0009376281572652471,0.0,0.6540923052593861,0.4939847423475065,0.580754716981132,0.2215686274509804,0.40287476084280827,0.12200012532113544,0.25252525252525254,0.6000000000000014,0.0,0.0,0.0,0.85,0.0,0.0,0.0,0.0,0.0,0.0,0.0036354330375410375,0.00529210211743556,0.0,0.00021949336429093668,0.0010840237473279076,0.03312156029362849,0,2
2031,0.8000000000000114,1.0,0.0,0.06756756756756757,0.0,0.2,0.1764705882352941,0.0,0.0,0.0,0.0,0.0,0.0,0.0,0.0,0.0,0.01024499543361747,0.0,0.0008043294090493882,9.89901386388269e-06,0.0020186274779158395,0.0004640357733022369,4.223537898499337e-05,0.6541019138427417,0.49399482170221254,0.580754716981132,0.2450980392156863,0.4028991335502505,0.13315370637257973,0.25252525252525254,0.14999999999999858,0.0,0.0,0.0,0.25000000000000006,0.0,0.003902011118986528,0.0,0.0,0.0,0.0,0.0036448844987619147,0.02932764838550298,0.0,7.298538092331495e-05,0.0011009913654558786,0.033163723892200556,0,3
7012,0.6000000000000227,1.0,0.0,0.10424710424710425,0.2962962962962963,0.6000000000000001,0.5,0.0,0.0,0.0,0.0,1.0,0.0,0.0,0.0,0.0,0.009770786935533304,0.0,0.0008043294090493882,9.89901386388269e-06,0.0,0.00013711658774152776,0.0,0.654109545445411,0.49400489795151775,0.3971698113207547,0.2118872549019608,0.3969460997574916,0.11698727990475595,0.25252525252525254,0.5499999999999972,0.0,1.0,0.0,0.55,0.0,0.0,0.0,0.0,0.0,0.0,0.0036515230204212296,0.0,0.0,0.00013561006108464514,0.0010878642862928638,0.03312156029362849,0,0
6895,0.20000000000004547,0.0,0.0,0.03474903474903475,0.0,0.6000000000000001,1.0,0.0,0.0,0.0,0.0,0.0,0.0,0.0,0.0,0.0,0.01031772947586567,6.219865162489394e-07,0.0008043294090493882,9.89901386388269e-06,0.004581677051415715,0.0015995273217266218,0.0,0.6541285790613763,0.49402321826364537,0.420377358490566,0.22365196078431376,0.3976955605113395,0.1183658123942603,0.020202020202020204,0.5,0.0,1.0,0.0,0.55,0.0,0.0,0.0,0.0,0.0,1.6262460206663342e-06,0.0036560828567038127,0.0,0.00010269507186858317,7.848550601918341e-05,0.0010997112188463154,0.03312156029362849,0,2
1078,0.4000000000000341,1.0,0.0,0.15830115830115832,0.4444444444444444,0.6000000000000001,0.5,0.0,0.0,0.0,0.0,1.0,0.0,0.0,0.0,0.0,0.009770786935533304,0.0,0.0008043294090493882,9.89901386388269e-06,0.0,5.833687551184999e-05,0.0,0.6540916243987677,0.49398338839274974,0.580188679245283,0.2450980392156863,0.4028564813122266,0.13371765148192244,0.020202020202020204,0.7999999999999972,0.0,1.0,0.0,0.10000000000000002,0.00022387016898837262,0.0,0.0,0.0,2.0706989848676042e-05,0.0,0.0036610396614253594,0.0,0.0,0.00020368370238746362,0.0011035869511858858,0.03312156029362849,0,0
1613,0.8000000000000114,1.0,0.0,0.05791505791505792,0.7037037037037037,0.2,0.5,0.0,0.0,0.0,0.0,1.0,0.0,0.0,0.0,0.0,0.013187360590263916,0.0,0.0008043294090493882,9.89901386388269e-06,0.0636662960065591,0.014635325969757066,0.0,0.6540926872702344,0.49428089355464594,0.3922641509433962,0.13492647058823531,0.3965317637309741,0.07788708565699606,0.020202020202020204,0.5,0.0,1.0,0.0,0.05,0.0005481682676784979,0.0,0.0,0.0,0.0,3.4476415638126286e-05,0.003971839641631437,0.0,0.0,0.00464210558091298,0.0020889152414036096,0.033141401987074166,0,0
1118,0.20000000000004547,0.0,0.0,0.0694980694980695,0.0,0.6000000000000001,0.029411764705882346,0.0,0.0,0.0,0.0,0.0,0.0,0.0,0.0,0.0,0.009770786935533304,0.014413915527552923,0.0008043294090493882,9.89901386388269e-06,0.03241805832907966,0.015625806339024502,0.0,0.6537355008320955,0.49351577131490193,0.580754716981132,0.2450980392156863,0.4027833631899,0.13127388934143747,0.020202020202020204,0.6000000000000014,0.0,1.0,0.0,0.5,0.0008733896543047712,0.0,0.0,0.0,0.0004844152198159664,0.0,0.0037181245867768616,0.0,0.0,0.00398945817883951,0.0014651359733871016,0.03313821243485278,0,2
5610,0.0,0.0,1.0,0.20463320463320464,0.0,0.4,0.23529411764705882,0.0,0.0,0.0,0.0,0.0,0.0,0.0,0.0,0.0,0.009770786935533304,0.0,0.0008043294090493882,9.89901386388269e-06,0.0,0.002861997140495888,0.0,0.6540703374820402,0.4939577936792052,0.580754716981132,0.2450980392156863,0.40287476084280827,0.13415627545585562,0.030303030303030304,0.14999999999999858,0.0,1.0,0.0,0.5,0.0,0.0,1.2097475408100773e-05,5.274052977862163e-05,0.0,1.73466242204409e-05,0.0037076388873084755,0.0,0.0,0.0013871827131324058,0.001483440642341618,0.03312156029362849,0,4
6363,0.20000000000004547,0.0,1.0,0.08687258687258688,0.0,0.6000000000000001,0.2647058823529412,0.0,0.0,0.0,0.0,0.0,0.0,0.0,0.0,0.0,0.010291844403929626,0.0,0.0008043294090493882,9.89901386388269e-06,0.054397744805576964,0.012504783499140528,0.0,0.6535937562535432,0.4943349283052348,0.28660377358490563,0.05600490196078432,0.39287585761464316,0.034024688263675676,0.04040404040404041,0.0,0.0,1.0,0.0,0.0,8.427717970104493e-05,0.0,0.00231172673819299,0.00696306844402252,0.0,0.0007824773075437216,0.00387146356072152,0.0,0.0,0.0029626487783838435,0.0029742699601950496,0.03319957287183353,0,4
1458,0.8000000000000114,1.0,0.0,0.05791505791505792,0.0,0.6000000000000001,0.029411764705882346,0.0,0.0,0.0,0.0,0.0,0.0,0.0,0.0,0.0,0.012407617946571857,0.0,0.0008043294090493882,9.89901386388269e-06,0.07619921076871243,0.017516270129649965,0.0,0.6537838316651153,0.49439803393161386,0.3969811320754717,0.15980392156862747,0.39461241301990035,0.08985525408860205,0.020202020202020204,0.3999999999999986,0.0,1.0,0.0,0.05,2.7814049076460535e-05,0.0,0.0021535522472320725,0.007581890660091681,0.0003192601503653015,0.0,0.003939151587681122,0.0,0.0,0.005650368047905834,0.0013708451405983685,0.03312156029362849,0,3
1560,0.6000000000000227,1.0,0.0,0.10424710424710425,0.2962962962962963,0.6000000000000001,0.5,0.0,0.0,0.0,0.0,1.0,0.0,0.0,0.0,0.0,0.009770786935533304,0.0,0.0008043294090493882,9.89901386388269e-06,0.0007360181849993999,0.00313980365735645,0.0,0.654074015454656,0.4939616944508081,0.300377358490566,0.1405637254901961,0.39382030002802865,0.07945359984961464,0.25252525252525254,0.5,0.0,1.0,1.0,0.75,0.0,0.0,0.0,0.0,0.0,0.0,0.0036354330375410375,0.0,0.0008136036960985627,0.0005909692550681734,0.0010898540502981718,0.03312156029362849,0,0
3600,0.6000000000000227,0.0,0.0,0.03474903474903475,0.0,0.4,0.0,0.0,0.0,0.0,0.0,0.0,0.0,0.0,0.0,0.0,0.009770786935533304,0.0,0.0008043294090493882,9.89901386388269e-06,0.00032101382528461055,0.0003223486326359916,0.0,0.6540418016361299,0.4939256015416222,0.580754716981132,0.2450980392156863,0.40287476084280827,0.1342189360235604,0.020202020202020204,1.0,0.0,1.0,0.0,0.4,0.0,0.0,3.024368852025193e-07,1.3185132444655407e-06,0.0,3.613880045925187e-08,0.0036354330375410375,0.0,0.0009551591375770021,7.682267750182784e-05,0.0010826765846021773,0.03312156029362849,0,2
9270,0.6000000000000227,0.0,1.0,0.03861003861003861,0.0,0.6000000000000001,0.23529411764705882,0.0,0.0,0.0,0.0,0.0,0.0,0.0,0.0,0.0,0.009778417011970266,0.0,0.0008043294090493882,9.89901386388269e-06,0.0,0.0002160625018957407,0.0003369478509858405,0.6540243682911072,0.49397715507695716,0.580754716981132,0.24497549019607845,0.3926625964245239,0.03778432232596028,0.020202020202020204,0.29999999999999716,0.0,1.0,0.0,0.4,0.0,0.0,0.0,0.0,7.92907109398283e-05,0.0,0.0036505677046823576,0.0,0.0,0.0008702732820295309,0.0012520526308350001,0.03312156029362849,1,4
1703,0.0,0.0,0.0,0.03474903474903475,0.0,0.0,0.4411764705882353,0.0,0.0,0.0,0.0,0.0,0.0,0.0,0.0,0.0,0.010544013162860069,0.0,0.0011184384684571238,0.00012828231258778036,0.09334995278783155,0.03594881146926241,0.0,0.6540506057768667,0.49459331162762193,0.580754716981132,0.24203431372549022,0.398176921483323,0.1298953568519331,0.030303030303030304,0.14999999999999858,0.0,1.0,0.0,0.2,0.0,0.0,8.064983605400515e-07,3.5160353185747753e-06,0.0,3.3681362028022745e-05,0.003939212055672814,0.0,0.0,0.0050906599689639455,0.0013370084457913468,0.03312411987208298,0,2
6215,0.8000000000000114,0.0,0.0,0.10231660231660232,0.0,0.6000000000000001,0.029411764705882346,0.0,0.0,0.0,0.0,0.0,0.0,0.0,0.0,0.0,0.009770786935533304,0.0,0.0008043294090493882,9.89901386388269e-06,0.0005798492970231028,0.0004647836819626453,0.0,0.6541031910776245,0.4939975268945004,0.2881132075471698,0.07267156862745099,0.3934242435320928,0.0460555172629864,0.020202020202020204,0.9499999999999957,0.0,1.0,0.0,0.35000000000000003,2.6266184007035834e-05,0.0,0.0,0.0,1.3820311440953096e-05,0.0,0.0036354330375410375,0.0,0.0,0.00018032735721291524,0.0010933684309462797,0.03312156029362849,0,2
8034,0.20000000000004547,1.0,0.0,0.0637065637065637,0.0,0.6000000000000001,1.0,0.0,0.0,0.0,0.0,1.0,0.0,0.0,0.0,0.0,0.010751770964067682,2.3788256235485753e-06,0.0008043294090493882,7.915162414679206e-05,0.006504867986679372,0.0036047535412436307,0.0,0.6540803655152951,0.49430131311772674,0.580754716981132,0.2433823529411765,0.39548373731095926,0.07525534181339684,0.020202020202020204,0.14999999999999858,1.0,1.0,0.0,0.2,0.0008751954968857667,0.0,0.0,0.0,0.0,0.0005463825241434291,0.0038314125471594776,0.0,0.0,0.00036894327503541826,0.001269086670261539,0.03312798900230489,0,0
9955,0.4000000000000341,0.0,0.0,0.02316602316602317,0.0,0.6000000000000001,0.0,0.0,0.0,0.0,0.0,0.0,0.0,0.0,0.0,0.0,0.009770786935533304,0.0,0.0008043294090493882,9.89901386388269e-06,0.00041138933915978247,0.00022536980966971105,0.0,0.6539644263824798,0.4938349494572843,0.20339622641509433,0.2450980392156863,0.39068840712170516,0.1342189360235604,0.020202020202020204,0.14999999999999858,0.0,1.0,0.0,0.55,0.0,0.0,2.8227442618901804e-06,1.2306123615011714e-05,0.0,2.1683280275551124e-07,0.0036354330375410375,0.0,0.0020790554414784395,0.00011529797119571696,0.0010825576210823542,0.03312156029362849,1,2
9245,0.8000000000000114,1.0,1.0,0.05791505791505792,0.0,0.6000000000000001,0.23529411764705882,0.0,0.0,0.0,0.0,0.0,0.0,0.0,0.0,0.0,0.009770786935533304,0.0,0.0008043294090493882,9.89901386388269e-06,0.013514392842837704,0.0031193608206386224,0.0,0.6538645008926188,0.4940915374698233,0.580754716981132,0.2450980392156863,0.40165612547069796,0.13403095432044615,0.020202020202020204,0.3500000000000014,0.0,1.0,0.0,0.45,0.0002927501645777718,0.0,0.0,0.0,0.0005303211920201741,0.0,0.003662625179285436,0.0,0.0,0.0034989493481968033,0.0016535993693986104,0.03312156029362849,1,4
6776,0.8000000000000114,1.0,0.0,0.10231660231660232,0.0,0.6000000000000001,0.1764705882352941,0.0,0.0,0.0,0.0,0.0,0.0,0.0,0.0,0.0,0.009770786935533304,0.0,0.0008043294090493882,9.89901386388269e-06,0.0018132943103914489,0.0005355026008523665,0.0,0.6541312879258125,0.4940304453076998,0.3920754716981132,0.2280637254901961,0.3967815839822567,0.12550911711260104,0.24242424242424243,0.14999999999999858,0.0,0.0,0.0,0.55,0.0,0.005227071689729771,0.0,0.0,0.0,0.0,0.0036456352442172063,0.015510055411095056,0.0,9.178813415802807e-05,0.0010938179643468114,0.03312156029362849,0,3
5754,0.0,0.0,0.0,0.03474903474903475,0.0,0.6000000000000001,0.47058823529411764,0.0,0.0,0.0,0.0,0.0,0.0,0.0,0.0,0.0,0.009770786935533304,0.0,0.0008043294090493882,9.89901386388269e-06,0.002447368915739655,0.0010800632065919007,0.0,0.6541169623533452,0.49401332600933867,0.30113207547169807,0.2450980392156863,0.39384467273547086,0.13384297261733194,0.020202020202020204,0.14999999999999858,0.0,1.0,0.0,0.35000000000000003,3.133068989208332e-05,0.0,0.0,0.0,1.344467443689548e-05,0.0,0.0036354330375410375,0.0,0.0009279260780287475,0.0001917625010168836,0.0010985899381038492,0.03312156029362849,0,2
9909,0.0,0.0,0.0,0.015444015444015444,0.0,0.8,0.5588235294117647,0.0,0.0,0.0,0.0,0.0,0.0,0.0,0.0,0.0,0.009770786935533304,0.0,0.0008043294090493882,9.89901386388269e-06,0.0,0.0,0.0,0.6537236356347875,0.493617842734399,0.580754716981132,0.2450980392156863,0.3945941334893187,0.1342189360235604,0.24242424242424243,0.8500000000000014,0.0,1.0,0.0,0.45,3.0488868538536553e-05,0.0,0.0,0.0,0.0,0.0,0.0036354330375410375,0.0,0.005267967145790555,0.0006151186415356145,0.0010955551787131617,0.03312156029362849,1,2
3982,0.8000000000000114,1.0,0.0,0.09266409266409267,0.7037037037037037,0.2,0.5,0.0,0.0,0.0,0.0,1.0,0.0,0.0,0.0,0.0,0.015343496785773866,0.0,0.0008150897730148007,2.2136138364326628e-05,0.004767127605887567,0.0010958523894227432,0.0,0.6538109892238371,0.4951268420023637,0.5788679245283018,0.24240196078431378,0.393625318368491,0.08252396766714708,0.020202020202020204,0.5,1.0,1.0,0.0,0.2,0.00016854078163832298,0.0,0.010556055416518599,0.046053470107107225,0.00047333392819626674,0.0,0.00425905278593542,0.0,0.0,0.0023003313889325204,0.0014679004873152579,0.03312156029362849,0,0
9477,0.0,0.0,0.0,0.03474903474903475,0.0,0.6000000000000001,0.5588235294117647,0.0,0.0,0.0,0.0,0.0,0.0,0.0,0.0,0.0,0.009770786935533304,0.0,0.0008054834190978527,9.89901386388269e-06,0.0033825747333199336,0.0010411719562506674,0.0,0.6539955110657321,0.49391872463151004,0.580754716981132,0.2450980392156863,0.401954691136865,0.12695031016981015,0.020202020202020204,0.3999999999999986,0.0,1.0,0.0,0.4,4.1466490544061737e-05,0.0,0.0,0.0,5.708117307492179e-05,0.0,0.0036354330375410375,0.0,0.0,0.0013591192841548815,0.0015314209100204099,0.03312156029362849,1,2
9403,0.4000000000000341,0.0,0.0,0.03474903474903475,0.0,0.6000000000000001,0.029411764705882346,0.0,0.0,0.0,0.0,0.0,0.0,0.0,0.0,0.0,0.010385045712359812,0.0,0.0008183646663955784,0.0002608258571149213,0.0030239646942632516,0.0020205998975365135,0.0,0.6538247475781154,0.4937985277637867,0.580754716981132,0.2388480392156863,0.3950511217538601,0.11203709505608123,0.020202020202020204,0.14999999999999858,1.0,1.0,0.0,0.25000000000000006,0.0,0.0,8.891644424954068e-05,0.00038764289387286895,0.0,1.0841640137775562e-07,0.003766817811359282,0.0,0.0,0.004563978222574458,0.0011271303274402128,0.03312602467465377,1,2
8272,0.4000000000000341,0.0,0.0,0.10231660231660232,0.0,0.6000000000000001,0.47058823529411764,0.0,0.0,0.0,0.0,0.0,0.0,0.0,0.0,0.0,0.019727555103035,0.0,0.015619323274472324,9.89901386388269e-06,0.0,0.0006907351983682294,0.0,0.6537305247514977,0.49392537795276326,0.580754716981132,0.24485294117647063,0.39637334113259975,0.13340434864339873,0.030303030303030304,0.0,0.0,1.0,0.0,0.75,0.0,0.0,0.0,0.0,0.0,0.0022683602272263216,0.00370049109951134,0.0,0.0,0.005964412399891328,0.001179035350342369,0.03312156029362849,0,2
2545,0.8000000000000114,1.0,1.0,0.10231660231660232,0.0,0.6000000000000001,0.23529411764705882,0.0,0.0,0.0,0.0,0.0,0.0,0.0,0.0,0.0,0.010045274044278373,0.0,0.0008043294090493882,9.89901386388269e-06,0.0,0.0009402042870955424,0.0,0.6541146056810438,0.49399951978547557,0.3920754716981132,0.18590686274509807,0.3967815839822567,0.08459176640140362,0.24242424242424243,0.14999999999999858,0.0,0.0,0.0,0.55,0.0,0.003921355068924386,0.0,0.0,0.0,0.0,0.0036354330375410375,0.011503538893926793,0.0,0.0003551034253755818,0.001090645058568729,0.03312156029362849,0,4
7537,0.20000000000004547,0.0,0.0,0.02316602316602317,0.0,0.6000000000000001,0.5588235294117647,0.0,0.0,0.0,0.0,0.0,0.0,0.0,0.0,0.0,0.015401226515975416,0.0013454768671320478,0.0008043294090493882,6.501162172568355e-05,0.0,6.315673132337036e-06,0.0,0.6482216791683819,0.492858773309025,0.580566037735849,0.22561274509803925,0.39944430227031774,0.1232533366752303,0.020202020202020204,0.14999999999999858,0.0,1.0,0.0,0.25000000000000006,0.0017858018016755652,0.0,0.0,0.0,0.0055686620697357895,0.0,0.006361603386921214,0.0,0.0,0.03290868103930364,0.004173487521243543,0.03312156029362849,0,2
12166,0.6000000000000227,0.0,0.0,0.08687258687258688,0.0,0.8,0.029411764705882346,0.0,0.0,0.0,0.0,0.0,0.0,0.0,0.0,0.0,0.009770786935533304,0.0,0.0008043294090493882,9.89901386388269e-06,0.0034498141156430614,0.015336448788408745,0.0,0.6533022090861705,0.4930587913993822,0.580754716981132,0.2450980392156863,0.40287476084280827,0.1342189360235604,0.020202020202020204,0.7999999999999972,0.0,1.0,0.0,0.45,0.0,0.0,0.0,0.0,0.002247796180738934,0.0,0.0036614185679966754,0.0,0.0,0.01375299884727611,0.0013979096387669266,0.03312156029362849,1,2
12266,0.4000000000000341,0.0,0.0,0.015444015444015444,0.0,0.6000000000000001,0.0,0.0,0.0,0.0,0.0,0.0,0.0,0.0,0.0,0.0,0.009770786935533304,0.0,0.0008043294090493882,9.89901386388269e-06,0.000340173434226147,0.00016628502549745274,0.0,0.6540854068657429,0.49397656388627637,0.20339622641509433,0.1263480392156863,0.39068840712170516,0.07312488251143556,0.020202020202020204,0.8999999999999986,0.0,1.0,0.0,0.9,0.0,0.0,0.0,0.0,0.0,0.0,0.0036354330375410375,0.0,0.0,0.0001854181706737423,0.0010825576210823542,0.03312156029362849,1,2
3453,0.0,0.0,0.0,0.06756756756756757,0.0,0.6000000000000001,0.08823529411764706,0.0,0.0,0.0,0.0,1.0,0.0,0.0,0.0,0.0,0.009770786935533304,0.0,0.0008043294090493882,9.89901386388269e-06,0.000777590921381979,0.00017875016983759164,8.133898939437445e-06,0.6541064890273063,0.49400126463256033,0.3920754716981132,0.2129901960784314,0.3967815839822567,0.11730058274327967,0.25252525252525254,0.6999999999999957,0.0,0.0,0.0,0.55,0.0,0.0015695933291968117,0.0,0.0,0.0,0.0,0.0036393179096825923,0.005655495343585013,0.0,0.00012397026146315608,0.001087036300194895,0.03312156029362849,0,1
11687,0.20000000000004547,0.0,1.0,0.015444015444015444,0.0,0.6000000000000001,0.5882352941176471,0.0,0.0,0.0,0.0,0.0,0.0,0.0,0.0,0.0,0.009770786935533304,0.0,0.0008043294090493882,9.89901386388269e-06,0.0,0.0,0.0,0.6538726712200402,0.4937274486326315,0.580754716981132,0.2450980392156863,0.40287476084280827,0.1342189360235604,0.020202020202020204,0.6000000000000014,0.0,1.0,0.0,0.75,6.662608680409658e-05,0.0,0.0,0.0,5.529689730564812e-05,0.0,0.0036354330375410375,0.0,0.0015746149897330596,0.00027129686810086054,0.0010851747689503296,0.03312156029362849,1,4
12265,0.4000000000000341,0.0,0.0,0.03474903474903475,0.0,0.6000000000000001,0.0,0.0,0.0,0.0,0.0,0.0,0.0,0.0,0.0,0.0,0.009770786935533304,0.0,0.0008043294090493882,9.89901386388269e-06,0.0,0.0,0.0,0.6538565777291981,0.49370844319144835,0.20339622641509433,0.2450980392156863,0.39068840712170516,0.13415627545585562,0.020202020202020204,0.8999999999999986,0.0,1.0,0.0,0.25000000000000006,5.989830485760588e-05,0.0,0.0,0.0,9.563092061633455e-05,0.0,0.0036497776942973964,0.0,0.0,0.003812609970524446,0.0010825576210823542,0.03312156029362849,1,2
7172,0.6000000000000227,1.0,1.0,0.03861003861003861,0.0,0.2,0.23529411764705882,0.0,0.0,0.0,0.0,0.0,0.0,0.0,0.0,0.0,0.009770786935533304,0.0,0.0008043294090493882,9.89901386388269e-06,0.0009565344388548193,0.00046918803296282767,0.0,0.654097484769872,0.49399027073731333,0.3932075471698113,0.18357843137254906,0.3968486089277228,0.1027633310357792,0.24242424242424243,0.9499999999999957,0.0,1.0,0.0,0.55,8.313664754462672e-05,0.0,0.0,0.0,0.0,0.0,0.0036560424138262523,0.0,0.0,0.0004798155641772504,0.0010970106973781973,0.033128852115969776,0,4
11817,0.4000000000000341,0.0,1.0,0.06756756756756757,0.0,0.6000000000000001,0.23529411764705882,0.0,0.0,0.0,0.0,0.0,0.0,0.0,0.0,0.0,0.009770786935533304,0.0,0.0008043294090493882,9.89901386388269e-06,0.00011206563720521315,0.00040769332088480916,0.0,0.6540398395648002,0.4939233039331917,0.20339622641509433,0.2450980392156863,0.39068840712170516,0.1342189360235604,0.020202020202020204,0.75,0.0,1.0,0.0,0.2,0.0,0.0,0.0,0.0,0.0,0.0,0.0036354330375410375,0.0,0.000795687885010267,0.00030711163616698074,0.0010825576210823542,0.03312156029362849,1,4
4533,0.4000000000000341,0.0,0.0,0.31660231660231664,0.0,0.6000000000000001,0.0,0.0,0.0,0.0,0.0,0.0,0.0,0.0,0.0,0.0,0.012054392060867844,0.0,0.0008043294090493882,9.89901386388269e-06,0.030997355250961957,0.007125575110596993,0.0,0.6536200928036944,0.49342274903338945,0.39132075471698113,0.18308823529411766,0.39676330445167507,0.10226204649414125,0.020202020202020204,0.29999999999999716,0.0,1.0,0.0,0.35000000000000003,0.0,0.0,0.0,0.0,0.0,0.0014140751231700665,0.003745306519639546,0.0,0.0,0.0017376046366822018,0.001446029341604578,0.03312652071698991,0,2
3736,0.0,0.0,0.0,0.03861003861003861,0.0,0.8,0.5588235294117647,0.0,0.0,0.0,0.0,0.0,0.0,0.0,0.0,0.0,0.009770786935533304,0.0,0.0008043294090493882,9.89901386388269e-06,0.0,4.670274079438703e-05,0.0,0.6540756809954488,0.49396529593940713,0.580754716981132,0.2450980392156863,0.40287476084280827,0.13346700921110347,0.020202020202020204,0.29999999999999716,0.0,1.0,0.0,0.8,8.33606806467803e-05,0.0,0.0,0.0,0.0001888515037899661,0.0,0.0036354330375410375,0.0,0.0,0.0003762597205117828,0.0012086546892353949,0.03312156029362849,0,2
424,0.0,0.0,1.0,0.10231660231660232,0.0,0.8,0.5882352941176471,0.0,0.0,0.0,0.0,0.0,0.0,0.0,0.0,0.0,0.009770786935533304,1.8594123222599874e-05,0.0010217823295330275,9.89901386388269e-06,0.008540124559148243,0.0019671659787984515,2.8968859324413576e-05,0.654020296711477,0.49397245155924274,0.580754716981132,0.22941176470588237,0.39265041007080276,0.052384234601165494,0.020202020202020204,0.5,1.0,1.0,0.0,0.45,1.3951152270472638e-05,0.0,0.0,0.0,0.0,8.210735464342025e-05,0.003640313275649728,0.0,0.0,1.1767709507439496e-06,0.0011384920871053191,0.03319072843698012,0,4
4720,0.6000000000000227,0.0,0.0,0.05405405405405406,0.0,0.0,0.4411764705882353,0.0,0.0,0.0,0.0,0.0,0.0,0.0,0.0,0.0,0.01185820729472931,0.0,0.0008043294090493882,1.6650181805814952e-05,0.09506600304529332,0.024549104566356325,0.0,0.6538706558063458,0.49448202842477246,0.580754716981132,0.24044117647058827,0.394155424755359,0.08076947177141426,0.020202020202020204,0.14999999999999858,1.0,1.0,0.0,0.25000000000000006,0.00020746144147609408,0.0,0.0,0.0,0.0,0.00024986366637526743,0.003969120545251786,0.0,0.0,0.004012635450173728,0.0013324392056993407,0.03312156029362849,0,2
11293,0.0,0.0,1.0,0.10231660231660232,0.0,1.0,0.2647058823529412,0.0,0.0,0.0,0.0,0.0,0.0,0.0,0.0,0.0,0.009770786935533304,0.0,0.0008043294090493882,9.89901386388269e-06,0.0,0.0,0.0,0.6540905396602447,0.49398054306924993,0.580754716981132,0.24473039215686276,0.40287476084280827,0.1254464565448963,0.25252525252525254,0.44999999999999574,0.0,0.0,0.0,0.8,0.0,0.0,0.0,0.0,0.0,0.0,0.0036374426166415506,0.011310681745001142,0.0,0.0001990022005616779,0.0010847566617462844,0.03312156029362849,1,4
10617,0.8000000000000114,1.0,1.0,0.05791505791505792,0.0,0.4,0.23529411764705882,0.0,0.0,0.0,0.0,0.0,0.0,0.0,0.0,0.0,0.009852084120764997,0.0,0.0008043294090493882,9.89901386388269e-06,0.008441796000052057,0.001941570882420033,0.0,0.6539210580459772,0.4941122955215933,0.20339622641509433,0.2450980392156863,0.39068840712170516,0.09806378845792345,0.020202020202020204,0.10000000000000142,0.0,0.0,0.0,0.45,0.0,0.0,0.0,0.0,0.00014851748047927966,0.0,0.003764318598585783,0.0,0.0,0.0006454588664830563,0.0011355149258854792,0.03312156029362849,1,4
10456,0.8000000000000114,0.0,0.0,0.05791505791505792,0.0,0.8,0.5588235294117647,0.0,0.0,0.0,0.0,0.0,0.0,0.0,0.0,0.0,0.009770786935533304,0.0,0.0008043294090493882,9.89901386388269e-06,0.0,0.00018897158819650552,0.00021572230903818188,0.6497487405316035,0.49415654748325427,0.5677358490566037,0.2450980392156863,0.39091385466554557,0.1342189360235604,0.04040404040404041,0.14999999999999858,0.0,1.0,0.0,0.6,1.2722364649569696e-05,0.0,0.0,0.0,0.0,0.0,0.003690171490695458,0.0,0.0,0.06754813632737973,0.0017699736482127745,0.03312156029362849,1,2
954,0.4000000000000341,1.0,0.0,0.33976833976833976,1.0,0.6000000000000001,0.5,0.0,0.0,0.0,0.0,1.0,0.0,0.0,0.0,0.0,0.01904822245931811,0.0,0.0009344206499181863,0.0001926360243940852,0.06212918926657017,0.03068120767304425,0.0012189539244855346,0.6536630526238258,0.49550838668573033,0.580754716981132,0.24350490196078436,0.39568481214735746,0.07337552478225454,0.020202020202020204,0.5,1.0,1.0,0.0,0.25000000000000006,0.010050321840184003,0.0,0.0,0.0,0.0,0.007981037248623021,0.0042168704719908875,0.0,0.0,0.011141462705826194,0.0027482693108198883,0.033291911152706355,0,0
3510,0.0,0.0,1.0,0.10231660231660232,0.0,1.0,0.23529411764705882,0.0,0.0,0.0,0.0,0.0,0.0,0.0,0.0,0.0,0.009770786935533304,0.0,0.0008043294090493882,9.89901386388269e-06,0.0031573589527430054,0.0014891692438352589,1.1309164300822116e-05,0.6541113292670995,0.4940066816161128,0.5622641509433962,0.24375000000000005,0.40227762951047424,0.13334168807569396,0.04040404040404041,0.6499999999999986,0.0,1.0,0.0,0.35000000000000003,0.0,0.0,0.0,0.0,0.0,0.0,0.0037000179571088157,0.0,0.0,0.0003022510605008644,0.00112918790065182,0.03312156029362849,0,4
1091,0.0,0.0,1.0,0.03861003861003861,0.0,0.6000000000000001,0.23529411764705882,0.0,0.0,0.0,0.0,0.0,0.0,0.0,0.0,0.0,0.009850850065009907,0.0,0.0008043294090493882,9.89901386388269e-06,0.0,0.0,7.235690313237536e-05,0.6540251790287877,0.49404458031587456,0.580754716981132,0.2450980392156863,0.3915048928210191,0.09775048561939972,0.25252525252525254,0.14999999999999858,1.0,1.0,0.0,0.25000000000000006,0.00028664017088267434,0.0,0.0,0.0,0.0,0.0,0.0036354330375410375,0.0,0.0,0.0010827060206160038,0.0011077176124348108,0.03312156029362849,0,4
6224,0.6000000000000227,1.0,0.0,0.20463320463320464,0.6666666666666666,0.6000000000000001,0.5,0.0,0.0,0.0,0.0,1.0,0.0,0.0,0.0,0.0,0.009770786935533304,0.0,0.0008043294090493882,9.89901386388269e-06,0.009300363381866189,0.0021378553552960865,9.134325012202479e-06,0.6542860440655365,0.49417292264994434,0.2871698113207547,0.06066176470588236,0.39341815035523225,0.039664139357102585,0.020202020202020204,0.10000000000000142,0.0,1.0,0.0,0.45,4.185345681141792e-05,0.0,0.0,0.0,2.2397356366935313e-05,0.0,0.0037521602131134527,0.0,0.0,0.00015922222603109438,0.0014156270244785828,0.03347325430995313,0,0
7770,0.8000000000000114,1.0,0.0,0.15830115830115832,0.4444444444444444,0.4,0.5,0.0,0.0,0.0,0.0,1.0,0.0,0.0,0.0,0.0,0.00985286669270725,0.0,0.0008043294090493882,9.89901386388269e-06,0.003104218150584404,0.0007135879629918175,2.107419270672429e-05,0.6541015059890087,0.4939954555921546,0.28132075471698115,0.09644607843137257,0.393204889165113,0.058211667397706626,0.020202020202020204,0.5,0.0,1.0,0.0,0.35000000000000003,3.809241624799123e-05,0.0,0.0,0.0,0.0,7.220532331758525e-05,0.00363553630430607,0.0,0.0007700205338809035,0.00012890758306084265,0.0011289613247146902,0.03312156029362849,0,0
1946,0.6000000000000227,1.0,0.0,0.05791505791505792,0.7037037037037037,0.6000000000000001,0.5,0.0,0.0,0.0,0.0,1.0,0.0,0.0,0.0,0.0,0.009855500348282137,0.0,0.0013565855961612013,9.89901386388269e-06,0.015906090442030254,0.005433556417866541,0.0,0.6545381503522564,0.49451973536603366,0.2850943396226415,0.1295343137254902,0.3933145663486029,0.07513002067798735,0.020202020202020204,0.44999999999999574,0.0,1.0,0.0,0.35000000000000003,2.852688167422191e-05,0.0,0.0013322344793170976,0.00588716163653864,0.00040579752517507466,0.0,0.0036365783955395127,0.0,0.0,0.0059883571305412485,0.0013869957271858211,0.033136109215347535,0,0
9224,0.20000000000004547,0.0,0.0,0.03474903474903475,0.0,0.8,0.5294117647058824,0.0,0.0,0.0,0.0,1.0,0.0,0.0,0.0,0.0,0.010224799057723184,0.0,0.0008043294090493882,9.89901386388269e-06,7.230041110013752e-05,0.0,0.0,0.6536992051630489,0.4935239757838639,0.3915094339622641,0.24240196078431378,0.39676330445167507,0.13277774296635128,0.24242424242424243,0.3500000000000014,0.0,1.0,0.0,0.55,0.0004969936760411145,0.0,0.0,0.0,0.0,0.0,0.0036354330375410375,0.0,0.00403829568788501,0.0,0.001117840317472826,0.03312156029362849,1,1
9840,0.6000000000000227,0.0,1.0,0.10231660231660232,0.0,0.4,0.23529411764705882,0.0,0.0,0.0,0.0,0.0,0.0,0.0,0.0,0.0,0.009770786935533304,0.0,0.0008043294090493882,9.89901386388269e-06,0.0574123104463972,0.013511468556050144,0.0,0.6542130796622091,0.49412627293067657,0.39867924528301885,0.2450980392156863,0.39699484517237604,0.1342189360235604,0.020202020202020204,0.6499999999999986,0.0,1.0,0.0,0.35000000000000003,4.120851303249095e-06,0.0,0.0,0.0,3.9488840051556805e-05,0.0,0.0037871323080226746,0.0,0.0,0.001957814296334461,0.0011612782605559717,0.03312156029362849,1,4
8658,0.6000000000000227,1.0,1.0,0.03861003861003861,0.0,0.8,0.23529411764705882,0.0,0.0,0.0,0.0,0.0,0.0,0.0,0.0,0.0,0.010072694161178066,0.0,0.0008286104042582972,9.89901386388269e-06,0.007968228307346156,0.0018317114103022756,0.00017233426523022012,0.6539840921551653,0.49381958626308586,0.580754716981132,0.24473039215686276,0.4015525414640686,0.1174885644463939,0.25252525252525254,0.14999999999999858,0.0,1.0,1.0,0.4,0.0,0.0,0.0,0.0,0.0,0.0,0.0036793936601503263,0.0,0.0,0.0020324625057751315,0.001175673094295235,0.03312156029362849,0,4
199,0.8000000000000114,0.0,0.0,0.015444015444015444,0.0,0.2,0.5294117647058824,0.0,0.0,0.0,0.0,1.0,0.0,0.0,0.0,0.0,0.010673754561209278,4.198954586887577e-05,0.0008043294090493882,6.743070589078372e-05,0.046995267215089384,0.011351259041904075,0.0012345475221849376,0.6527759223819743,0.49541144965831124,0.580754716981132,0.24485294117647063,0.3949109786860674,0.11441819662886148,0.030303030303030304,0.3999999999999986,1.0,1.0,0.0,0.2,0.00238933340111353,0.0,0.0,0.0,0.0,0.002231498650757885,0.0046554982160364,0.0,0.0,0.02186361122352969,0.0018381429670000808,0.03312676873815798,0,1
5411,0.6000000000000227,0.0,0.0,0.02316602316602317,0.0,0.6000000000000001,0.5294117647058824,0.0,0.0,0.0,0.0,1.0,0.0,0.0,0.0,0.0,0.010387664318474274,0.0,0.0008113782271832526,9.89901386388269e-06,0.048087726426812465,0.012457166647761198,0.0,0.6541831989923327,0.4940859923884871,0.3796226415094339,0.13811274509803922,0.39637334113259975,0.07932827871420517,0.020202020202020204,0.9499999999999957,0.0,1.0,0.0,0.45,0.0,0.0,0.0,0.0,0.0,0.00018242866471830345,0.003674820473791656,0.0,0.0,0.003089509803269479,0.0014566019765881908,0.03313892177539346,0,1
1030,0.8000000000000114,1.0,0.0,0.03861003861003861,0.537037037037037,0.6000000000000001,0.5,0.0,0.0,0.0,0.0,1.0,0.0,0.0,0.0,0.0,0.009770786935533304,0.0,0.0008043294090493882,9.89901386388269e-06,0.0,0.0,0.0,0.6536917680446537,0.4941009829345873,0.2788679245283019,0.10073529411764708,0.39104181137961713,0.06027946613196315,0.020202020202020204,0.7999999999999972,0.0,1.0,0.0,0.45,3.610327385614282e-05,0.0,0.0,0.0,0.00014413504876527414,0.0,0.0037402990631587247,0.0,0.001026694045174538,0.001869351819211144,0.001170791723668093,0.03312156029362849,0,0
2093,0.20000000000004547,0.0,0.0,0.05067567567567568,0.0,0.6000000000000001,0.1176470588235294,0.3333333333333333,0.0,0.0,0.0,0.0,0.0,0.0,0.0,0.0,0.009770786935533304,0.0,0.0008043294090493882,9.89901386388269e-06,0.0,0.0,1.033048662094328e-05,0.6541080611361308,0.4940012514346069,0.3992452830188679,0.178921568627451,0.3970131247029577,0.09430415439563884,0.24242424242424243,0.0,0.0,1.0,0.0,0.55,0.0,0.0,0.0,0.0,0.0,0.0,0.0036354330375410375,0.0,0.0,4.310563156529467e-05,0.0010873768332703886,0.03312156029362849,0,2
12318,0.20000000000004547,1.0,1.0,0.06756756756756757,0.0,0.6000000000000001,0.23529411764705882,0.0,0.0,0.0,0.0,0.0,0.0,0.0,0.0,0.0,0.009770786935533304,0.0,0.0008043294090493882,9.89901386388269e-06,0.00019882613052537817,0.00017052317457309996,0.0,0.6538533579708088,0.49370432814718895,0.580754716981132,0.2450980392156863,0.40287476084280827,0.13403095432044615,0.020202020202020204,0.9499999999999957,0.0,1.0,0.0,0.75,0.0,0.0,0.0,0.0,0.0,0.0,0.0036354330375410375,0.0,0.0,0.0039007910458986723,0.0010857414814178868,0.03312156029362849,1,4
3765,0.6000000000000227,0.0,0.0,0.015444015444015444,0.0,0.6000000000000001,0.029411764705882346,0.0,0.0,0.0,0.0,0.0,0.0,0.0,0.0,0.0,0.009770786935533304,0.0,0.0008043294090493882,9.89901386388269e-06,0.0,0.0,0.0,0.6541357431728861,0.49403284073625603,0.28094339622641507,0.14816176470588238,0.3932109823419735,0.08459176640140362,0.020202020202020204,0.7999999999999972,0.0,1.0,0.0,0.05,0.0,0.0,0.00047573322042356286,0.0,0.0,0.0001705389993672096,0.0036808814083355247,0.0,0.0,0.0005962647243465212,0.0011341458540448481,0.03315628325715843,0,2
6981,0.6000000000000227,0.0,1.0,0.10424710424710425,0.0,0.4,0.23529411764705882,0.0,0.0,0.0,0.0,0.0,0.0,0.0,0.0,0.0,0.009770786935533304,0.0,0.0008043294090493882,9.89901386388269e-06,0.0,0.00027182324757729534,0.0,0.6541045561120518,0.4939982042600539,0.4092452830188679,0.20661764705882354,0.3973360630765669,0.11278902186853813,0.25252525252525254,0.10000000000000142,0.0,1.0,0.0,0.55,0.00012974911055633725,0.0,0.0,0.0,0.0,0.0,0.0036354330375410375,0.0,0.0,0.00029061126087937537,0.0010905477067550073,0.03312156029362849,0,4
1445,0.4000000000000341,0.0,1.0,0.03861003861003861,0.0,0.6000000000000001,0.23529411764705882,0.0,0.0,0.0,0.0,0.0,0.0,0.0,0.0,0.0,0.009974646926490083,6.39664027763383e-05,0.0012595551837078734,9.89901386388269e-06,0.0,0.0,0.0,0.6538964870949675,0.49453186933155613,0.5769811320754716,0.23995098039215687,0.3956543462630547,0.13114856820602797,0.030303030303030304,0.0,0.0,1.0,0.0,0.25000000000000006,0.0,0.0,0.0,0.0,0.0,0.0018988771313309305,0.004078160040244103,0.0,0.0,0.002005857249497442,0.0012653155266831462,0.03312230931755607,0,4
10492,0.0,1.0,1.0,0.10424710424710425,0.0,0.6000000000000001,0.2647058823529412,0.0,0.0,0.0,0.0,0.0,0.0,0.0,0.0,0.0,0.009770786935533304,0.0,0.0008043294090493882,9.89901386388269e-06,0.0,0.0,0.0,0.6540962814191341,0.49398943150274216,0.20339622641509433,0.2450980392156863,0.39068840712170516,0.1342189360235604,0.07070707070707072,0.0,0.0,1.0,0.0,0.9,0.0,0.0,0.0,0.0,0.0,0.0,0.0036354330375410375,0.0,0.0,0.00011097461705059246,0.0010825576210823542,0.03312156029362849,1,4
565,0.0,0.0,0.0,0.025675675675675677,0.0,0.0,0.7941176470588235,0.3333333333333333,0.0,0.0,0.0,0.0,0.0,0.0,0.0,0.0,0.009770786935533304,0.0,0.0008043294090493882,9.89901386388269e-06,0.0004854972605374234,0.0013414157329234794,0.0,0.6541051849555816,0.49399968864164506,0.2788679245283019,0.13566176470588237,0.3931256778659258,0.07801240679240555,0.25252525252525254,0.44999999999999574,0.0,1.0,0.0,0.35000000000000003,0.00027462384994898255,0.0,0.0,0.0,0.0,0.0,0.0036354330375410375,0.0,0.0,0.000599488053472472,0.001089274995365433,0.03312156029362849,0,2
6372,0.20000000000004547,1.0,0.0,0.06756756756756757,0.0,0.6000000000000001,0.029411764705882346,0.0,0.0,0.0,0.0,0.0,0.0,0.0,0.0,0.0,0.009770786935533304,0.0,0.0008043294090493882,9.89901386388269e-06,6.10938473796162e-05,0.00038201512354412305,0.0,0.6541039786229724,0.4939984495867185,0.38490566037735846,0.17990196078431375,0.39655004326155574,0.1008835140046369,0.24242424242424243,0.29999999999999716,0.0,0.0,0.0,0.55,0.0,0.0008380976570902199,0.0,0.0,0.0,0.0,0.0036354330375410375,0.006530110623694768,0.0,0.00010642102511075717,0.001086695717551268,0.03312156029362849,0,3
2338,0.6000000000000227,0.0,0.0,0.03474903474903475,0.0,0.6000000000000001,0.029411764705882346,0.0,0.0,0.0,0.0,0.0,0.0,0.0,0.0,0.0,0.010101363383293278,0.0,0.0008043294090493882,9.89901386388269e-06,0.00048115923587141517,0.005958505196510923,0.0,0.6540508903799184,0.49404746717411024,0.580754716981132,0.2450980392156863,0.3931866096345313,0.05163230778870857,0.25252525252525254,0.0,1.0,1.0,0.0,0.45,0.00026935567760743185,0.0,0.0,0.0,0.0,0.0,0.0036354330375410375,0.0,0.0,0.002562776892925611,0.0011596712616756947,0.033136525890909894,0,2
8068,0.0,0.0,0.0,0.03474903474903475,0.0,0.6000000000000001,0.5294117647058824,0.0,0.0,0.0,0.0,1.0,0.0,0.0,0.0,0.0,0.01682940526112582,0.00010079455176476234,0.0008330704971483087,4.052725103372831e-05,0.015636771410682242,0.01405910389739358,0.0,0.6507229221995441,0.4952421369948953,0.5786792452830188,0.2422794117647059,0.39494144457037017,0.10082085343693216,0.030303030303030304,0.29999999999999716,1.0,1.0,0.0,0.25000000000000006,0.012541970480162883,0.0,0.00010050985818230392,0.0004381859015773814,0.0,4.3005172546509726e-05,0.0061014822587909705,0.0,0.0,0.021763125217127033,0.002787962331867136,0.0331350080013613,0,1
280,0.0,0.0,0.0,0.04864864864864865,0.0,0.0,0.7941176470588235,0.2222222222222222,0.0,0.0,0.0,0.0,0.0,0.0,0.0,0.0,0.009770786935533304,0.0,0.0008043294090493882,9.89901386388269e-06,0.00024292938129646206,5.584384664382221e-05,0.0,0.6541182435640563,0.49401470441912687,0.2850943396226415,0.1754901960784314,0.393326752702324,0.09775048561939972,0.24242424242424243,0.5,0.0,0.0,0.0,0.05,0.0,6.518070087756352e-05,0.0,0.0,0.0,0.0,0.0036376632855462964,0.008750400755919699,0.0,0.00026323854528598347,0.0010911934308269803,0.03312156029362849,0,2
8082,0.0,1.0,1.0,0.03861003861003861,0.0,0.6000000000000001,0.9411764705882353,0.0,0.0,0.0,0.0,0.0,0.0,0.0,0.0,0.0,0.009770786935533304,0.0,0.0008043294090493882,9.89901386388269e-06,0.004645662915239336,0.0010679304661008321,0.0,0.6540575508864939,0.49406457754444405,0.580754716981132,0.2425245098039216,0.398828891407402,0.1322137978570086,0.020202020202020204,0.29999999999999716,0.0,1.0,0.0,0.25000000000000006,0.00018761753973079408,0.0,0.0,0.0,0.0,0.0004552766081856551,0.003643867929732757,0.0,0.0,0.000673061819871159,0.0011360648347558614,0.03312156029362849,0,4
5324,0.4000000000000341,0.0,0.0,0.015444015444015444,0.0,0.2,0.5294117647058824,0.0,0.0,0.0,0.0,1.0,0.0,0.0,0.0,0.0,0.009770786935533304,0.0,0.0008043294090493882,9.89901386388269e-06,0.024824346151232215,0.014669979071022653,0.0,0.6541042662078955,0.4939881994349675,0.5135849056603774,0.21102941176470588,0.4007055898804519,0.11648599536311802,0.020202020202020204,0.7999999999999972,0.0,1.0,0.0,0.45,0.002886408543737246,0.0,0.00016966709259861332,0.0007396859301451684,0.0005203981144963188,0.0,0.0037403438251785485,0.0,0.0,0.00446333872430866,0.0015791951725373748,0.03312156029362849,0,1
8854,0.4000000000000341,1.0,0.0,0.03474903474903475,0.0,0.6000000000000001,0.1764705882352941,0.0,0.0,0.0,0.0,0.0,0.0,0.0,0.0,0.0,0.009770786935533304,0.0,0.0008043294090493882,9.89901386388269e-06,0.0,0.0,0.0,0.6540840839088332,0.4939751408363514,0.5811320754716981,0.2450980392156863,0.4028869471965294,0.1342189360235604,0.020202020202020204,0.5499999999999972,0.0,1.0,0.0,0.10000000000000002,0.0,0.0,0.0,0.0,0.0,0.0,0.0036354330375410375,0.0,0.0,0.0002993347151011946,0.001082692545541087,0.03312156029362849,0,3
11806,0.6000000000000227,0.0,1.0,0.03474903474903475,0.0,0.6000000000000001,0.23529411764705882,0.0,0.0,0.0,0.0,0.0,0.0,0.0,0.0,0.0,0.009770786935533304,0.0,0.0008043294090493882,9.89901386388269e-06,0.00672429973436829,0.012785332347755921,0.0,0.6536078585169806,0.49339576310027833,0.20339622641509433,0.2442401960784314,0.39068840712170516,0.12933141174259039,0.020202020202020204,0.75,0.0,1.0,0.0,0.10000000000000002,0.0,0.0,0.0,0.0,0.0,0.0,0.003640873586196119,0.0,0.0012833675564681726,0.005230286400467434,0.0010825576210823542,0.03312156029362849,1,4
300,0.0,0.0,0.0,0.10231660231660232,0.0,1.0,0.5588235294117647,0.0,0.0,0.0,0.0,0.0,0.0,0.0,0.0,0.0,0.009846801760154792,0.0,0.0008043294090493882,9.89901386388269e-06,0.0022315521886057442,0.0005129822400778489,0.0,0.6541585942467814,0.4940612578709693,0.2792452830188679,0.11151960784313726,0.39313786421964686,0.06541763268375211,0.020202020202020204,0.6000000000000014,0.0,1.0,0.0,0.35000000000000003,2.8513303910455025e-07,0.0,0.0,0.0,3.308735944074161e-05,0.0,0.003648403814408241,0.0,0.0,0.0002513940898469737,0.0011078824760460322,0.03312156029362849,0,2
2035,0.0,0.0,0.0,0.10424710424710425,0.0,0.0,0.4411764705882353,0.0,0.0,0.0,0.0,0.0,0.0,0.0,0.0,0.0,0.009770786935533304,0.0,0.0019600236883954543,1.2571140305666974e-05,0.018462632978531117,0.005711944641462976,0.0018036594672309243,0.654032283502871,0.4946444451574962,0.580754716981132,0.24448529411764708,0.39768337415761834,0.13215113728930386,0.020202020202020204,0.6499999999999986,0.0,1.0,0.0,0.2,0.0009063021536756965,0.0,0.0,0.0,0.0011139045809073508,0.0,0.00395654634417425,0.0,0.0,0.0036385501977231017,0.001332037356843005,0.03315998869340941,0,2
8729,0.8000000000000114,1.0,0.0,0.06756756756756757,0.0,0.6000000000000001,0.029411764705882346,0.0,0.0,0.0,0.0,0.0,0.0,0.0,0.0,0.0,0.009770786935533304,0.0,0.000813124836986334,9.89901386388269e-06,0.00030763824923108515,0.00038766598897831936,0.0,0.6541101726323456,0.4940059254510135,0.399811320754717,0.1942401960784314,0.3969887519955155,0.10821480042609187,0.24242424242424243,0.5,0.0,0.0,0.0,0.55,0.0,0.0030487747184666804,0.0,0.0,0.0,0.0,0.0036358786944927926,0.006652837900283818,0.0,0.00013601937271968652,0.0010873224570282028,0.03312156029362849,0,3
10213,0.8000000000000114,0.0,1.0,0.06756756756756757,0.0,0.6000000000000001,0.23529411764705882,0.0,0.0,0.0,0.0,0.0,0.0,0.0,0.0,0.0,0.009770786935533304,0.0,0.0008043294090493882,9.89901386388269e-06,0.0,0.0,0.0,0.6529134005653033,0.49260356215357376,0.20339622641509433,0.09644607843137257,0.39068840712170516,0.058211667397706626,0.04040404040404041,0.14999999999999858,0.0,1.0,0.0,0.35000000000000003,0.0,0.0,0.0004959964917321316,0.0001687696952915892,0.0,3.765663007854045e-05,0.0036354330375410375,0.0,0.0,0.007230490033005867,0.0010825576210823542,0.03312156029362849,1,4
325,0.6000000000000227,1.0,0.0,0.10424710424710425,0.2962962962962963,0.6000000000000001,0.5,0.0,0.0,0.0,0.0,1.0,0.0,0.0,0.0,0.0,0.00994451790671336,0.0,0.0008043294090493882,9.89901386388269e-06,0.0008694124434791536,0.00043345461918776286,9.43880251260923e-06,0.654088735296776,0.4939798606574201,0.40962264150943395,0.2240196078431373,0.3973543426071486,0.12149884077949748,0.24242424242424243,0.5,0.0,0.0,0.0,0.55,0.0,0.0004941117647170138,0.0,0.0,0.0,0.0,0.003636570542553579,0.004791461332759525,0.0002566735112936345,0.00014425676937489417,0.0010857489166378757,0.033122056335964635,0,0
6515,0.20000000000004547,1.0,0.0,0.10231660231660232,0.4444444444444444,0.6000000000000001,0.5,0.0,0.0,0.0,0.0,1.0,0.0,0.0,0.0,0.0,0.009892115685503298,0.0,0.0009009699532430997,9.89901386388269e-06,0.00039765226105075634,9.141105849435183e-05,2.324903199534393e-05,0.6541117013383766,0.49400952499873707,0.39415094339622636,0.13186274509803922,0.39676330445167507,0.07613258976126325,0.24242424242424243,0.3999999999999986,0.0,1.0,0.0,0.45,4.148685718971206e-05,0.0,0.0,0.0,0.0,0.0,0.0036354330375410375,0.0,0.0,1.4556145021158853e-05,0.0011059766308903326,0.03312156029362849,0,0
5660,0.0,0.0,1.0,0.10231660231660232,0.0,0.6000000000000001,0.23529411764705882,0.0,0.0,0.0,0.0,0.0,0.0,0.0,0.0,0.0,0.009770786935533304,0.0,0.0011909227752850036,9.89901386388269e-06,0.002567387598165883,0.0005901830340244424,0.0001081112610372822,0.6542378255496697,0.49416488781350204,0.36735849056603775,0.19571078431372552,0.39583714156887123,0.1089667272385488,0.25252525252525254,0.8999999999999986,0.0,1.0,0.0,0.35000000000000003,0.0,0.0,0.0,0.0,0.0,0.0,0.0036354330375410375,0.0,0.0,0.0001363775204003477,0.0011319404190917274,0.03312156029362849,0,4
6653,0.20000000000004547,1.0,0.0,0.015444015444015444,0.35185185185185186,0.6000000000000001,0.5,0.0,0.0,0.0,0.0,1.0,0.0,0.0,0.0,0.0,0.009770786935533304,0.0,0.0008043294090493882,9.89901386388269e-06,0.0,9.481819794732312e-05,0.0,0.6541083179083835,0.49400410879153484,0.3956603773584906,0.1493872549019608,0.39568481214735746,0.06999185412619839,0.24242424242424243,0.19999999999999574,1.0,1.0,0.0,0.05,0.0001849359313868346,0.0,0.0,0.0,0.0,0.0,0.0036354330375410375,0.0,0.0,6.592475521885126e-05,0.001101441245833343,0.03313821243485278,0,0
518,0.8000000000000114,0.0,0.0,0.05791505791505792,0.0,0.4,0.029411764705882346,0.0,0.0,0.0,0.0,0.0,0.0,0.0,0.0,0.0,0.009770786935533304,0.0,0.0008043294090493882,9.89901386388269e-06,0.0,8.310096226759258e-08,0.0012697799186605755,0.6542354195108321,0.49415197089879825,0.3718867924528302,0.12757352941176472,0.3961296140581777,0.07412745159471146,0.020202020202020204,0.0,0.0,1.0,0.0,0.5,4.8791694096295306e-05,0.0,0.0,0.0,0.0,0.0,0.003950811308546643,0.0,0.0,0.002786670357293243,0.0014176245211126794,0.03312156029362849,0,2
4352,0.4000000000000341,0.0,0.0,0.03474903474903475,0.0,0.2,0.029411764705882346,0.0,0.0,0.0,0.0,0.0,0.0,0.0,0.0,0.0,0.009770786935533304,0.0,0.0008043294090493882,9.89901386388269e-06,0.0013368346012415427,0.0005294362306068323,0.0,0.654097226341024,0.49398910737653173,0.27943396226415096,0.08223039215686276,0.3931439573965074,0.05044175700231844,0.020202020202020204,0.9499999999999957,0.0,1.0,0.0,0.45,0.00013433839470954382,0.0,0.0,0.0,3.308735944074161e-05,0.0,0.003637674279726604,0.0,0.00025410677618069815,6.96597238886038e-05,0.0010992978206149301,0.03312284008285574,0,2
7108,0.0,0.0,0.0,0.06756756756756757,0.0,0.6000000000000001,0.5588235294117647,0.0,0.0,0.0,0.0,0.0,0.0,0.15526601273223334,0.0,0.0,0.009770786935533304,0.0,0.0008043294090493882,9.89901386388269e-06,0.0006995064773938304,0.00016080036198779164,1.3049035731717827e-06,0.6540978853345861,0.49399121206193636,0.580754716981132,0.2450980392156863,0.40287476084280827,0.13390563318503665,0.0,0.3999999999999986,0.0,0.0,0.0,0.10000000000000002,0.0,0.008406628330602402,0.0,0.0,2.3946859008672976e-06,0.0,0.003637877279412998,0.011294925694388074,0.0,8.766943583042424e-05,0.0010872562340021679,0.03312156029362849,0,2
11889,0.4000000000000341,0.0,0.0,0.02316602316602317,0.0,0.6000000000000001,0.029411764705882346,0.0,0.0,0.0,0.0,0.0,0.0,0.0,0.0,0.0,0.009770786935533304,0.0,0.0008043294090493882,9.89901386388269e-06,2.8920164440055005e-05,0.0024776551900082726,0.0,0.6538928525251454,0.49375109315446214,0.2788679245283019,0.0,0.3931256778659258,0.008897800614073564,0.04040404040404041,0.6499999999999986,0.0,1.0,0.0,0.35000000000000003,0.0,0.0,0.0,0.0,0.0,0.0,0.0036354330375410375,0.0,0.0,0.001413225165911913,0.0010497873350942802,0.03312156029362849,1,2
3305,0.0,1.0,1.0,0.03861003861003861,0.0,0.6000000000000001,0.2941176470588235,0.0,0.0,0.0,0.0,0.0,0.0,0.0,0.0,0.0,0.009770786935533304,3.950159980388001e-06,0.0005995705990988586,9.89901386388269e-06,0.0,0.0007094329148784378,0.0,0.6540219867698782,0.4938942393224079,0.580754716981132,0.2450980392156863,0.40292959943455325,0.13378031204962718,0.020202020202020204,0.10000000000000142,0.0,1.0,0.0,0.5,0.0,0.0,0.0,0.0,0.0,0.0,0.0038324538530943274,0.0,0.0,0.000794064571980265,0.0012297036978878306,0.03312156029362849,0,4
11226,0.20000000000004547,0.0,0.0,0.10231660231660232,0.0,0.6000000000000001,0.0,0.0,0.0,0.0,0.0,0.0,0.0,0.0,0.0,0.0,0.009770786935533304,0.0,0.0008043294090493882,9.89901386388269e-06,0.002774528275967777,0.0007738361606358221,0.0,0.6540318117045641,0.49390936378891837,0.580754716981132,0.2450980392156863,0.40287476084280827,0.1335296697788082,0.030303030303030304,0.3999999999999986,0.0,1.0,0.0,0.8,8.207758197080983e-06,0.0,0.0,0.0,2.4729436100459673e-06,0.0,0.0036354330375410375,0.0,0.0,0.0005931181411521407,0.0011900768007303516,0.03312156029362849,1,2
4693,0.20000000000004547,1.0,0.0,0.06756756756756757,0.2962962962962963,0.6000000000000001,0.5,0.0,0.000570376,0.0,0.0,1.0,0.0,0.0,0.0,0.0,0.009770786935533304,0.0,0.0008043294090493882,9.89901386388269e-06,0.00019991063669188024,0.00047392478781208046,0.0,0.6541034014652122,0.4939977314627793,0.3433962264150943,0.0948529411764706,0.39521563752909494,0.05739708001754497,0.24242424242424243,0.5499999999999972,0.0,0.0,0.0,0.5,6.838440721190797e-05,0.0,0.0,0.0,0.0,0.0,0.0036354330375410375,0.0,0.00013760266940451746,0.0,0.0010858218313619006,0.033122096019351524,0,0
5180,0.20000000000004547,0.0,0.0,0.02364864864864865,0.0,0.0,0.7941176470588235,0.3333333333333333,0.0,0.0,0.0,0.0,0.0,0.0,0.0,0.0,0.009770786935533304,0.0,0.0008043294090493882,9.89901386388269e-06,0.0005621356963035691,0.00023218408857565365,0.0,0.6541192431535872,0.49401599238411625,0.3920754716981132,0.19669117647058826,0.3967815839822567,0.10840278212920611,0.04040404040404041,0.29999999999999716,0.0,1.0,0.0,0.55,2.0230868012656186e-05,0.0,1.2500724588370797e-05,0.0,1.8938365621238103e-05,0.0,0.0036354330375410375,0.0,0.0,1.9749286390746283e-05,0.0010896773894712346,0.03312156029362849,0,2
11802,0.6000000000000227,0.0,0.0,0.03474903474903475,0.0,0.6000000000000001,0.5588235294117647,0.0,0.0,0.0,0.0,0.0,0.0,0.0,0.0,0.0,0.009770786935533304,0.0,0.0008043294090493882,9.89901386388269e-06,0.0010523324835625015,0.005371479999052649,0.0,0.6534323591550669,0.493211576731468,0.580754716981132,0.2450980392156863,0.40287476084280827,0.1342189360235604,0.020202020202020204,0.75,0.0,1.0,0.0,0.5,0.0,0.0,0.0,0.0,0.0,0.0,0.0036354330375410375,0.0,0.0,0.012009228954091096,0.0010890185298439476,0.03312156029362849,1,2
6216,0.6000000000000227,1.0,0.0,0.06756756756756757,0.2962962962962963,0.4,0.5,0.0,0.0,0.0,0.0,1.0,0.0,0.0,0.0,0.0,0.009770786935533304,0.0,0.0008043294090493882,9.89901386388269e-06,0.0,0.0001376982944774009,0.0,0.6541009347949911,0.4939933769144818,0.4758490566037735,0.21605392156862746,0.4000840858406757,0.11930572090983146,0.24242424242424243,0.10000000000000142,0.0,0.0,1.0,0.85,0.0,0.00033221131415016243,0.0,0.0,0.0,0.0,0.0036362128390442848,0.005674186344802477,0.0,8.370422936596093e-05,0.001085976335233271,0.0331406777652634,0,0
1984,0.6000000000000227,1.0,0.0,0.10231660231660232,0.0,0.6000000000000001,0.1764705882352941,0.0,0.0,0.0,0.0,0.0,0.0,0.0,0.0,0.0,0.010548844039657435,0.0,0.005297436343285241,9.89901386388269e-06,9.724405292968496e-05,6.72286784744824e-05,0.0,0.6540937067389073,0.4940723484218168,0.580754716981132,0.2450980392156863,0.3927844599617349,0.08064415063600477,0.25252525252525254,0.10000000000000142,0.0,0.0,1.0,0.5,0.0,0.013026888721194597,0.0,0.0,0.0,0.0,0.00363890994706332,0.03471861199698133,0.0,0.00016454327728663225,0.0011003984314458268,0.03312156029362849,0,3
7476,0.0,1.0,0.0,0.04247104247104247,0.14814814814814814,0.6000000000000001,0.5,0.0,0.0,0.0,0.0,1.0,0.0,0.0,0.0,0.0,0.009770786935533304,0.0,0.0008043294090493882,9.89901386388269e-06,0.0,0.0017166996785239275,0.0,0.6541028054222668,0.49399707505868135,0.20339622641509433,0.2450980392156863,0.39068840712170516,0.1342189360235604,0.020202020202020204,0.7999999999999972,0.0,1.0,0.0,0.75,0.0,0.0,0.0,0.0,0.0,0.0,0.0036354330375410375,0.0,0.0005302361396303902,1.0232790876034343e-05,0.0010825576210823542,0.03312156029362849,0,0
7836,0.0,0.0,0.0,0.0,0.0,0.0,0.7941176470588235,0.3333333333333333,0.0,0.0,0.0,0.0,0.0,0.0,0.0,0.0,0.009770786935533304,0.0,0.0009694308196317383,9.89901386388269e-06,0.00022087775591092011,0.00010819745287240553,0.0,0.6540932720483325,0.493989370171076,0.580754716981132,0.2450980392156863,0.40250307705431465,0.1336549909142177,0.25252525252525254,0.6499999999999986,0.0,0.0,0.0,0.5,0.0,0.06189643459463596,0.0,0.0,0.0,0.0,0.003649102730156368,0.05490929573774888,0.0,0.00020905591759738163,0.0011032365540518735,0.03312156029362849,0,2
10126,0.4000000000000341,0.0,0.0,0.03474903474903475,0.0,0.8,0.5588235294117647,0.0,0.0,0.0,0.0,0.0,0.0,0.0,0.0,0.0,0.009770786935533304,0.0,0.0008043294090493882,9.89901386388269e-06,0.0,0.0,0.0,0.6540941964284421,0.4940082642060048,0.580754716981132,0.2450980392156863,0.3908102706589162,0.012156150134720222,0.24242424242424243,0.0,0.0,0.0,1.0,0.45,0.0,0.0,0.0,0.0,0.0,0.0,0.0036354330375410375,0.1369942259480991,0.0,0.00014318232633291056,0.0011719626716800852,0.03312156029362849,1,2
2776,0.0,1.0,1.0,0.03861003861003861,0.0,0.4,0.32352941176470584,0.0,0.0,0.0,0.0,0.0,0.0,0.0,0.0,0.0,0.009770786935533304,0.0,0.0008043294090493882,9.89901386388269e-06,0.01462673466761332,0.003362348034309063,0.0,0.6543987203684878,0.49433264078935696,0.31849056603773584,0.14987745098039218,0.39441133818350216,0.08496772980763208,0.07070707070707072,0.6999999999999957,0.0,1.0,0.0,0.0,0.0,0.0,0.0,0.0,0.0,0.0,0.003850637834673823,0.0,0.0,0.0011304164080755139,0.0013115726573454337,0.03312156029362849,0,4
8305,0.4000000000000341,0.0,0.0,0.03474903474903475,0.0,0.6000000000000001,0.1176470588235294,0.0,0.0,0.0,0.0,0.0,0.0,0.0,0.0,0.0,0.009770786935533304,0.0,0.0008043294090493882,9.89901386388269e-06,0.0020739372924074447,0.0004969437543602036,0.0,0.6541027500919879,0.4939707758073262,0.20339622641509433,0.24485294117647063,0.39068840712170516,0.009775048561939972,0.020202020202020204,0.9499999999999957,0.0,1.0,0.0,0.45,0.0,0.0,0.0,0.0,0.0,0.0,0.0036354330375410375,0.0,0.0,1.7293416580498042e-05,0.001094723227164532,0.03312156029362849,0,2
7262,0.4000000000000341,0.0,0.0,0.04247104247104247,0.0,0.6000000000000001,0.0,0.0,0.0,0.0,0.0,0.0,0.0,0.0,0.0,0.0,0.010643625541432557,0.0,0.0042810965746564586,9.89901386388269e-06,0.0016629094553031628,0.006643506428482688,0.0,0.6538869033605397,0.4938059729622486,0.5649056603773585,0.2450980392156863,0.4020887410277971,0.13327902750798926,0.24242424242424243,0.6499999999999986,0.0,1.0,0.0,0.4,0.002043256569341324,0.0,0.0,0.0,0.0,0.0,0.0036354330375410375,0.0,0.0,0.007369962972646215,0.0016730086642028174,0.03312156029362849,0,2
11771,0.6000000000000227,0.0,0.0,0.03861003861003861,0.0,1.0,0.0,0.0,0.0,0.0,0.0,0.0,0.0,0.0,0.0,0.0,0.009770786935533304,0.0,0.0008043294090493882,9.89901386388269e-06,0.0,0.0,0.0,0.654050489152566,0.49390364558148653,0.580754716981132,0.2450980392156863,0.398055057946112,0.08546901434927003,0.020202020202020204,0.6000000000000014,0.0,1.0,0.0,0.4,0.0,0.0,0.0,0.0,0.0,7.51687049552439e-06,0.003644619067837345,0.0,0.0,0.0008178046468126647,0.0011802750989233256,0.03312156029362849,1,2
6770,0.6000000000000227,1.0,1.0,0.02316602316602317,0.0,0.6000000000000001,0.23529411764705882,0.0,0.0,0.0,0.0,0.0,0.0,0.0,0.0,0.0,0.009770786935533304,0.0,0.0008043294090493882,9.89901386388269e-06,0.014830260324860208,0.0034091338760657178,0.00011718034087082609,0.6538841901889559,0.49407861550884324,0.279811320754717,0.06384803921568628,0.3920715582690504,0.03816028573218874,0.04040404040404041,0.9499999999999957,1.0,1.0,0.0,0.0,0.0,0.0,0.0,0.0,4.230611758198892e-05,0.0,0.003723499170350098,0.0,0.0,0.001440265315801834,0.001210699820845554,0.03312156029362849,0,4
9776,0.6000000000000227,1.0,0.0,0.31660231660231664,0.0,0.6000000000000001,0.0,0.0,0.0,0.0,0.0,0.0,0.0,0.0,0.0,0.0,0.009770786935533304,0.0,0.0008043294090493882,9.89901386388269e-06,0.020670326031473816,0.030973723060226176,0.0,0.6539009900519823,0.4905615402439012,0.580188679245283,0.2450980392156863,0.5213992371342571,0.13415627545585562,0.25252525252525254,0.5499999999999972,0.0,1.0,1.0,0.8,1.1276332808396618e-05,0.0,0.0,0.0,0.0,0.0,0.003636753909775138,0.0,0.0,0.011267249287669846,0.0016227939146448147,0.0739898831967127,1,3
1915,0.8000000000000114,0.0,0.0,0.05791505791505792,0.0,0.2,0.0,0.0,0.0,0.0,0.0,0.0,0.0,0.0,0.0,0.0,0.009895411517337017,0.0,0.0008043294090493882,9.89901386388269e-06,0.0,0.0,0.0,0.6549342757227089,0.49497068109958836,0.29377358490566036,0.14203431372549022,0.3936070388379094,0.08152139858387118,0.020202020202020204,0.6000000000000014,0.0,1.0,0.0,0.05,0.0005329408056139382,0.0,0.0,0.0,0.0001492844060292306,0.0,0.003996174867093043,0.0,0.0,0.0035996911743713614,0.0017215693251539464,0.03312156029362849,0,2
358,0.6000000000000227,0.0,0.0,0.03474903474903475,0.0,0.6000000000000001,0.5294117647058824,0.0,0.0,0.0,0.0,1.0,0.0,0.0,0.0,0.0,0.009770786935533304,0.0,0.0008043294090493882,9.89901386388269e-06,0.0,0.00012747687611848701,0.0,0.6540913838611477,0.49401057384786345,0.20339622641509433,0.2450980392156863,0.39068840712170516,0.022808446644526602,0.11111111111111112,0.5,1.0,1.0,0.0,0.8,5.1554769022856064e-05,0.0,0.00016029154915733523,7.032070637149551e-05,0.0,9.584009881793596e-05,0.003637453610821858,0.0,0.0002266170431211499,0.0,0.001100455930480408,0.03312156029362849,0,1
8008,0.8000000000000114,1.0,0.0,0.06756756756756757,0.2962962962962963,0.6000000000000001,0.5,0.0,0.0,0.0,0.0,1.0,0.0,0.0,0.0,0.0,0.009770786935533304,0.0,0.0008043294090493882,9.89901386388269e-06,0.0,0.0021978542500532884,0.0,0.6541553642175019,0.49405752323831015,0.3933962264150943,0.18394607843137256,0.39682423622028057,0.10263800990036973,0.020202020202020204,0.7999999999999972,0.0,1.0,0.0,0.55,0.0002788465344804833,0.0,0.0,0.0,0.00022348836587244536,0.0,0.003701861445556825,0.0,0.0,0.0012714754303016474,0.0011341564616253656,0.03312156029362849,0,0
4544,0.4000000000000341,0.0,0.0,0.03474903474903475,0.0,1.0,0.029411764705882346,0.0,0.0,0.0,0.0,0.0,0.0,0.0,0.0,0.0,0.009770786935533304,0.0,0.0008043294090493882,9.89901386388269e-06,0.010285456483105563,0.0023644716793998115,0.0,0.6541898131142432,0.49420545909884306,0.28452830188679246,0.1116421568627451,0.3930099075055753,0.0656682749545711,0.04040404040404041,0.9499999999999957,0.0,0.0,0.0,0.0,8.146658260130008e-08,0.0,3.1050186880791985e-05,0.0,0.0,1.1130750541449577e-05,0.0038630204228945696,0.0,0.0,0.002835634261635067,0.001211775052792222,0.03312156029362849,0,2
7635,0.20000000000004547,1.0,0.0,0.015444015444015444,0.35185185185185186,0.6000000000000001,0.5,0.0,0.0,0.0,0.0,1.0,0.0,0.0,0.0,0.0,0.009770786935533304,0.0,0.001211055572211594,9.89901386388269e-06,0.03502159613279561,0.008050655022559833,0.001163082303160896,0.65389620447983,0.494183991074811,0.5733962264150944,0.22622549019607846,0.39773211957250276,0.09850241243185666,0.030303030303030304,0.5,0.0,1.0,0.0,0.05,0.00010804505517497422,0.0,0.00133052067030095,0.00226300823191769,0.0002541810394123197,0.0,0.003731364328412305,0.0,0.0,0.0011806594112768426,0.0013799164063936806,0.03312156029362849,0,0
11297,0.6000000000000227,1.0,0.0,0.03861003861003861,0.0,0.6000000000000001,0.5588235294117647,0.0,0.0,0.0,0.0,0.0,0.0,0.0,0.0,0.0,0.012159964025769793,0.0,0.003220530150656792,9.89901386388269e-06,0.0,0.0,0.0,0.6539191622384547,0.49383732547708536,0.20339622641509433,0.24411764705882358,0.36540781632727676,0.13102324707061846,0.020202020202020204,0.44999999999999574,0.0,1.0,0.0,0.7,0.0028580853285195273,0.0,2.268276639018895e-05,0.0,0.0,0.0008893758793021887,0.003694435662057625,0.0,0.0,0.004478611164691141,0.0010902375589452017,0.03312156029362849,1,3
9205,0.0,0.0,1.0,0.03474903474903475,0.0,0.4,0.5882352941176471,0.0,0.0,0.0,0.0,0.0,0.0,0.0,0.0,0.0,0.009770786935533304,0.0,0.0008043294090493882,9.89901386388269e-06,0.0,1.3711658774152775e-05,0.0,0.6539528901849742,0.4938214335883977,0.580754716981132,0.2450980392156863,0.40287476084280827,0.1342189360235604,0.25252525252525254,0.0,0.0,1.0,0.0,0.75,0.0,0.0,0.0,0.0,0.0,0.0,0.0036354330375410375,0.0,0.001988424024640657,0.0003477358159448371,0.001083294897496458,0.03312156029362849,1,4
11347,0.0,0.0,0.0,0.05405405405405406,0.0,0.8,0.5588235294117647,0.0,0.0,0.0,0.0,0.0,0.0,0.0,0.0,0.0,0.009770786935533304,0.0,0.0008043294090493882,9.89901386388269e-06,0.0004551310878753657,0.00042580933065914435,0.0,0.6536892357732634,0.49402809684833093,0.580754716981132,0.2450980392156863,0.39106618408705934,0.1273262735760386,0.020202020202020204,0.44999999999999574,1.0,1.0,0.0,0.45,0.00019802489565811016,0.0,0.0,0.0,0.0003213261538876184,0.0,0.0036382683581125115,0.0,0.0015907340862422999,0.00028482973403441594,0.0011547975245410746,0.03312156029362849,1,2
8770,0.8000000000000114,1.0,0.0,0.05791505791505792,0.0,0.6000000000000001,0.1764705882352941,0.0,0.0,0.0,0.0,0.0,0.0,0.0,0.0,0.0,0.013547840315894195,0.0,0.0008043294090493882,9.89901386388269e-06,0.039765587607131135,0.0191796189903981,8.449250636287293e-05,0.6535982741199147,0.4939179715718116,0.580754716981132,0.24448529411764708,0.3956787189704969,0.07550598408421583,0.020202020202020204,0.5,1.0,1.0,0.0,0.10000000000000002,7.522760015041717e-05,0.0,0.0,0.0,0.0001371231580228653,0.0,0.003990949097603256,0.0,0.0,0.0044479127920630385,0.0017054633498864275,0.03382255244179419,0,3
222,0.8000000000000114,0.0,0.0,0.03474903474903475,0.0,0.6000000000000001,0.5294117647058824,0.0,0.0,0.0,0.0,1.0,0.0,0.0,0.0,0.0,0.009849164525441979,0.0,0.0009832009665613893,9.89901386388269e-06,0.0017109892286847543,0.00036622594071328046,0.0,0.6539164334948763,0.4942425903764276,0.580754716981132,0.24485294117647063,0.3925529192410339,0.07538066294880633,0.020202020202020204,0.0,1.0,1.0,0.0,0.25000000000000006,0.0,0.0,0.0004945851196011866,0.0021562086591159807,0.0,0.0,0.003771962302444651,0.0,0.0,0.00038500875671079217,0.0012287946678919822,0.03312156029362849,0,1
10130,0.4000000000000341,1.0,0.0,0.10424710424710425,0.2962962962962963,0.6000000000000001,0.5,0.0,0.0,0.0,0.0,1.0,0.0,0.0,0.0,0.0,0.009770786935533304,0.0,0.0008043294090493882,9.89901386388269e-06,0.0,0.0,0.0,0.6539767597335853,0.4938490149821157,0.20339622641509433,0.2450980392156863,0.39068840712170516,0.13390563318503665,0.24242424242424243,0.0,0.0,1.0,0.0,0.25000000000000006,0.0,0.0,0.0,0.0,0.0,0.0,0.0036354330375410375,0.0,0.0001309034907597536,0.0018261950236914692,0.0010825576210823542,0.03312156029362849,1,0
3727,0.6000000000000227,0.0,0.0,0.05791505791505792,0.0,0.6000000000000001,0.5294117647058824,0.0,0.0,0.0,0.0,1.0,0.0,0.0,0.0,0.0,0.009770786935533304,0.0,0.0038372861426395413,9.89901386388269e-06,0.0,0.016370557162866665,0.0,0.6539304906989247,0.49373399365303117,0.5664150943396226,0.2450980392156863,0.40202171608233106,0.12926875117488565,0.030303030303030304,0.8999999999999986,0.0,1.0,0.0,0.4,0.0005820040549855712,0.0,4.990208605841569e-05,0.0,0.00026203811341385814,0.0,0.00395446373230455,0.0,0.0,0.011559088483454345,0.0022818316898027637,0.03312156029362849,0,1
5649,0.0,0.0,0.0,0.10231660231660232,0.0,0.4,0.5588235294117647,0.0,0.0,0.0,0.0,0.0,0.0,0.00041931921527868,0.0,0.0,0.009770786935533304,0.0,0.0008043294090493882,9.89901386388269e-06,0.0013129754655784973,0.000490129475454261,0.0,0.6540979993083345,0.4939913556867242,0.2843396226415094,0.06936274509803923,0.39330847317174233,0.044363681934958335,0.0,0.8999999999999986,0.0,0.0,0.0,0.45,0.0,0.00656853256585511,0.0,0.0,7.548738627374494e-05,0.0,0.0036354330375410375,0.07331027749417315,0.0,0.0004039650018086458,0.0011303346098466484,0.03312156029362849,0,2
471,0.20000000000004547,0.0,0.0,0.10231660231660232,0.0,0.8,0.5588235294117647,0.0,0.0,0.0,0.0,0.0,0.0,0.0,0.0,0.0,0.009770786935533304,0.0,0.0008043294090493882,9.89901386388269e-06,0.0,0.00026467656482228235,0.0,0.6540866725044595,0.4940057701809726,0.580754716981132,0.2450980392156863,0.3993163455562462,0.1342189360235604,0.020202020202020204,0.29999999999999716,0.0,1.0,0.0,0.5,0.00013849319042221012,0.0,0.0,0.0,2.405641980152311e-05,0.0,0.0036354330375410375,0.0,0.0,0.0001760295850449808,0.0010963266075710812,0.03312156029362849,0,2
1493,0.20000000000004547,0.0,0.0,0.03581081081081081,0.0,0.0,0.7941176470588235,0.2222222222222222,0.0,0.0,0.0,0.0,0.0,0.0,0.0,0.0,0.009770786935533304,0.0,0.0008043294090493882,9.89901386388269e-06,0.007432843763149637,0.001708638885183971,1.705074002277796e-05,0.6540649783966371,0.4940787595218062,0.580754716981132,0.24460784313725495,0.392089837799632,0.0689892850429225,0.020202020202020204,0.5,1.0,1.0,0.0,0.10000000000000002,4.331306641635787e-06,0.0,0.0,0.0,0.0,1.0913917738694066e-05,0.003668427357942779,0.0,0.0,1.9493466618845425e-05,0.0011125665159346675,0.03312156029362849,0,2
8589,0.20000000000004547,0.0,0.0,0.0694980694980695,0.0,0.4,0.6470588235294117,0.0,0.0,0.0,0.0,1.0,0.0,0.0,0.0,0.0,0.01268708642671857,9.87430874655553e-05,0.0012850837573475547,9.89901386388269e-06,0.1282428541888689,0.029480066364428466,0.0,0.6531815201636587,0.4921088900474466,0.2871698113207547,0.21691176470588236,0.3933876844709295,0.10000626605677049,0.030303030303030304,0.0,0.0,0.0,0.0,0.10000000000000002,0.0,0.0,0.001968561685783198,0.0,0.0,0.0007113561482399138,0.003934121357541093,0.0,0.0,0.00797305808490249,0.0014402830070520552,0.03318266774901782,0,1
7507,0.6000000000000227,1.0,0.0,0.03861003861003861,0.537037037037037,0.4,0.5,0.0,0.0,0.0,0.0,1.0,0.0,0.0,0.0,0.0,0.009770786935533304,0.0,0.0008043294090493882,9.89901386388269e-06,0.0,0.0,0.00011374409479480707,0.6540885209333599,0.49398014635429544,0.580754716981132,0.2450980392156863,0.40287476084280827,0.13415627545585562,0.020202020202020204,0.6999999999999957,0.0,1.0,0.0,0.5,0.0,0.0,0.0,0.0,0.0,9.685198523079502e-06,0.0036836001120658787,0.0,0.0,0.0003638268795974011,0.0011584842535885263,0.03312156029362849,0,0
7656,0.0,0.0,0.0,0.04247104247104247,0.0,0.8,0.5588235294117647,0.0,0.0,0.0,0.0,0.0,0.0,0.0,0.0,0.0,0.009798763882468831,0.0,0.0008043294090493882,9.89901386388269e-06,4.844127543709213e-05,0.0002807981515021953,0.0,0.6540836989161137,0.49397449413663097,0.580754716981132,0.2450980392156863,0.40287476084280827,0.1339682937527414,0.25252525252525254,0.0,1.0,0.0,0.0,0.45,0.0,0.07275553936083805,0.0,0.0,0.0,0.0,0.0036354330375410375,0.04570212398513463,0.0,0.00038815533990517275,0.0010929964716742994,0.03312156029362849,0,2
6726,0.20000000000004547,0.0,0.0,0.10231660231660232,0.0,0.6000000000000001,0.5294117647058824,0.0,0.0,0.0,0.0,1.0,0.0,0.0,0.0,0.0,0.009770786935533304,0.0,0.0008043294090493882,9.89901386388269e-06,0.0014040739835646705,0.0003227641374473296,0.0,0.6541070393482247,0.4940015945813973,0.30113207547169807,0.17058823529411768,0.3938629522660525,0.0961213108590764,0.24242424242424243,0.3500000000000014,0.0,1.0,0.0,0.5,8.316380307216049e-06,0.0,0.0,0.0,0.0,0.0,0.0036354330375410375,0.0,0.0,0.00021760029797887031,0.0010932752428557517,0.03312719533456707,0,1
3218,0.0,0.0,0.0,0.05791505791505792,0.0,0.0,0.7941176470588235,0.4444444444444444,0.0,0.0,0.0,0.0,0.0,0.0,0.0,0.0,0.010914335235610214,0.0,0.0014086719956459513,9.89901386388269e-06,0.0,0.0013471496993199433,0.00019005920543247015,0.6544528247670246,0.4944226473384998,0.4728301886792452,0.20980392156862748,0.3993224387331067,0.11585938968607057,0.030303030303030304,0.14999999999999858,0.0,1.0,0.0,0.35000000000000003,0.0,0.0,0.0,0.0,0.00014502718664991096,0.0,0.003970406471698481,0.0,0.0,0.0017797637350914634,0.0015375750911733926,0.033219851082535015,0,2
3564,0.6000000000000227,0.0,0.0,0.015444015444015444,0.0,0.6000000000000001,0.5588235294117647,0.0,0.0,0.0,0.0,0.0,0.0,0.0,0.0,0.0,0.009770786935533304,0.0,0.0008043294090493882,9.89901386388269e-06,1.662909455303163e-05,0.0009256616186987137,0.0,0.6541034511630676,0.4939978316119557,0.20339622641509433,0.24031862745098043,0.39068840712170516,0.13177517388307539,0.25252525252525254,0.6499999999999986,0.0,0.0,1.0,0.35000000000000003,0.0,0.0,0.0,0.0,0.0,0.0,0.0036354330375410375,3.939012653267175e-06,0.0,0.0002842925125134242,0.0010825576210823542,0.03312156029362849,0,2
2998,0.8000000000000114,1.0,0.0,0.05791505791505792,0.7037037037037037,0.4,0.5,0.0,0.0,0.0,0.0,1.0,0.0,0.0,0.0,0.0,0.016684343512060974,1.3967416505239341e-06,0.0008978977913573226,8.123669250666919e-05,0.09808454520872406,0.022546620678594146,0.0,0.6531698762874666,0.49664880825962027,0.580754716981132,0.24203431372549022,0.39102962502589605,0.06334983394949559,0.030303030303030304,0.14999999999999858,1.0,0.0,0.0,0.2,0.0007009316878197025,0.0,0.0,0.0,0.00212882881124552,0.0,0.00425034657307968,0.0,0.0,0.00996955233074836,0.001787261179072803,0.03315985476197865,0,0
6054,1.0,1.0,0.0,0.015444015444015444,0.0,0.6000000000000001,0.1764705882352941,0.0,0.0,0.0,0.0,0.0,0.0,0.0,0.0,0.0,0.009880843639642777,0.0,0.0008043294090493882,9.89901386388269e-06,0.0011383699727716653,0.000261684930180649,0.0,0.6541032020111527,0.4939972986475403,0.3924528301886792,0.22426470588235298,0.39679986351283836,0.1218121436180212,0.020202020202020204,0.3999999999999986,0.0,1.0,0.0,0.55,0.0,0.0,0.0,0.0,0.0,0.0,0.0036426825215060184,0.0,0.0,7.938087522083643e-05,0.0010845020302457297,0.03312179839394984,0,3
4379,0.4000000000000341,1.0,0.0,0.04247104247104247,0.14814814814814814,0.6000000000000001,0.5,0.0,0.0,0.0,0.0,1.0,0.0,0.0,0.0,0.0,0.0104301338958019,0.0,0.0008043294090493882,9.89901386388269e-06,0.0019145148859316414,0.0006260826497240425,0.0,0.6541681441866676,0.4940582433031249,0.3960377358490566,0.20919117647058827,0.3969095406963283,0.11241305846230969,0.020202020202020204,0.5,0.0,1.0,0.0,0.35000000000000003,8.185354886865626e-05,0.0,0.0,0.0,2.2960811873021736e-05,0.0,0.003695569633226496,0.0,0.0,0.0005932716330152812,0.0011573286716978445,0.03312156029362849,0,0
12257,0.6000000000000227,0.0,0.0,0.06756756756756757,0.0,0.6000000000000001,0.5588235294117647,0.0,0.0,0.0,0.0,0.0,0.0,0.0,0.0,0.0,0.009770786935533304,0.0,0.0008043294090493882,9.89901386388269e-06,0.0,1.0138317396646294e-05,0.0,0.6540809874011252,0.4939543369799193,0.20339622641509433,0.2450980392156863,0.39068840712170516,0.08477974810451784,0.020202020202020204,0.8999999999999986,0.0,1.0,0.0,0.45,0.0,0.0,0.0,0.0,0.0,0.0,0.0036354330375410375,0.0,0.0,0.0003502684316866556,0.0010825576210823542,0.03312156029362849,1,2
214,0.8000000000000114,1.0,0.0,0.10231660231660232,0.0,0.6000000000000001,0.0,0.0,0.0,0.0,0.0,0.0,0.0,0.0,0.0,0.0,0.009779214633372946,0.0,0.0008043294090493882,9.89901386388269e-06,0.0018436604830535067,0.0015683644608762747,0.0,0.6541253172254694,0.49402345000418146,0.2788679245283019,0.1737745098039216,0.3931256778659258,0.09775048561939972,0.020202020202020204,0.5,0.0,1.0,0.0,0.35000000000000003,2.7033327659864742e-05,0.0,0.0,0.0,0.0,0.0,0.0036354330375410375,0.0,0.0,0.0008919923806639138,0.0010979710799601027,0.03312156029362849,0,3
1402,0.8000000000000114,1.0,0.0,0.015444015444015444,0.35185185185185186,0.2,0.5,0.0,0.0,0.0,0.0,1.0,0.0,0.0,0.0,0.0,0.009770786935533304,0.0,0.0010078406405691453,9.89901386388269e-06,0.00014170880575626953,0.0005579398606646165,0.0,0.6541191838474798,0.4940110082158029,0.39584905660377356,0.19448529411764706,0.3969460997574916,0.09881571527038037,0.25252525252525254,0.6000000000000014,0.0,0.0,0.0,0.55,0.0,0.0006623200250462099,0.0,0.0,0.0,0.0,0.003643620560675836,0.012862498259303967,0.0,0.0002064465559239929,0.001092132102566518,0.03319228600991561,0,0
5319,0.8000000000000114,1.0,0.0,0.03861003861003861,0.0,0.6000000000000001,0.0,0.0,0.0,0.0,0.0,0.0,0.0,0.0,0.0,0.0,0.010094681422863275,0.0,0.0008043294090493882,9.89901386388269e-06,0.006085525602298574,0.0012891452276571635,6.761575348318455e-05,0.654132905094026,0.4940309864237924,0.41981132075471694,0.21862745098039219,0.3976772809807578,0.1186164546650793,0.25252525252525254,1.0,0.0,0.0,0.0,0.55,0.0,0.010784462350681001,0.0,0.0,0.0,0.0,0.003676526927635116,0.02971421227431871,0.0,0.00011138392868563383,0.001097572304328029,0.03312156029362849,0,3
498,0.8000000000000114,1.0,0.0,0.03861003861003861,0.0,0.6000000000000001,0.1764705882352941,0.0,0.0,0.0,0.0,0.0,0.0,0.0,0.0,0.0,0.020265061631679054,0.0,0.0008043294090493882,0.0009833020438123471,0.09447277817221669,0.021717106873239037,0.0,0.6534096044950112,0.49488788645567094,0.580754716981132,0.2450980392156863,0.3925163601798706,0.1336549909142177,0.020202020202020204,0.5499999999999972,0.0,1.0,0.0,0.25000000000000006,0.00014962016782917102,0.0,0.006595946841676811,0.0287558948529638,0.0,6.541122883124589e-06,0.004358314528141302,0.0,0.0,0.010710124988424156,0.0013472482307601212,0.033153376449068635,0,3
12140,0.0,0.0,1.0,0.02316602316602317,0.0,0.6000000000000001,0.23529411764705882,0.0,0.0,0.0,0.0,0.0,0.0,0.0,0.0,0.0,0.009770786935533304,0.0,0.0008043294090493882,9.89901386388269e-06,0.0019698247004232465,0.00045281714339611193,0.0,0.6536764836348968,0.49349759423938705,0.20339622641509433,0.2450980392156863,0.39068840712170516,0.1342189360235604,0.020202020202020204,0.7999999999999972,0.0,1.0,0.0,0.45,0.0,0.0,0.0,0.0,0.0,0.0,0.0036354330375410375,0.0,0.006097792607802875,0.0005161931357415525,0.0010825576210823542,0.03312156029362849,1,4
11537,0.4000000000000341,0.0,1.0,0.015444015444015444,0.0,0.2,0.32352941176470584,0.0,0.0,0.0,0.0,0.0,0.0,0.0,0.0,0.0,0.009770786935533304,0.0,0.0008043294090493882,9.89901386388269e-06,0.0,0.0,0.0,0.6534928218972186,0.4932824151940598,0.20339622641509433,0.2450980392156863,0.39068840712170516,0.1342189360235604,0.020202020202020204,0.6000000000000014,0.0,1.0,0.0,0.55,0.0,0.0,0.0,0.0,0.0,2.1683280275551124e-07,0.0036354330375410375,0.0,0.008983572895277209,0.0004762085053934483,0.0010825576210823542,0.03312156029362849,1,4
4225,1.0,1.0,0.0,0.06756756756756757,0.0,0.6000000000000001,0.0,0.0,0.0,0.0,0.0,0.0,0.0,0.0,0.0,0.0,0.009770786935533304,0.0,0.0008043294090493882,9.89901386388269e-06,0.0028273075760708775,0.0011459622696701017,0.0,0.6541286370422076,0.4940273053592974,0.4469811320754717,0.21066176470588238,0.3985546984486772,0.1166113164985275,0.020202020202020204,0.14999999999999858,0.0,1.0,0.0,0.35000000000000003,5.019699264616773e-05,0.0,0.0,0.0,3.2304782348954915e-05,0.0,0.0036354330375410375,0.0,0.0,0.0010729592873065812,0.0011465781366839626,0.03312156029362849,0,3
9982,0.20000000000004547,0.0,0.0,0.06756756756756757,0.0,0.6000000000000001,0.08823529411764706,0.0,0.0,0.0,0.0,1.0,0.0,0.0,0.0,0.0,0.009770786935533304,0.0,0.0008043294090493882,9.89901386388269e-06,0.0,0.0,0.0,0.6540739694013101,0.4939632906268287,0.20339622641509433,0.2450980392156863,0.39068840712170516,0.1342189360235604,0.24242424242424243,0.0,0.0,1.0,0.0,0.85,0.0,0.0,0.0,0.0,0.0,0.0,0.0036354330375410375,0.0,0.0,0.00023527744421721964,0.0010825576210823542,0.03312156029362849,1,1
6839,0.6000000000000227,1.0,0.0,0.05791505791505792,0.7037037037037037,0.6000000000000001,0.5,0.0,0.0,0.0,0.0,1.0,0.0,0.0,0.0,0.0,0.014607683517070941,0.0,0.0011225398825482882,9.89901386388269e-06,0.0025785941618864045,0.0013175657567526802,0.0,0.6539509701911621,0.49375755704626545,0.579622641509434,0.2450980392156863,0.40171705723930345,0.12162416191490696,0.020202020202020204,0.14999999999999858,0.0,1.0,0.0,0.4,0.0,0.0,0.003029711903663771,0.013208426178640965,0.0,0.0008351676786133108,0.003781209978680541,0.0,0.0,0.0027284713591857975,0.0017689478356949662,0.03312156029362849,0,0
6654,0.8000000000000114,0.0,0.0,0.06756756756756757,0.0,0.4,0.5294117647058824,0.0,0.0,0.0,0.0,1.0,0.0,0.0,0.0,0.0,0.009770786935533304,0.0,0.0008043294090493882,9.89901386388269e-06,0.009049119453293212,0.0020801832874823775,0.0,0.6540773591263648,0.4939672143007627,0.3922641509433962,0.24044117647058827,0.3967876771591173,0.13171251331537065,0.020202020202020204,0.9499999999999957,0.0,1.0,0.0,0.55,4.029201397822633e-05,0.0,1.532346885026098e-05,0.0,1.4524630823561124e-05,0.0,0.0036377657670127353,0.0,0.0,0.000699283346490997,0.0010893008699309945,0.03312156029362849,0,1
1901,0.6000000000000227,1.0,0.0,0.03861003861003861,0.537037037037037,0.6000000000000001,0.5,0.0,0.0,0.0,0.0,1.0,0.0,0.0,0.0,0.0,0.009770786935533304,0.0,0.0008043294090493882,9.89901386388269e-06,0.002584739696829916,0.0005941718802132869,8.144773135880543e-05,0.6541174858374216,0.4940140577194065,0.49226415094339626,0.24473039215686276,0.40003534042579125,0.13403095432044615,0.24242424242424243,0.29999999999999716,0.0,1.0,1.0,0.35000000000000003,0.00020467121102199956,0.0,0.0,0.0,0.0,0.0,0.003640605406726473,0.0,0.0,0.00018370417820200657,0.001097158013870245,0.0331240405053092,0,0
1506,0.6000000000000227,1.0,0.0,0.15830115830115832,0.4444444444444444,0.6000000000000001,0.5,0.0,0.0,0.0,0.0,1.0,0.0,0.0,0.0,0.0,0.009770786935533304,0.0,0.0008043294090493882,9.89901386388269e-06,0.0009561729367993186,0.00024174069923642682,0.0,0.6541277964858139,0.4940262041065322,0.34547169811320755,0.10943627450980394,0.3952765692977005,0.0647910270067047,0.24242424242424243,0.3999999999999986,0.0,1.0,1.0,0.5,0.00017804521627514132,0.0,0.0,0.0,0.0,0.0,0.0036354330375410375,0.0,0.0,7.751339088596016e-06,0.001107594534759927,0.03312156029362849,0,0
11799,0.6000000000000227,0.0,1.0,0.03474903474903475,0.0,0.4,0.23529411764705882,0.0,0.0,0.0,0.0,0.0,0.0,0.0,0.0,0.0,0.009770786935533304,0.0,0.0014418107977133448,9.89901386388269e-06,0.08004667714540625,0.0827467859664081,0.0,0.6528034516806541,0.4943509572197336,0.5743396226415094,0.2450980392156863,0.39935899779427003,0.1285794849301335,0.020202020202020204,0.75,0.0,1.0,0.0,0.4,0.0010513262484697775,0.0,0.009002941198708595,0.039249502261250215,0.0,0.003185924370886727,0.0037936110214182323,0.0,0.03080082135523614,0.0048804784443702,0.002256206005838333,0.03312156029362849,1,4
7775,0.0,1.0,0.0,0.06756756756756757,0.0,0.6000000000000001,0.5588235294117647,0.0,0.0,0.0,0.0,0.0,0.0,0.0,0.0,0.0,0.009770786935533304,0.0,0.0008043294090493882,9.89901386388269e-06,0.00031848331089610573,0.0005586877693250249,0.0,0.6540993524152764,0.4939930294977653,0.4081132075471698,0.16139705882352942,0.3972995040154036,0.09142176828122064,0.24242424242424243,0.0,0.0,0.0,0.0,0.55,0.0,0.00023507104381005164,0.0,0.0,0.0,0.0,0.0036354330375410375,0.0022321071701847327,0.0,0.0001964695848198594,0.0010830382337024397,0.03312156029362849,0,3
3357,0.20000000000004547,0.0,0.0,0.10231660231660232,0.0,0.8,0.5588235294117647,0.0,0.0,0.0,0.0,0.0,0.0,0.0,0.0,0.0,0.009770786935533304,0.0,0.0011635384287295482,9.89901386388269e-06,0.008498913324821165,0.013635039686942055,0.0,0.6540507648100038,0.4939470245373424,0.580754716981132,0.2450980392156863,0.40160738005581353,0.1342189360235604,0.020202020202020204,0.6999999999999957,0.0,1.0,0.0,0.10000000000000002,0.0001302922211070126,0.0,0.0,0.0,2.4134677510701783e-05,0.0,0.0036354330375410375,0.0,0.0,0.0025881286323209862,0.0010984420763623358,0.03312156029362849,0,2
3350,0.4000000000000341,0.0,1.0,0.06756756756756757,0.0,0.6000000000000001,0.23529411764705882,0.0,0.0,0.0,0.0,0.0,0.0,0.0,0.0,0.0,0.009770786935533304,0.0,0.0008043294090493882,9.89901386388269e-06,8.856800359766845e-05,0.00010761574613653238,0.0,0.654102389948196,0.4939965882871031,0.580754716981132,0.24448529411764708,0.40287476084280827,0.13390563318503665,0.24242424242424243,0.9499999999999957,0.0,0.0,1.0,0.5,0.0,0.0034369152791763006,0.0,0.0,0.0,0.0,0.0036354330375410375,0.003050417740015433,0.0,4.320795947405502e-05,0.0010837264872327495,0.03312156029362849,0,4
8116,0.4000000000000341,0.0,0.0,0.02316602316602317,0.0,0.6000000000000001,0.0,0.0,0.0,0.0,0.0,0.0,0.0,0.0,0.0,0.0,0.009770786935533304,0.0,0.0008043294090493882,9.89901386388269e-06,0.00042874143782381546,0.00043013058069705915,0.0,0.6541268386424816,0.4940252325042512,0.30056603773584906,0.2450980392156863,0.3938263932048892,0.1342189360235604,0.04040404040404041,0.5499999999999972,0.0,1.0,0.0,0.35000000000000003,0.0,0.0,0.00021412531472338368,0.0,0.0,7.683108977636948e-05,0.0036354330375410375,0.0,0.00011806981519507187,4.515218974050154e-05,0.0010883438579821507,0.03312156029362849,0,2
8157,0.6000000000000227,0.0,0.0,0.03474903474903475,0.0,0.6000000000000001,0.5294117647058824,0.0,0.0,0.0,0.0,1.0,0.0,0.0,0.0,0.0,0.009770786935533304,2.6865452684296296e-05,0.000929087252126634,3.052702025917197e-05,0.013581632225160832,0.003136396517903479,3.9277597552470663e-05,0.6540661187967581,0.49410345716268933,0.580754716981132,0.2450980392156863,0.39694000658063106,0.09236167679679179,0.020202020202020204,0.0,1.0,1.0,0.0,0.2,6.902935099083493e-05,0.0,3.024368852025193e-07,1.3185132444655407e-06,0.0,0.0,0.0037420989675348,0.0,0.0,0.000506804550112791,0.0011876486561544952,0.03316124368051985,0,1
12201,0.0,1.0,1.0,0.03474903474903475,0.0,0.6000000000000001,0.6176470588235294,0.0,0.0,0.0,0.0,0.0,0.0,0.0,0.0,0.0,0.009770786935533304,0.0,0.0008043294090493882,9.89901386388269e-06,0.0,0.0,0.0,0.6540593791049331,0.4939461965598492,0.20339622641509433,0.2388480392156863,0.39068840712170516,0.13102324707061846,0.020202020202020204,0.7999999999999972,0.0,1.0,0.0,0.25000000000000006,0.0,0.0,0.0,0.0,0.0,0.0,0.0036354330375410375,0.0,0.0,0.0006633150865617362,0.0010825576210823542,0.03312156029362849,1,4
2646,0.6000000000000227,0.0,0.0,0.03474903474903475,0.0,0.4,0.5294117647058824,0.0,0.0,0.0,0.0,1.0,0.0,0.0,0.0,0.0,0.009770786935533304,0.0,0.0008043294090493882,9.89901386388269e-06,0.0,0.00010512271726850461,0.0,0.654096901648369,0.49400988017895564,0.580754716981132,0.2450980392156863,0.3914987996441585,0.10094617457234163,0.020202020202020204,0.5,1.0,1.0,0.0,0.45,0.0,0.0,3.7703798355247405e-05,0.0,0.0,1.3515911371760201e-05,0.0036354518847072793,0.0,0.0,8.209256480298552e-05,0.0010857589294007942,0.03312156029362849,0,1
7260,0.6000000000000227,0.0,1.0,0.03861003861003861,0.0,0.6000000000000001,0.2941176470588235,0.0,0.0,0.0,0.0,0.0,0.0,0.0,0.0,0.0,0.009770786935533304,0.0,0.0008043294090493882,9.89901386388269e-06,0.0,0.00014384776568520275,0.0,0.6540954133632604,0.4939884144839742,0.580754716981132,0.2450980392156863,0.40287476084280827,0.1342189360235604,0.24242424242424243,0.6499999999999986,0.0,1.0,0.0,0.5,0.0,0.0,0.0,0.0,0.0,0.0,0.0036354330375410375,0.0,0.0,0.00016866197561423606,0.001089939208351112,0.03312156029362849,0,4
7911,0.8000000000000114,1.0,0.0,0.06756756756756757,0.2962962962962963,0.6000000000000001,0.5,0.0,0.0,0.0,0.0,1.0,0.0,0.0,0.0,0.0,0.009770786935533304,0.0,0.0008043294090493882,9.89901386388269e-06,0.0,0.00017077247745990275,0.0,0.6541013575580807,0.4939953787334843,0.3920754716981132,0.23786764705882357,0.3967815839822567,0.13052196252898052,0.24242424242424243,0.0,0.0,0.0,0.0,0.55,0.0,0.00034146276846826825,0.0,0.0,0.0,0.0,0.0036354330375410375,0.0018782911512706753,0.0,0.00012043994861092423,0.001083378518937267,0.03312156029362849,0,0
412,0.0,0.0,0.0,0.0694980694980695,0.0,0.6000000000000001,0.5294117647058824,0.0,0.0,0.0,0.0,1.0,0.0,0.0,0.0,0.0,0.009770786935533304,0.0,0.0009022487211346415,1.6437626293400295e-05,0.0,0.005711612237613906,0.0,0.6537831630633012,0.4958348178798989,0.580754716981132,0.2421568627450981,0.39375936825942315,0.11404223322263302,0.030303030303030304,0.6999999999999957,1.0,1.0,0.0,0.25000000000000006,0.0022338680059827156,0.0,0.0,0.0,0.0009134709361589417,0.0,0.005030201476631184,0.0,0.0,0.0027303388435206736,0.0015174005635279232,0.03312268630973153,0,1
2220,0.4000000000000341,0.0,0.0,0.0,0.0,0.0,0.7941176470588235,0.3333333333333333,0.0,0.0,0.0,0.0,0.0,0.0,0.0,0.0,0.012416587424986905,0.0,0.0008255694318332894,9.89901386388269e-06,0.0,0.0002955901227858268,2.4227709675222766e-05,0.6540797558882693,0.4944376169231445,0.580754716981132,0.2442401960784314,0.39517907846793165,0.08503039037533681,0.020202020202020204,0.0,1.0,1.0,0.0,0.2,0.00037207146050390435,0.0,0.0010401812605065313,0.0008407719455541931,0.0,0.0007695396169793094,0.0038059154724289354,0.0,0.0,0.00027613186178978677,0.0012506225901904597,0.03312156029362849,0,2
6102,0.4000000000000341,0.0,1.0,0.03861003861003861,0.0,0.6000000000000001,0.23529411764705882,0.0,0.0,0.0,0.0,0.0,0.0,0.0,0.0,0.0,0.009770786935533304,0.0,0.0008043294090493882,9.89901386388269e-06,0.027240987392254314,0.01561998927166577,0.0,0.6541849284776993,0.49406960091844276,0.280188679245283,0.18210784313725492,0.39316833010394964,0.08509305094304156,0.020202020202020204,0.3999999999999986,0.0,1.0,0.0,0.35000000000000003,0.0,0.0,0.0,0.0,0.0,0.00015579436877983483,0.003652549405682805,0.0,0.0,0.003385314205518442,0.001109469151991673,0.03312156029362849,0,4
5284,0.0,0.0,0.0,0.33976833976833976,0.0,0.0,0.4411764705882353,0.4444444444444444,0.0,0.0,0.0,0.0,0.0,0.0,0.0,0.0,0.009770786935533304,0.0,0.0008043294090493882,9.89901386388269e-06,0.09334995278783155,0.7855658614598927,0.0,0.6413238262378578,0.47767746942371697,0.580754716981132,0.20428921568627456,0.40287476084280827,0.10921736950936778,0.030303030303030304,0.44999999999999574,0.0,0.0,0.0,0.30000000000000004,0.0,0.0,0.0,0.0,0.0,0.0020909548557718543,0.003730829932719496,0.0,0.0,0.3611166481879518,0.003778240644576566,0.03312156029362849,0,2
4197,0.0,1.0,0.0,0.06756756756756757,0.2962962962962963,0.6000000000000001,0.5,0.0,0.0,0.0,0.0,1.0,0.0,0.0,0.0,0.0,0.009770786935533304,0.0,0.0008043294090493882,9.89901386388269e-06,0.0001691829619743218,5.1107091794569433e-05,1.009125429919512e-05,0.6541087602192963,0.4940040517297948,0.39301886792452834,0.1754901960784314,0.3968120498665595,0.09862773356726613,0.24242424242424243,0.3999999999999986,0.0,0.0,0.0,0.55,0.0,0.0007970968936349784,0.0,0.0,0.0,0.0,0.0036354330375410375,0.004870782234620415,0.0,2.0363253843308344e-05,0.0010857250247976447,0.03312156029362849,0,0
7705,1.0,1.0,0.0,0.03861003861003861,0.0,0.6000000000000001,0.1764705882352941,0.0,0.0,0.0,0.0,0.0,0.0,0.0,0.0,0.0,0.009858555388749008,0.0,0.0008043294090493882,9.89901386388269e-06,0.008546631596147256,0.0019646729499304236,4.3148811486213615e-05,0.6542558632206136,0.49417345367348425,0.27169811320754716,0.15147058823529413,0.3928941371452248,0.08477974810451784,0.020202020202020204,0.5,0.0,1.0,0.0,0.35000000000000003,0.00010453520324123488,0.0,0.0,0.0,0.0,6.559192283354214e-05,0.0036599618391059165,0.0,0.0,0.0004272190190744339,0.0011246270871424682,0.03312156029362849,0,3
6993,0.4000000000000341,0.0,1.0,0.03861003861003861,0.0,0.6000000000000001,0.2647058823529412,0.0,0.0,0.0,0.0,0.0,0.0,0.0,0.0,0.0,0.009770786935533304,0.0,0.0008043294090493882,9.89901386388269e-06,0.0,3.490240415238888e-06,0.0,0.654101406924617,0.4939948807048281,0.5622641509433962,0.2450980392156863,0.40227762951047424,0.13384297261733194,0.25252525252525254,0.8999999999999986,0.0,1.0,0.0,0.5,0.00016934865858245254,0.0,0.0,0.0,0.0,0.0,0.0036354330375410375,0.0,0.0,0.00016144785804663185,0.0011126962853075413,0.03312156029362849,0,4
4425,0.6000000000000227,1.0,0.0,0.03861003861003861,0.0,0.4,0.23529411764705882,0.0,0.0,0.0,0.0,0.0,0.0,0.0,0.0,0.0,0.009770786935533304,0.0,0.0008065906449551633,9.89901386388269e-06,0.0029614248386616326,0.000680846183858386,0.0,0.6540773372593084,0.49395505510385856,0.521132075471698,0.2450980392156863,0.40094322377801345,0.12995801741963783,0.24242424242424243,0.29999999999999716,0.0,0.0,1.0,0.35000000000000003,0.0,0.019417541051751582,0.0,0.0,0.0,0.0,0.0036607848320318005,0.08337244669917304,0.0,0.0010619846190920343,0.0011297376608178026,0.03312156029362849,0,3
3473,0.6000000000000227,1.0,0.0,0.10231660231660232,0.4444444444444444,0.6000000000000001,0.5,0.0,0.0,0.0,0.0,1.0,0.0,0.0,0.0,0.0,0.009897097056904945,0.0,0.0008362674168771631,9.89901386388269e-06,0.0022232376413292287,0.0008121457042411822,0.0,0.654015542283314,0.49400182787463376,0.580754716981132,0.2450980392156863,0.39432603370745445,0.12575975938342002,0.24242424242424243,0.0,0.0,1.0,1.0,0.25000000000000006,5.7481462907100646e-05,0.0,0.0,0.0,0.0,0.0,0.0036387061620783328,0.0,0.001026694045174538,0.0004272190190744339,0.0011058485468339898,0.03317140262756403,0,0
7400,0.0,0.0,0.0,0.0918918918918919,0.0,0.0,0.7941176470588235,0.3333333333333333,0.0,0.0,0.0,0.0,0.0,0.0,0.0,0.0,0.009770786935533304,0.0,0.0008043294090493882,9.89901386388269e-06,0.0016426653401951244,0.0004328729124518897,0.0,0.6540912490143002,0.4939827948730183,0.580188679245283,0.16691176470588237,0.39068840712170516,0.09148442884892538,0.020202020202020204,0.44999999999999574,0.0,1.0,0.0,0.35000000000000003,0.0,0.0,0.0,0.0,0.0,2.2478333885654666e-05,0.0036354330375410375,0.0,0.0,0.00014446142519241486,0.0010825960363856305,0.03312476472711997,0,2
57,0.6000000000000227,1.0,0.0,0.12548262548262548,0.8888888888888888,0.6000000000000001,0.5,0.0,0.0,0.0,0.0,1.0,0.0,0.0,0.0,0.0,0.012705627361965784,0.029972111652297576,0.001895087231073748,1.4231097640714786e-05,0.00943773416295645,0.0021814002595243053,0.0,0.6487711837166459,0.49434621915443505,0.580754716981132,0.24497549019607845,0.390785897951474,0.059527539319506245,0.030303030303030304,0.0,1.0,1.0,0.0,0.10000000000000002,0.0003826213829507727,0.0,4.7583403271863035e-05,0.0,0.0,1.7057513816766884e-05,0.00378321170479512,0.0,0.0,0.0014812476432603514,0.0031436934431314017,0.03312156029362849,0,0
8690,0.20000000000004547,0.0,0.0,0.02316602316602317,0.0,0.6000000000000001,0.0,0.0,0.0,0.0,0.0,0.0,0.0,0.0,0.0,0.0,0.01021142008740275,0.0,0.0008043294090493882,9.89901386388269e-06,0.0,0.0008786264740552563,0.0,0.6540938657720445,0.4939863008705422,0.4460377358490566,0.1712009803921569,0.39852423256437447,0.09599598972366691,0.020202020202020204,0.6000000000000014,0.0,1.0,0.0,0.55,0.0,0.0,0.0,0.0,0.0,0.0,0.00363871362241497,0.0,0.0,0.0002129187961530846,0.001090087020524492,0.03312156029362849,0,2
10648,0.4000000000000341,0.0,0.0,0.05791505791505792,0.0,0.6000000000000001,0.5588235294117647,0.0,0.0,0.0,0.0,0.0,0.0,0.0,0.0,0.0,0.010129445676451802,0.0,0.0008043294090493882,9.89901386388269e-06,0.013971331440990574,0.003217586158038917,0.0,0.6536166354895564,0.4941162374397571,0.580754716981132,0.2450980392156863,0.4000536199563729,0.13434425715896986,0.020202020202020204,0.3500000000000014,0.0,1.0,0.0,0.25000000000000006,5.0740103196843065e-05,0.0,0.0,0.0,0.0002533202046113543,0.0,0.0037101216088115127,0.0,0.0,0.007518696588029374,0.0015219141386062787,0.0333795023084223,1,2
3296,0.4000000000000341,1.0,0.0,0.03474903474903475,0.2222222222222222,0.4,0.5,0.0,0.0,0.0,0.0,1.0,0.0,0.0,0.0,0.0,0.00981754560908289,1.634624212878792e-05,0.0011708991414711056,5.1934396866648344e-05,0.1866999055756631,0.10116287331549155,0.0,0.6538667170856489,0.4949717388767421,0.580754716981132,0.2450980392156863,0.3918887629632338,0.0884767215990977,0.020202020202020204,0.0,1.0,1.0,0.0,0.2,0.015634584522227785,0.0,0.0022349077693515503,0.0,0.0,0.0008011610673811548,0.0038040523515160914,0.0,0.021180030800821356,0.0,0.0013082576397292962,0.03396080936172367,0,0
6356,0.6000000000000227,1.0,0.0,0.06756756756756757,0.0,0.6000000000000001,0.029411764705882346,0.0,0.0,0.0,0.0,0.0,0.0,0.0,0.0,0.0,0.009770786935533304,0.0,0.0008043294090493882,9.89901386388269e-06,0.00021726273535591323,0.00022994036259442867,0.0,0.6541151311530345,0.4940096169962363,0.43245283018867925,0.20772058823529413,0.3981525487758808,0.11090920483739584,0.24242424242424243,0.3999999999999986,0.0,0.0,1.0,0.85,0.0,0.00024894822528721036,0.0,0.0,0.0,0.0,0.0036383186172224895,0.009793235046986629,0.0,5.9529260921329795e-05,0.0010896342156271653,0.03312715565118017,0,3
11671,0.20000000000004547,1.0,0.0,0.02316602316602317,0.14814814814814814,0.6000000000000001,0.5,0.0,0.0,0.0,0.0,1.0,0.0,0.0,0.0,0.0,0.035681337608082404,0.00013464371270167832,0.0011806614426919,9.89901386388269e-06,0.1867002670777186,0.08210026047996623,0.0,0.6523428387044038,0.4918145143532251,0.570754716981132,0.24485294117647063,0.390785897951474,0.05319882198132715,0.030303030303030304,0.6000000000000014,1.0,1.0,0.0,0.65,0.0,0.0,0.0,0.0,0.0,0.00427312404390286,0.010093997241789467,0.0,0.0,0.013269806462109767,0.001561600666228069,0.03320693414010188,1,0
2511,0.4000000000000341,1.0,0.0,0.06756756756756757,0.2962962962962963,0.6000000000000001,0.5,0.0,0.0,0.0,0.0,1.0,0.0,0.0,0.0,0.0,0.009770786935533304,0.0,0.0008043294090493882,9.89901386388269e-06,8.206096659865608e-05,4.5954832133978694e-05,0.0,0.6541123865061425,0.4940081430953729,0.3250943396226415,0.18345588235294122,0.3946185061967609,0.1017607619525033,0.25252525252525254,0.6000000000000014,0.0,0.0,1.0,0.5,0.0,0.006167986645946212,0.0,0.0,0.0,0.0,0.0036354330375410375,0.005306467928288653,0.0,4.837551886645236e-05,0.0010860231771192012,0.03312156029362849,0,0
2762,0.6000000000000227,1.0,0.0,0.05791505791505792,0.7037037037037037,0.6000000000000001,0.5,0.0,0.0,0.0,0.0,1.0,0.0,0.0,0.0,0.0,0.009926052218768288,7.311069576961218e-07,0.0008511136002033554,9.89901386388269e-06,0.003173988047296037,0.0007296264487094629,0.0,0.6540318686914383,0.4940861725017346,0.5809433962264151,0.2450980392156863,0.39069450029856573,0.014286609436681497,0.020202020202020204,0.29999999999999716,1.0,1.0,0.0,0.45,4.4562220682911145e-05,0.0,0.0,0.0,0.0,0.0013096339898428287,0.003659856216445104,0.0,0.0,0.00013507283956365335,0.001348148338491983,0.033136441563712746,0,0
5942,0.0,0.0,0.0,0.0694980694980695,0.0,0.6000000000000001,0.5294117647058824,0.0,0.0,0.0,0.0,1.0,0.0,0.0,0.0,0.0,0.009778973842006098,0.0,0.0008043294090493882,9.89901386388269e-06,0.001008952236902419,0.00035359459444860643,0.0,0.6541011080748468,0.49571448165731385,0.5809433962264151,0.23970588235294119,0.39068840712170516,0.009399085155711511,0.22222222222222224,0.6000000000000014,1.0,0.0,0.0,0.6,0.0,0.0,0.0,0.0,0.0,0.0,0.0036354330375410375,0.0,0.0,7.288305301455462e-05,0.0014118325343094248,0.03312156029362849,0,1
11330,0.0,0.0,0.0,0.02316602316602317,0.0,0.6000000000000001,0.5588235294117647,0.0,0.0,0.0,0.0,0.0,0.0,0.0,0.0,0.0,0.009770786935533304,0.0,0.0008043294090493882,9.89901386388269e-06,0.0,0.0,0.0,0.6540808171031408,0.49397131342984285,0.20339622641509433,0.2450980392156863,0.39068840712170516,0.1342189360235604,0.020202020202020204,0.44999999999999574,0.0,1.0,0.0,0.8,0.0,0.0,0.0,0.0,0.0,0.0,0.0036354330375410375,0.0,0.0,0.00034978237412004395,0.0010825576210823542,0.03312156029362849,1,2
11639,0.8000000000000114,0.0,0.0,0.06756756756756757,0.0,0.8,0.029411764705882346,0.0,0.0,0.0,0.0,0.0,0.0,0.0,0.0,0.0,0.009770786935533304,0.0,0.0008043294090493882,9.89901386388269e-06,0.0032737626146142266,0.0007535595258425295,0.0,0.6540920776432085,0.49398437707473525,0.20339622641509433,0.2450980392156863,0.39068840712170516,0.13302838523717025,0.020202020202020204,0.6000000000000014,0.0,1.0,0.0,0.45,0.0,0.0,1.955758524309625e-05,0.0,0.0,1.0118864128590525e-05,0.0036446803211276305,0.0,0.0,0.0001762086588853114,0.0010825576210823542,0.03312156029362849,1,2
12114,0.6000000000000227,0.0,1.0,0.10231660231660232,0.0,0.6000000000000001,0.23529411764705882,0.0,0.0,0.0,0.0,0.0,0.0,0.0,0.0,0.0,0.009770786935533304,0.0,0.0008043294090493882,9.89901386388269e-06,0.0,0.0,0.0,0.6540192749235707,0.4938992102927678,0.2788679245283019,0.2450980392156863,0.3931256778659258,0.1339682937527414,0.020202020202020204,0.7999999999999972,0.0,1.0,0.0,0.35000000000000003,4.3944432431517946e-05,0.0,0.0,0.0,5.388825854043206e-05,0.0,0.0036354330375410375,0.0,0.0025667351129363453,0.0002384496093887903,0.0011014922514424672,0.03312156029362849,1,4
9422,0.4000000000000341,0.0,1.0,0.02316602316602317,0.0,0.6000000000000001,0.23529411764705882,0.0,0.0,0.0,0.0,0.0,0.0,0.0,0.0,0.0,0.012530737582332776,0.0003909021573962413,0.0011407701223679508,9.89901386388269e-06,0.012579548527312925,0.0028736312752133514,0.0,0.6526435832882087,0.4928492055691038,0.580754716981132,0.23247549019607844,0.39472818338025084,0.12695031016981015,0.020202020202020204,0.5,0.0,1.0,0.0,0.25000000000000006,0.0,0.0,5.544676228712854e-06,0.05483125227992915,0.001950636007445689,0.0,0.004235110602419812,0.0,0.0,0.01157525629303848,0.0013636400654521484,0.04952456425458607,1,4
7450,0.0,1.0,0.0,0.03861003861003861,0.537037037037037,0.6000000000000001,0.5,0.0,0.0,0.0,0.0,1.0,0.0,0.0,0.0,0.0,0.009903688720572379,0.0,0.0008043294090493882,9.89901386388269e-06,0.0026024532975494497,0.0005982438273643989,0.0,0.6541283776194026,0.4941180696262399,0.27943396226415096,0.07450980392156864,0.39282711219975874,0.04668212294003385,0.020202020202020204,0.5,0.0,1.0,0.0,0.45,3.5370074612731116e-05,0.0,0.0,0.0,0.0,0.00038466139208827695,0.003698562798815244,0.0,0.0,0.0003217189451425198,0.0011809971579205187,0.0331338770248349,0,0
10285,0.4000000000000341,0.0,0.0,0.03474903474903475,0.0,0.6000000000000001,0.029411764705882346,0.0,0.0,0.0,0.0,0.0,0.0,0.0,0.0,0.0,0.009770786935533304,0.0,0.0008043294090493882,9.89901386388269e-06,0.0005581591736930616,0.004856918840691716,0.0,0.6539924828097454,0.4940406387858859,0.580754716981132,0.2450980392156863,0.3971228018864476,0.08484240867222258,0.020202020202020204,0.14999999999999858,1.0,1.0,0.0,0.45,0.0,0.0,0.00016250941964882039,0.00043730689274773765,0.0,2.2297639883358407e-05,0.0036354330375410375,0.0,0.0,0.003169581391874448,0.001364297685876104,0.03312156029362849,1,2
3592,0.6000000000000227,1.0,0.0,0.13706563706563707,0.0,0.6000000000000001,0.029411764705882346,0.0,0.0,0.0,0.0,0.0,0.0,0.0,0.0,0.0,0.009770786935533304,0.0,0.0010853776400416536,9.89901386388269e-06,0.0,0.0,0.0,0.6540918195456797,0.4940540715853006,0.580377358490566,0.24473039215686276,0.3998647314736958,0.13284040353405605,0.020202020202020204,0.6000000000000014,0.0,1.0,0.0,0.4,8.664649947836607e-05,0.0,0.0,0.0,7.874290697557761e-05,0.0,0.003636531277623909,0.0,0.0,0.00017797381531142734,0.0011259245825986721,0.033150474601402205,0,3
4830,0.0,1.0,1.0,0.03474903474903475,0.0,0.6000000000000001,0.23529411764705882,0.0,0.0,0.0,0.0,0.0,0.0,0.0,0.0,0.0,0.009770786935533304,0.0,0.0008893830685673005,9.89901386388269e-06,0.0,7.479086604083331e-07,0.0,0.6538046732890588,0.4936589097193457,0.580754716981132,0.2450980392156863,0.40242386575512745,0.13378031204962718,0.020202020202020204,0.9499999999999957,0.0,1.0,0.0,0.4,0.0,0.0,0.0,0.0,0.0,1.2684718961197408e-05,0.003658293864893533,0.0,0.0022535420944558523,0.0023671003493986446,0.0011399085956494796,0.03323684549297124,0,4
11599,0.20000000000004547,0.0,0.0,0.02316602316602317,0.0,0.6000000000000001,0.029411764705882346,0.0,0.0,0.0,0.0,0.0,0.0,0.0,0.0,0.0,0.009770786935533304,0.0,0.0008043294090493882,9.89901386388269e-06,8.314547276515813e-05,5.069158698323147e-05,0.0,0.654098013223734,0.49399892354851843,0.580754716981132,0.24485294117647063,0.40281382907420277,0.0,0.020202020202020204,0.6000000000000014,0.0,0.0,0.0,0.25000000000000006,5.159550231415671e-06,0.0,0.0004923672491097015,0.0,0.0,0.00017657417904390466,0.0036354330375410375,0.0,9.430184804928132e-05,0.0,0.0010816544896943637,0.03312194224622732,1,2
633,0.0,0.0,0.0,0.02316602316602317,0.0,0.6000000000000001,0.5588235294117647,0.0,0.0,0.0,0.0,0.0,0.0,0.0,0.0,0.0,0.009770786935533304,0.0,0.0008043294090493882,9.89901386388269e-06,0.0001572533941427991,0.000244150627142187,0.0,0.6540988746532268,0.49398209965141016,0.580754716981132,0.24497549019607845,0.3961418004118988,0.06454038473588572,0.36363636363636365,0.44999999999999574,1.0,1.0,0.0,0.45,2.625260624326895e-05,0.0,0.0,0.0,2.1380006147612603e-05,0.0,0.0036354330375410375,0.0,0.0,0.00013317977325158698,0.0011523609533825641,0.03312156029362849,0,2
2390,0.20000000000004547,0.0,1.0,0.015444015444015444,0.0,0.4,0.6176470588235294,0.0,0.0,0.0,0.0,0.0,0.0,0.0,0.0,0.0,0.010196009439924549,0.0,0.0008043294090493882,9.89901386388269e-06,0.0,0.0,0.0,0.6540943203417615,0.493987127295335,0.580754716981132,0.2450980392156863,0.40287476084280827,0.13415627545585562,0.020202020202020204,0.14999999999999858,0.0,1.0,0.0,0.8,0.0,0.0,0.0,0.0,1.8766198661045032e-05,0.0,0.0036354330375410375,0.0,0.0,7.295979894612487e-05,0.0010830491386917566,0.03312156029362849,0,4
1482,0.6000000000000227,1.0,0.0,0.05791505791505792,0.7037037037037037,0.4,0.5,0.0,0.0,0.0,0.0,1.0,0.0,0.0,0.0,0.0,0.012031863018607227,9.300335224543352e-05,0.0009619921332382575,1.3310023753584597e-05,0.05550791761801958,0.012759986554264306,0.0,0.6522689664869186,0.4943160792986178,0.2971698113207547,0.11703431372549022,0.3915841041202062,0.055454602418697915,0.020202020202020204,0.0,1.0,1.0,0.0,0.10000000000000002,0.0015715854227254466,0.0,0.01287907313175915,0.0,0.001258274402800161,0.0,0.004374527410251361,0.0,0.0,0.005460984670767628,0.001730863151867594,0.033439622639562704,0,0
10701,1.0,0.0,0.0,0.5675675675675675,0.0,0.8,0.029411764705882346,0.0,0.0,0.0,0.0,0.0,1.0,0.0,0.0,0.0,0.01107431099995914,8.184033108538677e-07,0.0008043294090493882,1.4544870063803092e-05,0.10419031492613066,0.03144997467498175,0.0,0.6535402376270617,0.49370639129785765,0.580754716981132,0.2450980392156863,0.39523391705967664,0.06967855128767467,0.020202020202020204,0.5,1.0,1.0,0.0,0.10000000000000002,0.0010052501071268589,0.0,0.0,0.0,8.453397745479917e-05,0.0,0.0038017333647697785,0.0,0.0,0.009584031934493767,0.0017171149839948362,0.03314155079977501,1,2
9504,0.20000000000004547,0.0,1.0,0.04247104247104247,0.0,0.8,0.23529411764705882,0.0,0.0,0.0,0.0,0.0,0.0,0.0,0.0,0.0,0.009770786935533304,0.0,0.0008043294090493882,9.89901386388269e-06,0.0,0.0,0.0,0.654060351526303,0.4939473358537744,0.20339622641509433,0.2450980392156863,0.39068840712170516,0.1342189360235604,0.020202020202020204,0.3999999999999986,0.0,1.0,0.0,0.25000000000000006,0.0,0.0,0.0,0.0,0.0,0.0,0.0036354330375410375,0.0,0.0,0.0006658221203263647,0.0010825576210823542,0.03312156029362849,1,4
1464,0.6000000000000227,0.0,0.0,0.02316602316602317,0.0,0.6000000000000001,0.5294117647058824,0.0,0.0,0.0,0.0,1.0,0.0,0.0,0.0,0.0,0.009770786935533304,0.0,0.0008043294090493882,9.89901386388269e-06,0.003024687698374253,0.011745739309788337,0.0,0.654029640902242,0.49389604550115884,0.4649056603773585,0.24117647058823533,0.40444680047283055,0.13096058650291373,0.020202020202020204,0.0,0.0,1.0,0.0,0.55,0.0,0.0,0.0,0.0,0.0,0.0,0.003635546513187784,0.0,0.0011189168377823409,0.0035479388345158176,0.0010878387091361019,0.03330078038967657,0,1
7696,0.6000000000000227,1.0,0.0,0.06756756756756757,0.2962962962962963,0.6000000000000001,0.5,0.0,0.0,0.0,0.0,1.0,0.0,0.0,0.0,0.0,0.009828140429224155,0.0,0.0008043294090493882,9.89901386388269e-06,0.0,0.001444294724210759,0.0,0.6541064350223035,0.4939988494070739,0.3920754716981132,0.20526960784313728,0.3967815839822567,0.10019424775988472,0.25252525252525254,0.10000000000000142,0.0,0.0,0.0,0.55,0.0,0.0006307809762344857,0.0,0.0,0.0,0.0,0.0036395114857858653,0.004819497834585721,0.0,0.0004954205702632028,0.0010853742806866994,0.03312156029362849,0,0
1336,0.6000000000000227,0.0,1.0,0.10231660231660232,0.0,0.6000000000000001,0.23529411764705882,0.0,0.0,0.0,0.0,0.0,0.0,0.0,0.0,0.0,0.009770786935533304,0.0,0.0008072924078224728,9.89901386388269e-06,0.0,0.0,0.00012239995516351323,0.6540872383973725,0.4940219528128119,0.580754716981132,0.24497549019607845,0.3999134768885802,0.11247571903001444,0.020202020202020204,0.0,0.0,1.0,0.0,0.4,5.8499795189616895e-05,0.0,0.0,0.0,0.0,0.0,0.0036722894564251247,0.0,0.0,0.0,0.0011642440211051621,0.03312156029362849,0,4
11017,0.20000000000004547,0.0,1.0,0.04247104247104247,0.0,0.6000000000000001,0.2647058823529412,0.0,0.0,0.0,0.0,0.0,0.0,0.0,0.0,0.0,0.009770786935533304,0.0,0.0008043294090493882,9.89901386388269e-06,0.0,0.0,0.0,0.6540636647166604,0.4939512176047973,0.20339622641509433,0.2450980392156863,0.39068840712170516,0.1342189360235604,0.020202020202020204,0.3999999999999986,0.0,1.0,0.0,0.8,0.0,0.0,0.0,0.0,0.0,0.0,0.0036354330375410375,0.0,0.0,0.0006146581659461929,0.0010825576210823542,0.03312156029362849,1,4
9978,1.0,0.0,0.0,0.04247104247104247,0.0,0.6000000000000001,0.029411764705882346,0.0,0.0,0.0,0.0,0.0,0.0,0.0,0.0,0.0,0.009770786935533304,0.0,0.0008043294090493882,9.89901386388269e-06,8.025345632115264e-05,0.0014206109499644952,0.0,0.654093926072109,0.4939864037369443,0.20339622641509433,0.24289215686274512,0.39068840712170516,0.1302086596904568,0.24242424242424243,0.0,0.0,0.0,0.0,0.35000000000000003,0.0,0.057962043385536066,0.0,0.0,0.0,0.0,0.0036354330375410375,0.023197077221717058,0.0,0.0005776666269293288,0.0010825576210823542,0.03312156029362849,1,2
11523,0.0,0.0,1.0,0.08687258687258688,0.0,0.8,0.2647058823529412,0.0,0.0,0.0,0.0,0.0,0.0,0.0,0.0,0.0,0.010124900739402564,1.781936808832488e-05,0.1300751003228499,6.19548710233394e-05,0.09334995278783155,0.021458995284435897,0.0,0.6553261151501151,0.4964379643538353,0.35037735849056606,0.21078431372549022,0.39427119511570946,0.0917977316874491,0.030303030303030304,0.6000000000000014,0.0,1.0,0.0,0.7,0.4061211926346524,0.0,0.3511435390660245,0.0,0.0,0.1259002446235403,0.008216655749367092,0.0,0.0,0.009187050812458014,0.005273259312348702,0.0476574757826179,1,4
7054,0.6000000000000227,1.0,0.0,0.0501930501930502,0.0,0.4,0.5294117647058824,0.0,0.0,0.0,0.0,1.0,0.0,0.0,0.005189440526416847,0.0,0.009770786935533304,0.0,0.0008043294090493882,9.89901386388269e-06,0.013665139199981491,0.003235120461077379,0.0,0.6542377182023021,0.4941492272771753,0.3409433962264151,0.10625000000000001,0.39513033305304723,0.06297387054326714,0.25252525252525254,0.6000000000000014,0.0,1.0,1.0,0.45,0.0003405914152103853,0.0,0.0,0.0,0.0,0.0,0.0036405327666065835,0.0,0.0,0.0005015858267660134,0.0012894158504827785,0.03312156029362849,0,0
9159,0.6000000000000227,1.0,0.0,0.21235521235521235,0.0,0.6000000000000001,0.38235294117647056,0.0,0.0,0.0,0.0,1.0,1.0,0.0,0.0,0.0,0.009770786935533304,0.0,0.0008043294090493882,9.89901386388269e-06,0.007195698414741186,0.009271657461157571,0.0,0.6533267094662256,0.4937558774125978,0.580754716981132,0.2450980392156863,0.39655004326155574,0.13108590763832323,0.030303030303030304,0.3999999999999986,0.0,1.0,0.0,0.45,0.0,0.0,0.0,0.0,0.0,0.0,0.0036547129033076245,0.0,0.0,0.0026668699581120707,0.0012758057794292818,0.033338028208697475,1,0
4084,0.20000000000004547,0.0,1.0,0.10231660231660232,0.0,0.6000000000000001,0.23529411764705882,0.0,0.0,0.0,0.0,0.0,0.0,0.0,0.0,0.0,0.009770786935533304,0.0,0.0008043294090493882,9.89901386388269e-06,0.0,0.0,0.0,0.6540319164013795,0.4939135106635361,0.5524528301886792,0.2450980392156863,0.40196078431372556,0.13359233034651294,0.020202020202020204,0.6000000000000014,0.0,1.0,0.0,0.45,2.3761086592045856e-07,0.0,0.0,0.0,0.0,0.0,0.0036354330375410375,0.0,0.0,0.0005779736106556098,0.0010847362396753815,0.03312156029362849,0,4
8677,0.0,0.0,0.0,0.03474903474903475,0.0,0.8,0.5588235294117647,0.0,0.0,0.0,0.0,0.0,0.0,0.0,0.0,0.0,0.009770786935533304,0.0,0.0008043294090493882,9.89901386388269e-06,0.005717516509798875,0.0012947129921290924,0.0,0.6538420053240491,0.49369152030968894,0.2820754716981132,0.066421568627451,0.39322926187255514,0.04285982831004449,0.04040404040404041,0.44999999999999574,0.0,1.0,0.0,0.35000000000000003,0.0,0.0,1.3206410653843343e-05,5.7575078341661944e-05,0.0,5.059432064295263e-06,0.0036354330375410375,0.0,0.0,0.0011363258448064237,0.001087130231807422,0.03312156029362849,0,2
1683,0.8000000000000114,0.0,0.0,0.05791505791505792,0.0,0.6000000000000001,0.029411764705882346,0.0,0.0,0.0,0.0,0.0,0.0,0.0,0.0,0.0,0.009770786935533304,0.0,0.0011396161123194862,9.89901386388269e-06,0.017552009300724883,0.0041560453249268395,1.8768863060787477e-05,0.6542713835295239,0.49420292780900105,0.2818867924528302,0.06188725490196079,0.3932109823419735,0.04054138730496899,0.020202020202020204,0.7999999999999972,0.0,1.0,0.0,0.05,0.000659085019890168,0.0,0.0,0.0,0.00058151738536486,0.0,0.003672995832509889,0.0,0.0,0.0007379121320480267,0.0013837387538537305,0.03312156029362849,0,2
1717,0.0,0.0,0.0,0.055984555984555984,0.0,0.0,0.7941176470588235,0.4444444444444444,0.0,0.0,0.0,0.0,0.0,0.0,0.0,0.0,0.009770786935533304,0.0,0.000993774193762186,9.89901386388269e-06,0.0020453786300228902,0.005864268705299473,0.000777331058538431,0.6550564569061577,0.4951190187213521,0.3494339622641509,0.23063725490196083,0.3953984328349115,0.13271508239864654,0.030303030303030304,0.14999999999999858,0.0,1.0,0.0,0.35000000000000003,0.001704654296522787,0.0,0.00426002515266762,0.018572138057126784,0.0006441079011659601,0.0,0.0036354330375410375,0.0,0.0,0.00527973636237587,0.0013827341564969576,0.03312156029362849,0,2
2348,0.6000000000000227,0.0,0.0,0.03861003861003861,0.0,0.4,0.0,0.0,0.0,0.0,0.0,0.0,0.0,0.0,0.0,0.0,0.010675184259949932,0.0,0.0008043294090493882,9.89901386388269e-06,0.0,0.0,0.0,0.6546236184046735,0.49460455900121075,0.42,0.23125000000000004,0.39768337415761834,0.12688764960210538,0.020202020202020204,0.29999999999999716,0.0,1.0,0.0,0.35000000000000003,0.00039061868580946696,0.0,0.0,0.0,0.0003258964041036527,0.0,0.003893268554115188,0.0,0.0,0.0012727289471839616,0.0013413247396993288,0.033122453169833546,0,2
3503,0.6000000000000227,0.0,0.0,0.03861003861003861,0.0,0.4,0.029411764705882346,0.0,0.0,0.0,0.0,0.0,0.0,0.0,0.0,0.0,0.014834313341655183,0.0,0.0008043294090493882,9.89901386388269e-06,0.010471991543743918,0.002897813655233221,0.0,0.6540913941320379,0.49395104991315314,0.580754716981132,0.2442401960784314,0.402838201781645,0.10821480042609187,0.020202020202020204,0.5,0.0,1.0,0.0,0.8,0.0,0.0,0.0,0.0,6.398350302448047e-05,0.0,0.003658960976048627,0.0,0.0,0.00033156800636070284,0.0011000961154010763,0.03312156029362849,0,2
12132,0.0,0.0,1.0,0.02316602316602317,0.0,0.6000000000000001,0.32352941176470584,0.0,0.0,0.0,0.0,0.0,0.0,0.0,0.0,0.0,0.009790215788945764,0.0,0.0008043294090493882,9.89901386388269e-06,0.0007273421356673834,0.0007312884679548146,0.0,0.6539160425384142,0.49377304251562104,0.580754716981132,0.2450980392156863,0.40287476084280827,0.13196315558618962,0.020202020202020204,0.7999999999999972,0.0,1.0,0.0,0.55,0.0,0.0,0.0,0.0,0.0,1.5539684197478305e-06,0.0036354330375410375,0.0,0.0025053901437371664,0.0005709129849511462,0.0010926551950768068,0.03312156029362849,1,4
5567,0.4000000000000341,1.0,0.0,0.31660231660231664,0.0,0.6000000000000001,0.1176470588235294,0.0,0.0,0.0,0.0,0.0,0.0,0.0,0.0,0.0,0.009770786935533304,0.0,0.0008277215046263718,9.89901386388269e-06,0.0004569385981528691,0.0031001644983548087,0.0,0.6540796670947677,0.49434434737409183,0.20339622641509433,0.2450980392156863,0.39068840712170516,0.010338993671282663,0.020202020202020204,0.29999999999999716,0.0,1.0,0.0,0.45,0.0024348732207876565,0.0,0.00016341673030442793,0.0,0.0,5.9086938750876814e-05,0.0036354330375410375,0.0,0.0012603696098562628,3.346122616463231e-05,0.0014418295328097559,0.03312900092867062,0,3
7110,0.6000000000000227,1.0,0.0,0.10231660231660232,0.0,0.4,0.47058823529411764,0.0,0.0,0.0,0.0,0.0,0.0,0.0,0.0,0.0,0.009770786935533304,0.0,0.0008043294090493882,9.89901386388269e-06,0.0014460082220027503,0.002844712140344229,0.0,0.6540819326543341,0.49396578698091154,0.3920754716981132,0.23026960784313727,0.3967815839822567,0.12262673099818286,0.24242424242424243,0.19999999999999574,0.0,1.0,1.0,0.55,0.0,0.0,0.0,0.0,0.0,0.0,0.0036743347666116375,0.0,0.0,0.002064158575513648,0.0011063638075792237,0.03312156029362849,0,3
7881,0.6000000000000227,1.0,0.0,0.08687258687258688,0.8888888888888888,0.6000000000000001,0.5,0.0,0.0,0.0,0.0,1.0,0.0,0.0,0.0,0.0,0.0165406663133555,0.007804774102244849,0.013817913588819203,2.0526789484615638e-05,0.1867002670777186,0.1564535168534984,0.0,0.6594787569522321,0.5005443709408234,0.33226415094339623,0.2166666666666667,0.39469162431908755,0.11554608684754686,0.020202020202020204,0.14999999999999858,0.0,1.0,0.0,0.10000000000000002,0.03153715336792255,0.0,0.0,0.0,0.012312567112833172,0.0,0.005666570547689431,0.0,0.0,0.05081713951540572,0.003476808796187162,0.03299923625353589,0,0
3944,0.20000000000004547,1.0,1.0,0.13706563706563707,0.0,0.6000000000000001,0.23529411764705882,0.0,0.0,0.0,0.0,0.0,0.0,0.0,0.0,0.0,0.009770786935533304,0.0,0.0008043294090493882,1.6670425187949683e-05,0.0011600600961017063,0.0006568300057630517,4.754198684922529e-05,0.654121549796714,0.49401905663837375,0.45679245283018866,0.2450980392156863,0.39885326411484423,0.13390563318503665,0.25252525252525254,0.7999999999999972,0.0,1.0,0.0,0.2,0.0001721117335090133,0.0,0.0,0.0,0.0,0.0,0.0036354330375410375,0.0,0.0,0.0002265284080182103,0.0011007952739207035,0.03312156029362849,0,4
8395,0.6000000000000227,1.0,0.0,0.12162162162162163,0.0,0.2,0.1764705882352941,0.0,0.0,0.0,0.0,0.0,0.0,0.0,0.0,0.0,0.010400351013615021,0.09247301598795607,0.0008043294090493882,9.89901386388269e-06,0.05159827288777964,0.011861249647340292,0.0,0.6535184056905206,0.49329903762828997,0.3920754716981132,0.12291666666666667,0.396641440914464,0.07030515696472212,0.030303030303030304,0.3999999999999986,0.0,1.0,0.0,0.45,0.0006246518109773517,0.0,0.005162194381226734,0.022505263065367494,0.0,0.002093845959808594,0.003682371512416503,0.0,0.0,0.00444236150301279,0.0057370455834859025,0.03312156029362849,0,3
6294,0.6000000000000227,1.0,0.0,0.06756756756756757,0.2962962962962963,0.6000000000000001,0.5,0.0,0.0,0.0,0.0,1.0,0.0,0.0,0.0,0.0,0.009770786935533304,0.0,0.0008043294090493882,9.89901386388269e-06,0.002244566262603769,0.0009477664746618933,0.0,0.6540947427735321,0.49398761290238796,0.4050943396226415,0.22843137254901966,0.39720201318563475,0.1255717776803058,0.24242424242424243,0.14999999999999858,0.0,0.0,1.0,0.55,0.0,0.0008910832590939168,0.0,0.0,0.0,0.0,0.0036418014164842226,0.005973937484161887,0.0,0.0003412124117613652,0.0010847905167813009,0.03312156029362849,0,0
10188,0.0,0.0,1.0,0.055984555984555984,0.0,0.6000000000000001,0.2941176470588235,0.0,0.0,0.0,0.0,0.0,0.0,0.0,0.0,0.0,0.010723207088175465,0.0,0.0008043294090493882,1.043546349045302e-05,0.1469570925980285,0.18217683801669582,0.0,0.653432859446811,0.49323827890857935,0.580754716981132,0.2450980392156863,0.3983231577279763,0.09536938404661949,0.030303030303030304,0.14999999999999858,1.0,1.0,0.0,0.8,0.0,0.0,0.0,0.0,0.0,0.0,0.003680487581090934,0.0,0.0,0.05720526620349645,0.0016752216335121938,0.033229593354016845,1,4
5167,0.20000000000004547,0.0,1.0,0.02316602316602317,0.0,0.6000000000000001,0.32352941176470584,0.0,0.0,0.0,0.0,0.0,0.0,0.0,0.0,0.0,0.009770786935533304,0.0,0.0008043294090493882,9.89901386388269e-06,0.0005017648530349543,0.002721307211376854,0.0,0.6539575150673941,0.49382619960230356,0.20339622641509433,0.2425245098039216,0.39068840712170516,0.13240177956012283,0.020202020202020204,0.14999999999999858,0.0,1.0,0.0,0.85,0.0,0.0,4.23411639283527e-06,0.0,0.0,5.529236470265536e-06,0.0036354330375410375,0.0,0.0,0.0015709892192431727,0.0010825576210823542,0.03312156029362849,0,4
786,0.20000000000004547,0.0,0.0,0.20463320463320464,0.0,0.2,0.5294117647058824,0.4444444444444444,0.0,0.0,0.0,1.0,0.0,0.0,0.0,0.0,0.009770786935533304,0.0,0.001232030484578956,9.89901386388269e-06,0.0,0.003194400989566259,0.0,0.6539082528965647,0.4966400560755889,0.580754716981132,0.24375000000000005,0.3922909126360302,0.04386239739332039,0.020202020202020204,0.44999999999999574,1.0,1.0,0.0,0.10000000000000002,0.007264225815156492,0.0,0.0,0.0,0.0,0.0072360358771555435,0.004939739397813657,0.0,0.0,0.002034483481973148,0.001936654476767738,0.03312156029362849,0,1
2475,0.0,0.0,0.0,0.06756756756756757,0.0,0.0,0.4411764705882353,0.0,0.0,0.0,0.0,0.0,0.0,0.0,0.0,0.0,0.009770786935533304,0.0,0.0008043294090493882,9.89901386388269e-06,0.0,2.227105788771481e-05,0.0,0.6541030824049807,0.49399735221570434,0.3920754716981132,0.20968137254901964,0.3967815839822567,0.1159220502537753,0.24242424242424243,0.3999999999999986,0.0,1.0,0.0,0.55,0.0,0.0,0.0,0.0,0.0,0.0,0.0036354330375410375,0.0,0.0,0.00012875409119770213,0.0010860571808586174,0.03312156029362849,0,2
3352,0.20000000000004547,0.0,0.0,0.02316602316602317,0.0,0.6000000000000001,0.5294117647058824,0.0,0.0,0.0,0.0,1.0,0.0,0.0,0.0,0.0,0.009770786935533304,0.0,0.0008043294090493882,9.89901386388269e-06,0.0002122017065789036,4.8780264851076845e-05,2.3314277174002518e-05,0.654102056309927,0.49399878846358286,0.580754716981132,0.2450980392156863,0.39592244604491894,0.07544332351651106,0.020202020202020204,0.14999999999999858,0.0,1.0,0.0,0.85,0.0,0.0,0.00048037058599666817,7.076021078631735e-05,0.0,0.00013714674774286087,0.0036354330375410375,0.0,0.0,2.527499346380483e-05,0.00108549716008905,0.03312156029362849,0,1
10624,0.6000000000000227,1.0,1.0,0.05405405405405406,0.0,0.6000000000000001,0.23529411764705882,0.0,0.0,0.0,0.0,0.0,0.0,0.0,0.0,0.0,0.009770786935533304,0.0,0.0008043294090493882,9.89901386388269e-06,0.0027817583170777907,0.0006394619046491248,0.0,0.6540495654350944,0.49393433392872327,0.20339622641509433,0.24203431372549022,0.39068840712170516,0.13196315558618962,0.020202020202020204,0.10000000000000142,0.0,1.0,0.0,0.75,3.4555408786718115e-06,0.0,4.294603769875774e-05,0.0001872288807141068,0.0,0.0,0.0036360255453297585,0.0,0.0,0.0008219745090946488,0.0010825576210823542,0.03312156029362849,1,4
6572,0.6000000000000227,1.0,0.0,0.15830115830115832,0.4444444444444444,0.6000000000000001,0.5,0.0,0.0,0.0,0.0,1.0,0.0,0.0,0.0,0.0,0.009770786935533304,0.0,0.0008043294090493882,1.1204712011572738e-05,0.0041370295231498684,0.000927240536981798,0.0,0.6540956539008804,0.4940119926278623,0.580754716981132,0.2421568627450981,0.3943930586529205,0.08020552666207158,0.020202020202020204,0.3999999999999986,1.0,1.0,0.0,0.10000000000000002,0.0,0.0,0.0,0.0,0.0,7.553009295983642e-05,0.003663919744016657,0.0,0.0,0.00011606543051141954,0.0010911828232464628,0.03312156029362849,0,0
6680,0.20000000000004547,0.0,0.0,0.06756756756756757,0.0,0.6000000000000001,0.0,0.4444444444444444,0.0,0.0,0.0,0.0,0.0,0.0,0.0,0.0,0.011219312551182274,4.3648176578872944e-07,0.001264607876352502,9.89901386388269e-06,0.0,0.006993693883478324,0.0,0.6539420815640712,0.4950704125995688,0.580754716981132,0.236764705882353,0.3932841004643001,0.048749921674290375,0.020202020202020204,0.10000000000000142,1.0,1.0,0.0,0.25000000000000006,0.0030271216985353414,0.0,0.009155167764260529,0.03991315392763121,0.001818083099638858,0.0,0.004348651428949503,0.0,0.0,0.0015500119979473023,0.0017036576323599126,0.033131808528293186,0,2
4974,0.4000000000000341,0.0,1.0,0.08687258687258688,0.0,0.6000000000000001,0.2941176470588235,0.0,0.0,0.0,0.0,0.0,0.0,0.0,0.0,0.0,0.010258705492067317,0.00042189236276724115,0.0019491385665869648,9.89901386388269e-06,0.07954057426770529,0.01828453852581386,0.0,0.6536993158236069,0.4958527977624618,0.580754716981132,0.2450980392156863,0.39344861623953503,0.048373958268061915,0.020202020202020204,0.5,1.0,1.0,0.0,0.45,0.015964850048093455,0.0,0.0,0.0,0.0,0.01892325166807668,0.004530339682115935,0.0,0.0,0.002249806983982101,0.002871299499431889,0.03312156029362849,0,4
1389,0.4000000000000341,0.0,1.0,0.0637065637065637,0.0,0.6000000000000001,0.23529411764705882,0.0,0.0,0.0,0.0,0.0,0.0,0.0,0.0,0.0,0.009770786935533304,0.0,0.0008043294090493882,9.89901386388269e-06,0.009243607559152581,0.0023395413907195337,0.0,0.6541449757091362,0.49404156419532974,0.3092452830188679,0.13799019607843138,0.3941066793404746,0.07882699417256722,0.25252525252525254,0.29999999999999716,0.0,1.0,1.0,0.35000000000000003,0.00042196974234720065,0.0,0.0,0.0,0.0,0.0,0.0036354330375410375,0.0,0.0,0.0014091832135158795,0.001165428649921934,0.03312156029362849,0,4
5194,0.8000000000000114,1.0,0.0,0.06756756756756757,0.2962962962962963,0.2,0.5,0.0,0.0,0.0,0.0,1.0,0.0,0.0,0.0,0.0,0.009770786935533304,0.0,0.0008043294090493882,9.89901386388269e-06,0.009126119391114858,0.00211633220606878,0.0,0.6542768433359138,0.4941836619023242,0.3750943396226415,0.24497549019607845,0.39623319806480706,0.1315245316122564,0.020202020202020204,0.6000000000000014,0.0,1.0,0.0,0.5,7.110674884716808e-05,0.0,0.0,0.0,0.0,0.0,0.0037267212504788223,0.0,0.0,0.004620821375890829,0.001224100516104162,0.03312156029362849,0,0
8180,0.4000000000000341,0.0,0.0,0.06756756756756757,0.0,0.6000000000000001,0.47058823529411764,0.0,0.0,0.0,0.0,0.0,0.0,0.0,0.0,0.0,0.010061708055065675,0.0,0.0008043294090493882,9.89901386388269e-06,0.0015414447646549317,0.000510323009285286,0.0,0.654070306338051,0.4939719209238779,0.580754716981132,0.20772058823529413,0.39995612912660405,0.1141675543580425,0.020202020202020204,0.5,0.0,1.0,0.0,0.45,0.00019858837285443583,0.0,0.0,0.0,0.0,0.0,0.0036354330375410375,0.0,0.00033210985626283367,0.0,0.001090929877062439,0.03312156029362849,0,2
1411,0.0,0.0,1.0,0.0694980694980695,0.0,0.6000000000000001,0.2647058823529412,0.0,0.0,0.0,0.0,0.0,0.0,0.0,0.0,0.0,0.010640705946109538,1.942343857759846e-06,0.0018759524968917755,9.89901386388269e-06,0.011401051826380685,0.006120635173894996,0.000161025100929398,0.6535805237025748,0.4946481844482566,0.580754716981132,0.2450980392156863,0.39327800728743956,0.05464001503853626,0.030303030303030304,0.14999999999999858,1.0,1.0,0.0,0.2,0.0008648492408954016,0.0,0.0008194023343086923,0.0035722918836719715,2.0957414518047785e-05,0.0,0.0038592278233377394,0.0,0.0,0.004578201801892145,0.001824551632700956,0.03312156029362849,0,4
10810,0.8000000000000114,0.0,0.0,0.03861003861003861,0.0,0.6000000000000001,0.5588235294117647,0.0,0.0,0.0,0.0,0.0,0.0,0.0,0.0,0.0,0.009770786935533304,0.0,0.0008043294090493882,9.89901386388269e-06,0.01341244926318651,0.004370445807577229,1.9551805204690545e-05,0.6539293821054312,0.49379393720502707,0.36584905660377354,0.11936274509803924,0.3959346323986401,0.06992919355849365,0.020202020202020204,0.5,0.0,1.0,0.0,0.75,0.0004062942140783338,0.0,0.0013727610219342351,0.004060141784124222,0.00035414743711715256,0.0,0.0036354330375410375,0.0,0.0,0.0019895103660729774,0.0011321481095700851,0.03312156029362849,1,2
8833,0.6000000000000227,0.0,0.0,0.10231660231660232,0.0,0.6000000000000001,0.029411764705882346,0.0,0.0,0.0,0.1262522811068489,0.0,0.0,0.0,0.0,0.0,0.01001943412072361,0.0,0.0008043294090493882,9.89901386388269e-06,0.0,9.97211547211111e-07,7.56844072439634e-05,0.6541842144851772,0.4940844765647127,0.37773584905660373,0.1360294117647059,0.39632459571771533,0.07788708565699606,0.24242424242424243,0.25,0.0,1.0,1.0,0.45,0.0006428460144249755,0.0,0.0,0.0,0.0,0.0,0.0036354330375410375,0.0,0.0,0.0004377843756539393,0.0012006149362932157,0.033141401987074166,0,2
10806,0.6000000000000227,1.0,1.0,0.20463320463320464,0.0,0.8,0.23529411764705882,0.0,0.0,0.0,0.0,0.0,0.0,0.0,0.0,0.0,0.00992973933657313,3.2190530226918797e-06,0.0008571175714014479,3.279427905826167e-05,0.0,8.310096226759258e-08,0.0,0.6529935860670146,0.4933462335099267,0.580188679245283,0.24350490196078436,0.4007299625878941,0.1315245316122564,0.020202020202020204,0.5,0.0,1.0,0.0,0.2,0.0,0.0,0.0,0.0,0.0,2.349022029851372e-06,0.004959930209948589,0.0,0.0,0.002954257889865495,0.001697356878236881,0.03312156029362849,1,4
7648,0.20000000000004547,0.0,0.0,0.03474903474903475,0.0,1.0,0.0,0.0,0.0,0.0,0.0,0.0,0.0,0.0,0.0,0.0,0.010194940928234164,0.0,0.0008043294090493882,0.02110524412911553,0.017383910844917062,0.003996159073523992,0.0,0.6539794063100427,0.4940197611761844,0.580754716981132,0.24485294117647063,0.3947586492645536,0.06385111849113353,0.020202020202020204,0.14999999999999858,0.0,1.0,0.0,0.25000000000000006,2.3591364544959813e-05,0.0,0.0,0.0,1.7733196899886587e-05,0.0,0.0036390666141327037,0.0,0.0,0.0009846247200692147,0.0012841052693897414,0.03312156029362849,0,2
1896,0.6000000000000227,0.0,0.0,0.5405405405405406,0.0,0.4,0.5294117647058824,0.0,0.0,0.0,0.0,1.0,0.0,0.0,0.0,0.0,0.009770786935533304,0.0007525818605729273,0.0012228451883823939,0.0001316224706400107,0.0,0.05737174093607417,0.0,0.6506467883983209,0.499262910601618,0.580754716981132,0.22500000000000003,0.3936375047222121,0.07331286421454979,0.030303030303030304,0.14999999999999858,1.0,1.0,0.0,0.25000000000000006,0.0,0.0,0.0,0.06159083017988916,0.0,0.014434162152629331,0.007983304272337996,0.0,0.0,0.018739770406871116,0.004038206667632691,0.03393753505531189,0,1
8932,0.6000000000000227,0.0,1.0,0.03861003861003861,0.0,0.6000000000000001,0.23529411764705882,0.0,0.0,0.0,0.0,0.0,0.0,0.0,0.0,0.0,0.009770786935533304,0.0,0.0008043294090493882,9.89901386388269e-06,0.0,0.0,0.0,0.652864314656201,0.49253513464654225,0.3920754716981132,0.2450980392156863,0.3967815839822567,0.13327902750798926,0.020202020202020204,0.8999999999999986,0.0,1.0,0.0,0.35000000000000003,0.00016615109521535152,0.0,0.0,0.0,0.00045481815420459344,0.0,0.0036675666706844114,0.0,0.0,0.0,0.0010845223531803661,0.03312156029362849,0,4
1006,0.6000000000000227,1.0,0.0,0.15830115830115832,0.4444444444444444,0.6000000000000001,0.5,0.0,0.0,0.0,0.0,1.0,0.0,0.0,0.0,0.0,0.009770786935533304,0.0,0.0008043294090493882,9.89901386388269e-06,0.0,0.0007194881313128165,4.306181791466883e-06,0.6541009603065568,0.4939896096751141,0.580754716981132,0.2450980392156863,0.40287476084280827,0.12789021868538128,0.25252525252525254,1.0,0.0,1.0,0.0,0.5,0.00018177910131103424,0.0,0.0,0.0,0.0,0.0,0.00363546248623829,0.0,0.0,0.00026515719357523995,0.0010973730404323253,0.03312156029362849,0,0
8485,0.0,0.0,0.0,0.02316602316602317,0.0,0.8,0.5588235294117647,0.0,0.0,0.0,0.0,0.0,0.0,0.0,0.0,0.0,0.009917519174705649,0.0,0.0008043294090493882,9.89901386388269e-06,0.003027941216873759,0.0010729996247991554,1.0895944835984386e-05,0.6540290610939294,0.49400183913171175,0.580754716981132,0.24497549019607845,0.39217514227567973,0.08277460993796605,0.020202020202020204,0.6999999999999957,1.0,1.0,0.0,0.10000000000000002,0.0,0.0,0.0,0.0,0.0,0.0,0.003653431296003194,0.0,0.0,0.00035190567822682107,0.0011076030604788476,0.03312156029362849,0,2
7689,0.6000000000000227,0.0,0.0,0.03474903474903475,0.0,0.6000000000000001,0.5294117647058824,0.0,0.0,0.0,0.0,1.0,0.0,0.0,0.0,0.0,0.009772893859993215,6.615972364942666e-05,0.0008043294090493882,9.89901386388269e-06,0.026087434333151617,0.0059969809420408185,0.0,0.6540644747917028,0.4941825311482513,0.3949056603773585,0.14571078431372553,0.39500846951583624,0.07237295569897866,0.25252525252525254,0.3500000000000014,1.0,1.0,1.0,0.05,3.342166551218336e-05,0.0,0.0,0.0,0.0,0.0,0.003760663033633502,0.0,0.0,0.0006798922077809119,0.0012639876955293874,0.03312156029362849,0,1
8194,0.0,0.0,0.0,0.03474903474903475,0.0,0.6000000000000001,0.5588235294117647,0.0,0.0,0.0,0.0,0.0,0.0,0.0,0.0,0.0,0.009770786935533304,0.0,0.0008043294090493882,9.89901386388269e-06,0.024066999344958276,0.005532446562964976,9.295263119560333e-05,0.6542757436880342,0.49421239151799484,0.4184905660377358,0.23100490196078435,0.39747011296749907,0.12588508051882952,0.020202020202020204,0.9499999999999957,0.0,1.0,0.0,0.25000000000000006,0.001428041304181956,0.0,0.0,0.0,0.0,0.0014664763838359819,0.0037605032253697447,0.0,0.0,0.0018943198289486677,0.0011905453682940549,0.033127964200188084,0,2
2248,0.6000000000000227,0.0,0.0,0.08687258687258688,0.0,0.6000000000000001,0.5294117647058824,0.0,0.0,0.0,0.0,1.0,0.0,0.0,0.0,0.0,0.011734259938644855,0.0002779952366308418,0.0012412469702362877,0.001305951189966732,0.0,0.0013619416706035748,0.0,0.6525023370134863,0.49898458944145196,0.58,0.23137254901960785,0.3974883924980807,0.12525847484178207,0.030303030303030304,0.0,0.0,1.0,0.0,0.15000000000000002,0.0,0.0,0.09923145746855287,0.2269851315656466,0.0,0.017079775317849783,0.00800895722883933,0.0,0.0,0.002434815843020802,0.003358886108026234,0.03426212035796637,0,1
2456,0.20000000000004547,1.0,1.0,0.15830115830115832,0.0,0.6000000000000001,0.23529411764705882,0.0,0.0,0.0,0.0,0.0,0.0,0.0,0.0,0.0,0.009770786935533304,0.0,0.0008043294090493882,9.89901386388269e-06,0.03944348927568002,0.030282572357046608,0.0,0.654079132014525,0.49396615807630934,0.3920754716981132,0.19522058823529415,0.3967815839822567,0.10721223134281598,0.020202020202020204,0.6000000000000014,0.0,1.0,0.0,0.55,0.0,0.0,0.0,0.0,0.0,5.359384108107053e-05,0.0037357659270283177,0.0,0.0,0.0038914536242242908,0.001107870976239116,0.03312156029362849,0,4
6818,0.20000000000004547,1.0,0.0,0.10424710424710425,0.2962962962962963,0.6000000000000001,0.5,0.0,0.0,0.0,0.0,1.0,0.0,0.0,0.0,0.0,0.009770786935533304,0.0,0.0008043294090493882,9.89901386388269e-06,0.0001597839085313039,0.00011044117885363054,1.957355359757674e-06,0.6541025797940035,0.4939967509324709,0.580754716981132,0.20343137254901966,0.40288085401966883,0.1112851682436243,0.24242424242424243,0.5,0.0,0.0,0.0,0.10000000000000002,0.0,0.0003418832891190912,0.0,0.0,0.0,0.0,0.0036354330375410375,0.0009421963795530642,0.0,1.5605006085952374e-05,0.0010829751830369334,0.03312156029362849,0,0
11324,0.20000000000004547,0.0,1.0,0.03474903474903475,0.0,0.6000000000000001,0.32352941176470584,0.0,0.41316552,0.0,0.0,0.0,0.0,0.0,0.0,0.0,0.010899300824642709,0.0,0.0008043294090493882,9.89901386388269e-06,0.0,0.0030059280071433585,0.0,0.6524194986402557,0.49202490409414035,0.580754716981132,0.2450980392156863,0.40287476084280827,0.1342189360235604,0.020202020202020204,0.44999999999999574,0.0,1.0,0.0,0.45,0.0,0.0,0.0,0.0,0.0,0.00032098482567907515,0.0036354330375410375,0.0,0.012665451745379877,0.0012848803863492525,0.001098489265225199,0.03312156029362849,1,4
463,0.0,0.0,0.0,0.10231660231660232,0.0,0.6000000000000001,0.5294117647058824,0.0,0.0,0.0,0.0,1.0,0.0,0.0,0.0,0.0,0.010307556040616388,8.742729768748251e-05,0.0008043294090493882,9.89901386388269e-06,0.003659846809888961,0.0008413141419971072,1.5876326806923357e-06,0.6541122490087427,0.4940031426237052,0.39547169811320754,0.191421568627451,0.3968973543426072,0.10451782693151201,0.24242424242424243,0.3999999999999986,0.0,1.0,0.0,0.55,0.0,0.0,0.0,0.0,0.0,0.0,0.0036354330375410375,0.0,0.0,0.0001005883343114176,0.0011127100156804542,0.03314321254160109,0,1
9445,0.20000000000004547,0.0,0.0,0.03474903474903475,0.0,1.0,0.5588235294117647,0.0,0.0,0.0,0.0,0.0,0.0,0.0,0.0,0.0,0.010549927600808246,0.0,0.0008043294090493882,9.89901386388269e-06,0.0009478583895228028,0.0007535595258425295,0.0,0.6536808013845706,0.4935026529373201,0.580754716981132,0.2450980392156863,0.40287476084280827,0.1342189360235604,0.020202020202020204,0.5,0.0,1.0,0.0,0.75,0.0,0.0,4.0324918027002574e-07,0.0,0.00018492296678919687,0.0,0.0036354330375410375,0.0,0.0,0.003480734980437462,0.0010992999024765269,0.03312156029362849,1,2
9078,0.0,0.0,0.0,0.03861003861003861,0.0,0.4,0.5588235294117647,0.0,0.0,0.0,0.0,0.0,0.0,0.0,0.0,0.0,0.009931184084774213,0.0,0.0008043294090493882,9.89901386388269e-06,0.021291748064879497,0.004615011939530754,0.0,0.6542322424925984,0.4941479653199177,0.4581132075471698,0.24031862745098043,0.3989141958834498,0.13158719217996115,0.25252525252525254,1.0,0.0,1.0,0.0,0.35000000000000003,2.625260624326895e-05,0.0,0.0,0.0,0.0,0.0,0.0036354330375410375,0.0,0.0,0.0013835500723714137,0.0011998409794604999,0.03312156029362849,1,2
6754,0.0,0.0,0.0,0.0637065637065637,0.0,0.6000000000000001,0.5294117647058824,0.0,0.0,0.0,0.0,1.0,0.0,0.0,0.0,0.0,0.010483032749206084,0.0,0.0008043294090493882,9.89901386388269e-06,0.0069271023875041755,0.0019493823728731867,0.0,0.6540379619798247,0.4939791499088078,0.580754716981132,0.24448529411764708,0.3984937666800717,0.1302086596904568,0.020202020202020204,0.29999999999999716,0.0,1.0,0.0,0.25000000000000006,0.0003521596699397699,0.0,0.0,0.0,0.00010602354439526191,0.0,0.0036354330375410375,0.0,0.0009013090349075976,0.0001905089841345694,0.0011104335991605056,0.03335212573189063,0,1
486,0.6000000000000227,1.0,0.0,0.02316602316602317,0.0,0.6000000000000001,0.47058823529411764,0.0,0.0,0.0,0.0,0.0,0.0,0.0,0.0,0.0,0.00987769830241334,0.0,0.0013686715122093094,1.6113732179244622e-05,0.026790555831100456,0.006158529212689019,0.0,0.6540361188520288,0.49393645491748217,0.5794339622641509,0.2450980392156863,0.4020643683203549,0.12751425527915283,0.020202020202020204,0.29999999999999716,0.0,1.0,0.0,0.4,0.0004917933925183982,0.0,0.0003189701015935904,0.00033138632877567257,0.0,0.00025000822157710445,0.0037423286673733693,0.0,0.0,0.0011330001877717126,0.0014073683786599291,0.03312156029362849,0,3
10788,0.8000000000000114,0.0,0.0,0.20463320463320464,0.0,0.8,1.0,0.0,0.0,0.0,0.0,1.0,0.0,0.0,0.0,0.0,0.009770786935533304,0.0,0.0008043294090493882,6.489016143287518e-05,0.014597091499062263,0.003305091471306692,0.0,0.6529113891274373,0.49409911775322085,0.5783018867924529,0.24325980392156868,0.3944174313603627,0.10765085531674919,0.030303030303030304,0.5,0.0,1.0,0.0,0.2,0.0009562954798653609,0.0,0.0,0.0,0.0008609913163837257,0.0,0.003971758755876317,0.0,0.004363449691991787,0.004293704633561201,0.0014945160964690166,0.03312156029362849,1,1
12226,0.0,0.0,0.0,0.02316602316602317,0.0,0.8,0.5294117647058824,0.0,0.0,0.0,0.0,1.0,0.0,0.0,0.0,0.0,0.009770786935533304,0.0,0.0008043294090493882,9.89901386388269e-06,0.0,0.0,0.0,0.6536496935089857,0.4934661035342139,0.20339622641509433,0.2450980392156863,0.39068840712170516,0.1342189360235604,0.25252525252525254,0.7999999999999972,0.0,1.0,0.0,0.10000000000000002,0.0,0.0,0.0,0.0,0.0,0.0,0.0036354330375410375,0.0,0.0070205595482546205,1.1844455439009753e-05,0.0010825576210823542,0.03312156029362849,1,1
4058,0.8000000000000114,1.0,0.0,0.06756756756756757,0.2962962962962963,0.6000000000000001,0.5,0.0,0.0,0.0,0.0,1.0,0.0,0.0,0.0,0.0,0.009770786935533304,0.0,0.0008043294090493882,9.89901386388269e-06,0.0005845488237446119,0.00017841776598852125,0.0,0.654113179352595,0.4940092292093091,0.30962264150943397,0.09411764705882354,0.3941188656941957,0.05702111661131651,0.24242424242424243,0.5,0.0,1.0,0.0,0.5,0.00010791606641918884,0.0,0.0,0.0,0.0,0.0,0.00363554101609763,0.0,0.0,3.343564418744222e-05,0.0010903020470865725,0.03312156029362849,0,0
4112,0.8000000000000114,1.0,0.0,0.06756756756756757,0.2962962962962963,0.6000000000000001,0.5,0.0,0.0,0.0,0.0,1.0,0.0,0.0,0.0,0.0,0.009770786935533304,0.0,0.0008791841148957357,9.89901386388269e-06,3.5065699383566696e-05,8.06079333995648e-06,6.676756616062289e-06,0.6540989863077419,0.494003631336159,0.580754716981132,0.2450980392156863,0.39407621345617183,0.13227645842471336,0.020202020202020204,0.5,0.0,1.0,0.0,0.75,2.8330004099602102e-05,0.0,0.0,0.0,0.0,0.0,0.0036354330375410375,0.0,0.0,6.185722084562761e-05,0.0010846454308552499,0.03312156029362849,0,0
11262,0.6000000000000227,0.0,1.0,0.05791505791505792,0.0,0.8,0.2941176470588235,0.0,0.0,0.0,0.0,0.0,0.0,0.0,0.0,0.0,0.009770786935533304,0.0,0.0008124542635797938,9.89901386388269e-06,0.004555287401364164,0.001572353307065119,0.00026350352820915534,0.6540485131658369,0.4940612590354946,0.580754716981132,0.2450980392156863,0.4020887410277971,0.13171251331537065,0.020202020202020204,0.29999999999999716,0.0,1.0,0.0,0.4,0.0,0.0,0.0,0.0,0.0,0.0007250166148135111,0.0036354330375410375,0.0,0.0,0.0013179578828560333,0.0015092192439971545,0.03312156029362849,1,4
3887,0.8000000000000114,0.0,0.0,0.07335907335907337,0.0,0.4,0.029411764705882346,0.0,0.0,0.0,0.0,0.0,0.0,0.0,0.0,0.0,0.009770786935533304,0.0,0.0008043294090493882,9.89901386388269e-06,0.0,0.00020717069893310829,0.0,0.6541648734051467,0.49406445992738807,0.29245283018867924,0.07732843137254902,0.3935643865998855,0.048311297700357164,0.020202020202020204,0.6499999999999986,0.0,1.0,0.0,0.45,0.0,0.0,0.0,0.0,0.0,0.00021892885318214786,0.003676071061801647,0.0,0.0,0.0009842409904113633,0.0012378182491430984,0.03312582625771931,0,2
11895,0.8000000000000114,1.0,0.0,0.015444015444015444,0.0,0.6000000000000001,0.029411764705882346,0.0,0.0,0.0,0.0,0.0,0.0,0.0,0.0,0.0,0.009853438572203511,0.0,0.0008043294090493882,9.89901386388269e-06,0.0010534169897290036,0.0,3.264433772218076e-05,0.6540923983600352,0.49398196728370025,0.5666037735849057,0.2450980392156863,0.4024177725782669,0.13334168807569396,0.020202020202020204,0.6499999999999986,0.0,1.0,0.0,0.35000000000000003,6.201643600523968e-05,0.0,0.0,0.0,0.0001156022879987311,0.0,0.0036606309135074943,0.0,0.0,0.00032624695510516497,0.001142199882609406,0.03312156029362849,1,3
5306,0.4000000000000341,1.0,0.0,0.15830115830115832,0.4444444444444444,0.6000000000000001,0.5,0.0,0.0,0.0,0.0,1.0,0.0,0.0,0.0,0.0,0.009770786935533304,0.0,0.0008105673012032505,9.89901386388269e-06,4.012672816057632e-05,0.00010055216434378701,1.9921527883755884e-05,0.6541025247950436,0.49399276942044673,0.3924528301886792,0.14914215686274512,0.3967876771591173,0.08390250015665143,0.24242424242424243,0.0,0.0,1.0,0.0,0.5,2.767148255690826e-05,0.0,0.0,0.0,0.0,0.0,0.0036354330375410375,0.0,0.0,0.00041110237344467974,0.0011172475817353073,0.03312156029362849,0,0
176,0.8000000000000114,0.0,0.0,0.06756756756756757,0.0,0.6000000000000001,0.5588235294117647,0.0,0.0,0.0,0.0,0.0,0.0,0.0,0.0,0.0,0.010062821715137341,0.0,0.0008043294090493882,9.89901386388269e-06,0.0018364304419434929,0.0015165925613835646,0.0,0.6541030913505947,0.4939963363614617,0.3937735849056604,0.21519607843137256,0.3968364225740017,0.11498214173820416,0.24242424242424243,0.29999999999999716,0.0,0.0,0.0,0.55,0.0,0.0007211929161614286,0.0,0.0,0.0,0.0,0.00363759025277711,0.007213104523554408,0.0,0.0005186490055518007,0.001086505772464617,0.03312156029362849,0,2
8333,0.8000000000000114,1.0,0.0,0.03861003861003861,0.0,0.6000000000000001,0.1764705882352941,0.0,0.0,0.0,0.0,0.0,0.0,0.0,0.0,0.0,0.009770786935533304,0.0,0.0008323999237417686,9.89901386388269e-06,0.008171392462537543,0.0018784141510966627,0.0,0.6538922004892831,0.4944721699416996,0.579811320754717,0.23615196078431375,0.3954228055423537,0.12256407043047812,0.020202020202020204,0.5499999999999972,0.0,1.0,0.0,0.25000000000000006,0.0,0.0,0.0,0.0,0.0,0.00037960196002398167,0.0040567669359626735,0.0,0.0,0.0006713478273994233,0.001255716310700486,0.033130489055679044,0,3
6284,0.8000000000000114,0.0,0.0,0.08687258687258688,0.0,0.4,0.029411764705882346,0.0,0.0,0.0,0.0,0.0,0.0,0.0,0.0,0.0,0.009770786935533304,0.0,0.001567363972040208,9.89901386388269e-06,0.0,0.03862441315139208,0.0,0.6545292471471279,0.49448698930257967,0.43754716981132075,0.16482843137254904,0.39823785325192856,0.09292562190613449,0.020202020202020204,1.0,0.0,1.0,0.0,0.5,0.0,0.0,0.0,0.0,0.0,0.0036165904559596314,0.005046629530555836,0.0,0.0,0.014850567996639552,0.0026403468448396904,0.03312309802487053,0,2
10907,0.6000000000000227,1.0,0.0,0.10231660231660232,0.0,0.6000000000000001,0.029411764705882346,0.0,0.0,0.0,0.0,0.0,0.0,0.0,0.0,0.0,0.009770786935533304,0.0,0.0008043294090493882,9.89901386388269e-06,0.0,0.0005441451009281961,0.0,0.652539134630872,0.4921591676512204,0.20339622641509433,0.2450980392156863,0.39068840712170516,0.13384297261733194,0.020202020202020204,0.5,0.0,1.0,0.0,0.75,0.0,0.0,1.0887727867290695e-05,0.0,0.0,8.998561314353716e-06,0.0036354330375410375,0.0,0.0,0.0243247253391019,0.0010825576210823542,0.03312156029362849,1,3
220,0.8000000000000114,0.0,0.0,0.03861003861003861,0.0,0.6000000000000001,0.029411764705882346,0.0,0.0,0.0,0.0,0.0,0.0,0.0,0.0,0.0,0.009770786935533304,0.0,0.0008043294090493882,9.89901386388269e-06,0.0015779564722605013,0.0009908958740787739,0.0,0.6540288222129047,0.4939103959465153,0.29283018867924526,0.07132352941176472,0.3935765729536066,0.04536625101823423,0.020202020202020204,0.5,0.0,1.0,0.0,0.5,0.0,0.0,7.308891392394217e-05,0.0,0.0,2.620063033295761e-05,0.003655690207407112,0.0,0.0,0.0007305445226172819,0.0011204260887124479,0.03312156029362849,0,2
9501,0.4000000000000341,1.0,1.0,0.03861003861003861,0.0,1.0,0.23529411764705882,0.0,0.0,0.0,0.0,0.0,0.0,0.0,0.0,0.0,0.009770786935533304,0.0,0.0008043294090493882,9.89901386388269e-06,0.0028374296336248967,0.0,0.0,0.654054409319397,0.4939403739333149,0.580754716981132,0.2450980392156863,0.40287476084280827,0.1342189360235604,0.020202020202020204,0.3999999999999986,0.0,1.0,0.0,0.8,0.0,0.0,0.0,0.0,0.0,0.0,0.0036354330375410375,0.0,0.0,0.26500004348936124,0.0011784892582182476,0.03312156029362849,1,4
9875,0.20000000000004547,1.0,1.0,0.015444015444015444,0.0,0.6000000000000001,0.23529411764705882,0.0,0.0,0.0,0.0,0.0,0.0,0.0,0.0,0.0,0.009770786935533304,0.0,0.0008043294090493882,9.89901386388269e-06,0.00108306015828006,0.000504422840964287,0.0,0.6539005749092305,0.4937601407397463,0.20339622641509433,0.2450980392156863,0.39068840712170516,0.1342189360235604,0.020202020202020204,0.7999999999999972,0.0,1.0,0.0,0.05,0.0,0.0,0.0,0.0,0.0,0.0,0.0036354330375410375,0.0,0.0015927361396303901,7.132255240595937e-05,0.0010825576210823542,0.03312156029362849,1,4
3731,0.4000000000000341,0.0,0.0,0.03861003861003861,0.0,0.6000000000000001,0.5294117647058824,0.0,0.0,0.0,0.0,1.0,0.0,0.0,0.0,0.0,0.009770786935533304,0.0,0.0008043294090493882,9.89901386388269e-06,0.0,0.0,2.6446045749614797e-05,0.6540978995813046,0.4939938283621258,0.580754716981132,0.24497549019607845,0.3968120498665595,0.07914029701109093,0.24242424242424243,0.6499999999999986,0.0,0.0,1.0,0.4,0.0,0.009407888000211941,0.0,0.0,0.0,0.0,0.0036354330375410375,0.027677974439206245,0.0,0.00011665381598679152,0.0010929341149626588,0.03312156029362849,0,1
349,0.4000000000000341,0.0,0.0,0.10424710424710425,0.0,0.6000000000000001,0.5294117647058824,0.0,0.0,0.0,0.0,1.0,0.0,0.0,0.0,0.0,0.009846711463392225,0.0,0.0008043294090493882,9.89901386388269e-06,0.0,0.00013046851076012035,0.0,0.6541123941264803,0.49400191715490727,0.3932075471698113,0.19460784313725493,0.39681814304342,0.09229901622908705,0.25252525252525254,0.0,0.0,1.0,0.0,0.55,0.0,0.0,0.0,0.0,0.0,0.0,0.0036354330375410375,0.0,0.0,9.777431682050816e-05,0.0010886814665377821,0.03312156029362849,0,1
4203,0.20000000000004547,0.0,0.0,0.02364864864864865,0.0,0.0,0.7941176470588235,0.3333333333333333,0.0,0.0,0.0,0.0,0.0,0.0,0.0,0.0,0.009770786935533304,0.0,0.0008043294090493882,9.89901386388269e-06,5.1694793936598326e-05,0.00031353993063562677,0.0,0.6541052657974263,0.49399992387575703,0.3864150943396226,0.1373774509803922,0.39659878867644016,0.07914029701109093,0.24242424242424243,0.25,0.0,1.0,0.0,0.5,2.7949826714129367e-05,0.0,0.0,0.0,0.0,0.0,0.0036354330375410375,0.0,0.0,6.799689537124822e-05,0.0010902040013189849,0.03312156029362849,0,2
11764,0.0,0.0,0.0,0.10231660231660232,0.0,0.6000000000000001,0.5588235294117647,0.0,0.0,0.0,0.0,0.0,0.0,0.0,0.0,0.0,0.009770786935533304,0.0,0.0008043294090493882,9.89901386388269e-06,0.0,0.0,0.0,0.6541046333093871,0.49399324377042175,0.44132075471698107,0.2450980392156863,0.3983719031428607,0.13384297261733194,0.25252525252525254,0.6000000000000014,0.0,1.0,0.0,0.35000000000000003,0.0012633362408077775,0.0,0.0,0.0,0.0,0.0,0.0036354330375410375,0.0,0.0,0.00964476354834303,0.001368021541455367,0.03312156029362849,1,2
11494,0.0,1.0,1.0,0.03474903474903475,0.0,0.6000000000000001,0.23529411764705882,0.0,0.0,0.0,0.0,0.0,0.0,0.0,0.0,0.0,0.009832248931920981,0.0,0.0008043294090493882,9.89901386388269e-06,0.0,3.083045700127684e-05,0.0,0.6540247721690118,0.49390562993260945,0.39132075471698113,0.24350490196078436,0.3968059566896989,0.13340434864339873,0.020202020202020204,0.6000000000000014,0.0,1.0,0.0,0.55,0.0,0.0,1.0081229506750643e-06,0.0,0.0,4.445072456487981e-06,0.0036354330375410375,0.0,0.0,0.0012198254183548641,0.0010826216631105257,0.03312156029362849,1,4
12287,0.20000000000004547,1.0,1.0,0.13706563706563707,0.0,0.8,0.23529411764705882,0.0,0.0,0.0,0.0,0.0,0.0,0.0,0.0,0.0,0.009770786935533304,0.0,0.0008043294090493882,9.89901386388269e-06,0.00015508438180979496,1.7783605925264813e-05,0.0,0.6540621552271336,0.49394146470535233,0.580754716981132,0.2450980392156863,0.40287476084280827,0.12550911711260104,0.020202020202020204,0.8999999999999986,0.0,1.0,0.0,0.35000000000000003,6.735928604750827e-05,0.0,0.0,0.0,4.094443344228007e-05,0.0,0.0036428682446233577,0.0,0.0,0.00032941912027673563,0.0010915617716252327,0.03312156029362849,1,4
8974,0.6000000000000227,0.0,0.0,0.03474903474903475,0.0,0.6000000000000001,0.5294117647058824,0.0,0.0,0.0,0.0,1.0,0.0,0.0,0.0,0.0,0.009770786935533304,0.0,0.0008043294090493882,9.89901386388269e-06,0.0,0.0,0.00011420081104541718,0.6540986152304219,0.49400352419983073,0.580754716981132,0.2439950980392157,0.4008152670639418,0.1335296697788082,0.020202020202020204,0.9499999999999957,0.0,1.0,0.0,0.45,0.0,0.0,0.0003771387958475416,0.0,0.0,0.00013519525251806127,0.0036563137344902724,0.0,0.0,0.00020539769485919938,0.0010927766865714262,0.033137676709129746,0,1
6328,0.20000000000004547,0.0,0.0,0.03581081081081081,0.0,0.0,0.7941176470588235,0.3333333333333333,0.0,0.0,0.0,0.0,0.0,0.0,0.0,0.0,0.009770786935533304,0.0,0.0008043294090493882,9.89901386388269e-06,0.0,0.0,0.0,0.6541483995600516,0.4940499375204612,0.4730188679245283,0.2450980392156863,0.39890200952972865,0.1336549909142177,0.24242424242424243,0.5,0.0,1.0,0.0,0.2,8.052971690138513e-05,0.0,0.0,0.0,0.0,0.0,0.0036354330375410375,0.0,0.0,5.6024530046288034e-05,0.001108001786542788,0.03312156029362849,0,2
4675,0.4000000000000341,0.0,0.0,0.10231660231660232,0.0,0.6000000000000001,0.5588235294117647,0.0,0.0,0.0,0.0,0.0,0.0,0.0,0.0,0.0,0.009770786935533304,0.0,0.0008043294090493882,9.89901386388269e-06,0.003111448191694418,0.0007152499822371693,0.0,0.6540932597895281,0.49400827119315666,0.580754716981132,0.24460784313725495,0.4001084585481179,0.12870480606554296,0.25252525252525254,1.0,0.0,1.0,0.0,0.6,0.0,0.0,0.0,0.0,0.0,0.0,0.0036354330375410375,0.0,0.0,0.00015459188815968884,0.0011000314289871726,0.03312156029362849,0,2
2208,0.8000000000000114,1.0,0.0,0.06756756756756757,0.0,0.6000000000000001,0.0,0.0,0.0,0.0,0.0,0.0,0.0,0.0,0.0,0.0,0.009770786935533304,0.0,0.0008043294090493882,9.89901386388269e-06,0.0002530514388504813,0.007017626960611391,0.0,0.6541019476372834,0.4939960700733415,0.580754716981132,0.23602941176470593,0.40287476084280827,0.12970737514881886,0.25252525252525254,0.14999999999999858,0.0,0.0,0.0,0.75,0.0,0.0,0.0,0.0,0.0,0.0,0.0036354330375410375,0.0021878512044921426,0.0,0.002164644581916305,0.0010826861016837632,0.03312156029362849,0,3
12388,0.6000000000000227,0.0,0.0,0.10424710424710425,0.0,0.2,0.0,0.0,0.0,0.0,0.0,0.0,0.0,0.0,0.0,0.0,0.009770786935533304,0.0,0.0008043294090493882,9.89901386388269e-06,0.0,0.0002883603390685462,0.0,0.6540954630611158,0.4939884727102395,0.20339622641509433,0.21519607843137256,0.39068840712170516,0.11892975750360299,0.04040404040404041,0.9499999999999957,0.0,1.0,0.0,0.35000000000000003,0.0,0.0,0.0,0.0,0.0,0.0,0.0036354330375410375,0.0,0.00010888090349075976,0.0,0.0010825576210823542,0.03312156029362849,1,2
5049,0.8000000000000114,0.0,1.0,0.10231660231660232,0.0,0.8,0.23529411764705882,0.0,0.0,0.0,0.0,0.0,0.0,0.0,0.0,0.0,0.009941417717865208,0.0,0.0008043294090493882,9.89901386388269e-06,0.002883340394673484,0.0008936677482256906,0.0,0.6540969205335541,0.4939846414219799,0.5130188679245283,0.21102941176470588,0.40068731034987026,0.11611003195688954,0.07070707070707072,0.29999999999999716,0.0,1.0,0.0,0.35000000000000003,0.0,0.0,0.0,0.0,0.0,2.2478333885654666e-05,0.0036470542787754817,0.0,0.0,0.0006085440733977624,0.0012077494264176743,0.03312156029362849,0,4
5697,0.6000000000000227,1.0,1.0,0.03861003861003861,0.0,0.6000000000000001,0.2941176470588235,0.0,0.0,0.0,0.0,0.0,0.0,0.0,0.0,0.0,0.009770786935533304,0.0,0.0008043294090493882,9.89901386388269e-06,0.033292531801335824,0.026455856145586237,0.0,0.6543229715599841,0.49425502284860373,0.3366037735849057,0.1658088235294118,0.39499018998525454,0.09367754871859141,0.020202020202020204,0.14999999999999858,0.0,1.0,0.0,0.35000000000000003,0.000552350218918698,0.0,0.0,0.0,0.0003884243137374099,0.0,0.0036354330375410375,0.0,0.0,0.006940953215168476,0.0011929597824969981,0.03312156029362849,0,4
5016,0.6000000000000227,1.0,0.0,0.20463320463320464,0.0,0.6000000000000001,0.029411764705882346,0.0,0.0,0.0,0.0,0.0,0.0,0.0,0.0,0.0,0.009770786935533304,0.0,0.0008045633300051581,9.89901386388269e-06,0.03113147251355271,0.012575834821879319,0.0,0.6543567750472439,0.4942957567793126,0.2862264150943396,0.08872549019607845,0.3933389390560451,0.05376276709066985,0.25252525252525254,0.14999999999999858,0.0,1.0,0.0,0.35000000000000003,9.60355231231659e-05,0.0,0.0,0.0,0.0,0.0,0.0037054431924413264,0.0,0.0,0.003479225643783247,0.001288470883590317,0.03312156029362849,0,3
2541,0.4000000000000341,0.0,0.0,0.31660231660231664,0.0,0.4,0.0,0.0,0.0,0.0,0.0,0.0,0.0,0.0,0.0,0.0,0.009770786935533304,0.0,0.0008043294090493882,9.89901386388269e-06,0.0,0.0,0.0,0.6544960141912478,0.49436426502676534,0.2850943396226415,0.06519607843137257,0.3933754981172084,0.04210790149758757,0.020202020202020204,1.0,0.0,1.0,0.0,0.45,0.0,0.0,0.0,0.0,9.525528361227694e-05,0.0,0.003912314400900941,0.0,0.0,0.0013105135274937183,0.0016675055604802001,0.03312156029362849,0,2
9891,0.20000000000004547,0.0,0.0,0.10231660231660232,0.0,0.6000000000000001,0.029411764705882346,0.0,0.0,0.0,0.0,0.0,0.0,0.0,0.0,0.0,0.009770786935533304,0.0,0.0008043294090493882,9.89901386388269e-06,0.1867002670777186,0.0461017546352678,0.0,0.6533166688428474,0.4935953371183185,0.35792452830188676,0.195343137254902,0.392266539928588,0.07400213045930197,0.020202020202020204,0.7999999999999972,1.0,1.0,0.0,0.05,0.0,0.0,0.0006841122343280987,0.0,0.0,0.0002452378999164832,0.004141822626613932,0.0,0.0,0.007145429958848832,0.0013400321019201842,0.03312156029362849,1,2
10765,0.20000000000004547,0.0,0.0,0.0637065637065637,0.0,0.6000000000000001,0.029411764705882346,0.0,0.0,0.0,0.0,0.0,0.0,0.0,0.0,0.0,0.009770786935533304,0.0,0.0014687896812787993,9.89901386388269e-06,0.023942642637866038,0.013572215359467754,0.0,0.6514490618713762,0.4908902143138108,0.580754716981132,0.2450980392156863,0.3964220865474842,0.12387994235227774,0.020202020202020204,0.5,1.0,1.0,0.0,0.2,1.245759825611547e-05,0.0,0.0,0.0,0.0,0.0002008594529525219,0.0036208677118799333,0.0,0.006846201232032854,0.0012782546542570202,0.0011657010268141957,0.03333291401221185,1,2
9102,0.6000000000000227,0.0,0.0,0.10231660231660232,0.0,1.0,0.5588235294117647,0.0,0.0,0.0,0.0,0.0,0.0,0.0,0.0,0.0,0.009770786935533304,0.0,0.0008043294090493882,9.89901386388269e-06,0.0,0.0,0.0,0.6534180945453021,0.49319490383447445,0.580754716981132,0.23995098039215687,0.40287476084280827,0.13158719217996115,0.020202020202020204,1.0,0.0,1.0,0.0,0.35000000000000003,0.0006138099666094955,0.0,0.0,0.0,0.00048114404757229796,0.0,0.0036417782501757174,0.0,0.0,0.010260931050943438,0.0011371440817213234,0.03312156029362849,1,2
10323,0.20000000000004547,1.0,0.0,0.10424710424710425,0.0,0.6000000000000001,0.029411764705882346,0.0,0.0,0.0,0.0,0.0,0.0,0.0,0.0,0.0,0.009770786935533304,0.0,0.0008043294090493882,9.89901386388269e-06,0.0,0.0,0.0,0.65316287253437,0.492887656253861,0.20339622641509433,0.10882352941176474,0.39068840712170516,0.06410176076195251,0.04040404040404041,0.14999999999999858,0.0,1.0,0.0,0.35000000000000003,0.0,0.0,0.0,0.0,0.0,1.2865412963493667e-05,0.0036354330375410375,0.0,0.0,0.0,0.0010825576210823542,0.03312156029362849,1,3
11804,1.0,0.0,0.0,0.015444015444015444,0.0,0.6000000000000001,0.029411764705882346,0.0,0.0,0.0,0.0,0.0,0.0,0.0,0.0,0.0,0.009770786935533304,0.0,0.0008043294090493882,9.89901386388269e-06,0.0025417209522253345,0.03164218720070669,0.0,0.6536966771988062,0.4935212531236965,0.20339622641509433,0.2450980392156863,0.39068840712170516,0.1342189360235604,0.020202020202020204,0.75,0.0,1.0,0.0,0.75,0.0,0.0,0.0,0.0,0.0,0.0,0.0036354330375410375,0.0,0.012320328542094456,0.0035634415126930097,0.0010825576210823542,0.03312156029362849,1,2
12130,0.0,0.0,0.0,0.2335907335907336,0.0,0.8,0.5588235294117647,0.0,0.0,0.0,0.0,0.0,0.0,0.0,0.0,0.0,0.010159409152163816,0.0,0.0008043294090493882,9.89901386388269e-06,0.0,0.0,0.0,0.6534660758367392,0.49333126974790853,0.580754716981132,0.2450980392156863,0.3950754944613023,0.1342189360235604,0.020202020202020204,0.7999999999999972,0.0,1.0,0.0,0.10000000000000002,7.163628163407654e-05,0.0,0.0,0.0,0.0003034833961948817,0.0,0.0036354330375410375,0.0,0.009146688911704313,0.0007266560620843888,0.0010997095335297845,0.03312156029362849,1,2
8415,0.4000000000000341,0.0,0.0,0.06756756756756757,0.0,0.6000000000000001,0.5294117647058824,0.0,0.0,0.0,0.0,1.0,0.0,0.0,0.0,0.0,0.009770786935533304,0.0,0.0008043294090493882,9.89901386388269e-06,0.0,0.0,1.1483151443911688e-05,0.6541197129639799,0.4940159966540424,0.3260377358490566,0.2450980392156863,0.39467334478850585,0.1302086596904568,0.24242424242424243,0.0,0.0,0.0,1.0,0.35000000000000003,0.0,0.0,0.0,0.0,0.0,0.0,0.0036456635149665685,0.006264188651828123,0.0,0.00010345351575670721,0.0010877672814560747,0.033124759766696606,0,1
9026,0.8000000000000114,1.0,0.0,0.015444015444015444,0.35185185185185186,0.6000000000000001,0.5,0.0,0.0,0.03501434275014903,0.0,1.0,0.0,0.0,0.0,0.0,0.009941778904915478,0.0,0.0008043294090493882,9.89901386388269e-06,0.0,0.0,0.0,0.6539612046361761,0.4938311748425896,0.580754716981132,0.2450980392156863,0.40287476084280827,0.1342189360235604,0.020202020202020204,0.3999999999999986,0.0,1.0,0.0,0.2,3.450788661353402e-05,0.0,0.0,0.0,3.917580921484213e-05,0.0,0.0036354330375410375,0.0,0.0,0.0021969034551530034,0.0010847965640935584,0.03312156029362849,1,0
6421,0.8000000000000114,1.0,0.0,0.05791505791505792,0.7037037037037037,0.4,0.5,0.0,0.0,0.0,0.0,1.0,0.0,0.0,0.0,0.0,0.009770786935533304,3.971984068677438e-06,0.0008043294090493882,0.0002007536206301117,0.04330577723664937,0.009954996673883986,0.00048607658100648907,0.6534694065870056,0.4948125269176628,0.580754716981132,0.24485294117647063,0.3936923433139571,0.12789021868538128,0.020202020202020204,0.0,1.0,1.0,0.0,0.2,0.00044666769463916144,0.0,0.0,0.0,0.0,3.2091254807815664e-05,0.004111629466294852,0.0,0.0,0.004445917397842212,0.0013713320979395112,0.03312156029362849,0,0
7723,0.8000000000000114,1.0,0.0,0.03474903474903475,0.1111111111111111,0.6000000000000001,0.5,0.0,0.0,0.0,0.0,1.0,0.0,0.0,0.0,0.0,0.010519572839125106,0.0,0.0009419373099635903,9.89901386388269e-06,0.00022883080113193522,0.0003796051956383629,4.02345268394633e-06,0.6538786458962118,0.4939052666007137,0.580754716981132,0.24448529411764708,0.3939909089801241,0.13233911899241807,0.020202020202020204,0.3500000000000014,0.0,1.0,0.0,0.10000000000000002,0.0,0.0,0.0,0.0,5.204137660381545e-05,0.0,0.003656817503537939,0.0,0.001540041067761807,0.0004816063025805564,0.001115363546558242,0.03317019228426385,0,0
4960,0.6000000000000227,0.0,0.0,0.03861003861003861,0.0,0.6000000000000001,0.0,0.0,0.0,0.0,0.0,0.0,0.0,0.0,0.0,0.0,0.009770786935533304,0.0,0.0008043294090493882,9.89901386388269e-06,0.0,0.0,0.0,0.6541192537557963,0.49401634601163447,0.2788679245283019,0.08627450980392158,0.3931256778659258,0.05301084027821293,0.020202020202020204,0.6499999999999986,0.0,1.0,0.0,0.45,7.575713293732563e-05,0.0,0.0,0.0,7.805423913480531e-05,0.0,0.0036518972152009854,0.0,0.0007700205338809035,0.00035914537777161537,0.0011918392948446642,0.03312156029362849,0,2
1596,0.6000000000000227,1.0,0.0,0.10424710424710425,0.2962962962962963,0.6000000000000001,0.5,0.0,0.0,0.0,0.0,1.0,0.0,0.0,0.0,0.0,0.009770786935533304,0.0,0.0008043294090493882,9.89901386388269e-06,0.00032968987461662704,7.578807758804443e-05,0.0,0.654118657381532,0.494015535890196,0.3920754716981132,0.19607843137254904,0.3967815839822567,0.10890406667084405,0.25252525252525254,0.10000000000000142,0.0,0.0,1.0,0.55,0.0,0.003322323401827036,0.0,0.0,0.0,0.0,0.0036551495293255555,0.013513748351310808,0.0,8.531589392893635e-05,0.0010911551146599707,0.03312156029362849,0,0
6218,0.4000000000000341,0.0,1.0,0.02316602316602317,0.0,0.6000000000000001,0.23529411764705882,0.0,0.0,0.0,0.0,0.0,0.0,0.0,0.0,0.0,0.009770786935533304,4.730371136735355e-05,0.0008043294090493882,0.0005145665304826872,0.12291069887023377,0.028978136552332206,0.0,0.6525113180785881,0.5027908446768715,0.580754716981132,0.24080882352941177,0.39125507256973646,0.02995175136286735,0.010101010101010102,0.7999999999999972,1.0,1.0,0.0,0.10000000000000002,0.10983744219207674,0.0,0.0,0.0,0.0,0.0017971825468385957,0.00671553707031773,0.0,0.0,0.012320356960676921,0.004575901652571063,0.033173297509288095,0,4
365,0.6000000000000227,1.0,0.0,0.15830115830115832,0.4444444444444444,0.6000000000000001,0.5,0.0,0.0,0.0,0.0,1.0,0.0,0.0,0.0,0.0,0.009784331449918443,0.0,0.0008043294090493882,9.89901386388269e-06,0.0,5.0192981209625916e-05,0.0,0.6541101401630801,0.4940072153568784,0.3888679245283019,0.13627450980392158,0.39662316138388237,0.0785136913340435,0.020202020202020204,0.3500000000000014,0.0,1.0,0.0,0.45,4.787519504203068e-05,0.0,0.0,0.0,0.0,4.864282541815302e-05,0.0036462230402143666,0.0,0.0,0.00011821431659538675,0.0011095381508331704,0.03313148114035133,0,0
5368,0.0,1.0,0.0,0.05791505791505792,0.7037037037037037,0.6000000000000001,0.5,0.0,0.0,0.0,0.0,1.0,0.0,0.0,0.0,0.0,0.009770786935533304,0.0,0.0008043294090493882,9.89901386388269e-06,0.015870301738535684,0.0036482153445095817,0.0003853597735505136,0.6542884060389422,0.49421157169217883,0.3920754716981132,0.1373774509803922,0.3967815839822567,0.07901497587568145,0.020202020202020204,0.44999999999999574,0.0,1.0,0.0,0.05,0.0011132815845380662,0.0,0.0,0.0,0.0005634085514609157,0.0,0.003789914620939094,0.0,0.0,0.00046822692851014147,0.0013667930448406603,0.03312156029362849,0,0
282,0.6000000000000227,0.0,0.0,0.0694980694980695,0.0,0.4,0.5294117647058824,0.0,0.0,0.0,0.0,1.0,0.0,0.0,0.0,0.0,0.010804895559378285,0.0002886126555836526,0.0021559714756786536,1.3107589932237302e-05,0.04836536000543699,0.011117994640818944,0.0,0.6538902450443341,0.49556361313388314,0.580377358490566,0.2416666666666667,0.39662925456074294,0.13102324707061846,0.030303030303030304,0.3500000000000014,0.0,1.0,0.0,0.25000000000000006,0.004588340498624772,0.0,0.003641239285543265,0.01587489946336511,0.001217862121780296,0.0,0.004492913529102336,0.0,0.0,0.0003878995201332719,0.0015857724672758617,0.03312307322275372,0,1
5923,0.6000000000000227,1.0,0.0,0.06756756756756757,0.2962962962962963,0.4,0.5,0.0,0.0,0.0,0.0,1.0,0.0,0.0,0.0,0.0,0.009770786935533304,0.0,0.0008043294090493882,9.89901386388269e-06,0.0,0.0009067977002639702,0.0,0.6540628370817091,0.4939501668147954,0.4562264150943396,0.22904411764705887,0.39885326411484423,0.12588508051882952,0.24242424242424243,0.0,0.0,0.0,0.0,0.55,0.0,0.0,0.0,0.0,0.0,0.0,0.003638427773726972,0.005464569083214886,0.0,0.0009227930812007771,0.0010849401134074785,0.03312156029362849,0,0
11766,0.20000000000004547,0.0,0.0,0.06756756756756757,0.0,0.6000000000000001,0.5588235294117647,0.0,0.0,0.0,0.0,0.0,0.0,0.0,0.0,0.0,0.009770786935533304,0.0,0.0008043294090493882,9.89901386388269e-06,0.0,0.0,3.0578240397992106e-05,0.6541025131988774,0.49400529971274865,0.580754716981132,0.2450980392156863,0.40268587236013115,0.13415627545585562,0.020202020202020204,0.6000000000000014,0.0,1.0,0.0,0.8,1.8974924864219475e-05,0.0,0.0,0.0,3.246129776731225e-05,0.0,0.0036354330375410375,0.0,0.0,5.021742122413854e-05,0.0011714712532069492,0.03312156029362849,1,2
5884,0.0,0.0,0.0,0.03581081081081081,0.0,0.0,0.7941176470588235,0.3333333333333333,0.0,0.0,0.0,0.0,0.0,0.0,0.0,0.0,0.009770786935533304,0.0,0.0009251417853393161,9.89901386388269e-06,0.013067214800183354,0.003003850483086669,3.5297641654296724e-05,0.6541824303321697,0.4940769001630662,0.38905660377358486,0.14840686274509804,0.3965805091458585,0.08252396766714708,0.020202020202020204,0.6000000000000014,0.0,1.0,0.0,0.45,0.0,0.0,0.0007700043097256142,0.0,0.0,0.0002760281579077658,0.0037261440560126726,0.0,0.0,0.0002731387704585467,0.0012508279509665546,0.03312156029362849,0,2
6675,0.0,1.0,0.0,0.06756756756756757,0.2962962962962963,0.6000000000000001,0.5,0.0,0.0,0.0,0.0,1.0,0.0,0.0,0.0,0.0,0.009770786935533304,0.0,0.0008043294090493882,9.89901386388269e-06,0.0,2.9667043529530548e-05,0.0,0.6541033603816517,0.49399752301274935,0.5171698113207547,0.21237745098039215,0.4008335465945235,0.1075255341813397,0.25252525252525254,0.7999999999999972,0.0,0.0,0.0,0.5,0.0,5.424716395616577e-05,0.0,0.0,0.0,0.0,0.0036354330375410375,0.000494384705756141,0.0,1.1435143803968379e-05,0.0010828374331946049,0.03312156029362849,0,0
11084,0.20000000000004547,0.0,1.0,0.04247104247104247,0.0,0.6000000000000001,0.2647058823529412,0.0,0.0,0.0,0.0,0.0,0.0,0.0,0.0,0.0,0.009770786935533304,0.0,0.0008043294090493882,9.89901386388269e-06,0.0,0.0,0.0,0.6540437855745159,0.49392792709866,0.20339622641509433,0.2450980392156863,0.39068840712170516,0.1342189360235604,0.020202020202020204,0.3999999999999986,0.0,1.0,0.0,0.6,0.0,0.0,0.0,0.0,0.0,0.0,0.0036354330375410375,0.0,0.0,0.0009216418922272233,0.0010825576210823542,0.03312156029362849,1,4
7416,0.8000000000000114,1.0,0.0,0.03474903474903475,0.0,0.4,0.029411764705882346,0.0,0.0,0.0,0.0,0.0,0.0,0.0,0.0,0.0,0.009770786935533304,0.0,0.002075331124859599,9.89901386388269e-06,0.0,0.003718768061474768,0.0,0.65405136052163,0.4940043972056358,0.580754716981132,0.24497549019607845,0.4015037960491842,0.12751425527915283,0.020202020202020204,0.7999999999999972,0.0,1.0,0.0,0.45,8.278362568668776e-05,0.0,0.0,0.0,5.9475858975789085e-06,0.0,0.003702660879524907,0.0,0.0,0.0018604748731261842,0.0012365509406800496,0.03312156029362849,0,3
5730,0.0,1.0,1.0,0.10231660231660232,0.0,0.6000000000000001,0.23529411764705882,0.0,0.0,0.0,0.0,0.0,0.0,0.0,0.0,0.0,0.00997868018188477,0.0,0.0008043294090493882,9.89901386388269e-06,0.007280289895728347,0.004388395615427029,2.64242973567286e-05,0.6540798695306986,0.4940761843681776,0.580754716981132,0.24460784313725495,0.3973360630765669,0.13258976126323704,0.020202020202020204,0.10000000000000142,0.0,1.0,0.0,0.5,7.823507482478184e-05,0.0,0.0,0.0,0.00011874824790771364,0.0,0.0036208767428137574,0.0,0.0,0.0012346885471023038,0.0011161254087664425,0.03312156029362849,0,4
4946,0.20000000000004547,0.0,1.0,0.03474903474903475,0.0,0.6000000000000001,0.23529411764705882,0.0,0.0,0.0,0.0,0.0,0.0,0.0,0.0,0.0,0.009770786935533304,0.0,0.0008043294090493882,9.89901386388269e-06,0.0,0.00031063139695626106,0.0,0.6540999802648491,0.4939937650895841,0.20339622641509433,0.24522058823529416,0.39068840712170516,0.13428159659126512,0.020202020202020204,0.9499999999999957,0.0,1.0,0.0,0.5,0.0,0.0,0.00022581954095121442,0.0,0.0,8.09509130287242e-05,0.0036354330375410375,0.0,0.0,7.720640715967912e-05,0.0010825576210823542,0.03312156029362849,0,4
2679,0.4000000000000341,0.0,0.0,0.10231660231660232,0.0,1.0,0.5588235294117647,0.0,0.0,0.0,0.0,0.0,0.0,0.0,0.0,0.0,0.009770786935533304,0.0,0.0008043294090493882,9.89901386388269e-06,0.0,0.0,1.4745410376841145e-05,0.6541021497418952,0.4939909453856411,0.580754716981132,0.24485294117647063,0.40287476084280827,0.13058462309668528,0.24242424242424243,0.6999999999999957,0.0,1.0,1.0,0.35000000000000003,2.799734888731346e-05,0.0,0.0,0.0,0.0,0.0,0.0036354330375410375,0.0,0.0,3.52775465451284e-05,0.001110990794546477,0.03312156029362849,0,2
850,0.20000000000004547,0.0,1.0,0.02316602316602317,0.0,0.6000000000000001,0.23529411764705882,0.0,0.0,0.0,0.0,0.0,0.0,0.0,0.0,0.0,0.009779982155854771,0.0,0.0008043294090493882,9.89901386388269e-06,0.0,0.0,0.0,0.6539848194004487,0.49385884202300523,0.40452830188679245,0.23835784313725492,0.3971837336550531,0.1307726047997995,0.020202020202020204,0.5,0.0,1.0,0.0,0.55,0.0,0.0,0.0,0.0,0.0,1.5178296192885786e-05,0.003643945674293504,0.0,0.0008431211498973306,0.00020365812041027353,0.0010883931782747441,0.03312156029362849,0,4
12182,0.0,0.0,0.0,0.06756756756756757,0.0,0.2,0.5294117647058824,0.0,0.0,0.0,0.0,1.0,0.0,0.0,0.0,0.0,0.009770786935533304,0.0,0.0008043294090493882,9.89901386388269e-06,0.0,0.0,0.0,0.6539285889276596,0.493888293256191,0.2788679245283019,0.20049019607843138,0.3908102706589162,0.109405351212482,0.020202020202020204,0.7999999999999972,1.0,1.0,0.0,0.0,7.2369480877488235e-06,0.0,0.0,0.0,4.773720259898861e-05,0.0,0.0036700662761072066,0.0,0.001855852156057495,0.000390022824240049,0.0010959524177331043,0.03312156029362849,1,1
2311,0.6000000000000227,1.0,0.0,0.06756756756756757,0.2962962962962963,0.4,0.5,0.0,0.0,0.0,0.0,1.0,0.0,0.0,0.0,0.0,0.00987580207039942,0.0,0.0008043294090493882,9.89901386388269e-06,0.00042331890699130514,0.000736108323766335,0.0,0.6541092558725737,0.4940046324397478,0.3979245283018868,0.19350490196078432,0.39697047246493383,0.10783883701986341,0.24242424242424243,0.04999999999999716,0.0,0.0,1.0,0.05,0.0,0.006030266132801683,0.0,0.0,0.0,0.0,0.0036499386805090434,0.013408399071721465,0.0,0.0002921461795107805,0.0010890384562335178,0.03312156029362849,0,0
10731,0.6000000000000227,0.0,1.0,0.15830115830115832,0.0,0.6000000000000001,0.23529411764705882,0.0,0.0,0.0,0.0,0.0,0.0,0.0,0.0,0.0,0.009864650420222321,0.0,0.0008043294090493882,9.89901386388269e-06,0.0216626491738232,0.009134790176302846,0.0,0.6540698988156369,0.4939583184919435,0.3860377358490566,0.14289215686274512,0.3965866023227191,0.08189736199009964,0.020202020202020204,0.5,0.0,1.0,0.0,0.55,0.0,0.0,0.0,0.0,0.0,0.0002601632245061542,0.003658272661831511,0.0,0.0,0.0023191085601900435,0.0011619440597219152,0.03312156029362849,1,4
856,0.6000000000000227,0.0,0.0,0.06756756756756757,0.0,0.0,0.4411764705882353,0.0,0.0,0.0,0.0,0.0,0.0,0.0,0.0,0.0,0.009770786935533304,0.0,0.0008043294090493882,9.89901386388269e-06,7.989195426565196e-05,0.00037894038794022213,0.0,0.654101082231962,0.49399456240124423,0.580754716981132,0.2450980392156863,0.40287476084280827,0.13240177956012283,0.25252525252525254,0.6000000000000014,0.0,0.0,0.0,0.85,0.0,0.006527321542074457,0.0,0.0,0.0,0.0,0.0036354330375410375,0.010161339641211556,0.0,3.121001217190475e-05,0.0010873460018915012,0.03312156029362849,0,2
876,0.6000000000000227,1.0,0.0,0.03861003861003861,0.537037037037037,0.6000000000000001,0.5,0.0,0.0,0.0,0.0,1.0,0.0,0.0,0.0,0.0,0.009770786935533304,0.0,0.0008043294090493882,0.009180849517579961,0.01236626231456752,0.0028427177172498067,0.0,0.6540102020830959,0.494176412732289,0.58,0.24460784313725495,0.393856859089192,0.10677360736888278,0.24242424242424243,0.9499999999999957,0.0,1.0,1.0,0.25000000000000006,5.863557282728573e-05,0.0,0.0,0.0,0.0,0.0,0.003739225167332249,0.0,0.0,0.0014386024872844784,0.001146655115994915,0.03312156029362849,0,0
739,0.4000000000000341,0.0,0.0,0.03474903474903475,0.0,0.0,0.4411764705882353,0.0,0.0,0.0,0.0,0.0,0.0,0.0,0.0,0.0,0.009770786935533304,0.0,0.0008043294090493882,9.89901386388269e-06,0.00011206563720521315,0.0008320068342231369,0.0,0.6541015725841349,0.49399550450221746,0.3164150943396226,0.14914215686274512,0.3943382200611755,0.08509305094304156,0.020202020202020204,0.3999999999999986,0.0,1.0,0.0,0.35000000000000003,0.0,0.0,0.0,0.0,0.0,0.0,0.0036728678288391646,0.0,0.000728670431211499,2.558197719008586e-05,0.001098963334851694,0.03312156029362849,0,2
7216,0.6000000000000227,1.0,1.0,0.03861003861003861,0.0,0.6000000000000001,0.23529411764705882,0.0,0.0,0.0,0.0,0.0,0.0,0.0,0.0,0.0,0.010052828873413194,0.0,0.0008043294090493882,9.89901386388269e-06,0.006706224631593255,0.0015416059510261098,0.0,0.6541413918311265,0.49404178118521197,0.3943396226415094,0.19007352941176472,0.39685470210458335,0.10595901998872112,0.020202020202020204,0.9499999999999957,0.0,1.0,0.0,0.55,0.0,0.0,1.0081229506750644e-07,4.395044148218469e-07,0.0,0.0,0.0037491006897935625,0.0,0.0,0.0009160138572454044,0.0011367981952874378,0.03312156029362849,0,4
3326,0.4000000000000341,1.0,0.0,0.08687258687258688,0.8888888888888888,0.4,0.5,0.0,0.0,0.0,0.0,1.0,0.0,0.0,0.0,0.0,0.010135254768176984,5.739735220121792e-06,0.0015386228839412877,7.531550323226083e-05,4.084973227157769e-05,0.0009987073645319276,0.0,0.654146985490407,0.4957266000958322,0.5790566037735849,0.24301470588235294,0.3968120498665595,0.13114856820602797,0.020202020202020204,0.29999999999999716,0.0,1.0,0.0,0.10000000000000002,0.012442106027657456,0.0,0.0,0.0,0.017882340442039298,0.0,0.00412964774987114,0.0,0.0,0.001637886089595247,0.0015692644448794739,0.03340104046665758,0,0
1119,0.6000000000000227,1.0,0.0,0.03861003861003861,0.537037037037037,0.6000000000000001,0.5,0.0,0.0,0.0,0.0,1.0,0.0,0.0,0.0,0.0,0.010099121013689516,0.0,0.0008043294090493882,9.89901386388269e-06,0.0,0.0,0.0,0.6538868033021908,0.49402757979909473,0.580754716981132,0.2450980392156863,0.3967206522136512,0.13390563318503665,0.020202020202020204,0.7999999999999972,0.0,1.0,0.0,0.45,0.00014019719977495398,0.0,0.0,0.0,0.00023123587908113367,0.0,0.003655001893189996,0.0,0.0020736139630390146,0.001279098859504293,0.001161773347070969,0.03312156029362849,0,0
5546,0.6000000000000227,0.0,0.0,0.06756756756756757,0.0,0.6000000000000001,0.5588235294117647,0.0,0.0,0.0,0.0,0.0,0.0,0.0,0.0,0.0,0.009770786935533304,0.0,0.0008043294090493882,9.89901386388269e-06,0.0,0.0,0.0,0.6541027003941325,0.4939969520071739,0.3920754716981132,0.21053921568627454,0.3967815839822567,0.11654865593082275,0.25252525252525254,0.6499999999999986,0.0,1.0,0.0,0.55,0.0,0.0,0.0,0.0,0.0,0.0,0.0036354330375410375,0.0,0.0,0.00020524420299605886,0.0010883470303426792,0.03312156029362849,0,2
11292,0.20000000000004547,1.0,1.0,0.02316602316602317,0.0,0.4,0.23529411764705882,0.0,0.0,0.0,0.0,0.0,0.0,0.0,0.0,0.0,0.009770786935533304,0.0,0.0008043294090493882,9.89901386388269e-06,0.0,0.00015880593889336942,0.0,0.654057385226976,0.49394386052208367,0.20339622641509433,0.24387254901960786,0.39068840712170516,0.13359233034651294,0.07070707070707072,0.5499999999999972,0.0,1.0,0.0,0.85,0.0,0.0,1.0081229506750643e-06,4.395044148218469e-06,0.0,7.589148096442893e-07,0.0036354330375410375,0.0,0.00036683778234086246,2.5249411486614742e-05,0.0010825576210823542,0.03312156029362849,1,4
4603,0.8000000000000114,0.0,0.0,0.33976833976833976,0.0,0.6000000000000001,0.5294117647058824,0.0,0.0,0.0,0.0,1.0,0.0,0.0,0.0,0.0,0.009770786935533304,2.0438258683057254e-05,0.0009843237871490847,8.941501888909988e-05,0.0,0.07300494326074049,0.0007838555764042899,0.6514546339949193,0.4973419356631427,0.44811320754716977,0.14840686274509804,0.394033561218148,0.06823735823046558,0.030303030303030304,0.25,1.0,1.0,0.0,0.05,0.00042380952933761333,0.0,0.01981667284141974,0.08639338282153045,0.003489198221440174,0.0,0.005265024210575016,0.0,0.0,0.012154048526964173,0.0032304511588680026,0.03313870351676556,0,1
7176,0.4000000000000341,0.0,0.0,0.015444015444015444,0.0,0.4,0.5294117647058824,0.0,0.0,0.0,0.0,1.0,0.0,0.0,0.0,0.0,0.010042775833847335,0.0,0.01447864672048668,9.89901386388269e-06,0.0,0.0,0.0,0.6539525214268874,0.4938760172185811,0.580754716981132,0.1334558823529412,0.3909016683118245,0.03809762516448399,0.020202020202020204,0.14999999999999858,0.0,1.0,0.0,0.8,8.352361381198291e-05,0.0,0.0,0.0,0.0,0.00029283270012131794,0.0036354330375410375,0.0,0.0,0.0,0.0011268299445526594,0.03365769773180078,0,1
11797,0.20000000000004547,0.0,1.0,0.03474903474903475,0.0,0.6000000000000001,0.23529411764705882,0.0,0.0,0.0,0.0,0.0,0.0,0.0,0.0,0.0,0.009887645995756202,0.0,0.001319002295934181,9.89901386388269e-06,0.018040760079761815,0.030954111233131024,0.0,0.6527752348949751,0.49422210637627983,0.5752830188679245,0.24497549019607845,0.39941992956287553,0.13296572466946552,0.020202020202020204,0.75,0.0,1.0,0.0,0.4,0.0012258751905749464,0.0,0.0,0.0,1.0987382368685248e-05,0.0,0.003763060157589858,0.0,0.011930467145790555,0.014463435935821983,0.00208736812082831,0.0349706176266779,1,4
7090,0.8000000000000114,0.0,0.0,0.05791505791505792,0.0,0.6000000000000001,0.029411764705882346,0.0,0.0,0.0,0.0,0.0,0.0,0.0,0.0,0.0,0.01061716859000025,0.00021110440602371898,0.0008043294090493882,0.0010880109379042351,0.13330894399465557,0.06827325757018603,0.0,0.6530019498847529,0.49513934162883244,0.579811320754717,0.24497549019607845,0.39242496252696235,0.08691020740647912,0.020202020202020204,0.6999999999999957,1.0,1.0,0.0,0.25000000000000006,0.0,0.0,0.02439919652600831,0.0,0.0,0.008746529319950893,0.004503280648483119,0.0,0.0,0.025394742699031622,0.0016296997469705465,0.03312156029362849,0,2
3082,0.20000000000004547,0.0,0.0,0.0,0.0,0.0,0.4411764705882353,0.3333333333333333,0.0,0.0,0.0,0.0,0.0,0.0,0.0,0.0,0.009770786935533304,0.0,0.0008043294090493882,9.89901386388269e-06,0.0,0.00184259763635933,0.0,0.6540814293807189,0.4939234293137498,0.580754716981132,0.2450980392156863,0.39789663534773767,0.07657121373519646,0.020202020202020204,0.6000000000000014,0.0,1.0,0.0,0.4,2.2376154687823755e-05,0.0,4.798665245213306e-05,0.0,0.0,1.8972870241107234e-05,0.003643021377849071,0.0,0.0,0.0004687129860767531,0.0011221013429122237,0.03312156029362849,0,2
6894,0.20000000000004547,0.0,0.0,0.03474903474903475,0.0,0.6000000000000001,0.5294117647058824,0.0,0.0,0.0,0.0,1.0,0.0,0.0,0.0,0.0,0.009770786935533304,0.0,0.0008043294090493882,9.89901386388269e-06,0.0,0.0,0.0,0.6540649065004064,0.49399477046309903,0.580754716981132,0.2416666666666667,0.40174752312360623,0.13202581615389436,0.020202020202020204,0.3500000000000014,0.0,1.0,0.0,0.2,8.492891236185534e-06,0.0,0.0028412937241826014,0.0,0.0,0.0006098783965503346,0.0037385608047222317,0.0,0.0,0.0,0.001153929289118899,0.03312156029362849,0,1
7665,0.6000000000000227,1.0,0.0,0.05791505791505792,0.0,0.6000000000000001,0.23529411764705882,0.0,0.0,0.0,0.0,0.0,0.0,0.0,0.0,0.0,0.009770786935533304,0.00014162742095429797,0.0010368624338149897,3.3087808099215246e-05,0.17567156236850362,0.0414794298110575,0.0,0.655137161253479,0.4953301642391915,0.4062264150943396,0.21115196078431375,0.3971288950633082,0.11673663763393699,0.020202020202020204,0.6000000000000014,0.0,1.0,0.0,0.10000000000000002,0.0001011000290082134,0.0,0.0024217129521116394,0.010557775052850406,0.0,0.0009494385656654652,0.0041919093635503415,0.0,0.0,0.003710921611193855,0.0021418487535027697,0.036384953377179244,0,3
12387,0.4000000000000341,0.0,0.0,0.10424710424710425,0.0,0.2,0.0,0.0,0.0,0.0,0.0,0.0,0.0,0.0,0.0,0.0,0.009770786935533304,0.0,0.0008043294090493882,9.89901386388269e-06,5.422530832510314e-06,0.00045871731171711103,0.0,0.6540989694104711,0.49399258076734703,0.20339622641509433,0.1772058823529412,0.39068840712170516,0.09950498151513255,0.04040404040404041,0.9499999999999957,0.0,1.0,0.0,0.35000000000000003,0.0,0.0,0.0,0.0,0.0,0.0,0.0036354330375410375,0.0,0.00010261806981519507,8.876946084959793e-05,0.0010825576210823542,0.03312156029362849,1,2
3299,0.6000000000000227,1.0,1.0,0.07335907335907337,0.0,0.6000000000000001,0.23529411764705882,0.0,0.0,0.0,0.0,0.0,0.0,0.0,0.0,0.0,0.009770786935533304,0.0,0.0008043294090493882,9.89901386388269e-06,0.0,0.0,0.0002216596202961135,0.6540927939549639,0.49398522717820925,0.580754716981132,0.2394607843137255,0.40287476084280827,0.13127388934143747,0.020202020202020204,0.8500000000000014,0.0,1.0,0.0,0.35000000000000003,0.00010456914765065209,0.0,0.00016361835489456293,0.0007133156652558575,8.19671245937388e-05,0.0,0.0037368578847224417,0.0,0.0,0.0005601173905769299,0.0011051126087594841,0.03312156029362849,0,4
10926,0.8000000000000114,0.0,0.0,0.015444015444015444,0.0,0.8,0.029411764705882346,0.0,0.0,0.0,0.0,0.0,0.0,0.0,0.0,0.0,0.009915382151324884,0.0,0.0008913168151349979,9.89901386388269e-06,0.00029968520401007,0.0005367491152863805,0.0,0.6537890350305717,0.4936316252795809,0.580754716981132,0.2450980392156863,0.4019059457219806,0.1342189360235604,0.25252525252525254,0.29999999999999716,0.0,1.0,0.0,0.75,0.0,0.0,0.0,0.0,0.0,0.0,0.0036354330375410375,0.0,0.0,0.004584776370029998,0.0010866741554133,0.03312156029362849,1,2
7441,0.8000000000000114,1.0,0.0,0.05791505791505792,0.7037037037037037,0.6000000000000001,0.5,0.0,0.0,0.0,0.0,1.0,0.0,0.0,0.0,0.0,0.009770786935533304,0.0,0.0008043294090493882,9.89901386388269e-06,0.0002613659861269971,6.008199571946943e-05,9.358333458930302e-05,0.6536947174467098,0.4934903916503641,0.580754716981132,0.2450980392156863,0.40287476084280827,0.13340434864339873,0.020202020202020204,0.6499999999999986,0.0,1.0,0.0,0.5,4.711484027108521e-05,0.0,0.0,0.0,8.209233692842468e-05,0.0,0.0036403281963230025,0.0,0.0,0.0064204878892361785,0.0017055116788163558,0.03312156029362849,0,0
9880,0.4000000000000341,0.0,1.0,0.02316602316602317,0.0,0.4,0.23529411764705882,0.0,0.0,0.0,0.0,0.0,0.0,0.0,0.0,0.0,0.009770786935533304,0.0,0.0008043294090493882,9.89901386388269e-06,0.0,0.0,0.0,0.6534558281389637,0.4932384240860676,0.580754716981132,0.2450980392156863,0.40287476084280827,0.13409361488815089,0.020202020202020204,0.7999999999999972,0.0,1.0,0.0,0.35000000000000003,4.3245177597523456e-05,0.0,0.0,0.0,3.5888985429337996e-05,0.0,0.0036405653564982095,0.0,0.004876796714579056,0.005140595988438993,0.001085412745558109,0.03312156029362849,1,4
2517,0.20000000000004547,1.0,0.0,0.15830115830115832,0.0,1.0,0.029411764705882346,0.0,0.0,0.0,0.0,0.0,0.0,0.0,0.0,0.0,0.009884064224174354,0.0,0.0008043294090493882,9.89901386388269e-06,0.0002660655128485061,0.0011157966203669655,0.0,0.654109267137421,0.4940046456377013,0.3960377358490566,0.24448529411764708,0.3969095406963283,0.13390563318503665,0.25252525252525254,0.10000000000000142,0.0,0.0,0.0,0.55,0.0,0.0,0.0,0.0,0.0,0.0,0.0036373311042412876,0.004064056996122853,0.0,0.00018859033584531297,0.0010854047650886542,0.03312156029362849,0,3
2045,0.0,1.0,0.0,0.015444015444015444,0.0,0.6000000000000001,0.1764705882352941,0.0,0.0,0.0,0.0,0.0,0.0,0.0,0.0,0.0,0.010038125550575105,6.547226486830941e-06,0.0008043294090493882,2.8016840874465524e-05,0.012148999579211606,0.0028825230781759836,0.0006685021005359043,0.6540486632533601,0.49444909720179464,0.580754716981132,0.23553921568627453,0.3932901936411607,0.0870355285418886,0.030303030303030304,0.10000000000000142,1.0,1.0,0.0,0.2,0.0,0.0,7.923846392306006e-05,0.0003454504700499717,0.0,7.227760091850374e-06,0.003832802918319094,0.0,0.0,0.001530288293533746,0.0011917362426956174,0.03312156029362849,0,3
7518,0.6000000000000227,1.0,0.0,0.03474903474903475,0.0,0.6000000000000001,0.5588235294117647,0.0,0.0,0.0,0.0,0.0,0.0,0.0,0.0,0.0,0.009770786935533304,0.0,0.0008043294090493882,9.89901386388269e-06,0.03329180879722482,0.007653016918109403,0.0,0.6536415874574573,0.494703322004311,0.580754716981132,0.24387254901960786,0.39569090532421797,0.12275205213359236,0.030303030303030304,0.7999999999999972,1.0,1.0,0.0,0.10000000000000002,0.00023152123887101137,0.0,0.0,0.0,0.0,0.00046228753547474996,0.004014267754035704,0.0,0.0,0.0018289578772279983,0.0014084082189594496,0.03312156029362849,0,3
4550,0.20000000000004547,1.0,0.0,0.03861003861003861,0.537037037037037,0.6000000000000001,0.5,0.0,0.0,0.0,0.0,1.0,0.0,0.0,0.0,0.0,0.012402907465457915,0.0,0.0008043294090493882,9.89901386388269e-06,0.005885976467662195,0.001684539606126369,8.932064958360853e-05,0.6540981371370532,0.4939394069891351,0.580754716981132,0.24497549019607845,0.4034840785288634,0.13058462309668528,0.020202020202020204,0.14999999999999858,0.0,1.0,0.0,0.45,0.00010392420387172513,0.0,0.0,0.0,4.614074533174375e-05,0.0,0.0036354330375410375,0.0,0.0,0.00014727544268332429,0.0011881008166660897,0.03367492032171163,0,0
4764,0.8000000000000114,0.0,0.0,0.02316602316602317,0.0,0.6000000000000001,0.5294117647058824,0.0,0.0,0.0,0.0,1.0,0.0,0.0,0.0,0.0,0.009770786935533304,0.0,0.0008043294090493882,9.89901386388269e-06,0.0,0.0004007128400543314,0.0,0.654089625551025,0.49398148944014936,0.5,0.228921568627451,0.4002668811464922,0.12594774108653425,0.020202020202020204,0.6000000000000014,0.0,1.0,0.0,0.35000000000000003,0.00024031284091006834,0.0,0.0,0.0,0.0,0.0,0.0036633445127969913,0.0,0.0,0.001052033229965091,0.0011376136406476918,0.03312156029362849,0,1
1321,0.8000000000000114,0.0,0.0,0.06756756756756757,0.0,0.8,0.47058823529411764,0.0,0.0,0.0,0.0,0.0,0.0,0.0,0.0,0.0,0.010669661107972881,0.0,0.0008043294090493882,9.89901386388269e-06,0.00011206563720521315,0.002503665791198029,0.0,0.654076220382839,0.49396592788847365,0.580754716981132,0.2450980392156863,0.40287476084280827,0.1342189360235604,0.020202020202020204,0.29999999999999716,0.0,0.0,0.0,0.75,1.002717854184335e-05,0.0,0.0,0.0,1.1378670914578597e-05,0.0,0.0036354330375410375,0.0,0.0,0.0011835757566765123,0.0010814869494039463,0.03312156029362849,0,2
8958,0.8000000000000114,1.0,0.0,0.03861003861003861,0.537037037037037,0.4,0.5,0.0,0.0,0.0,0.0,1.0,0.0,0.0,0.0,0.0,0.009770786935533304,0.0,0.0008043294090493882,9.89901386388269e-06,0.0012388675442008563,0.00028478699769103974,0.0,0.6541146855289315,0.4940109938533241,0.39301886792452834,0.22953431372549024,0.3968120498665595,0.12626104392505796,0.020202020202020204,0.19999999999999574,0.0,1.0,0.0,0.55,6.87781623611476e-05,0.0,3.437699261801969e-05,0.0001498710054542498,2.8845791603257708e-05,0.0,0.003662339330597438,0.0,0.0,0.00035740580332268955,0.0010957803171744269,0.03312156029362849,0,0
1872,0.4000000000000341,1.0,0.0,0.10424710424710425,0.2962962962962963,0.6000000000000001,0.5,0.0,0.0,0.0,0.0,1.0,0.0,0.0,0.0,0.0,0.009770786935533304,0.0,0.0008043294090493882,2.5081550464929758e-05,0.00025088242651747717,0.002967535362575731,0.0,0.6540983402356222,0.49399195075915603,0.5756603773584905,0.24191176470588235,0.4025335429386174,0.1316498527476659,0.24242424242424243,0.8500000000000014,0.0,0.0,0.0,0.5,0.0,0.05394544038920027,0.0,0.0,0.0,0.0,0.0036354330375410375,0.028705902270624535,0.0,0.0009760291757333458,0.001088751704582611,0.03312156029362849,0,0
1631,0.8000000000000114,0.0,0.0,0.03474903474903475,0.0,0.6000000000000001,0.029411764705882346,0.0,0.0,0.0,0.0,0.0,0.0,0.0,0.0,0.0,0.013929900967778127,0.0,0.0010053454837076004,0.0005516119197892421,0.0724009086715667,0.016644624136425187,0.0,0.6526168710222711,0.49518473987157047,0.579811320754717,0.2433823529411765,0.3937654614362837,0.13240177956012283,0.020202020202020204,0.3999999999999986,0.0,1.0,0.0,0.2,0.0023047235662001964,0.0,0.0,0.0,0.0031338612671435056,0.0,0.004685650148179327,0.0,0.0,0.0061886895939168105,0.001612775005277845,0.033168684315561976,0,2
7848,0.8000000000000114,1.0,0.0,0.06756756756756757,0.2962962962962963,0.6000000000000001,0.5,0.0,0.0,0.0,0.0,1.0,0.0,0.0,0.0,0.0,0.009770786935533304,0.0,0.0008097875646840177,9.89901386388269e-06,0.0,0.0,3.501491254677617e-05,0.6541053350431048,0.49399634490131394,0.580754716981132,0.24497549019607845,0.40287476084280827,0.1356601290807695,0.24242424242424243,0.5,0.0,0.0,0.0,0.5,0.0,0.017966534546086856,0.0,0.0,0.0,0.0,0.0036354330375410375,0.01537836881160838,0.0,6.651314069422323e-05,0.0010883871805306197,0.033123296441804985,0,0
3864,0.20000000000004547,0.0,0.0,0.05405405405405406,0.0,0.0,0.7941176470588235,0.3333333333333333,0.0,0.0,0.0,0.0,0.0,0.0,0.0,0.0,0.009770786935533304,0.0,0.0008057953137055459,9.89901386388269e-06,0.004115700901875328,0.00159096792261306,0.0,0.6540968582455753,0.49398949438710876,0.580754716981132,0.2450980392156863,0.3976163492121523,0.13284040353405605,0.25252525252525254,0.5,0.0,1.0,0.0,0.5,5.568919808987204e-05,0.0,0.0,0.0,0.0,0.0,0.0036354330375410375,0.0,0.00030123203285420944,0.00019997431569490116,0.001100823825165461,0.03312156029362849,0,2
69,0.8000000000000114,0.0,1.0,0.03861003861003861,0.0,0.4,0.23529411764705882,0.0,0.0,0.0,0.0,0.0,0.0,0.0,0.0,0.0,0.009770786935533304,0.0,0.0008043294090493882,9.89901386388269e-06,0.010865305780128665,0.006770069194016232,0.0,0.6541834504634808,0.4940906004151264,0.30245283018867924,0.15686274509803924,0.39389951132721585,0.0890406667084404,0.24242424242424243,0.14999999999999858,0.0,1.0,0.0,0.35000000000000003,0.0002413651176020018,0.0,0.0,0.0,0.0,0.0,0.0036541317823485077,0.0,0.0,0.0017595539731112956,0.0011159068628669008,0.03313148114035133,0,4
1408,0.6000000000000227,1.0,0.0,0.08687258687258688,0.8888888888888888,0.4,0.5,0.0,0.0,0.0,0.0,1.0,0.0,0.0,0.0,0.0,0.015137559969278031,1.8735979796481212e-05,0.0008266766576905998,0.00037684068012905564,0.12652571942524066,0.038721391974358366,0.0,0.6525812760929851,0.4963980960536045,0.580566037735849,0.24448529411764708,0.39875577328507544,0.13384297261733194,0.010101010101010102,0.6499999999999986,0.0,1.0,0.0,0.25000000000000006,0.002234363594360207,0.0,0.0,0.0,0.0003152533556553536,0.0,0.005095729932458934,0.0,0.0,0.025965681265959956,0.002882388039546468,0.033420837516293,0,0
6725,0.8000000000000114,0.0,0.0,0.05791505791505792,0.0,0.6000000000000001,0.5294117647058824,0.0,0.0,0.0,0.0,1.0,0.0,0.0,0.0,0.0,0.009770786935533304,0.0,0.0008043294090493882,9.89901386388269e-06,0.00011206563720521315,0.0008302617140155174,0.0003532591456504878,0.6541346223205883,0.4940337676984003,0.28679245283018867,0.1442401960784314,0.39338159129406897,0.08264928880255656,0.020202020202020204,0.6000000000000014,0.0,1.0,0.0,0.35000000000000003,0.0014533502558434265,0.0,0.0,0.0,0.0005738168267816788,0.0,0.0036354330375410375,0.0,0.0,0.01757635324822039,0.001555840452598234,0.03312156029362849,0,1
4978,0.20000000000004547,1.0,0.0,0.06756756756756757,0.2962962962962963,0.6000000000000001,0.5,0.0,0.0,0.0,0.0,1.0,0.0,0.0,0.0,0.0,0.009770786935533304,0.0,0.0008445950029025693,9.89901386388269e-06,0.000529962013364008,0.00013196432808093702,4.958633578052774e-06,0.6541207884255699,0.49401810483302294,0.300377358490566,0.12769607843137257,0.39382030002802865,0.07406479102700672,0.24242424242424243,0.3500000000000014,0.0,0.0,0.0,0.05,0.0,0.0011793501652330766,0.0,0.0,0.0,0.0,0.0036484395454942408,0.00844246264908487,0.0,1.6321301447274777e-05,0.0010889440785077915,0.03313436810674768,0,0
8507,0.0,1.0,0.0,0.06756756756756757,0.2962962962962963,0.6000000000000001,0.5,0.0,0.0,0.0,0.0,1.0,0.0,0.0,0.0,0.0,0.009770786935533304,0.0,0.0008043294090493882,9.89901386388269e-06,0.0,0.0009528356333602165,0.0,0.6540951887289542,0.4939875042133593,0.3920754716981132,0.2270833333333334,0.3967815839822567,0.12005764772228837,0.24242424242424243,0.3999999999999986,0.0,0.0,0.0,0.55,0.0,0.0004886449962563149,0.0,0.0,0.0,0.0,0.0036354330375410375,0.0036282940669123943,0.0002120893223819302,0.00022691213767606156,0.0010832196035020366,0.03312156029362849,0,0
2071,0.4000000000000341,1.0,1.0,0.03474903474903475,0.0,0.6000000000000001,0.23529411764705882,0.0,0.0,0.0,0.0,0.0,0.0,0.0,0.0,0.0,0.009839036238573979,0.0,0.0014839633539430693,9.89901386388269e-06,0.008762448323281167,0.004245877465138107,0.0,0.653999070426133,0.49404368013781236,0.5724528301886792,0.24497549019607845,0.40114429861441164,0.13233911899241807,0.020202020202020204,0.9499999999999957,0.0,1.0,0.0,0.4,0.0,0.0,0.00015101681801112465,0.0006583776134031267,0.0,0.00015134929632334683,0.003707404868327642,0.0,0.0014117043121149898,0.0012762080960818133,0.0013135568201516836,0.03312156029362849,0,4
6960,0.0,0.0,0.0,0.12027027027027026,0.0,0.0,0.7941176470588235,0.3333333333333333,0.0,0.0,0.0,0.0,0.0,0.0,0.0,0.0,0.009770786935533304,0.0,0.0008043294090493882,9.89901386388269e-06,0.0009189382250827478,0.00021124264608422033,3.027376289758536e-05,0.6541231414533617,0.49402048357004974,0.4173584905660377,0.2450980392156863,0.39759806968157063,0.13315370637257973,0.24242424242424243,0.10000000000000142,0.0,1.0,0.0,0.35000000000000003,0.00013667377007744777,0.0,0.0,0.0,0.0,0.0,0.0036354330375410375,0.0,0.0,0.00013837291462117442,0.0010926957418098133,0.03312156029362849,0,2
5575,0.20000000000004547,1.0,0.0,0.03474903474903475,0.2222222222222222,0.6000000000000001,0.5,0.0,0.0,0.0,0.0,1.0,0.0,0.0,0.0,0.0,0.009770786935533304,0.0,0.0008043294090493882,9.89901386388269e-06,0.005605089370538161,0.002716404254603066,0.0,0.6540198646714543,0.4938989001408611,0.2790566037735849,0.09865196078431375,0.39313177104278635,0.059151575913277785,0.020202020202020204,0.14999999999999858,0.0,0.0,0.0,0.75,4.706731809790112e-05,0.0,0.0,0.0,0.0001014532941792276,0.0,0.0036354330375410375,0.0,0.0,0.0015629564784054857,0.0011127069920243253,0.03312156029362849,0,0
6730,0.0,0.0,0.0,0.015444015444015444,0.0,0.8,0.5588235294117647,0.0,0.0,0.0,0.0,0.0,0.0,0.0,0.0,0.0,0.009770786935533304,0.0,0.0008043294090493882,9.89901386388269e-06,0.0012789942723614325,0.0025910049025412688,0.0,0.6541118269082911,0.49400727125409316,0.3920754716981132,0.21887254901960787,0.3967815839822567,0.11924306034212671,0.25252525252525254,0.14999999999999858,0.0,0.0,0.0,0.55,0.0,0.008741573028982914,0.0,0.0,0.0,0.0,0.0036423707579644384,0.009910710306704656,0.0,0.0007682523569954684,0.0010873323210867213,0.03312156029362849,0,2
3565,0.6000000000000227,0.0,0.0,0.03474903474903475,0.0,0.6000000000000001,0.1176470588235294,0.0,0.0,0.0,0.0,0.0,0.0,0.0,0.0,0.0,0.012163651143574636,0.0,0.0008043294090493882,9.89901386388269e-06,0.013968439424546567,0.003263873394021966,0.0,0.6540155313497859,0.49392224770873844,0.580754716981132,0.2450980392156863,0.3933389390560451,0.0655429538191616,0.24242424242424243,0.5,1.0,1.0,1.0,0.10000000000000002,7.46777007178584e-06,0.0,0.0,0.0,0.0,0.0,0.0036354330375410375,0.0,0.0,0.001227832577215361,0.0011215943104771109,0.03312156029362849,0,2
6464,0.6000000000000227,1.0,0.0,0.03861003861003861,0.537037037037037,0.2,0.5,0.0,0.0,0.0,0.0,1.0,0.0,0.0,0.0,0.0,0.009770786935533304,0.0,0.0008043294090493882,9.89901386388269e-06,0.001310806453245493,0.0026341343019581497,0.0,0.6541082006214449,0.49402783871188793,0.29056603773584905,0.1373774509803922,0.3926077578327789,0.07713515884453914,0.020202020202020204,0.9499999999999957,0.0,1.0,0.0,0.05,2.021050136700586e-05,0.0,3.830867212565245e-06,1.6701167763230182e-05,0.0,0.0,0.0036528489970961875,0.0,0.0,0.0009196720799835867,0.0010933270911231412,0.03312156029362849,0,0
2726,0.0,1.0,0.0,0.20463320463320464,0.6666666666666666,0.4,0.5,0.0,0.0,0.0,0.0,1.0,0.0,0.0,0.0,0.0,0.13027213262066112,0.0,0.005449157475197556,9.89901386388269e-06,0.0,0.009658907945324553,0.0004980164487010109,0.654017850251717,0.4943223017455075,0.580754716981132,0.2450980392156863,0.40140630521941534,0.13384297261733194,0.020202020202020204,0.29999999999999716,0.0,1.0,0.0,0.45,0.00018558766404764502,0.0,0.0,0.0,0.00039676658553585613,0.0,0.0036769682654446078,0.0,0.0,0.004881373813571853,0.0016244749187480487,0.03312156029362849,0,0
634,1.0,1.0,0.0,0.06756756756756757,0.0,0.4,0.0,0.0,0.0,0.0,0.0,0.0,0.0,0.0,0.0,0.0,0.010159424201624244,0.0,0.0008043294090493882,9.89901386388269e-06,0.00011206563720521315,0.0001544846888554546,0.0,0.654095122133828,0.4939871824161995,0.580754716981132,0.2450980392156863,0.40287476084280827,0.12663700733128644,0.020202020202020204,0.10000000000000142,0.0,1.0,0.0,0.75,0.0,0.0,2.0162459013501287e-07,8.790088296436938e-07,0.0,0.0,0.0036354330375410375,0.0,0.0,0.00016850848375109554,0.0010831804942448948,0.03312156029362849,0,3
8404,0.6000000000000227,0.0,0.0,0.0694980694980695,0.0,0.6000000000000001,0.0,0.0,0.0,0.0,0.0,0.0,0.0,0.0,0.0,0.0,0.009770786935533304,0.0,0.0008043294090493882,9.89901386388269e-06,0.0,0.0,0.0,0.6538732142519399,0.49367569402259354,0.5743396226415094,0.2450980392156863,0.40169268453186124,0.12337865781063978,0.020202020202020204,0.6999999999999957,0.0,1.0,0.0,0.4,0.0004200620665379535,0.0,0.001519846160437727,0.0067283730865076545,0.0,0.0009041566486900226,0.0037550512898850584,0.0,0.0,0.004536119449414454,0.001805890717572703,0.03312156029362849,0,2
3695,0.20000000000004547,1.0,0.0,0.10231660231660232,0.4444444444444444,0.6000000000000001,0.5,0.0,0.0,0.0,0.0,1.0,0.0,0.0,0.0,0.0,0.009770786935533304,0.0,0.0008043294090493882,9.89901386388269e-06,1.192956783152269e-05,2.742331754830555e-06,0.0,0.6541081131532195,0.49400329362382,0.2816981132075472,0.06629901960784315,0.39321707551883406,0.042797167742339756,0.24242424242424243,0.6000000000000014,0.0,0.0,0.0,0.45,0.0,0.0,0.0,0.0,0.0,0.0,0.0036356811918965524,0.013426858366312267,0.0,1.9851614299506628e-05,0.001091832364064697,0.03312156029362849,0,0
6254,0.6000000000000227,0.0,0.0,0.015444015444015444,0.0,0.4,0.5588235294117647,0.0,0.0,0.0,0.0,0.0,0.0,0.0,0.0,0.0,0.009770786935533304,0.0,0.0008043294090493882,9.89901386388269e-06,0.001008952236902419,0.0004548115664905342,0.0,0.6541114309820434,0.4940069381998554,0.40981132075471693,0.22107843137254904,0.3973543426071486,0.1208095745347453,0.25252525252525254,0.3999999999999986,0.0,1.0,1.0,0.55,0.0,0.0,0.0,0.0,0.0,0.0,0.0036384002882762032,0.0,0.0,0.00011708870959902297,0.0010873840206497112,0.03312156029362849,0,2
10400,0.6000000000000227,1.0,0.0,0.06756756756756757,0.0,0.6000000000000001,0.029411764705882346,0.0,0.0,0.0,0.0,0.0,0.0,0.0,0.0,0.0,0.009770786935533304,0.0,0.0008043294090493882,9.89901386388269e-06,0.0004909197913699337,0.0026598124992988355,0.0,0.6540709679821654,0.4939597741485771,0.20339622641509433,0.13872549019607847,0.39068840712170516,0.07982956325584312,0.020202020202020204,0.14999999999999858,0.0,1.0,0.0,0.75,0.0,0.0,3.024368852025193e-07,0.0,0.0,3.613880045925187e-08,0.0036354330375410375,0.0,0.0,0.0010680219657088945,0.0010825576210823542,0.03312156029362849,1,3
22,0.4000000000000341,0.0,0.0,0.03474903474903475,0.0,0.6000000000000001,0.029411764705882346,0.0,0.0,0.0,0.0,0.0,0.0,0.0,0.0,0.0,0.00993273417919829,3.866137240473671e-05,0.0008043294090493882,9.89901386388269e-06,0.0019065618407106263,0.0004376096673011425,0.0002924506391406827,0.6539503360465276,0.49401025282705385,0.580754716981132,0.24497549019607845,0.4002181357316078,0.12695031016981015,0.020202020202020204,0.5,1.0,1.0,0.0,0.25000000000000006,0.0,0.0,0.0,0.0,0.0,0.0009621594234271219,0.003668401443089197,0.0,0.0,0.0005761828722523039,0.0012497730915226562,0.03312156029362849,0,2
3660,0.6000000000000227,1.0,0.0,0.03861003861003861,0.537037037037037,0.6000000000000001,0.5,0.0,0.0,0.0,0.0,1.0,0.0,0.0,0.0,0.0,0.009770786935533304,0.0,0.0008043294090493882,9.89901386388269e-06,0.00924794558381859,0.002523277618293181,0.0,0.654112780775795,0.494005001206095,0.3815094339622641,0.24362745098039218,0.3964403660780658,0.13070994423209475,0.24242424242424243,0.14999999999999858,0.0,1.0,0.0,0.35000000000000003,0.00020141254771794756,0.0,0.0,0.0,0.0,0.0,0.0036748185105451724,0.0,0.0,0.001193296908008745,0.0011072059205951715,0.03312156029362849,0,0
9585,0.20000000000004547,0.0,0.0,0.04247104247104247,0.0,0.8,0.5588235294117647,0.0,0.0112,0.01225501996255216,0.0,0.0,0.0,0.0,0.0,0.0,0.009770786935533304,0.0,0.0008043294090493882,9.89901386388269e-06,0.0,0.0,0.0,0.6540570383359455,0.4939434541027516,0.20339622641509433,0.2450980392156863,0.39068840712170516,0.1342189360235604,0.020202020202020204,0.3999999999999986,0.0,1.0,0.0,0.05,0.0,0.0,0.0,0.0,0.0,0.0,0.0036354330375410375,0.0,0.0007186858316221767,6.907133841323183e-07,0.0010825576210823542,0.03312156029362849,1,2
8443,0.8000000000000114,1.0,0.0,0.03861003861003861,0.0,0.6000000000000001,0.1764705882352941,0.0,0.0,0.0,0.0,0.0,0.0,0.0,0.0,0.0,0.009770786935533304,0.0,0.0008043294090493882,9.89901386388269e-06,0.012753069513953256,0.004193108354098187,0.0,0.6540627194634514,0.49394883071609336,0.580754716981132,0.2450980392156863,0.40287476084280827,0.13384297261733194,0.25252525252525254,0.8999999999999986,0.0,1.0,0.0,0.45,1.4996640080522656e-05,0.0,0.0,0.0,0.0,0.0,0.0036354330375410375,0.0,0.0,0.0010175998886672354,0.0011446461691220352,0.03312156029362849,0,3
1991,0.20000000000004547,0.0,0.0,0.06486486486486487,0.0,0.0,0.7941176470588235,0.3333333333333333,0.0,0.0,0.0,0.0,0.0,0.0,0.0,0.0,0.009770786935533304,0.0,0.0008056237716713146,9.89901386388269e-06,0.0012771867620839292,0.000557856759702349,3.2470350579091195e-05,0.6541202082859383,0.4940171293489909,0.41113207547169806,0.21127450980392157,0.39739090166831187,0.11579672911836582,0.24242424242424243,0.3999999999999986,0.0,1.0,0.0,0.55,0.00020530936591904307,0.0,0.0,0.0,0.0,0.0,0.0036354330375410375,0.0,0.0,6.178047491405735e-05,0.0010902706208900858,0.03312156029362849,0,2
9116,0.0,1.0,1.0,0.02316602316602317,0.0,0.6000000000000001,0.23529411764705882,0.0,0.0,0.0,0.0,0.0,0.0,0.0,0.0,0.0,0.009770786935533304,0.0,0.0008043294090493882,9.89901386388269e-06,0.0,1.2382043377871293e-05,0.0,0.653898837140888,0.49375807370732655,0.20339622641509433,0.2450980392156863,0.39068840712170516,0.1342189360235604,0.25252525252525254,0.8999999999999986,0.0,1.0,0.0,0.25000000000000006,0.0,0.0,0.0,0.0,0.0,0.0,0.0036354330375410375,0.0,0.0,0.0031638254470066785,0.0010825576210823542,0.03312156029362849,1,4
3448,0.0,0.0,0.0,0.06756756756756757,0.0,0.0,0.4411764705882353,0.0,0.0,0.0,0.0,0.0,0.0,0.0,0.0,0.0,0.009770786935533304,0.0,0.0008043294090493882,9.89901386388269e-06,0.0,0.0004206570709985536,0.0,0.6541130812821604,0.49400880920384843,0.3071698113207547,0.14264705882352943,0.39403965439500854,0.08120809574534746,0.23232323232323235,0.44999999999999574,0.0,0.0,0.0,0.0,0.0,0.0,0.0,0.0,0.0,0.0,0.0036354330375410375,0.0,0.0,0.0002313889836843266,0.0010888206538559751,0.03312156029362849,0,2
4472,0.8000000000000114,0.0,1.0,0.06756756756756757,0.0,0.6000000000000001,0.23529411764705882,0.0,0.0,0.0,0.0,0.0,0.0,0.0,0.0,0.0,0.009770786935533304,0.0,0.0009913102263614103,9.89901386388269e-06,0.0,0.0,0.0,0.6534844660311372,0.4979690014868822,0.28735849056603774,0.1278186274509804,0.3926443168939422,0.07425277273012094,0.04040404040404041,0.14999999999999858,0.0,1.0,0.0,0.05,2.860155937493977e-05,0.0,0.000172389024565436,0.0007515525493453582,0.0,1.4816908188293268e-05,0.004544747162759766,0.0,0.0,0.0,0.0033000943365296504,0.03312156029362849,0,4
5890,0.6000000000000227,1.0,0.0,0.03474903474903475,0.0,0.6000000000000001,0.1176470588235294,0.0,0.0,0.0,0.0,0.0,0.0,0.0,0.0,0.0,0.009770786935533304,0.0,0.0008043294090493882,9.89901386388269e-06,0.0,0.0005409041633997601,0.0,0.6541036171539044,0.4939985113065598,0.2788679245283019,0.20490196078431375,0.3931256778659258,0.11755122501409865,0.04040404040404041,1.0,0.0,1.0,0.0,0.35000000000000003,0.0,0.0,0.0,0.0,0.0,0.0,0.0036354330375410375,0.0,0.0,0.00015298022359671345,0.0010843997711868151,0.03312156029362849,0,3
9645,0.20000000000004547,1.0,1.0,0.04247104247104247,0.0,0.6000000000000001,0.23529411764705882,0.0,0.0,0.0,0.0,0.0,0.0,0.0,0.0,0.0,0.009770786935533304,0.0,0.0008043294090493882,9.89901386388269e-06,0.0,0.0,0.0,0.6540669066734252,0.49395501589817326,0.20339622641509433,0.2450980392156863,0.39068840712170516,0.1342189360235604,0.020202020202020204,0.3999999999999986,0.0,1.0,0.0,0.2,0.0,0.0,0.0,0.0,0.0,0.0,0.0036354330375410375,0.0,0.0,0.0005645942365851949,0.0010825576210823542,0.03312156029362849,1,4
1601,0.4000000000000341,0.0,0.0,0.015444015444015444,0.0,0.6000000000000001,0.5294117647058824,0.0,0.0,0.0,0.0,1.0,0.0,0.0,0.0,0.0,0.009770786935533304,0.0,0.0008043294090493882,9.89901386388269e-06,0.0012432055688668645,0.0005706543078915583,0.0,0.6540996860535454,0.49401921540199056,0.580754716981132,0.2422794117647059,0.3949048855092068,0.10971865405100571,0.27272727272727276,0.14999999999999858,0.0,0.0,0.0,0.8,0.0,0.0,0.0,0.0,0.0,0.0,0.0036362089125513176,0.00731768144772154,0.0,0.00014302883446977004,0.0010889288115227475,0.03312156029362849,0,1
7274,0.0,0.0,0.0,0.04864864864864865,0.0,0.0,0.7941176470588235,0.3333333333333333,0.0,0.0,0.0,0.0,0.0,0.0,0.0,0.0,0.012724303742356849,0.0,0.000948565070377069,8.298774506132328e-05,0.008949344885975022,0.002057247421896522,0.0,0.6539485177676595,0.49446112480733906,0.580754716981132,0.2416666666666667,0.3952461034133977,0.12669966789899118,0.030303030303030304,0.29999999999999716,0.0,1.0,0.0,0.2,0.00014605600484036415,0.0,0.0002559624171763988,0.0,0.0,0.00029416983573831026,0.003849493654623238,0.0,0.0,0.002059835221368523,0.001230177420537393,0.033127964200188084,0,2
1349,0.4000000000000341,0.0,0.0,0.06756756756756757,0.0,0.6000000000000001,0.5588235294117647,0.0,0.0,0.0,0.0,0.0,0.0,0.0,0.0,0.0,0.009770786935533304,0.0,0.0008043294090493882,9.89901386388269e-06,0.0,2.35175723217287e-05,0.0,0.6541026298231779,0.49399566637123515,0.5775471698113207,0.24497549019607845,0.4027711768361789,0.0679867159596466,0.25252525252525254,0.8999999999999986,0.0,0.0,0.0,0.75,0.0,0.0,0.0,0.0,0.0,0.0,0.0036354330375410375,0.0005102179919114306,0.0,2.0184180002977742e-05,0.0010825716984322,0.03312156029362849,0,2
9281,0.4000000000000341,0.0,0.0,0.02316602316602317,0.0,0.6000000000000001,0.029411764705882346,0.0,0.0,0.0,0.0,0.0,0.0,0.0,0.0,0.0,0.009770786935533304,0.0,0.04872567270793527,9.89901386388269e-06,0.0013596092307380859,0.0003203542095415694,0.0,0.6540897004291272,0.49395068192315617,0.20339622641509433,0.2450980392156863,0.39068840712170516,0.05175762892411806,0.020202020202020204,0.29999999999999716,0.0,1.0,0.0,0.75,0.0,0.0,0.0,0.0,0.0,3.053728638806783e-05,0.0036354330375410375,0.0,0.0,0.00021501651828267164,0.001234876479570406,0.04836453948897798,1,2
8681,0.0,0.0,0.0,0.03474903474903475,0.0,0.4,0.47058823529411764,0.0,0.0,0.0,0.0,0.0,0.0,0.0,0.0,0.0,0.011325260752594922,0.0004764962316674112,0.0008043294090493882,9.89901386388269e-06,0.0045686629774176896,0.001050229961137835,0.0010607561146313421,0.6539039662908803,0.494245991954849,0.580754716981132,0.24154411764705885,0.3946489720810637,0.07688451657372017,0.030303030303030304,0.14999999999999858,1.0,1.0,0.0,0.25000000000000006,0.0,0.0,0.0041795769412037494,0.01822141353409895,0.0,0.0014958572286093536,0.00410580686987408,0.0,0.0,0.0034134032164731564,0.0013072607750013116,0.033300889518990524,0,2
4786,0.20000000000004547,1.0,0.0,0.10424710424710425,0.2962962962962963,0.6000000000000001,0.5,0.0,0.0,0.0,0.0,1.0,0.0,0.0,0.0,0.0,0.009770786935533304,0.0,0.0008043294090493882,9.89901386388269e-06,0.0003141452862300975,7.312884679548147e-05,3.088271789839886e-06,0.6541030873747663,0.49399740539569337,0.40094339622641506,0.18664215686274513,0.3970679632947026,0.10432984522839779,0.04040404040404041,0.7999999999999972,0.0,1.0,0.0,0.5,0.0,0.0,0.0,0.0,0.0,0.0,0.0036354330375410375,0.0,0.0,1.5272440382481257e-05,0.0010835113615344028,0.03312156029362849,0,0
9594,0.20000000000004547,0.0,0.0,0.04247104247104247,0.0,0.8,0.5588235294117647,0.0,0.0,0.0,0.0,0.0,0.0,0.0,0.0,0.0,0.009770786935533304,0.0,0.0008043294090493882,9.89901386388269e-06,0.0,0.0,0.0,0.6540570383359455,0.4939434541027516,0.20339622641509433,0.2450980392156863,0.39068840712170516,0.1342189360235604,0.020202020202020204,0.3999999999999986,0.0,1.0,0.0,0.10000000000000002,0.0,0.0,0.0,0.0,0.0,0.0,0.0036354330375410375,0.0,0.0,0.0007169860747065364,0.0010825576210823542,0.03312156029362849,1,2
4783,0.8000000000000114,0.0,0.0,0.05791505791505792,0.0,0.2,0.0,0.0,0.0,0.0,0.0,0.0,0.0,0.0,0.0,0.0,0.009801713576712705,0.0005864787246020263,0.0008043294090493882,9.89901386388269e-06,0.09294760100005929,0.022837723349417523,0.0,0.6537408221471286,0.4942072753701467,0.580754716981132,0.24473039215686276,0.399889104181138,0.13277774296635128,0.020202020202020204,0.3999999999999986,0.0,1.0,0.0,0.45,0.0005844548413454936,0.0,0.000658102662200682,0.0,0.0013222579058246415,0.0,0.0037410176113716865,0.0,0.0,0.005419951179354731,0.0014777214215579886,0.03312156029362849,0,2
7867,0.20000000000004547,0.0,1.0,0.03474903474903475,0.0,0.6000000000000001,0.2941176470588235,0.0,0.0,0.0,0.0,0.0,0.0,0.0,0.0,0.0,0.009770786935533304,0.0,0.0008043294090493882,9.89901386388269e-06,0.0,0.032951609063157146,0.0,0.6534981846271312,0.493264678697286,0.3983018867924528,0.22585784313725493,0.3969826588186549,0.12319067610752554,0.020202020202020204,1.0,0.0,1.0,0.0,0.55,0.0,0.0,1.8045400817083653e-05,0.0,0.0,4.007792970931033e-05,0.00392755390540448,0.0,0.0,0.01421239999365567,0.0013113572838064206,0.03312156029362849,0,4
1270,0.6000000000000227,0.0,0.0,0.10231660231660232,0.0,0.6000000000000001,0.5588235294117647,0.0,0.0,0.0,0.0,0.0,0.0,0.0,0.0,0.0,0.009770786935533304,0.0,0.0008043294090493882,9.89901386388269e-06,0.003237250907008657,0.0025375709838032067,0.0,0.654154300020759,0.4940529482065546,0.2994339622641509,0.12107843137254905,0.3937898341437259,0.0671094680117802,0.25252525252525254,0.10000000000000142,0.0,0.0,0.0,0.05,0.0,0.0008540774418214935,0.0,0.0,0.0,0.0,0.003682873710866983,0.0268159485524785,0.0,0.0005750572652559401,0.0011000193343626572,0.03312156029362849,0,2
4672,0.6000000000000227,0.0,0.0,0.03474903474903475,0.0,0.6000000000000001,0.5294117647058824,0.0,0.0,0.0,0.0,1.0,0.0,0.0,0.0,0.0,0.009770786935533304,0.0,0.0008043294090493882,9.89901386388269e-06,0.0,0.0009143598878303211,0.0,0.654102083146769,0.4940791360516554,0.580754716981132,0.23529411764705885,0.3914134951681108,0.020677987342565325,0.020202020202020204,0.29999999999999716,1.0,1.0,0.0,0.45,2.6802505675827724e-05,0.0,0.0,0.0,9.691434704686474e-05,0.0,0.0036530535673797685,0.0,0.0,0.0002963416237699546,0.0011155878423612419,0.03312156029362849,0,1
10628,1.0,1.0,0.0,0.06756756756756757,0.0,0.4,0.0,0.0,0.0,0.0,0.0,0.0,0.0,0.0,0.0,0.0,0.009770786935533304,0.0,0.0008043294090493882,9.89901386388269e-06,0.0,0.0,0.0,0.6540980814754552,0.4940103653978335,0.580754716981132,0.2450980392156863,0.39302818703615694,0.1283288426593145,0.020202020202020204,0.10000000000000142,0.0,1.0,0.0,0.8,1.4310963010295046e-05,0.0,0.00018035319587576901,0.0007862733981162841,2.4463359889252195e-05,0.0,0.003643880101860955,0.0,0.0,8.316700784496913e-05,0.001085735434105629,0.03312156029362849,1,3
3720,0.0,0.0,0.0,0.030405405405405407,0.0,0.0,0.7941176470588235,0.3333333333333333,0.0,0.0,0.0,0.0,0.0,0.0,0.0,0.0,0.009858961724180562,0.0,0.0008693282452926333,9.89901386388269e-06,0.08336092799023655,0.019463408776541926,0.0,0.6539449050648938,0.4945639496747097,0.580754716981132,0.2450980392156863,0.4011382054375511,0.12525847484178207,0.020202020202020204,0.0,1.0,1.0,0.0,0.45,2.67006724475761e-05,0.0,0.0,0.0,0.000337118559599874,0.0,0.0035097271505009726,0.0,0.0,0.0012931945289360303,0.0025861256517747113,0.033150256342774305,0,2
8922,0.6000000000000227,0.0,0.0,0.02316602316602317,0.0,0.6000000000000001,0.5588235294117647,0.0,0.0,0.0,0.0,0.0,0.0,0.0,0.0,0.0,0.009770786935533304,0.0,0.0008043294090493882,9.89901386388269e-06,0.0011954872975407738,0.0016774760243336237,0.0,0.6540557468543443,0.49394194099620287,0.20339622641509433,0.13627450980392158,0.39068840712170516,0.07857635190174823,0.020202020202020204,0.3999999999999986,0.0,1.0,0.0,0.75,0.0,0.0,0.0,0.0,0.0,0.0,0.0036354330375410375,0.0,0.0,0.0008414423937363041,0.0010825576210823542,0.03312156029362849,0,2
7424,0.0,0.0,0.0,0.06756756756756757,0.0,0.0,0.4411764705882353,0.4444444444444444,0.0,0.0,0.0,0.0,0.0,0.0,0.0,0.0,0.009770786935533304,0.0,0.0008048908193432358,9.89901386388269e-06,0.00042042689054729964,0.0004920407975864157,0.0,0.6541101169707476,0.4940043956529354,0.3952830188679245,0.22181372549019612,0.39699484517237604,0.11704994047246071,0.24242424242424243,0.0,0.0,0.0,0.0,0.55,0.0,0.0012396948786261759,0.0,0.0,0.0,0.0,0.003635533555760993,0.004249576768537515,0.0,0.0001599385213924168,0.0010860396337394435,0.03312704156144286,0,2
1951,0.6000000000000227,1.0,1.0,0.0694980694980695,0.0,0.2,0.32352941176470584,0.0,0.0,0.0,0.0,0.0,0.0,0.0,0.0,0.0,0.009770786935533304,0.0,0.0010010101486606661,9.89901386388269e-06,0.0,0.0,0.0,0.6535998313193826,0.4939537073599034,0.579622641509434,0.2450980392156863,0.39955397945380766,0.11015727802493892,0.020202020202020204,0.19999999999999574,0.0,0.0,0.0,0.4,0.000876044107121197,0.0,0.0,0.0,0.0002546975402928989,0.0,0.0039027168741416914,0.0,0.0,0.0,0.002115246478176858,0.03312156029362849,0,4
5312,0.4000000000000341,1.0,0.0,0.05791505791505792,0.7037037037037037,0.2,0.5,0.0,0.0,0.0,0.0,1.0,0.0,0.0,0.0,0.0,0.01238394514531872,0.0,0.0009204165820327654,9.89901386388269e-06,0.0,0.002454719324422417,0.0,0.6537389982358368,0.4942931152477415,0.580188679245283,0.24301470588235294,0.3987679596387965,0.13146187104455168,0.020202020202020204,0.29999999999999716,1.0,1.0,0.0,0.2,0.0019493866995389758,0.0,0.0,0.0,0.0,0.004783873710793467,0.004329219215255796,0.0,0.0,0.006087768693901922,0.0014056635322845974,0.033221428497163946,0,0
11681,0.4000000000000341,0.0,0.0,0.02316602316602317,0.0,0.6000000000000001,0.029411764705882346,0.0,0.0,0.0,0.0,0.0,0.0,0.0,0.0,0.0,0.009770786935533304,0.0,0.0008043294090493882,9.89901386388269e-06,0.0,2.227105788771481e-05,0.0,0.6540887813501219,0.49398064438295164,0.20339622641509433,0.2450980392156863,0.39068840712170516,0.1342189360235604,0.020202020202020204,0.6000000000000014,0.0,1.0,0.0,0.35000000000000003,0.0,0.0,0.0,0.0,0.0,0.0,0.0036354330375410375,0.0,0.0,0.00023366577965424425,0.0010825576210823542,0.03312156029362849,1,2
9610,0.20000000000004547,0.0,0.0,0.04247104247104247,0.0,0.8,0.5588235294117647,0.0,0.0,0.0,0.0,0.0,0.0,0.0,0.0,0.0,0.009770786935533304,0.0,0.0008043294090493882,9.89901386388269e-06,0.0,0.0,0.0,0.6540570383359455,0.4939434541027516,0.20339622641509433,0.2450980392156863,0.39068840712170516,0.1342189360235604,0.020202020202020204,0.3999999999999986,0.0,1.0,0.0,0.25000000000000006,0.0,0.0,0.0,0.0,0.0,0.0,0.0036354330375410375,0.0,0.0,0.0007169860747065364,0.0010825576210823542,0.03312156029362849,1,2
10412,0.8000000000000114,1.0,1.0,0.20463320463320464,0.0,0.8,0.23529411764705882,0.0,0.0,0.0,0.0,0.0,0.0,0.0,0.0,0.0,0.009770786935533304,0.0,0.0008043294090493882,9.89901386388269e-06,0.14299972959646248,0.040276127877422754,0.0,0.6530221948031129,0.493908774150938,0.580754716981132,0.24497549019607845,0.39770774686506055,0.13102324707061846,0.020202020202020204,0.14999999999999858,0.0,1.0,0.0,0.5,4.564844178426181e-05,0.0,0.0,0.0,0.00011547707566404524,0.0,0.003994413442348044,0.0,0.0,0.018960517288044366,0.0015035128613600395,0.03312156029362849,1,4
6319,0.8000000000000114,1.0,0.0,0.06756756756756757,0.0,0.6000000000000001,0.029411764705882346,0.0,0.0,0.0,0.0,0.0,0.0,0.0,0.0,0.0,0.009770786935533304,0.0,0.0008043294090493882,9.89901386388269e-06,0.0,0.0,0.0,0.6541126399652049,0.4940056638209946,0.3920754716981132,0.19963235294117648,0.3967815839822567,0.0975625039162855,0.24242424242424243,1.0,0.0,0.0,0.0,0.55,0.0,0.0005887289111521866,0.0,0.0,0.0,0.0,0.0036354330375410375,0.005704694383979742,0.0,9.797897263802884e-06,0.001086798620995915,0.03312156029362849,0,3
5822,0.4000000000000341,1.0,0.0,0.10231660231660232,0.0,0.2,0.1764705882352941,0.4444444444444444,0.0,0.0,0.0,0.0,0.0,0.0,0.0,0.0,0.009770786935533304,0.0,0.0008043294090493882,9.89901386388269e-06,0.013930120206663494,0.017937675109308927,0.0,0.653077341200017,0.49277525937664307,0.580754716981132,0.2450980392156863,0.4022654431567531,0.13196315558618962,0.020202020202020204,0.3999999999999986,0.0,1.0,0.0,0.8,0.0,0.0,0.0008497468351240118,0.0,0.0,0.00035784640214751206,0.0036757479114304624,0.0,0.0,0.005123967703265437,0.0011441117750773631,0.03837911301439689,0,3
5179,0.4000000000000341,1.0,0.0,0.06756756756756757,0.2962962962962963,0.4,0.5,0.0,0.0,0.0,0.0,1.0,0.0,0.0,0.0,0.0,0.009770786935533304,0.0,0.0008043294090493882,9.89901386388269e-06,0.0,0.0,0.0,0.6540975987436202,0.49399045939041303,0.580754716981132,0.24497549019607845,0.40287476084280827,0.13302838523717025,0.24242424242424243,0.5499999999999972,0.0,0.0,1.0,0.4,0.0,0.002633300315453566,0.0,0.0,0.0,0.0,0.0036479094689436955,0.013055278172687396,0.0,9.0278797503813e-05,0.0010903397188678496,0.03312156029362849,0,0
8076,0.8000000000000114,1.0,0.0,0.15830115830115832,0.4444444444444444,0.4,0.5,0.0,0.0,0.0,0.0,1.0,0.0,0.0,0.0,0.0,0.009770786935533304,0.0,0.0008261620315879062,9.89901386388269e-06,0.00037053960688820475,0.0010564625333079043,0.0,0.6540907533610227,0.49397253268783914,0.580754716981132,0.2450980392156863,0.40287476084280827,0.12143618021179274,0.24242424242424243,0.6999999999999957,0.0,1.0,0.0,0.5,2.4684374528193923e-05,0.0,0.0,0.0,0.0,0.0,0.0036354330375410375,0.0,0.0,0.0004952414964228722,0.001094379967841709,0.03312858921353162,0,0
12149,0.6000000000000227,1.0,1.0,0.05791505791505792,0.0,0.8,0.23529411764705882,0.0,0.0,0.0,0.0,0.0,0.0,0.0,0.0,0.0,0.009770786935533304,0.0,0.0008043294090493882,9.89901386388269e-06,0.0,0.00014243504932665368,3.762471969311973e-05,0.654054279442335,0.4940688948279317,0.580754716981132,0.23933823529411768,0.3907676184208923,0.012030828999310735,0.020202020202020204,0.7999999999999972,1.0,1.0,0.0,0.45,2.4032641867383523e-05,0.0,0.0,0.0,8.971463780242711e-05,0.0,0.0036432067083171137,0.0,0.0,0.00012675869697687545,0.0014809229777170948,0.03312156029362849,1,4
10229,0.4000000000000341,0.0,0.0,0.02316602316602317,0.0,0.6000000000000001,0.5294117647058824,0.0,0.0,0.0,0.0,1.0,0.0,0.0,0.0,0.0,0.010666229830995312,0.0,0.0008043294090493882,9.89901386388269e-06,0.0,0.0,0.0,0.6540837545777117,0.4939658358909744,0.20339622641509433,0.1936274509803922,0.39068840712170516,0.08033084779748106,0.020202020202020204,0.14999999999999858,0.0,1.0,0.0,0.75,0.0,0.0,0.0003097961827424473,0.0004777412989113476,0.0,7.177165771207422e-05,0.0036354330375410375,0.0,0.0,0.00024047058558680708,0.0010825576210823542,0.03312156029362849,1,1
4841,0.0,0.0,0.0,0.10231660231660232,0.0,0.0,0.4411764705882353,0.0,0.0,0.0,0.0,0.0,0.0,0.0,0.0,0.0,0.009770786935533304,0.0,0.0008043294090493882,9.89901386388269e-06,0.005119953612056238,0.0011769589285959136,4.882514202951087e-05,0.6541361808453324,0.49403474473513276,0.3920754716981132,0.17585784313725492,0.3967815839822567,0.09749984334858075,0.020202020202020204,0.9499999999999957,0.0,1.0,0.0,0.55,0.0,0.0,0.0,0.0,0.0,1.0733223736397807e-05,0.0037380067765645873,0.0,0.0,8.378097529753119e-05,0.001101640361024647,0.03312156029362849,0,2
9059,0.20000000000004547,0.0,0.0,0.15830115830115832,0.0,0.6000000000000001,0.5588235294117647,0.0,0.0,0.0,0.0,0.0,0.0,0.0,0.0,0.0,0.009770786935533304,0.0,0.0008043294090493882,9.89901386388269e-06,0.0,0.0,0.0,0.6540721832603884,0.4939550100755467,0.580754716981132,0.24485294117647063,0.39429556782315167,0.05927689704868726,0.020202020202020204,0.9499999999999957,0.0,0.0,0.0,0.4,1.3095753153158987e-05,0.0,0.0,0.0,1.4728100867425666e-05,0.0,0.0036355276660215425,0.0,0.0,0.0004499613967964202,0.001107297274664769,0.03312156029362849,1,2
5235,0.20000000000004547,0.0,0.0,0.03581081081081081,0.0,0.0,0.7941176470588235,0.3333333333333333,0.0,0.0,0.0,0.0,0.0,0.0,0.0,0.0,0.013866617986678669,0.0,0.0008043294090493882,9.89901386388269e-06,0.00011206563720521315,0.003505780295182928,0.0,0.654120631711666,0.4940167687343209,0.3920754716981132,0.19178921568627455,0.39675111809795394,0.10589635942101637,0.020202020202020204,0.14999999999999858,0.0,1.0,0.0,0.55,0.0,0.0,1.0081229506750644e-07,0.0,0.0,3.613880045925187e-08,0.0036450172142241995,0.0,0.0009664527720739221,0.0,0.0011202262299991452,0.03312156029362849,0,2
3115,0.6000000000000227,0.0,0.0,0.06756756756756757,0.0,0.0,0.4411764705882353,0.0,0.0,0.0,0.0,0.0,0.0,0.0,0.0,0.0,0.009770786935533304,0.0,0.0008043294090493882,9.89901386388269e-06,0.0,0.0001534043763459759,0.0,0.6540971011024285,0.49400725805613965,0.580754716981132,0.2450980392156863,0.3928941371452248,0.10326461557741715,0.25252525252525254,0.5,1.0,1.0,0.0,0.10000000000000002,6.044141540828121e-05,0.0,0.0,0.0,0.0,0.0,0.0036354330375410375,0.0,0.0,0.00014556145021158855,0.001085922504240551,0.03312156029362849,0,2
8135,0.0,0.0,0.0,0.0972972972972973,0.0,0.0,0.4411764705882353,0.0,0.0,0.0,0.0,0.0,0.0,0.0,0.0,0.0,0.01511069668241417,0.00025094427919608527,0.0008687668349987857,7.253203818873553e-05,0.09334995278783155,0.022081089087971094,0.0,0.6532230940762637,0.4946815213142162,0.58,0.24411764705882358,0.3952278238828161,0.12970737514881886,0.030303030303030304,0.3999999999999986,0.0,1.0,0.0,0.25000000000000006,0.0018244916395292992,0.0,0.0,0.0,0.0,6.982016248727462e-05,0.004660091034859906,0.0,0.0,0.013475536722672437,0.001473491723178811,0.033142056762957874,0,2
485,0.8000000000000114,1.0,0.0,0.03861003861003861,0.537037037037037,0.4,0.5,0.0,0.0,0.0,0.0,1.0,0.0,0.0,0.0,0.0,0.011023233131266737,0.0,0.0008043294090493882,9.89901386388269e-06,0.0,0.0,0.0,0.6541030052076454,0.49398642042847374,0.580754716981132,0.2450980392156863,0.40204608878977327,0.11423021492574724,0.020202020202020204,0.29999999999999716,0.0,1.0,0.0,0.8,1.030552269906446e-05,0.0,3.5284303273627253e-06,0.0,0.0,1.951495224799601e-06,0.0036354330375410375,0.0,0.0,7.137371636033955e-06,0.0010976226159832875,0.03312156029362849,0,0
4750,0.8000000000000114,0.0,0.0,0.06756756756756757,0.0,0.6000000000000001,0.0,0.0,0.0,0.0,0.0,0.0,0.0,0.0,0.0,0.0,0.009770786935533304,0.0,0.0008043294090493882,9.89901386388269e-06,6.507036999012377e-06,8.135584205997314e-05,0.0,0.6539943872315629,0.49387005174360915,0.20339622641509433,0.2450980392156863,0.39068840712170516,0.1342189360235604,0.020202020202020204,0.8999999999999986,0.0,1.0,0.0,0.5,0.0,0.0,2.0162459013501287e-07,0.0,0.0,1.0841640137775562e-07,0.0036354330375410375,0.0,0.0011550308008213552,0.0004992834488189058,0.0010825576210823542,0.03312156029362849,0,2
4307,0.20000000000004547,1.0,0.0,0.06756756756756757,0.2962962962962963,0.4,0.5,0.0,0.0,0.0,0.0,1.0,0.0,0.0,0.0,0.0,0.009770786935533304,0.0,0.0008043294090493882,9.89901386388269e-06,0.0,0.0001601355542896509,0.0,0.6541026155764594,0.4939968169222383,0.580754716981132,0.2450980392156863,0.40287476084280827,0.13378031204962718,0.24242424242424243,0.6000000000000014,0.0,0.0,0.0,0.5,0.0,0.0003116058022598359,0.0,0.0,0.0,0.0,0.0036354330375410375,0.002311273600961181,0.0,3.225887323669827e-05,0.001084031876501762,0.03312156029362849,0,0
1244,0.6000000000000227,0.0,0.0,0.02316602316602317,0.0,0.6000000000000001,0.5588235294117647,0.0,0.0,0.0,0.0,0.0,0.0,0.0,0.0,0.0,0.009770786935533304,1.8888748414507264e-05,0.0008043294090493882,9.89901386388269e-06,0.0,0.00010695093843839165,0.0,0.654054798950583,0.49399071248057974,0.580754716981132,0.24276960784313728,0.39364359789907266,0.1270129707375149,0.020202020202020204,0.7999999999999972,0.0,1.0,0.0,0.25000000000000006,0.0,0.0,2.0162459013501285e-06,0.0,0.0,1.5539684197478305e-06,0.0036354330375410375,0.0,0.0,0.0006610127086146286,0.0010920438712893159,0.03312156029362849,0,2
3799,0.20000000000004547,0.0,0.0,0.11872586872586872,0.0,0.4,0.47058823529411764,0.3333333333333333,0.0,0.0,0.0,0.0,0.0,0.0,0.0,0.0,0.009862152209791284,0.0,0.0008608135225026113,9.89901386388269e-06,0.0,0.0,9.495348334113339e-05,0.6540365479101801,0.49409454310964035,0.580188679245283,0.24325980392156868,0.3983962758503029,0.11266370073312865,0.020202020202020204,0.3999999999999986,1.0,1.0,0.0,0.2,5.2960067572728494e-05,0.0,6.048737704050386e-07,2.6370264889310813e-06,0.0,1.0841640137775562e-07,0.0037391588096011064,0.0,0.0,0.0,0.0011964319310955689,0.033128351113210275,0,2
1223,0.4000000000000341,1.0,0.0,0.04247104247104247,0.0,0.4,0.029411764705882346,0.0,0.0,0.0,0.0,0.0,0.0,0.0,0.0,0.0,0.009770786935533304,0.0,0.0008043294090493882,9.89901386388269e-06,0.00048694326875942616,0.0006739488039901758,0.0,0.6541023601294829,0.49399655335134385,0.20339622641509433,0.24522058823529416,0.39068840712170516,0.13428159659126512,0.020202020202020204,0.10000000000000142,0.0,1.0,0.0,0.8,0.0,0.0,0.00021100013357629096,0.00035468006276123047,0.0,4.6546774991516414e-05,0.0036354330375410375,0.0,0.00018185318275154005,8.876946084959794e-06,0.0010825576210823542,0.03312156029362849,0,3
1797,0.6000000000000227,1.0,0.0,0.10231660231660232,0.4444444444444444,0.4,0.5,0.0,0.0,0.0,0.0,1.0,0.0,0.0,0.0,0.0,0.01015101155324503,0.0,0.000929087252126634,9.89901386388269e-06,0.002967931875660645,0.000682258900216935,0.0,0.653615917852525,0.49411114419423996,0.580754716981132,0.2450980392156863,0.39080417748205565,0.06366313678801931,0.020202020202020204,0.0,1.0,1.0,0.0,0.45,0.00047442743266055444,0.0,0.008966144711008955,0.03908908314984024,0.0003668251860040971,0.0,0.0036392645093782407,0.0,0.0025667351129363453,0.0038729322727386684,0.001268738008012191,0.03316124368051985,0,0
9442,0.0,1.0,0.0,0.02316602316602317,0.14814814814814814,0.6000000000000001,0.5,0.0,0.0,0.0,0.0,1.0,0.0,0.0,0.0,0.0,0.009770786935533304,0.0,0.0008043294090493882,9.89901386388269e-06,0.0,0.0,0.0,0.6538160408451751,0.4936611001914479,0.20339622641509433,0.2450980392156863,0.39068840712170516,0.1342189360235604,0.04040404040404041,0.5,0.0,1.0,0.0,0.35000000000000003,0.0,0.0,0.0,0.0,0.0,3.2524920413326687e-07,0.0036354330375410375,0.0,0.0,0.004438600952365847,0.0010825576210823542,0.03312156029362849,1,0
2764,0.0,0.0,1.0,0.02316602316602317,0.0,0.2,0.23529411764705882,0.0,0.0,0.0,0.0,0.0,0.0,0.0,0.0,0.0,0.0141766970693358,0.00012460463208853752,0.0009104827387777397,0.00023811278235975485,0.016858648358274567,0.00387541337534918,0.004531299406231901,0.6539003781057232,0.4947302881404919,0.580754716981132,0.24301470588235294,0.3955751349638675,0.06942790901685571,0.020202020202020204,0.44999999999999574,1.0,1.0,0.0,0.10000000000000002,0.0009155961329741281,0.0,0.0,0.0,0.0,0.001436517318255262,0.004361790259715694,0.0,0.0,0.0020381672866885206,0.0020327792809189445,0.033252852779158536,0,4
11800,0.4000000000000341,1.0,1.0,0.03474903474903475,0.0,0.6000000000000001,0.23529411764705882,0.0,0.0,0.0,0.0,0.0,0.0,0.0,0.0,0.0,0.009770786935533304,0.0,0.0008043294090493882,9.89901386388269e-06,0.12135515552541432,0.0294443329506534,0.0,0.6531877496241687,0.492468912750442,0.46849056603773587,0.24350490196078436,0.40304536979490374,0.13258976126323704,0.030303030303030304,0.75,0.0,1.0,0.0,0.6,0.000907877174272655,0.0,0.0,0.0,0.0,0.0,0.004934155139515983,0.0,0.0,0.015136958231282563,0.0013073378038803971,0.04037231528990579,1,4
11873,0.20000000000004547,1.0,1.0,0.03861003861003861,0.0,0.6000000000000001,0.2647058823529412,0.0,0.0,0.0,0.0,0.0,0.0,0.0,0.0,0.0,0.009770786935533304,0.0,0.0008043294090493882,9.89901386388269e-06,0.013444261444070571,0.0030905247867317677,0.0,0.6541391776260107,0.4940396889214106,0.4641509433962264,0.2450980392156863,0.3991091775429874,0.1342189360235604,0.05050505050505051,0.6499999999999986,0.0,1.0,0.0,0.35000000000000003,0.0,0.0,0.0,0.0,0.0,0.0,0.003731274019074064,0.0,0.0,0.0006232537102820618,0.0011452815830222905,0.03312156029362849,1,4
10985,1.0,1.0,0.0,0.015444015444015444,0.0,0.6000000000000001,0.029411764705882346,0.0,0.0,0.0,0.0,0.0,0.0,0.0,0.0,0.0,0.009770786935533304,0.0,0.0008043294090493882,9.89901386388269e-06,0.0005245394825314977,0.00515051454038312,0.0,0.6540097054358613,0.49388799863128835,0.20339622641509433,0.18504901960784315,0.39068840712170516,0.08440378469828938,0.020202020202020204,0.3999999999999986,0.0,1.0,0.0,0.75,0.0,0.0,4.909558769787563e-05,0.0,0.0,1.759959582365566e-05,0.0036354330375410375,0.0,0.0,0.002421078321269726,0.0010825576210823542,0.03312156029362849,1,3
6764,0.0,0.0,0.0,0.07673745173745174,0.0,0.0,0.4411764705882353,0.3333333333333333,0.0,0.0,0.0,0.0,0.0,0.0,0.0,0.0,0.010083409377002753,0.00012108004182979353,0.0009654073791924972,9.89901386388269e-06,0.010192911956897387,0.0023431147320970404,0.0,0.6540063859504422,0.4941492955959933,0.580754716981132,0.24387254901960786,0.39728122448482195,0.12970737514881886,0.020202020202020204,0.6999999999999957,1.0,1.0,0.0,0.10000000000000002,0.0,0.0,0.00018821655489103452,0.0008205547424723882,2.6732833455433623e-05,0.0,0.0038317466917109698,0.0,0.0,0.0014698892453879533,0.0011709381975018752,0.03334368805175285,0,2
7975,0.8000000000000114,0.0,0.0,0.03861003861003861,0.0,0.4,0.029411764705882346,0.0,0.0,0.0,0.0,0.0,0.0,0.0,0.0,0.0,0.010647478203302108,0.0,0.0009091883761558133,9.89901386388269e-06,0.022042226332098923,0.00506699807330419,0.00018366517792392842,0.6540905969784379,0.4944291271454823,0.580754716981132,0.2450980392156863,0.39313786421964686,0.04486496647659628,0.020202020202020204,0.10000000000000142,1.0,1.0,0.0,0.6,0.0,0.0,0.00013609659834113369,0.0005933309600094933,0.0,1.752731822273716e-05,0.003953197438322692,0.0,0.0,0.000396878794126992,0.0012977371999900054,0.03312346013577591,0,2
6844,0.0,1.0,0.0,0.10231660231660232,0.0,1.0,0.5588235294117647,0.0,0.0,0.0,0.0,0.0,0.0,0.0,0.0,0.0,0.009770786935533304,0.0,0.0008043294090493882,9.89901386388269e-06,0.00011206563720521315,4.844786100200647e-05,0.0,0.653924569365118,0.4937811639151111,0.580754716981132,0.2450980392156863,0.40287476084280827,0.13302838523717025,0.020202020202020204,0.6000000000000014,0.0,1.0,0.0,0.8,4.4053054541653014e-05,0.0,4.0324918027002574e-07,0.0,0.0002546505856673917,0.0,0.003622604792368536,0.0,0.0,0.0027696327604846455,0.0011621456533198822,0.03312156029362849,0,3
11649,0.20000000000004547,0.0,0.0,0.10231660231660232,0.0,1.0,0.5588235294117647,0.0,0.0,0.0,0.0,0.0,0.0,0.0,0.0,0.0,0.009770786935533304,0.0,0.0008043294090493882,9.89901386388269e-06,0.0007949430200460119,0.001970157613440085,0.0,0.6540891441444662,0.49398106943468867,0.4428301886792453,0.16850490196078433,0.39842064855774506,0.09505608120809576,0.020202020202020204,0.6000000000000014,0.0,1.0,0.0,0.35000000000000003,0.0,0.0,0.0004906534400935538,0.002139067986937929,0.0,0.0,0.0036382687507618082,0.0,0.0,0.0005119721095051883,0.0011422179254099124,0.03312156029362849,1,2
6782,0.6000000000000227,0.0,1.0,0.015444015444015444,0.0,0.4,0.9411764705882353,0.0,7.319999999999999e-05,0.0,0.0,0.0,0.0,0.0,0.0,0.0,0.01114064902152547,0.0,0.0008043294090493882,9.89901386388269e-06,0.0,0.0,0.0,0.6540382628175091,0.49392145660787995,0.20339622641509433,0.2450980392156863,0.39068840712170516,0.1342189360235604,0.25252525252525254,0.5,0.0,0.0,0.0,0.05,0.0,0.0,0.0,0.0,0.0,0.0,0.0036354330375410375,0.003739667718794968,0.0010102926078028747,0.0,0.0010825576210823542,0.03312156029362849,0,4
8708,0.8000000000000114,1.0,0.0,0.05791505791505792,0.0,0.6000000000000001,0.1764705882352941,0.0,0.0,0.0,0.0,0.0,0.0,0.0,0.0,0.0,0.009770786935533304,2.381008032377519e-05,0.0008043294090493882,2.408962474032802e-05,0.07230041110013752,0.016933566182229607,0.0,0.653823001858116,0.4971084118506564,0.580754716981132,0.24497549019607845,0.3908102706589162,0.02149257472272699,0.030303030303030304,0.29999999999999716,1.0,1.0,0.0,0.2,0.0,0.0,0.010120344677236836,0.0,0.0,0.007783177316108616,0.006397036059455465,0.0,0.0,0.002108824707687538,0.0019855039216632375,0.0331240405053092,0,3
10128,1.0,1.0,0.0,0.10424710424710425,0.2962962962962963,0.6000000000000001,0.5,0.0,0.0,0.0,0.0,1.0,0.0,0.0,0.0,0.0,0.009770786935533304,0.0,0.0008043294090493882,9.89901386388269e-06,0.0,0.0,0.0,0.6540464815175098,0.4939310790804906,0.20339622641509433,0.2450980392156863,0.39068840712170516,0.1342189360235604,0.020202020202020204,0.0,0.0,1.0,0.0,0.35000000000000003,0.0,0.0,0.0,0.0,0.0,0.0,0.0036354330375410375,0.0,0.0,0.0008800200153389535,0.0010825576210823542,0.03312156029362849,1,0
3107,1.0,1.0,0.0,0.06756756756756757,0.2962962962962963,0.4,0.5,0.0,0.0,0.0,0.0,1.0,0.0,0.0,0.0,0.0,0.010253152241169409,0.0,0.0008043294090493882,9.89901386388269e-06,0.001990068815531285,0.00045747079728309715,0.0,0.6541705843513658,0.49407386424559124,0.3262264150943396,0.10514705882352943,0.39467334478850585,0.06259790713703867,0.020202020202020204,0.10000000000000142,0.0,1.0,0.0,0.45,3.1398578710917735e-05,0.0,0.0,0.0,0.0,0.0003672063514664583,0.003700522511455076,0.0,0.0,0.0002837041270380522,0.0011553937300479214,0.03314636241043559,0,0
6327,0.0,0.0,0.0,0.06756756756756757,0.0,0.0,0.4411764705882353,0.4444444444444444,0.0,0.0,0.0,0.0,0.0,0.0,0.0,0.0,0.010094771719625844,5.732096789220489e-05,0.0009693216565190457,1.3178441769708856e-05,0.09334995278783155,0.057412626609509826,0.0,0.6529528368074896,0.4997887737417393,0.580754716981132,0.2382352941176471,0.39310739833534414,0.06635754119932327,0.030303030303030304,0.14999999999999858,1.0,1.0,0.0,0.10000000000000002,0.022705062437312736,0.0,0.0,0.0,0.01025983609799299,0.0,0.006519040441575535,0.0,0.0,0.014582366547778692,0.0030688945352250196,0.03347484164542878,0,2
3121,0.0,1.0,1.0,0.10424710424710425,0.0,0.6000000000000001,0.6176470588235294,0.0,0.0,0.0,0.0,0.0,0.0,0.0,0.0,0.0,0.023152014675029853,0.0,0.0016019998682245285,1.0425341799385654e-05,0.09334995278783155,0.06269344345872853,0.0,0.6536246673256209,0.4962794930328512,0.579811320754717,0.24497549019607845,0.4019851570211677,0.13403095432044615,0.030303030303030304,0.29999999999999716,0.0,1.0,0.0,0.4,0.0028605225371156826,0.0,0.022331133104993486,0.09735550193601696,0.0,0.005165752415246382,0.005154823651612356,0.0,0.0,0.02128886094200003,0.007297374727959595,0.03312156029362849,0,4
3006,0.0,0.0,0.0,0.03581081081081081,0.0,0.0,0.7941176470588235,0.3333333333333333,0.0,0.0,0.0,0.0,0.0,0.0,0.0,0.0,0.009770786935533304,6.656346928278124e-07,0.0008043294090493882,9.89901386388269e-06,0.0,0.0,0.00013251295785559453,0.6541047926738432,0.49399219026319413,0.580754716981132,0.2450980392156863,0.40287476084280827,0.1473776552415565,0.25252525252525254,0.0,0.0,1.0,0.0,0.5,0.0008075782333266877,0.0,0.0,0.0,0.0,0.0,0.0036354330375410375,0.0,0.0,0.0006567916823782643,0.0011462383966986012,0.03312156029362849,0,2
1653,0.8000000000000114,0.0,0.0,0.06756756756756757,0.0,0.6000000000000001,0.5294117647058824,0.0,0.0,0.0,0.0,1.0,0.0,0.0,0.0,0.0,0.009770786935533304,0.0,0.0008043294090493882,9.89901386388269e-06,0.0052345497636499564,0.017386798830437058,0.0,0.654077666921749,0.4939676226609703,0.20339622641509433,0.2433823529411765,0.39068840712170516,0.13327902750798926,0.030303030303030304,0.14999999999999858,0.0,1.0,0.0,0.2,0.002523182996327466,0.0,0.00105681528919267,0.0,0.0,0.0008840273368342193,0.0036354330375410375,0.0,0.0,0.005377485097219188,0.0010825576210823542,0.03312156029362849,0,1
8019,0.0,1.0,1.0,0.03474903474903475,0.0,1.0,0.32352941176470584,0.0,0.0,0.0,0.0,0.0,0.0,0.0,0.0,0.0,0.009770786935533304,0.0,0.0008073235972832422,9.89901386388269e-06,0.0,0.0,0.0,0.654102695755666,0.4942069745344424,0.580754716981132,0.24485294117647063,0.3930708392741808,0.13096058650291373,0.020202020202020204,0.7999999999999972,0.0,1.0,0.0,0.4,4.7447495483373855e-05,0.0,0.0,0.0,7.727166204301862e-05,0.0,0.0036354330375410375,0.0,0.0,1.1102578100497263e-05,0.0011174145272081258,0.03312156029362849,0,4
684,0.8000000000000114,0.0,0.0,0.45559845559845563,0.0,0.6000000000000001,0.029411764705882346,0.0,0.0,0.0,0.0,0.0,1.0,0.0,0.0,0.0,0.009770786935533304,0.0,0.0021862876315464244,9.89901386388269e-06,0.002576786651608901,0.0005923436590433999,0.00038755636123201945,0.6539872930283696,0.49405964577976946,0.580754716981132,0.2450980392156863,0.39562997355561247,0.06999185412619839,0.020202020202020204,0.5,0.0,1.0,0.0,0.4,0.00012708107997614468,0.0,0.00038611109010854965,0.0016833019087676736,0.00010639918139931952,0.0,0.0036436865257576815,0.0,0.0,0.0022479906636016047,0.0013620065476205772,0.03312156029362849,0,2
7332,0.8000000000000114,1.0,0.0,0.03861003861003861,0.537037037037037,0.6000000000000001,0.5,0.0,0.0,0.0,0.0,1.0,0.0,0.0,0.0,0.0,0.009770786935533304,0.0,0.0008043294090493882,9.89901386388269e-06,0.0007230041110013752,0.00030373401708805087,0.0,0.6540998318339211,0.4939935911871383,0.5609433962264151,0.24375000000000005,0.40223497727245033,0.1335296697788082,0.25252525252525254,1.0,0.0,0.0,0.0,0.45,0.0,0.015363932238143366,0.0,0.0,0.0,0.0,0.003663317027346222,0.02721317094612072,0.0,0.0001487080334059691,0.0010948932458616125,0.03312156029362849,0,0
8234,0.6000000000000227,0.0,1.0,0.0694980694980695,0.0,0.6000000000000001,0.23529411764705882,0.0,0.0,0.0,0.0,0.0,0.0,0.0,0.0,0.0,0.009770786935533304,0.0007892135927667464,0.0008043294090493882,0.004863948277348911,0.087542422266213,0.02012397832560702,0.0,0.6528607857771512,0.4942676241769493,0.580566037735849,0.24203431372549022,0.3956482530861941,0.1322137978570086,0.020202020202020204,0.6499999999999986,0.0,1.0,0.0,0.25000000000000006,0.00023088308397396787,0.0,0.0,0.0,4.8363264272417966e-05,0.0,0.00407181875410239,0.0,0.0,0.00867917181930324,0.0014867917455587687,0.03312900092867062,0,4
4227,1.0,1.0,0.0,0.0694980694980695,0.0,0.6000000000000001,0.0,0.0,0.0,0.0,0.0,0.0,0.0,0.0,0.0,0.0,0.009770786935533304,0.0,0.0019116800242030218,9.89901386388269e-06,0.030811904696490103,0.007391498189853289,0.00034629965992690495,0.6534921344102195,0.4932834547269837,0.29245283018867924,0.06495098039215687,0.3937654614362837,0.041982580362178085,0.04040404040404041,0.10000000000000142,0.0,1.0,0.0,0.9,3.866947120808377e-05,0.0,2.0263271308568794e-05,8.834038737919122e-05,0.00010999903602153835,0.0,0.0036518591282192056,0.0,0.0,0.004066332020295718,0.0022635035751212155,0.055368786246309545,0,3
3748,0.20000000000004547,0.0,0.0,0.015444015444015444,0.0,1.0,0.5588235294117647,0.0,0.0,0.0,0.0,0.0,0.0,0.0,0.0,0.0,0.009786333028155358,1.0060904701430213e-05,0.0008043294090493882,9.89901386388269e-06,0.0,0.0,0.0,0.6539920607092938,0.4940092637568932,0.580754716981132,0.2450980392156863,0.3919314152012577,0.13052196252898052,0.020202020202020204,0.29999999999999716,0.0,1.0,0.0,0.10000000000000002,0.00013198265269598957,0.0,0.0,0.0,0.0001888515037899661,0.0,0.003637460678509199,0.0,0.0007700205338809035,0.0008382958105419235,0.0011037997967501027,0.03312156029362849,0,2
6763,0.6000000000000227,0.0,0.0,0.05791505791505792,0.0,0.2,0.5294117647058824,0.0,0.0,0.0,0.0,1.0,0.0,0.0,0.0,0.0,0.009770786935533304,0.0,0.0009783042212206075,1.3077224859035209e-05,0.08467354195375955,0.019464489089051407,0.0,0.6546386814933146,0.4946658596133642,0.3924528301886792,0.1405637254901961,0.3967450249210934,0.08058149006830002,0.020202020202020204,0.14999999999999858,0.0,1.0,0.0,0.05,0.00015292635330640714,0.0,0.003543552171622851,0.015448580180987919,0.0001876150319849431,0.0,0.004206811189658718,0.0,0.0,0.001779021857752951,0.0020677137611732673,0.03313394151033859,0,1
9112,0.8000000000000114,0.0,0.0,0.05791505791505792,0.0,0.6000000000000001,0.0,0.0,0.0,0.0,0.0,0.0,0.0,0.0,0.0,0.0,0.009770786935533304,0.0,0.08807170768925472,9.89901386388269e-06,0.0999462807945526,0.02297533854293266,0.0,0.6496206148220155,0.49091756124976704,0.2907547169811321,0.13186274509803922,0.3914987996441585,0.07625791089667273,0.10101010101010102,0.8999999999999986,0.0,1.0,0.0,0.95,0.0,0.0,0.0,0.0,0.0,0.0,0.0036354330375410375,0.0,0.0,0.009919181417661082,0.0014772395697345716,0.03312156029362849,1,2
11248,0.6000000000000227,0.0,0.0,0.05791505791505792,0.0,0.6000000000000001,0.029411764705882346,0.0,0.0,0.0,0.0,0.0,0.0,0.0,0.0,0.0,0.009770786935533304,0.0,0.0008043294090493882,9.89901386388269e-06,0.0,2.4764086755742586e-05,0.0001896459859676324,0.6539007299665393,0.49375966677794636,0.580754716981132,0.2450980392156863,0.40287476084280827,0.1342189360235604,0.020202020202020204,0.29999999999999716,0.0,1.0,0.0,0.4,0.0001719488003438107,0.0,0.0,0.0,0.0002276516760007506,0.0,0.0036354330375410375,0.0,0.0,0.003477383741425561,0.0016461878429773638,0.03312156029362849,1,2
10104,0.4000000000000341,0.0,0.0,0.06756756756756757,0.0,0.6000000000000001,0.0,0.0,0.0,0.0,0.0,0.0,0.0,0.0,0.0,0.0,0.010712687515336342,0.0,0.0008043294090493882,9.89901386388269e-06,0.0,0.0,0.0,0.654055966518865,0.493941880829062,0.20339622641509433,0.2450980392156863,0.39068840712170516,0.1335296697788082,0.020202020202020204,0.14999999999999858,0.0,1.0,0.0,0.8,0.0,0.0,0.0,0.0,0.0,0.0,0.0036354330375410375,0.0,0.0,0.0,0.0010825576210823542,0.03312156029362849,1,2
3917,0.6000000000000227,0.0,0.0,0.33976833976833976,0.0,0.4,0.5294117647058824,0.0,0.0,0.0,0.0,1.0,0.0,0.0,0.0,0.0,0.01335356683123001,0.0,0.003656636785863689,9.89901386388269e-06,0.14798592744798347,0.034018542317710766,0.0028410578079024916,0.6535176847402988,0.4941509562090809,0.5784905660377359,0.2450980392156863,0.401071180492085,0.12287737326900185,0.020202020202020204,0.3999999999999986,0.0,1.0,0.0,0.4,0.0002818132758635473,0.0,0.004533528909185764,0.019764513534538456,0.0,0.0009697124327231055,0.004251484863390815,0.0,0.0,0.012906414476124598,0.003420664557824243,0.033123048420636916,0,1
5764,0.6000000000000227,1.0,0.0,0.10231660231660232,0.0,0.6000000000000001,0.1764705882352941,0.0,0.0,0.0,0.0,0.0,0.0,0.0,0.0,0.0,0.00994095118459194,0.0,0.0008043294090493882,9.89901386388269e-06,0.0014022664732871672,0.0010288730138350638,0.0,0.6541245581735585,0.49401691740538506,0.2916981132075471,0.14901960784313728,0.3936070388379094,0.0809574534745285,0.24242424242424243,0.0,0.0,0.0,1.0,0.05,0.0,0.0005599232465708118,0.0,0.0,0.0,0.0,0.003653515322952688,0.018006539842302015,0.0,0.0004628035493458433,0.0010945624281402378,0.033146015180800285,0,3
8800,0.20000000000004547,0.0,0.0,0.03581081081081081,0.0,0.0,0.7941176470588235,0.2222222222222222,0.0,0.0,0.0,0.0,0.0,0.0,0.0,0.0,0.010135600905766826,0.0,0.0008043294090493882,9.89901386388269e-06,0.0,5.5428341832484246e-05,7.633685903054929e-06,0.6541389466966427,0.49404128936735736,0.4007547169811321,0.1761029411764706,0.3969582861112127,0.09825177016103767,0.24242424242424243,0.5499999999999972,0.0,1.0,0.0,0.05,0.0006067766849782499,0.0,0.0,0.0,0.0,0.0,0.0036354330375410375,0.0,0.0,4.827319095769202e-05,0.0011081542581206948,0.03312156029362849,0,2
8181,0.4000000000000341,0.0,0.0,0.06756756756756757,0.0,0.6000000000000001,0.5294117647058824,0.0,0.0,0.0,0.0,1.0,0.0,0.0,0.0,0.0,0.009770786935533304,0.0,0.0008043294090493882,9.89901386388269e-06,0.0,0.0,0.0,0.6541008022673768,0.49399469826253,0.3864150943396226,0.20833333333333337,0.39659878867644016,0.11523278400902313,0.020202020202020204,0.14999999999999858,0.0,1.0,0.0,0.55,1.2830986759704761e-06,0.0,0.0,0.0,2.4619875307609535e-05,0.0,0.0036354330375410375,0.0,0.0,9.861852206778098e-05,0.0010844084456101356,0.03312156029362849,0,1
10647,1.0,1.0,1.0,0.02316602316602317,0.0,0.8,0.23529411764705882,0.0,0.0,0.0,0.0,0.0,0.0,0.0,0.0,0.0,0.009770786935533304,0.0,0.0008043294090493882,9.89901386388269e-06,0.0,0.0,0.0,0.6539591716625729,0.49382879300016197,0.20339622641509433,0.2450980392156863,0.39068840712170516,0.1342189360235604,0.020202020202020204,0.25,0.0,1.0,0.0,0.75,0.0,0.0,0.0,0.0,0.0,2.529716032147631e-07,0.0036354330375410375,0.0,0.0021817248459958935,5.382448000794065e-05,0.0010825576210823542,0.03312156029362849,1,4
8297,0.20000000000004547,0.0,0.0,0.02364864864864865,0.0,0.0,0.7941176470588235,0.2222222222222222,0.0,0.0,0.0,0.0,0.0,0.0,0.0,0.0,0.009860225878856509,0.0,0.0008043294090493882,9.89901386388269e-06,0.0007164970740023628,0.0010292885186464016,0.0,0.6541178569147417,0.4940147094654032,0.45358490566037735,0.2235294117647059,0.3987679596387965,0.12319067610752554,0.24242424242424243,0.14999999999999858,0.0,1.0,0.0,0.35000000000000003,0.0003336328112798576,0.0,0.0,0.0,0.0,0.0,0.0036354330375410375,0.0,0.0,0.00017137366519638517,0.0010943968705751505,0.03312156029362849,0,2
9856,0.6000000000000227,1.0,1.0,0.015444015444015444,0.0,0.6000000000000001,0.23529411764705882,0.0,0.0,0.0,0.0,0.0,0.0,0.0,0.0,0.0,0.009770786935533304,0.0,0.0008043294090493882,9.89901386388269e-06,0.02291308478380008,0.018288278069115902,0.0,0.6524255697302667,0.49429208037291883,0.580754716981132,0.2450980392156863,0.3945697607818765,0.08697286797418387,0.020202020202020204,0.7999999999999972,1.0,1.0,0.0,0.45,0.0023142144230732476,0.0,0.0,0.0,0.0027888073758329146,0.0,0.0036637972374360867,0.0,0.0,0.021895230547336636,0.0020427081745559143,0.03312156029362849,1,4
4459,0.0,0.0,1.0,0.05791505791505792,0.0,0.6000000000000001,0.2941176470588235,0.0,0.0,0.0,0.0,0.0,0.0,0.0,0.0,0.0,0.009770786935533304,0.0,0.0009375863801862714,9.89901386388269e-06,0.0,0.0004249783210364684,0.0017070966028162123,0.6540653415223003,0.49416897141557814,0.5792452830188679,0.2450980392156863,0.401601286878953,0.13246444012782757,0.020202020202020204,0.6000000000000014,0.0,1.0,0.0,0.4,0.0,0.0,0.0007086096220295027,0.003089276531782762,0.00010287758448627939,0.0,0.003749429337254901,0.0,0.0,0.0028476833728915975,0.0014533369732185122,0.03312156029362849,0,4
3327,0.0,1.0,0.0,0.06756756756756757,0.0,1.0,0.5588235294117647,0.0,0.0,0.0,0.0,0.0,0.0,0.0,0.0,0.0,0.010329182115251327,0.0,0.0008043294090493882,9.89901386388269e-06,0.0,0.0,0.0,0.6540994637384724,0.49400010825893065,0.580754716981132,0.2450980392156863,0.40128444168220434,0.1295820540134094,0.24242424242424243,0.5499999999999972,0.0,0.0,0.0,0.25000000000000006,0.0,0.00026934347685212534,0.0,0.0,0.0,0.0,0.00364018330873252,0.01352232149649733,0.0,5.5640800388436744e-05,0.0010935265037232446,0.03312156029362849,0,3
4771,0.6000000000000227,1.0,0.0,0.05791505791505792,0.7037037037037037,0.6000000000000001,0.5,0.0,0.0,0.0,0.0,1.0,0.0,0.0,0.0,0.0,0.011319767699538727,0.0,0.0018952899625687485,9.89901386388269e-06,0.02701324109728888,0.02595243051616916,0.0,0.6537493960211355,0.4940006986732612,0.580754716981132,0.24497549019607845,0.40203390243605214,0.1336549909142177,0.030303030303030304,0.3999999999999986,0.0,1.0,0.0,0.4,0.0001195589988492913,0.0,8.185958359481523e-05,0.0003568775848353397,0.0,8.160141143699073e-05,0.003844483056948043,0.0,0.0,0.011213348061730334,0.0020577208255081257,0.03312156029362849,0,0
6443,0.8000000000000114,1.0,0.0,0.05791505791505792,0.7037037037037037,0.4,0.5,0.0,0.0,0.0,0.0,1.0,0.0,0.0,0.0,0.0,0.011889720864865401,0.0,0.0009945695250118034,9.89901386388269e-06,0.0,0.0,0.000928504137490382,0.6541532103124506,0.49405531568650346,0.41471698113207545,0.14754901960784314,0.3975127652055229,0.0842784635628799,0.24242424242424243,0.5499999999999972,0.0,1.0,0.0,0.5,0.0015047149361735461,0.0,0.0,0.0,0.0,0.0,0.003829761456866852,0.0,0.0,0.0018732402797440372,0.0014046876348769819,0.033180242101994085,0,0
11353,0.4000000000000341,0.0,1.0,0.02316602316602317,0.0,0.6000000000000001,0.23529411764705882,0.0,0.0,0.0,0.0,0.0,0.0,0.0,0.0,0.0,0.009770786935533304,0.0,0.0008043294090493882,9.89901386388269e-06,0.0,1.7617404000729627e-05,0.0,0.6540192398037529,0.49389893546479535,0.20339622641509433,0.2450980392156863,0.39068840712170516,0.13390563318503665,0.020202020202020204,0.44999999999999574,0.0,1.0,0.0,0.55,0.0,0.0,0.0,0.0,0.0,2.1683280275551124e-07,0.0036354330375410375,0.0,0.0,0.0013015086715228081,0.0010825576210823542,0.03312156029362849,1,4
6271,1.0,1.0,0.0,0.03861003861003861,0.0,0.6000000000000001,0.029411764705882346,0.0,0.0,0.0,0.0,0.0,0.0,0.0,0.0,0.0,0.013875301525345586,0.0,0.0008113470377224833,0.00011261393481549979,0.015781010730827015,0.0036276894068294862,0.0,0.6537569441314077,0.4942313371802122,0.580754716981132,0.2433823529411765,0.3973848084914513,0.13133654990914218,0.020202020202020204,0.29999999999999716,0.0,1.0,0.0,0.25000000000000006,5.5404065050767494e-05,0.0,0.0,0.0,5.553167043318413e-05,0.0,0.0038579324733079247,0.0,0.0,0.001380122087427942,0.0012901434115427633,0.03312354446297306,0,3
1805,0.20000000000004547,0.0,0.0,0.03581081081081081,0.0,0.0,0.7941176470588235,0.2222222222222222,0.0,0.0,0.0,0.0,0.0,0.0,0.0,0.0,0.009770786935533304,0.0,0.0008043294090493882,9.89901386388269e-06,0.0,5.03591831341611e-05,3.8733887730315754e-05,0.6541328083488676,0.49403190057615826,0.34735849056603774,0.1019607843137255,0.395337501066306,0.06096873237671534,0.24242424242424243,0.6999999999999957,0.0,1.0,0.0,0.45,0.0002329401151846507,0.0,0.0,0.0,0.0,0.0,0.0036354330375410375,0.0,0.0,3.4893816887277114e-05,0.0011414677117130279,0.03312156029362849,0,2
2351,0.0,0.0,1.0,0.015444015444015444,0.0,0.6000000000000001,0.23529411764705882,0.0,0.0,0.0,0.0,0.0,0.0,0.0,0.0,0.0,0.009770786935533304,0.0,0.0008043294090493882,9.89901386388269e-06,0.0,0.0,0.0,0.6541033083645631,0.49399766430848663,0.20339622641509433,0.24656862745098043,0.39068840712170516,0.1349708628360173,0.24242424242424243,0.6000000000000014,0.0,0.0,0.0,0.35000000000000003,0.0,0.0,0.0,0.0,0.0,0.0,0.0036354330375410375,3.7227531350485856e-05,0.0,2.4814517874383285e-06,0.0010825576210823542,0.03312156029362849,0,4
4900,0.6000000000000227,0.0,0.0,0.10231660231660232,0.0,0.6000000000000001,0.5294117647058824,0.0,0.0,0.0,0.0,1.0,0.0,0.0,0.0,0.0,0.009770786935533304,0.0,0.0008043294090493882,9.89901386388269e-06,0.0,0.0,0.0,0.6540745024936386,0.49396276969584146,0.580754716981132,0.2450980392156863,0.40287476084280827,0.13271508239864654,0.020202020202020204,0.8999999999999986,0.0,1.0,0.0,0.25000000000000006,0.0,0.0,0.0,0.0,0.0,0.0,0.003637902408967987,0.0,0.0,0.00044707063337394047,0.0010919526659241181,0.03312156029362849,0,1
3773,0.8000000000000114,1.0,0.0,0.06756756756756757,0.2962962962962963,0.6000000000000001,0.5,0.0,0.0,0.0,0.0,1.0,0.0,0.0,0.0,0.0,0.009778642753876684,0.0,0.0008043294090493882,9.89901386388269e-06,0.00031197627389709337,0.0003345644740893277,7.785924653258304e-06,0.6541054032948261,0.4939986110675611,0.4035849056603773,0.1981617647058824,0.3971532677707504,0.09731186164546651,0.25252525252525254,0.0,0.0,0.0,0.0,0.55,0.0,0.001625312315430858,0.0,0.0,0.0,0.0,0.0036364763067223706,0.0037975943754606617,0.0,0.00011202347811538598,0.0010843408346763695,0.03312156029362849,0,0
6068,0.6000000000000227,0.0,0.0,0.03474903474903475,0.0,0.4,0.029411764705882346,0.0,0.0,0.0,0.0,0.0,0.0,0.0,0.0,0.0,0.009770786935533304,0.0,0.00087581565313265,9.89901386388269e-06,0.00029245516290005624,0.00030157339206909347,3.5449880404500097e-06,0.6540901649384152,0.493880540234873,0.580754716981132,0.24497549019607845,0.40258838153036236,0.06723478914718968,0.020202020202020204,0.9499999999999957,0.0,1.0,0.0,0.4,5.618478646736329e-05,0.0,7.389541228448221e-05,0.0,0.0,5.959288195730634e-05,0.0036354330375410375,0.0,0.0,0.00028124825722780395,0.0010942157981843532,0.03312156029362849,0,2
7307,0.4000000000000341,1.0,0.0,0.15830115830115832,0.0,0.6000000000000001,0.1764705882352941,0.0,0.0,0.0,0.0,0.0,0.0,0.0,0.0,0.0,0.009770786935533304,0.0,0.0008043294090493882,9.89901386388269e-06,0.003733954731266602,0.0011360732551602582,0.0,0.6540978598230204,0.4940035323515079,0.580754716981132,0.2450980392156863,0.39770774686506055,0.1342189360235604,0.020202020202020204,0.10000000000000142,0.0,1.0,0.0,0.5,4.22268453150072e-06,0.0,0.0,0.0,3.5059453712044095e-06,0.0,0.0036460349612012473,0.0,0.0,1.5911989812233404e-05,0.0010866728666418352,0.03312156029362849,0,3
5679,1.0,0.0,0.0,0.015444015444015444,0.0,0.6000000000000001,0.029411764705882346,0.0,0.0,0.0,0.0,0.0,0.0,0.0,0.0,0.0,0.01009167153077769,0.0,0.0010211585403176414,9.89901386388269e-06,0.001100412256944093,0.0008312589255627285,0.0,0.6541113468270083,0.49401208967163784,0.39471698113207543,0.2243872549019608,0.39620882535736485,0.12268939156588761,0.24242424242424243,0.25,0.0,1.0,0.0,0.55,0.00016255977669901085,0.0,0.0,0.0,0.0,0.0,0.0036354330375410375,0.0,0.0,0.00025858262543738785,0.0010894756967370011,0.03312280039946885,0,2
10266,0.20000000000004547,0.0,0.0,0.10231660231660232,0.0,1.0,0.5588235294117647,0.0,0.0,0.0,0.0,0.0,0.0,0.0,0.0,0.0,0.009770786935533304,0.0,0.0008043294090493882,9.89901386388269e-06,0.0,0.0,0.0,0.6539149558119769,0.4937769894800611,0.580754716981132,0.2450980392156863,0.40287476084280827,0.1342189360235604,0.020202020202020204,0.14999999999999858,0.0,1.0,0.0,0.8,0.00016921966982666713,0.0,0.0,0.0,0.0,0.0,0.0036354330375410375,0.0,0.0,0.001503452799461346,0.001101003658352927,0.03312156029362849,1,2
7767,1.0,1.0,0.0,0.015444015444015444,0.0,0.6000000000000001,0.1764705882352941,0.0,0.0,0.0,0.0,0.0,0.0,0.0,0.0,0.0,0.009770786935533304,0.0,0.0008043294090493882,9.89901386388269e-06,4.8079773381591446e-05,0.0005189655093611156,0.0,0.654099951771412,0.4939933578939018,0.20339622641509433,0.24289215686274512,0.39068840712170516,0.12275205213359236,0.020202020202020204,0.8999999999999986,0.0,1.0,0.0,0.85,7.454871196207302e-05,0.0,0.0,0.0,0.0,0.0,0.0036354330375410375,0.0,0.0,0.00021015594261655535,0.0010825576210823542,0.03312156029362849,0,3
4423,0.20000000000004547,0.0,1.0,0.10231660231660232,0.0,0.6000000000000001,0.2941176470588235,0.0,0.0,0.0,0.0,0.0,0.0,0.0,0.0,0.0,0.009770786935533304,0.0,0.0008043294090493882,9.89901386388269e-06,0.0,0.0,0.0,0.6541065711944272,0.4940006641256771,0.3920754716981132,0.21789215686274513,0.3967815839822567,0.11667397706623224,0.020202020202020204,0.6499999999999986,0.0,1.0,0.0,0.55,0.0,0.0,0.0,0.0,0.0,0.0,0.0036354330375410375,0.0,0.0,5.315934860099841e-05,0.0010865465670382897,0.03312156029362849,0,4
1113,0.6000000000000227,1.0,0.0,0.05791505791505792,0.7037037037037037,0.6000000000000001,0.5,0.0,0.0,0.0,0.0,1.0,0.0,0.0,0.0,0.0,0.010631841813917485,0.0006054329452814018,0.0008043294090493882,9.89901386388269e-06,0.00747658551186522,0.0017186941016183496,0.0,0.6539263843307958,0.49468251659517853,0.580754716981132,0.24436274509803926,0.3907554320671712,0.016479729306347515,0.030303030303030304,0.29999999999999716,1.0,1.0,0.0,0.10000000000000002,0.0,0.0,0.0008333144310280082,0.0036329434929173866,0.0,0.0014369148450603137,0.00448567660991485,0.0,0.0,0.0003177025747236763,0.0016587956463763507,0.03312156029362849,0,0
9264,0.6000000000000227,1.0,0.0,0.05791505791505792,0.0,0.6000000000000001,0.029411764705882346,0.0,0.0,0.0,0.0,0.0,0.0,0.0,0.0,0.0,0.011877711395443911,0.0,0.001475682552108817,3.0142395998612113e-05,0.001332858078631035,0.004033554506544409,0.0,0.6536529603146781,0.49334149971455427,0.5777358490566038,0.2450980392156863,0.3997916133513692,0.10439250579610253,0.020202020202020204,0.29999999999999716,0.0,1.0,0.0,0.4,0.0008289767890232958,0.0,4.899477540280813e-05,0.0,0.00020509780421545796,0.0,0.0036838887092989535,0.0,0.0,0.00833691054647708,0.0015248268116847478,0.03312156029362849,1,3
3486,0.6000000000000227,0.0,1.0,0.10231660231660232,0.0,0.6000000000000001,0.23529411764705882,0.0,0.0,0.0,0.0,0.0,0.0,0.0,0.0,0.0,0.009770786935533304,0.0,0.0008043294090493882,9.89901386388269e-06,0.00011206563720521315,0.0008449705843368813,0.0,0.6541081621884368,0.4940029562996561,0.3920754716981132,0.14546568627450981,0.3967815839822567,0.08308791277648976,0.020202020202020204,0.6000000000000014,0.0,1.0,0.0,0.55,2.839789291843652e-05,0.0,0.000243058443407758,0.0,6.972761887819484e-05,0.0,0.0036460400656421043,0.0,0.0,0.00040910697922385305,0.0011053444884868726,0.03312156029362849,0,4
11840,0.4000000000000341,0.0,0.0,0.02316602316602317,0.0,0.6000000000000001,0.5294117647058824,0.0,0.0,0.0,0.0,1.0,0.0,0.0,0.0,0.0,0.013252735446362858,2.7934833010478683e-06,0.0008043294090493882,9.89901386388269e-06,0.0007479477528309226,0.0003703809888266601,0.0,0.6540153146671365,0.4938945704357701,0.20339622641509433,0.2450980392156863,0.39068840712170516,0.1342189360235604,0.020202020202020204,0.6499999999999986,0.0,1.0,0.0,0.30000000000000004,0.0,0.0,3.3268057372277125e-06,0.0,0.0,8.854006112516709e-06,0.0036354330375410375,0.0,0.0,0.0012348932029198245,0.0010825576210823542,0.03312156029362849,1,1
2326,0.0,1.0,0.0,0.02316602316602317,0.14814814814814814,0.6000000000000001,0.5,0.0,0.0,0.0,0.0,1.0,0.0,0.0,0.0,0.0,0.009770786935533304,0.0,0.0008043294090493882,9.89901386388269e-06,0.0,0.0076090565090698465,0.0,0.6541025450055048,0.4939967699530509,0.3924528301886792,0.24522058823529416,0.39679377033597785,0.13415627545585562,0.24242424242424243,0.5,0.0,1.0,0.0,0.75,0.0,0.0,0.0,0.0,0.0,0.0,0.0036354330375410375,0.0,0.0,0.0023598862318310403,0.001082627264309584,0.03312156029362849,0,0
9570,0.20000000000004547,0.0,0.0,0.04247104247104247,0.0,0.8,0.5588235294117647,0.0,0.0,0.0,0.0,0.0,0.0,0.0,0.0,0.0,0.009770786935533304,0.0,0.0008043294090493882,9.89901386388269e-06,0.0,0.0,0.0,0.654060351526303,0.4939473358537744,0.20339622641509433,0.2450980392156863,0.39068840712170516,0.1342189360235604,0.020202020202020204,0.3999999999999986,0.0,1.0,0.0,0.25000000000000006,0.0,0.0,0.0,0.0,0.0,0.0,0.0036354330375410375,0.0,0.0,0.0006658221203263647,0.0010825576210823542,0.03312156029362849,1,2
3751,0.8000000000000114,1.0,0.0,0.05791505791505792,0.7037037037037037,0.6000000000000001,0.5,0.0,0.0,0.0,0.0,1.0,0.0,0.0,0.0,0.0,0.01087817138220189,0.0,0.001038250364819224,0.00360968856366321,0.02181303402891149,0.005014312063226536,0.0,0.6537139372639732,0.49537020954726896,0.580754716981132,0.24448529411764708,0.3926077578327789,0.04499028761200577,0.030303030303030304,0.0,1.0,1.0,0.0,0.25000000000000006,0.00010568252427953653,0.0,0.0,0.0,0.00044486377359706665,0.0,0.0048689470855143415,0.0,0.0,0.0048332796964544915,0.0019389702503854948,0.03312215554443186,0,0
923,0.0,0.0,0.0,0.015444015444015444,0.0,0.8,0.029411764705882346,0.0,0.0,0.0,0.0,0.0,0.0,0.0,0.0,0.0,0.009770786935533304,0.0,0.0008043294090493882,9.89901386388269e-06,0.0,0.0,0.0,0.6540868000622883,0.49397832309583994,0.580754716981132,0.1629901960784314,0.40287476084280827,0.09223635566138232,0.020202020202020204,0.6000000000000014,0.0,1.0,0.0,0.5,2.2118177176252972e-05,0.0,0.0,0.0,3.160046296634689e-05,0.0,0.0036354330375410375,0.0,0.0,0.00012959829644497496,0.0010839965839908813,0.03312156029362849,0,2
8648,0.6000000000000227,0.0,1.0,0.03861003861003861,0.0,0.6000000000000001,0.2941176470588235,0.0,0.0,0.0,0.0,0.0,0.0,0.0,0.0,0.0,0.009770786935533304,1.4818555948527363e-05,0.0008043294090493882,9.89901386388269e-06,0.004901967872589324,0.0012582316696936192,0.0,0.6541332427081235,0.49403233494409776,0.28150943396226413,0.14387254901960786,0.3932109823419735,0.08233598596403285,0.25252525252525254,0.6499999999999986,0.0,1.0,1.0,0.05,6.922622856545473e-05,0.0,0.0,0.0,0.0,0.0,0.0036354330375410375,0.0,0.0,0.000898336711007055,0.0011124831423345249,0.03312156029362849,0,4
11291,0.20000000000004547,0.0,0.0,0.02316602316602317,0.0,0.6000000000000001,0.5294117647058824,0.0,0.0,0.0,0.0,1.0,0.0,0.0,0.0,0.0,0.009770786935533304,0.0,0.0008043294090493882,9.89901386388269e-06,0.0004594691125413739,0.0001120200971367148,0.0,0.6540797539003551,0.4939700677759396,0.20339622641509433,0.2450980392156863,0.39068840712170516,0.1342189360235604,0.12121212121212122,0.5499999999999972,0.0,1.0,0.0,0.9,8.841160876806091e-05,0.0,6.371337048266407e-05,0.00027776679016740724,2.1035672227226457e-05,0.0,0.0036354330375410375,0.0,0.00019078542094455854,0.0,0.0010825576210823542,0.03312156029362849,1,1
3907,0.6000000000000227,1.0,0.0,0.10231660231660232,0.4444444444444444,0.6000000000000001,0.5,0.0,0.0,0.0,0.0,1.0,0.0,0.0,0.0,0.0,0.012400830639918859,0.0,0.0008043294090493882,1.1113616791966455e-05,0.017869046603398987,0.006125953635480122,0.0005855972268537237,0.6541636369225053,0.4939929099398338,0.4460377358490566,0.2346813725490196,0.3985059530337928,0.12795287925308604,0.24242424242424243,0.44999999999999574,0.0,1.0,1.0,0.35000000000000003,0.0002259883001360064,0.0,0.0,0.0,0.0,0.0,0.0036354330375410375,0.0,0.0,0.0018293416068858497,0.0011619360792524604,0.03413245985172223,0,0
9357,0.0,0.0,1.0,0.08687258687258688,0.0,0.6000000000000001,0.2941176470588235,0.0,0.0,0.0,0.0,0.0,0.0,0.0,0.0,0.0,0.009770786935533304,0.0,0.0010786875007066364,9.89901386388269e-06,0.002667885169595074,0.0012696165015242795,0.0007116291636292317,0.6535223523628743,0.49417701401552244,0.580754716981132,0.2450980392156863,0.3993346250868278,0.10245002819725549,0.020202020202020204,0.29999999999999716,0.0,1.0,0.0,0.45,0.0005118749051296187,0.0,0.0,0.0,0.00035893680891888714,0.0,0.0036651404906800993,0.0,0.0,0.0009611404650087159,0.004278261815944155,0.03321984612211165,1,4
11452,0.8000000000000114,0.0,0.0,0.05791505791505792,0.0,0.8,0.5588235294117647,0.0,0.0,0.0,0.0,0.0,0.0,0.0,0.0,0.0,0.009770786935533304,0.0,0.0008043294090493882,0.0026508506471606833,0.0,0.0,0.0,0.6540676968693254,0.4940553265554063,0.580754716981132,0.24497549019607845,0.40196687749058607,0.1339682937527414,0.24242424242424243,0.6000000000000014,0.0,1.0,0.0,0.45,0.0,0.0,0.0,0.0,0.0,0.0,0.0036837340054760538,0.0,0.0,0.000548528754909821,0.0012887837080793184,0.03312156029362849,1,2
6618,0.4000000000000341,1.0,0.0,0.05791505791505792,0.7037037037037037,0.6000000000000001,0.5,0.0,0.0,0.0,0.0,1.0,0.0,0.0,0.0,0.0,0.010820727591748472,0.0,0.0008121267742417161,4.642819692600194e-05,0.04687561003471866,0.010783762570578686,0.0,0.6535012340875361,0.4943033914072244,0.580566037735849,0.24497549019607845,0.3932901936411607,0.08340121561501349,0.020202020202020204,0.5,1.0,1.0,0.0,0.10000000000000002,0.0003366199193085719,0.0,0.0,0.0,0.0,0.0007121150630495581,0.0038396911649311105,0.0,0.0,0.004813351336223415,0.0013928470470445874,0.033133986154148844,0,0
584,0.20000000000004547,0.0,1.0,0.019305019305019305,0.0,0.2,0.2647058823529412,0.0,0.0,0.0,0.0,0.0,0.0,0.0,0.0,0.0,0.009929348050602005,0.0,0.0008043294090493882,9.89901386388269e-06,0.0006619102636217589,0.002537072378029601,0.0,0.6540695631894538,0.49395724479961056,0.580754716981132,0.24497549019607845,0.40287476084280827,0.13346700921110347,0.24242424242424243,0.6000000000000014,0.0,1.0,0.0,0.5,6.820110740105504e-05,0.0,0.0,0.0,0.0,0.0,0.0036354330375410375,0.0,0.00013508726899383983,0.0005146070531557672,0.0010996645256647847,0.03312156029362849,0,4
3888,0.8000000000000114,0.0,0.0,0.0694980694980695,0.0,0.6000000000000001,0.5294117647058824,0.0,0.0,0.0,0.0,1.0,0.0,0.0,0.0,0.0,0.009770786935533304,0.0,0.0010629056335573648,9.89901386388269e-06,0.029601595814673802,0.009404702101747988,0.0,0.6538199895054431,0.4941053370947097,0.5760377358490566,0.2450980392156863,0.40048623551347207,0.12507049313866783,0.020202020202020204,0.3999999999999986,0.0,1.0,0.0,0.4,0.00017857474906204978,0.0,0.0005265426171375861,0.0022955315586145066,0.0002283403438415229,0.0,0.0038235952923114675,0.0,0.0,0.005676794230343193,0.001649071716970409,0.03312156029362849,0,1
3680,0.6000000000000227,0.0,1.0,0.03474903474903475,0.0,0.8,0.23529411764705882,0.0,0.0,0.0,0.0,0.0,0.0,0.0,0.0,0.0,0.009770786935533304,0.0,0.0008043294090493882,9.89901386388269e-06,0.00027401855806952116,0.0020862496577279117,0.0,0.6540555626409604,0.4941818215641643,0.20339622641509433,0.2450980392156863,0.39068840712170516,0.08728617081270758,0.020202020202020204,0.3999999999999986,0.0,1.0,0.0,0.35000000000000003,0.0,0.0,0.00010524803605047672,0.00016437465114337073,3.587333388750226e-05,0.0,0.0036354330375410375,0.0,0.0012833675564681726,8.352515552563034e-05,0.0011175047907787915,0.03312156029362849,0,4
9208,1.0,0.0,1.0,0.03474903474903475,0.0,0.6000000000000001,0.23529411764705882,0.0,0.0,0.0,0.0,0.0,0.0,0.0,0.0,0.0,0.010565970325624422,0.0,0.0010782976324470199,9.89901386388269e-06,0.0,1.994423094422222e-05,0.0,0.6540274919669762,0.4938740666386921,0.580754716981132,0.2450980392156863,0.4018632934839567,0.12043361112851685,0.020202020202020204,0.0,0.0,1.0,0.0,0.4,0.00015332010845564676,0.0,0.0,0.0,0.00017719110512234428,0.0,0.0036354330375410375,0.0,0.0,0.0008761571367832507,0.0012024977322669496,0.03312156029362849,1,4
10237,0.4000000000000341,0.0,0.0,0.03474903474903475,0.0,0.6000000000000001,0.0,0.0,0.0,0.0,0.0,0.0,0.0,0.0,0.0,0.0,0.009770786935533304,0.0,0.0008043294090493882,9.89901386388269e-06,0.00045260057348686086,0.02097908722734055,0.0,0.6531013412883281,0.4928156408443591,0.580754716981132,0.2450980392156863,0.40287476084280827,0.13359233034651294,0.020202020202020204,0.14999999999999858,0.0,1.0,0.0,0.75,0.0,0.0,0.0002617087179952467,0.0,0.0,0.0001256184703963595,0.0036354330375410375,0.0,0.0,0.021901319057907875,0.0011487190834957126,0.03312156029362849,1,2
5345,0.8000000000000114,1.0,0.0,0.10231660231660232,0.0,0.6000000000000001,0.0,0.0,0.0,0.0,0.0,0.0,0.0,0.0,0.0,0.0,0.009770786935533304,0.0,0.0008043294090493882,9.89901386388269e-06,0.004769296618220571,0.0011908367892946017,0.0,0.6541080780334017,0.4940032524772592,0.3920754716981132,0.24301470588235294,0.3967815839822567,0.13315370637257973,0.020202020202020204,0.5,0.0,1.0,0.0,0.55,0.0,0.0,0.00013831446883261884,0.0003551195671760523,0.0,2.0382283459018057e-05,0.003649455329224805,0.0,0.0,0.0002697363674922653,0.001088821199105441,0.03312156029362849,0,3
8368,0.6000000000000227,1.0,0.0,0.06756756756756757,0.0,0.6000000000000001,0.0,0.0,0.0,0.0,0.0,0.0,0.0,0.0,0.0,0.0,0.009770786935533304,0.0,0.0008043294090493882,9.89901386388269e-06,0.0,1.9196322283813884e-05,0.0,0.6541042194919114,0.49399851557648594,0.3920754716981132,0.15612745098039219,0.3967815839822567,0.08521837207845104,0.25252525252525254,0.7999999999999972,0.0,0.0,0.0,0.55,0.0,0.0003986535769801949,0.0,0.0,0.0,0.0,0.0036354330375410375,0.0011542851784917243,0.0,8.723454221819278e-06,0.0010833517025771735,0.03312156029362849,0,3
10696,0.0,0.0,0.0,0.03474903474903475,0.0,0.8,0.0,0.0,0.0,0.0,0.0,0.0,0.0,0.0,0.0,0.0,0.009906803958880961,0.0,0.0008043294090493882,9.89901386388269e-06,0.0,0.0,0.0,0.6539521808309187,0.49379694129214363,0.20339622641509433,0.24240196078431378,0.39068840712170516,0.11824049125885082,0.030303030303030304,0.5,0.0,1.0,0.0,0.8,0.0,0.0,0.0,0.0,0.0,9.938170126294265e-06,0.0036368163410133133,0.0,0.0,0.0023099757943331827,0.0010825576210823542,0.03312156029362849,1,2
11665,0.6000000000000227,0.0,0.0,0.05791505791505792,0.0,0.6000000000000001,0.029411764705882346,0.0,0.0,0.0,0.0,0.0,0.0,0.0,0.0,0.0,0.009770786935533304,0.0,0.0008823030609726669,9.89901386388269e-06,0.0,0.0,0.0009224580842680195,0.6557417711150866,0.4959192366484443,0.42339622641509433,0.24448529411764708,0.3977869581642477,0.13390563318503665,0.020202020202020204,0.6000000000000014,0.0,1.0,0.0,0.75,0.0,0.0,0.0,0.0,0.0,4.770321660621247e-06,0.003636228152366856,0.0,0.0,0.00132591387776215,0.001747794089576953,0.03312156029362849,1,2
8378,0.6000000000000227,0.0,0.0,0.03474903474903475,0.0,0.0,0.4411764705882353,0.0,0.0,0.0,0.0,0.0,0.0,0.0,0.0,0.0,0.010322650649425603,0.0,0.002498634486420694,9.89901386388269e-06,0.0,0.0004711824560572499,0.00020469587384488032,0.6541213586256304,0.494071609336422,0.5688679245283019,0.2450980392156863,0.4020399956129127,0.13378031204962718,0.020202020202020204,1.0,0.0,1.0,0.0,0.4,0.001520451564379364,0.0,0.0,0.0,0.0014142107141095787,0.0,0.003687233688657545,0.0,0.0,0.0007177279520450488,0.0013128297547730311,0.03312156029362849,0,2
5521,0.20000000000004547,0.0,0.0,0.0694980694980695,0.0,0.6000000000000001,0.5294117647058824,0.0,0.0,0.0,0.0,1.0,0.0,0.0,0.0,0.0,0.01172417680015814,0.0029738703028042053,0.00087966755153766,1.3046859785833116e-05,0.09155943310693665,0.02104739621832451,0.0,0.6533268734691483,0.49493177819083695,0.580754716981132,0.24080882352941177,0.3993772773248517,0.12983269628422836,0.020202020202020204,0.14999999999999858,0.0,1.0,0.0,0.25000000000000006,0.0004557647963629733,0.0,0.0,0.0,0.0,0.003730030150601223,0.004498215079906386,0.0,0.0,0.0036944979818378195,0.0020730082821911284,0.03313821243485278,0,1
7983,0.20000000000004547,1.0,0.0,0.03861003861003861,0.537037037037037,0.6000000000000001,0.5,0.0,0.0,0.0,0.0,1.0,0.0,0.0,0.0,0.0,0.05031115888144283,0.0,0.0008268793891856004,9.89901386388269e-06,0.1867002670777186,0.16347455095356275,0.0,0.6476025267203386,0.4862911952777884,0.580754716981132,0.2450980392156863,0.4028564813122266,0.13309104580487502,0.030303030303030304,0.14999999999999858,0.0,1.0,0.0,0.8,0.0,0.0,0.001345440889970941,0.0,0.0,0.0007964268845209928,0.004331003021010706,0.0,0.0,0.06999177795253111,0.0015889317418172975,0.03312156029362849,0,0
2510,0.8000000000000114,1.0,0.0,0.015444015444015444,0.0,0.6000000000000001,0.1764705882352941,0.0,0.0,0.0,0.0,0.0,0.0,0.0,0.0,0.0,0.009770786935533304,0.0,0.0008043294090493882,9.89901386388269e-06,0.0,0.0001463407945532305,0.0,0.6540883016001582,0.4939800823054035,0.41094339622641507,0.1552696078431373,0.39739090166831187,0.08828873989598347,0.25252525252525254,0.7999999999999972,0.0,1.0,0.0,0.5,0.0,0.0,0.0,0.0,0.0,0.0,0.0036354330375410375,0.0,0.0,0.0002791249531210268,0.00109354985031401,0.03312156029362849,0,3
3351,0.0,0.0,1.0,0.10231660231660232,0.0,1.0,0.23529411764705882,0.0,0.0,0.0,0.0,0.0,0.0,0.0,0.0,0.0,0.010314177803204677,0.0,0.0011643493547095502,9.89901386388269e-06,0.0,0.001506288042062383,0.0,0.6540633661982093,0.4939537061953781,0.580754716981132,0.2450980392156863,0.3929611620906909,0.03646845040416066,0.020202020202020204,0.6000000000000014,0.0,1.0,0.0,0.4,4.256628940917929e-06,0.0,0.0,0.0,1.2552536552258645e-05,0.0,0.0036510333867482442,0.0,0.0,0.0004647477796122898,0.0012311869251393586,0.03312156029362849,0,4
11810,1.0,0.0,0.0,0.06756756756756757,0.0,0.4,0.5294117647058824,0.0,0.0,0.0,0.0,1.0,0.0,0.0,0.0,0.0,0.009770786935533304,0.0,0.0008043294090493882,9.89901386388269e-06,0.00029209366084455556,0.0008807039981119461,0.0,0.6540787639190763,0.49396890790873393,0.20339622641509433,0.2450980392156863,0.39068840712170516,0.1342189360235604,0.25252525252525254,0.75,0.0,1.0,0.0,0.05,0.0,0.0,0.0,0.0,0.0,0.0,0.0036354330375410375,0.0,0.0,0.000631951582526691,0.0010825576210823542,0.03312156029362849,1,1
5301,0.6000000000000227,0.0,0.0,0.03474903474903475,0.0,0.6000000000000001,0.5294117647058824,0.0,0.0,0.0,0.0,1.0,0.0,0.0,0.0,0.0,0.009770786935533304,4.84713000908384e-05,0.0008043294090493882,9.89901386388269e-06,0.0011763276885992373,0.004847279129068675,0.0,0.6537167607647958,0.4938883771020131,0.580754716981132,0.24485294117647063,0.396221011711086,0.13171251331537065,0.020202020202020204,0.5,0.0,1.0,0.0,0.45,5.571635361740581e-05,0.0,0.0,0.0,8.246797393248229e-05,0.0,0.0036557542092424743,0.0,0.0,0.0024619071568651027,0.0011739079730698596,0.03312156029362849,0,1
8875,0.4000000000000341,0.0,0.0,0.03474903474903475,0.0,0.6000000000000001,0.47058823529411764,0.0,0.0,0.0,0.0,0.0,0.0,0.0,0.0,0.0,0.009770786935533304,0.0,0.0008043294090493882,9.89901386388269e-06,0.0001778590113063383,0.003184927479867753,0.0,0.6540224794412844,0.4939029647223571,0.580754716981132,0.2450980392156863,0.40287476084280827,0.1342189360235604,0.25252525252525254,0.6000000000000014,0.0,0.0,1.0,0.75,0.0,0.0,0.0,0.0,0.0,0.0,0.0036354330375410375,0.02073720243752282,0.0009711242299794662,0.0012506517008689176,0.0010835529491982077,0.03312156029362849,0,2
1186,0.0,1.0,0.0,0.02895752895752896,0.0,0.4,0.8235294117647058,1.0,0.0,0.0,0.0,0.0,0.0,0.0,0.0,0.0,0.014853531502621654,1.638989030536679e-05,0.0008043294090493882,3.636723600504141e-05,0.0,0.001158344313047973,0.0010086904620617882,0.653978397774898,0.4955678081422136,0.580754716981132,0.24448529411764708,0.3958493279225923,0.09242433736449654,0.030303030303030304,0.29999999999999716,1.0,1.0,0.0,0.2,0.0012958753516751134,0.0,0.010203313196077394,0.044482681328533946,0.0018215890450100625,0.0,0.002716238285420138,0.0,0.0,0.0022642608010944995,0.001759876520331521,0.03315433381077739,0,3
3378,0.4000000000000341,1.0,0.0,0.10231660231660232,0.0,0.6000000000000001,0.1764705882352941,0.0,0.0,0.0,0.0,0.0,0.0,0.0,0.0,0.0,0.009770786935533304,0.0,0.0008043294090493882,9.89901386388269e-06,0.0,0.00025827779072767773,3.473218343925562e-05,0.6541017061057063,0.49399594391643326,0.580754716981132,0.2450980392156863,0.40300271755687983,0.1356601290807695,0.020202020202020204,0.5499999999999972,0.0,1.0,0.0,0.5,1.2518698193066444e-05,0.0,0.0,0.0,1.6903665182592686e-05,0.0,0.0036415630783611253,0.0,0.0,1.0795594374216233e-05,0.0011040559152946552,0.03312156029362849,0,3
201,0.20000000000004547,0.0,1.0,0.03861003861003861,0.0,0.6000000000000001,0.32352941176470584,0.0,0.0,0.0,0.0,0.0,0.0,0.0,0.0,0.0,0.009772291881576098,0.0,0.0008051403350293903,9.89901386388269e-06,0.0021111720041240155,0.0004854758215672758,0.00014284344447653782,0.6540405270517994,0.49391602332097323,0.580754716981132,0.2450980392156863,0.4036242215966561,0.1336549909142177,0.020202020202020204,0.7999999999999972,0.0,1.0,0.0,0.8,0.00061805980666853,0.0,0.00041232228682610135,0.0016459440335078166,0.0,0.00016999691736032082,0.0037053642699326895,0.0,0.0005071611909650925,8.08646298978614e-05,0.001101585984782461,0.03321388865365459,0,4
3886,0.8000000000000114,0.0,1.0,0.10231660231660232,0.0,0.6000000000000001,0.23529411764705882,0.0,0.0,0.0,0.0,0.0,0.0,0.0,0.0,0.0,0.009770786935533304,0.0,0.0008731333595064893,9.89901386388269e-06,0.008894035071483416,0.0021709295382785886,7.718504635311095e-05,0.6542375836867736,0.4941427117580834,0.3905660377358491,0.14325980392156865,0.3967267453905117,0.08108277460993797,0.24242424242424243,0.14999999999999858,0.0,1.0,0.0,0.45,0.00014232890868635467,0.0,0.0,0.0,0.0,0.0,0.0036354330375410375,0.0,0.0,0.0002004603732615128,0.0012377825600871516,0.03312156029362849,0,4
1353,0.6000000000000227,1.0,0.0,0.03474903474903475,0.1111111111111111,0.6000000000000001,0.5,0.0,0.0,0.0,0.0,1.0,0.0,0.0,0.0,0.0,0.009770786935533304,0.0,0.0008043294090493882,9.89901386388269e-06,0.002574256137220396,0.0006127864957612277,0.0,0.6539359707157759,0.4938025445997452,0.580754716981132,0.24460784313725495,0.4027589904824578,0.1339682937527414,0.020202020202020204,0.7999999999999972,0.0,1.0,0.0,0.10000000000000002,6.961319483281092e-05,0.0,0.0,0.0,2.7452804379877384e-05,0.0,0.0036360514601833406,0.0,0.002438398357289528,0.00015617797074547418,0.001097915960195918,0.03312156029362849,0,0
3922,0.4000000000000341,0.0,0.0,0.03474903474903475,0.0,1.0,0.1176470588235294,0.0,0.0,0.0,0.0,0.0,0.0,0.0,0.0,0.0,0.009770786935533304,0.0,0.0008043294090493882,9.89901386388269e-06,0.0,0.0,0.0,0.6540201108414979,0.4943209245002446,0.580754716981132,0.23982843137254906,0.3937410887288415,0.08252396766714708,0.020202020202020204,0.3999999999999986,0.0,1.0,0.0,0.4,0.0,0.0,0.0006729220695756054,0.0,0.0,0.00024122649306550624,0.0036677543570482344,0.0,0.0,0.0011999993860325475,0.0011943944825460648,0.033125657603325025,0,2
4602,0.20000000000004547,0.0,0.0,0.02364864864864865,0.0,0.0,0.7941176470588235,0.2222222222222222,0.0,0.0,0.0,0.0,0.0,0.0,0.0,0.0,0.009770786935533304,0.0,0.0008043294090493882,9.89901386388269e-06,0.0,0.00036190469067536566,0.0,0.6541154667792177,0.4940119052884643,0.28830188679245283,0.13002450980392158,0.3934303367089534,0.07538066294880633,0.24242424242424243,0.6999999999999957,0.0,1.0,0.0,0.05,0.0001674885049463895,0.0,0.0,0.0,0.0,0.0,0.0036354330375410375,0.0,4.4147843942505136e-05,2.9547183654549166e-05,0.0010868395147058541,0.03312160989786211,0,2
10543,0.20000000000004547,0.0,0.0,0.20463320463320464,0.0,0.8,0.5588235294117647,0.0,0.0,0.0,0.0,0.0,0.0,0.0,0.0,0.0,0.010047666908486413,0.0,0.0008043294090493882,9.89901386388269e-06,0.0,0.0,0.0,0.6539300964292722,0.49406663021438496,0.580754716981132,0.2450980392156863,0.39940774320915445,0.1065229650980638,0.030303030303030304,0.10000000000000142,1.0,1.0,0.0,0.2,0.0,0.0,0.0004968029900926718,0.0,0.00012657401882558062,0.0,0.003801367022975957,0.0,0.0,0.0,0.001674059012946589,0.03312156029362849,1,2
5704,0.8000000000000114,0.0,0.0,0.10231660231660232,0.0,0.6000000000000001,0.5588235294117647,0.0,0.0,0.0,0.0,0.0,0.0,0.0,0.005496358866122071,0.0,0.012088599484420535,0.0,0.0008043294090493882,9.89901386388269e-06,0.05748388785338633,0.013201501966792024,0.0,0.6544817197627697,0.49442457385153243,0.40264150943396226,0.20183823529411765,0.3971228018864476,0.11028259916034841,0.020202020202020204,0.44999999999999574,0.0,1.0,0.0,0.35000000000000003,0.0,0.0,0.0,0.0,0.0,0.0002450933447146462,0.003834446548275082,0.0,0.0,0.00045492430037129684,0.001273454862005044,0.03312156029362849,0,2
3842,0.4000000000000341,0.0,1.0,0.06756756756756757,0.0,0.6000000000000001,0.2647058823529412,0.0,0.0,0.0,0.0,0.0,0.0,0.0,0.0,0.0,0.009770786935533304,0.0,0.0008043294090493882,9.89901386388269e-06,7.374641932214026e-05,1.6952596302588887e-05,4.3496785772392755e-06,0.6539720311483072,0.49384359528133753,0.580754716981132,0.2450980392156863,0.40291131990397155,0.1342189360235604,0.020202020202020204,0.44999999999999574,0.0,1.0,0.0,0.10000000000000002,3.619152932062756e-05,0.0,9.07310655607558e-05,0.00022370774714432006,0.0,1.409413217910823e-05,0.0036354330375410375,0.0,0.00041837782340862427,0.0016178298194782198,0.0010962543868009219,0.03312493338151425,0,4
10791,0.20000000000004547,0.0,0.0,0.0694980694980695,0.0,0.8,0.029411764705882346,0.0,0.0,0.0,0.0,0.0,0.0,0.0,0.0,0.0,0.009770786935533304,0.0,0.0008043294090493882,9.89901386388269e-06,0.0,0.0,3.1317685756122784e-05,0.6539637730213412,0.49383418397598255,0.580754716981132,0.2450980392156863,0.40287476084280827,0.1342189360235604,0.020202020202020204,0.5,0.0,1.0,0.0,0.8,0.0,0.0,0.0,0.0,0.0,0.0,0.003639169880897736,0.0,0.0,0.0013520586584504178,0.0014210243498048243,0.03312156029362849,1,2
6268,0.20000000000004547,0.0,0.0,0.06756756756756757,0.0,0.6000000000000001,0.47058823529411764,0.0,0.0,0.0,0.0,0.0,0.0,0.0,0.0,0.0,0.009770786935533304,0.0,0.0008043294090493882,9.89901386388269e-06,0.0,0.0002742331754830555,0.0,0.6541027765975108,0.49399692638761716,0.580754716981132,0.2365196078431373,0.40287476084280827,0.12851682436242873,0.25252525252525254,0.9499999999999957,0.0,1.0,0.0,0.25000000000000006,1.5539750631197988e-05,0.0,0.0,0.0,0.0,0.0,0.0036354330375410375,0.0,0.0,4.663594441752652e-05,0.0010840291502544328,0.03312156029362849,0,2
7698,0.20000000000004547,1.0,1.0,0.06756756756756757,0.0,0.6000000000000001,0.23529411764705882,0.0,0.0,0.0,0.0,0.0,0.0,0.0,0.0,0.0,0.009770786935533304,0.0,0.0008043294090493882,9.89901386388269e-06,0.0,0.0,0.0,0.654103260654622,0.4939976084112719,0.3918867924528302,0.2193627450980392,0.39677549080539615,0.12106021680556427,0.24242424242424243,0.6000000000000014,0.0,1.0,0.0,0.55,0.00032932187128387213,0.0,0.0,0.0,0.0,0.0,0.0036354330375410375,0.0,0.0,4.502427985455111e-06,0.0010827153964505197,0.03312156029362849,0,4
4702,0.6000000000000227,0.0,0.0,0.13706563706563707,0.0,0.6000000000000001,0.5588235294117647,0.0,0.0,0.0,0.0,0.0,0.0,0.0,0.0,0.0,0.009770786935533304,0.0,0.0008043294090493882,9.89901386388269e-06,0.0,0.0,0.0,0.6535856472201435,0.49339072419927554,0.42698113207547167,0.1696078431372549,0.3979210080551799,0.0956826868851432,0.020202020202020204,0.6499999999999986,0.0,1.0,0.0,0.5,0.0,0.0,0.0,0.0,0.0,4.336656055110225e-07,0.0036466364999237924,0.0,0.0,0.006197847941750862,0.0011546651280571383,0.03312156029362849,0,2
773,0.6000000000000227,0.0,0.0,0.15830115830115832,0.0,0.6000000000000001,0.5294117647058824,0.0,0.0,0.0,0.0,1.0,0.0,0.0,0.0,0.0,0.00977533187258254,0.0,0.0008043294090493882,9.89901386388269e-06,0.004618188759021284,0.0028562631740994245,5.993857079435722e-05,0.6540538735765161,0.4939247844330319,0.39358490566037735,0.21629901960784315,0.39683032939714113,0.10934269064477727,0.24242424242424243,0.0,0.0,0.0,1.0,0.55,0.0,0.0004047511264171283,0.0,0.0,0.0,0.0,0.0036511653169119355,0.015040154372222949,0.0014117043121149898,0.000343233387959382,0.0010952977218290111,0.03312156029362849,0,1
3287,1.0,1.0,0.0,0.06756756756756757,0.0,0.6000000000000001,0.0,0.0,0.0,0.0,0.0,0.0,0.0,0.0,0.0,0.0,0.009770786935533304,0.0,0.0008043294090493882,9.89901386388269e-06,0.002285415994875347,0.0005253642834557202,8.114325385839869e-05,0.654128474033242,0.49402648087538015,0.46735849056603773,0.2450980392156863,0.39921276154961677,0.13302838523717025,0.04040404040404041,0.10000000000000142,0.0,1.0,0.0,0.35000000000000003,2.7155527533766692e-08,0.0,0.0,0.0,1.5745451086748374e-05,0.0,0.0036705998865014227,0.0,0.0,9.938598138348356e-05,0.0010969458126917605,0.03312156029362849,0,3
6774,0.8000000000000114,1.0,0.0,0.08687258687258688,0.0,0.6000000000000001,0.1764705882352941,0.0,0.0,0.0,0.0,0.0,0.0,0.0,0.0,0.0,0.009770786935533304,0.0,0.0008043294090493882,2.2237355275000273e-05,0.004122569440929841,0.0009502595035299211,0.0,0.6521263031606802,0.4945729743576628,0.27943396226415096,0.06151960784313726,0.39245542841126513,0.03903753368005514,0.020202020202020204,0.7999999999999972,0.0,1.0,0.0,0.05,0.00041347006222913166,0.0,7.560922130062982e-06,3.2962831111638516e-05,0.0,4.4812112569472324e-06,0.003724904854832286,0.0,0.0038501026694045177,0.001992708113221738,0.0026620305734385155,0.03312156029362849,0,3
2481,0.4000000000000341,0.0,0.0,0.02316602316602317,0.0,0.6000000000000001,0.029411764705882346,0.0,0.0,0.0,0.0,0.0,0.0,0.0,0.0,0.0,0.009770786935533304,0.0,0.0008043294090493882,9.89901386388269e-06,0.00034740347533616077,9.905634702297035e-05,1.2005112873180401e-05,0.654099441540097,0.49399239599599837,0.580754716981132,0.2450980392156863,0.40287476084280827,0.13008333855504733,0.25252525252525254,0.3999999999999986,0.0,1.0,0.0,0.5,0.0,0.0,0.0,0.0,0.0,0.0,0.0036354330375410375,0.0,0.0,8.222047468893595e-05,0.00108513189251506,0.03312156029362849,0,2
10556,0.20000000000004547,1.0,0.0,0.1274131274131274,0.3333333333333333,0.6000000000000001,0.5,0.0,0.0,0.0,0.0,1.0,0.0,0.0,0.0,0.0,0.011304883783175502,0.0,0.0008043294090493882,9.89901386388269e-06,0.08720911737104137,0.04004951155331903,0.0,0.653361595041456,0.4949180189361612,0.580754716981132,0.24497549019607845,0.3909565069035694,0.04010276333103578,0.020202020202020204,0.10000000000000142,0.0,1.0,0.0,0.35000000000000003,0.0,0.0,0.0,0.0,0.00039105377276581324,0.0,0.0039037511123892004,0.0,0.008983572895277209,0.00865512476074456,0.0017031630415262479,0.03312156029362849,1,0
12354,0.20000000000004547,0.0,1.0,0.03474903474903475,0.0,0.6000000000000001,0.32352941176470584,0.0,0.0,0.0,0.0,0.0,0.0,0.0,0.0,0.0,0.016025869420497198,0.0,0.0008043294090493882,9.89901386388269e-06,0.0,0.0019506288873072006,1.1874622515863223e-05,0.6528926169221911,0.49392766119871495,0.580754716981132,0.24497549019607845,0.3907554320671712,0.1275769158468576,0.020202020202020204,0.9499999999999957,0.0,1.0,0.0,0.35000000000000003,0.0,0.0,0.0,0.0,0.0,2.9995204381179054e-06,0.0036763062587303707,0.0,0.0,0.009968784871432658,0.0012663079798472707,0.03314474531241977,1,4
8419,0.0,0.0,0.0,0.1274131274131274,0.0,0.2,0.5588235294117647,0.0,0.0,0.0,0.0,0.0,0.0,0.0,0.0,0.0,0.009770786935533304,3.4045577731520894e-06,0.0008043294090493882,0.0002693685643757771,0.0,0.0,0.0008137596166228099,0.650941880348057,0.49266987565899817,0.3939622641509434,0.14889705882352944,0.39517907846793165,0.08490506923992733,0.020202020202020204,0.3999999999999986,0.0,1.0,0.0,0.05,0.0002397357859499758,0.0,0.0,0.0,0.0014947691999381014,0.0,0.004252202233655887,0.0,0.0,0.014144531008170372,0.00229455657313251,0.03312156029362849,0,2
8493,0.6000000000000227,1.0,0.0,0.06756756756756757,0.2962962962962963,0.6000000000000001,0.5,0.0,0.0,0.0,0.0,1.0,0.0,0.0,0.0,0.0,0.009770786935533304,0.0,0.0008043294090493882,9.89901386388269e-06,0.0012873088196379485,0.0018425145353970626,0.0,0.6540931650322839,0.4939853013196538,0.5439622641509434,0.2439950980392157,0.40168659135500073,0.13284040353405605,0.25252525252525254,0.6499999999999986,0.0,1.0,0.0,0.35000000000000003,0.0,0.0,0.0,0.0,0.0,0.0,0.003644097629571327,0.0,0.0,0.0007069067756936425,0.001091459859543251,0.03312156029362849,0,0
1588,0.8000000000000114,1.0,0.0,0.06756756756756757,0.2962962962962963,0.6000000000000001,0.5,0.0,0.0,0.0,0.0,1.0,0.0,0.0,0.0,0.0,0.009770786935533304,0.0,0.0008043294090493882,9.89901386388269e-06,0.00011242713926071384,0.00025370723780296015,0.0,0.6541036439907464,0.493997123192394,0.3022641509433962,0.1439950980392157,0.3938812317966342,0.08014286609436683,0.24242424242424243,0.6999999999999957,0.0,0.0,0.0,0.0,0.0,0.0006154319724794465,0.0,0.0,0.0,0.0,0.0036354330375410375,0.008089573456677464,0.00012833675564681725,6.029672023703237e-05,0.0010863079956129112,0.03312156029362849,0,0
2288,0.6000000000000227,1.0,0.0,0.03861003861003861,0.537037037037037,0.6000000000000001,0.5,0.0,0.0,0.0,0.0,1.0,0.0,0.0,0.0,0.0,0.009770786935533304,0.0,0.0008043294090493882,9.89901386388269e-06,0.00040343629393876733,9.274067389063332e-05,5.4436227394149536e-05,0.6541368388449373,0.4940369487933636,0.28660377358490563,0.24093137254901964,0.3933754981172084,0.13208847672159912,0.25252525252525254,0.0,0.0,1.0,0.0,0.35000000000000003,0.0001553635619025627,0.0,0.0,0.0,0.0,0.0,0.0036354330375410375,0.0,0.0,0.0002778458542615225,0.0010921156955144091,0.03312156029362849,0,0
2440,0.0,0.0,0.0,0.02316602316602317,0.0,0.6000000000000001,0.029411764705882346,0.0,0.0,0.0,0.0,0.0,0.0,0.0,0.0,0.0,0.009770786935533304,0.0,0.0008043294090493882,9.89901386388269e-06,0.0005523751408050506,0.0021863863172603606,0.0,0.6541066689335426,0.4940024947594595,0.3932075471698113,0.17965686274509807,0.39569090532421797,0.08402782129206092,0.24242424242424243,0.6000000000000014,0.0,1.0,0.0,0.05,1.4256651955227513e-06,0.0,0.0,0.0,0.0,0.0,0.0036354330375410375,0.0,0.0,0.0006793805682371102,0.0010870338713563652,0.03312156029362849,0,2
9901,0.6000000000000227,0.0,0.0,0.03474903474903475,0.0,1.0,0.5588235294117647,0.0,0.0,0.0,0.0,0.0,0.0,0.0,0.0,0.0,0.009781171063228577,0.0,0.0008043294090493882,9.89901386388269e-06,0.11149880198218808,0.0292407355930978,0.0,0.6487273140944423,0.4949107709306513,0.580754716981132,0.2450980392156863,0.3959285392217795,0.12018296885769787,0.020202020202020204,0.7999999999999972,1.0,0.0,0.0,0.45,0.0004149568273616054,0.0,0.0,0.0,0.0003735866520771341,0.0,0.003697959689495512,0.0,0.0,0.007174286429119249,0.003235412929007292,0.03312156029362849,1,2
4995,0.4000000000000341,0.0,0.0,0.06756756756756757,0.0,0.6000000000000001,0.029411764705882346,0.0,0.0,0.0,0.0,0.0,0.0,0.0,0.0,0.0,0.009770786935533304,0.0,0.0008043294090493882,9.89901386388269e-06,0.0,1.2797548189209256e-05,0.0,0.6541024840428022,0.4939966305981892,0.570754716981132,0.2450980392156863,0.402551822469199,0.13390563318503665,0.24242424242424243,0.5499999999999972,0.0,0.0,1.0,0.5,0.0,0.0001051301627057476,0.0,0.0,0.0,0.0,0.0036354330375410375,0.0002680845670488307,0.0,2.4968009737523798e-05,0.0010867987697003147,0.03312156029362849,0,2
3784,0.6000000000000227,0.0,1.0,0.10424710424710425,0.0,0.6000000000000001,0.23529411764705882,0.0,0.0,0.0,0.0,0.0,0.0,0.0,0.0,0.0,0.21057919880134057,0.0,0.0003902269384152402,9.89901386388269e-06,0.16267592497530942,0.06890374457091025,0.0,0.6490746046956215,0.4881558995770856,0.4339622641509434,0.16004901960784315,0.39810989653785694,0.09048185976564949,0.020202020202020204,0.29999999999999716,0.0,1.0,0.0,0.45,0.0,0.0,0.004810460283736205,0.020971832162054067,0.023233524337967562,0.0,0.007719616710645822,0.0,0.0,0.10394425482514463,0.013200770669256017,0.03360203186083893,0,4
9850,0.20000000000004547,0.0,0.0,0.03861003861003861,0.0,0.8,0.5588235294117647,0.0,0.0,0.0,0.0,0.0,0.0,0.0,0.0,0.0,0.009770786935533304,0.0,0.0008043294090493882,9.89901386388269e-06,0.016917573193321177,0.005190319901309297,0.0,0.6532468337478127,0.4935809420328252,0.580754716981132,0.2450980392156863,0.39109055679450155,0.1342189360235604,0.020202020202020204,0.7999999999999972,0.0,1.0,0.0,0.25000000000000006,0.0002278756092996032,0.0,0.0,0.0,0.00010522531576163949,0.0,0.0036811201391079187,0.0,0.005134650924024641,0.0009594776364913603,0.0011605863389838006,0.03312156029362849,1,2
3987,0.6000000000000227,1.0,0.0,0.06756756756756757,0.2962962962962963,0.6000000000000001,0.5,0.0,0.0,0.0,0.0,1.0,0.0,0.0,0.0,0.0,0.009940845838368946,0.0,0.0008043294090493882,9.89901386388269e-06,6.3624361768121e-05,0.0005904323369112452,0.0,0.6541090057267017,0.4940042450409957,0.39471698113207543,0.2127450980392157,0.3968668884583044,0.11717526160787019,0.25252525252525254,0.14999999999999858,0.0,0.0,0.0,0.55,0.0,0.0005315381026402599,0.0,0.0,0.0,0.0,0.0036354330375410375,0.006683732117172187,0.0,0.00023839844543441013,0.0010865587607990716,0.03312156029362849,0,0
1971,0.0,0.0,0.0,0.03581081081081081,0.0,0.0,0.7941176470588235,0.2222222222222222,0.0,0.0,0.0,0.0,0.0,0.0,0.0,0.0,0.009770786935533304,0.0,0.0008047348720393893,9.89901386388269e-06,0.00012399520503673583,0.0005420675768715064,0.0,0.6541301660795575,0.4940290195405491,0.3886792452830189,0.16151960784313726,0.3966719067987668,0.0913591077135159,0.24242424242424243,0.25,0.0,1.0,0.0,0.35000000000000003,0.0006221195580348281,0.0,0.0,0.0,0.0,0.0,0.0036354330375410375,0.0,0.0,0.0001736504611663028,0.0011007828323192552,0.03312181823564329,0,2
10144,0.8000000000000114,1.0,1.0,0.03861003861003861,0.0,0.6000000000000001,0.23529411764705882,0.0,0.0,0.0,0.0,0.0,0.0,0.0,0.0,0.0,0.010412134741130093,0.0,0.0008043294090493882,9.89901386388269e-06,0.006727191750812295,0.0020992134078416562,0.0,0.6541624703481804,0.49406465789669024,0.35792452830188676,0.23566176470588238,0.3956787189704969,0.12870480606554296,0.020202020202020204,0.0,0.0,1.0,0.0,0.35000000000000003,0.00010786854424600474,0.0,0.0,0.0,8.77738466147961e-05,0.0,0.0036400172180800156,0.0,0.0017967145790554417,0.0008951389638582944,0.001146976267930304,0.03312156029362849,1,4
6982,0.4000000000000341,1.0,0.0,0.06756756756756757,0.0,0.2,0.0,0.0,0.0,0.0,0.0,0.0,0.0,0.0,0.0,0.0,0.009770786935533304,0.0,0.0008043294090493882,9.89901386388269e-06,0.0,0.0005441451009281961,0.0,0.6540914637090354,0.4939809518176327,0.580754716981132,0.24497549019607845,0.4039166940859626,0.13340434864339873,0.25252525252525254,0.5,0.0,0.0,1.0,0.85,0.0,0.0,0.0,0.0,0.0,0.0,0.0036434725318909796,0.007577424576210511,0.0,0.00035267313754252367,0.0010874960941990113,0.033154011383258894,0,3
2214,0.8000000000000114,1.0,0.0,0.10231660231660232,0.4444444444444444,0.2,0.5,0.0,0.0,0.0,0.0,1.0,0.0,0.0,0.0,0.0,0.01023437051455535,0.0,0.000826941768107139,9.89901386388269e-06,0.018515773780689717,0.005502862620397713,0.0,0.6540665137290488,0.4939291956548943,0.580754716981132,0.24460784313725495,0.3948805128017646,0.05407606992919356,0.07070707070707072,0.10000000000000142,0.0,1.0,0.0,0.35000000000000003,7.118142654788594e-05,0.0,0.0,0.0,0.0,4.994382223468609e-05,0.0036847552862967715,0.0,0.0,0.0009415446704811101,0.0012245430108297707,0.03312156029362849,0,0
4196,0.20000000000004547,1.0,0.0,0.138996138996139,0.2962962962962963,0.6000000000000001,0.5,0.0,0.0,0.0,0.0,1.0,0.0,0.07417727686111472,0.0,0.0,0.009813542452609061,0.0,0.0008043294090493882,9.89901386388269e-06,0.0,2.069213960463055e-05,0.0,0.6540970295375168,0.49399027772446513,0.2792452830188679,0.058578431372549034,0.3931439573965074,0.03884955197694091,0.0,0.10000000000000142,0.0,0.0,0.0,0.5,0.0,0.0003139186658393624,0.0001754133934174612,0.0,1.8468819366166086e-06,0.0,0.0036354330375410375,0.005838775285275268,0.0,2.1156295136201006e-05,0.0010854614710331032,0.03312194224622732,0,0
8045,0.8000000000000114,0.0,0.0,0.10231660231660232,0.0,0.6000000000000001,0.5588235294117647,0.0,0.0,0.0,0.0,0.0,0.0,0.0,0.0,0.0,0.009770786935533304,0.0,0.0008043294090493882,9.89901386388269e-06,0.0,0.0,0.0,0.654131116302552,0.49402914065118103,0.47547169811320755,0.2090686274509804,0.3994747681546205,0.11548342627984212,0.020202020202020204,0.29999999999999716,0.0,1.0,0.0,0.35000000000000003,1.0502400273684268e-05,0.0,0.0,0.0,4.1899177494259836e-05,0.0,0.003671087164278628,0.0,0.0,0.0003657199459094674,0.0011438011811543583,0.03312156029362849,0,2
8085,0.4000000000000341,0.0,0.0,0.0694980694980695,0.0,0.6000000000000001,0.47058823529411764,0.0,0.0,0.0,0.0,0.0,0.0,0.0,0.0,0.0,0.009770786935533304,6.219865162489394e-07,0.0008355188698186996,9.89901386388269e-06,0.012040910464616902,0.0027679268512089735,0.0,0.6537834347449105,0.49459172360327847,0.580754716981132,0.2450980392156863,0.3909991591415933,0.03239551350335235,0.25252525252525254,0.0,1.0,1.0,0.0,0.25000000000000006,0.004233241242829472,0.0,0.0,0.0,0.0,0.0,0.0036354330375410375,0.0,0.0,0.0016502933485324387,0.0014664483392832837,0.03313148114035133,0,2
9222,0.6000000000000227,1.0,0.0,0.06756756756756757,0.0,0.8,0.029411764705882346,0.0,0.0,0.0,0.0,0.0,0.0,0.0,0.0,0.0,0.009770786935533304,0.0,0.0008043294090493882,9.89901386388269e-06,0.0019257214496521628,0.003091521998278979,0.0,0.6539202310736639,0.4937800424772406,0.580754716981132,0.2450980392156863,0.40287476084280827,0.1325271006955323,0.24242424242424243,0.3500000000000014,0.0,1.0,0.0,0.55,0.0024142893309170616,0.0,0.0,0.0,0.0,0.0,0.0036354330375410375,0.0,0.0033367556468172485,0.00031944214917260214,0.0010852976979208134,0.03312156029362849,1,3
1746,0.6000000000000227,1.0,0.0,0.015444015444015444,0.35185185185185186,0.6000000000000001,0.5,0.0,0.0,0.0,0.0,1.0,0.0,0.0,0.0,0.0,0.009770786935533304,4.877683732689051e-06,0.0008043294090493882,9.89901386388269e-06,0.0,0.0011714742650862525,0.00041652522055643304,0.6538565601692893,0.49406433881675615,0.580754716981132,0.2450980392156863,0.40083963977138404,0.13403095432044615,0.25252525252525254,0.29999999999999716,0.0,1.0,1.0,0.5,0.0011317473432610275,0.0,0.0,0.0,0.0,0.0,0.0038088053712526508,0.0,0.0,0.0010021227924672334,0.0014243539404521402,0.03312160989786211,0,0
8993,0.6000000000000227,1.0,0.0,0.05791505791505792,0.7037037037037037,0.6000000000000001,0.5,0.0,0.0,0.0,0.0,1.0,0.0,0.0,0.0,0.0,0.010316540568491862,0.0,0.0008043294090493882,1.4716938811948292e-05,0.040438704434473415,0.009295922942139708,0.0,0.6540221236046401,0.49471267236617494,0.580754716981132,0.24448529411764708,0.3985181393875139,0.1332163669402845,0.020202020202020204,0.0,0.0,1.0,0.0,0.25000000000000006,0.0015771726725155191,0.0,5.443863933645348e-06,2.3733238400379734e-05,0.0,0.0024511502799492175,0.003955456742375906,0.0,0.0,0.0012095158815472594,0.0014125705542455274,0.03312156029362849,0,0
10089,0.8000000000000114,0.0,1.0,0.015444015444015444,0.0,0.6000000000000001,0.23529411764705882,0.0,0.0,0.0,0.0,0.0,0.0,0.0,0.0,0.0,0.010018832142306495,0.0,0.0008043294090493882,9.89901386388269e-06,0.000691914934228316,0.0008281841899588276,0.0,0.6540954180017269,0.4939476549337085,0.580754716981132,0.2450980392156863,0.32664302514044774,0.1342189360235604,0.020202020202020204,0.14999999999999858,0.0,1.0,0.0,0.45,6.849981820392648e-06,0.0,5.574919917233106e-05,0.00024304594139648133,0.0,4.582399898233138e-05,0.0036354330375410375,0.0,6.506673511293635e-05,0.0002654385953243309,0.0010826001009725578,0.03312156029362849,1,4
9432,0.6000000000000227,1.0,0.0,0.015444015444015444,0.35185185185185186,0.6000000000000001,0.5,0.0,0.6536,0.715167950671794,0.0,1.0,0.0,0.0,0.0,0.0,0.009770786935533304,0.0,0.001054733994835805,9.89901386388269e-06,0.0,0.0,0.0,0.6501151479098262,0.4893295124512719,0.2788679245283019,0.22426470588235298,0.39282101902289823,0.12350397894604927,0.020202020202020204,0.5,0.0,1.0,0.0,0.35000000000000003,0.0,0.0,0.0,0.0,0.0,7.047066089554115e-06,0.0036354330375410375,0.0,0.05518480492813142,0.001749832821779063,0.001089127232760186,0.03312156029362849,1,0
2612,1.0,0.0,0.0,0.05791505791505792,0.0,0.6000000000000001,0.029411764705882346,0.0,0.0,0.0,0.0,0.0,0.0,0.0,0.0,0.0,0.014424697127727705,7.04372449541562e-05,0.0012948460585683493,9.89901386388269e-06,0.006507036999012376,0.003501957650918619,0.00016974620647676274,0.6556566870614318,0.49657262967214627,0.47396226415094334,0.23725490196078433,0.39862172339414326,0.12763957641456233,0.020202020202020204,0.29999999999999716,0.0,1.0,0.0,0.05,0.0021201474455531844,0.0,0.0,0.0,0.0,0.005190615909962347,0.0051494914741631636,0.0,0.0,0.003470271951766717,0.0025118030936289544,0.03312156029362849,0,2
9286,0.8000000000000114,1.0,0.0,0.05791505791505792,0.0,0.8,0.029411764705882346,0.0,0.0,0.0,0.0,0.0,0.0,0.0,0.0,0.0,0.009770786935533304,0.0,0.0008043294090493882,9.89901386388269e-06,0.0,0.0,0.0,0.6513154273201809,0.49073136840385295,0.3905660377358491,0.18075980392156865,0.3967328385673723,0.1013221379785701,0.030303030303030304,0.29999999999999716,0.0,1.0,0.0,0.75,0.0,0.0,0.0,0.0,3.762630657310446e-05,0.0,0.0036354330375410375,0.0,0.010266940451745381,0.022425033294943313,0.001122331091209882,0.03312156029362849,1,3
5178,0.0,0.0,0.0,0.10231660231660232,0.0,0.6000000000000001,0.0,0.0,0.0,0.0,0.0,0.0,0.0,0.0,0.0,0.0,0.009770786935533304,0.0,0.0008043294090493882,9.89901386388269e-06,0.0,0.0,0.0,0.6540184293973915,0.4939986793863791,0.20339622641509433,0.2450980392156863,0.39068840712170516,0.1342189360235604,0.020202020202020204,0.9499999999999957,1.0,1.0,0.0,0.45,4.385617696703321e-06,0.0,0.0,0.0,5.931934355743175e-06,0.0,0.0036354330375410375,0.0,0.0,0.0013131996350986773,0.0010953858539699468,0.03312156029362849,0,2
8173,0.4000000000000341,1.0,0.0,0.02316602316602317,0.14814814814814814,0.4,0.5,0.0,0.0,0.0,0.0,1.0,0.0,0.0,0.0,0.0,0.01020895197589257,7.987616313933748e-06,0.0008043294090493882,9.89901386388269e-06,0.0,0.003368746808403668,0.0,0.6539600476701033,0.4943426331928401,0.580754716981132,0.24497549019607845,0.39072496618286845,0.02813459489942979,0.020202020202020204,0.3999999999999986,1.0,1.0,0.0,0.2,0.0002761309817271066,0.0,0.0,0.0,0.0005399468902491505,0.0,0.0038152071253860554,0.0,0.0,0.0014993341011337422,0.0012697910334351584,0.03312156029362849,0,0
3221,0.0,0.0,0.0,0.03474903474903475,0.0,0.2,0.5294117647058824,0.0,0.0,0.0,0.0,1.0,0.0,0.0,0.0,0.0,0.009770786935533304,0.0007174341663827898,0.0008043294090493882,2.358354018695978e-05,0.07230438762274802,0.01662110656410346,0.0,0.65361195096971,0.4945903591677939,0.580754716981132,0.23504901960784316,0.3971898268319137,0.12268939156588761,0.030303030303030304,0.6000000000000014,0.0,1.0,0.0,0.25000000000000006,0.0,0.0,0.0,0.0,0.000374713563089307,0.0,0.004060831248832821,0.0,0.0,0.0040326661383135644,0.0014714345465122697,0.03312668441096084,0,1
10022,0.6000000000000227,0.0,0.0,0.10231660231660232,0.0,0.8,0.5588235294117647,0.0,0.0,0.0,0.0,0.0,0.0,0.0,0.0,0.0,0.009891182618956766,0.0,0.0008043294090493882,9.89901386388269e-06,0.0002910091546780535,0.0013178981606017507,0.0,0.6539840113133205,0.49385902601800374,0.580754716981132,0.2450980392156863,0.40278945636676056,0.1342189360235604,0.020202020202020204,0.14999999999999858,0.0,1.0,0.0,0.45,0.0,0.0,0.0,0.0,0.0,0.0,0.0036354510994086858,0.0,0.0,0.0022298274597966437,0.0011073476358881608,0.03312156029362849,1,2
3363,0.4000000000000341,0.0,0.0,0.15830115830115832,0.0,1.0,0.5588235294117647,0.0,0.0,0.0,0.0,0.0,0.0,0.0,0.0,0.0,0.00998056136443826,0.0,0.0008043294090493882,9.89901386388269e-06,0.0002848636197345418,6.548355826686295e-05,2.0139011812617848e-05,0.6541199233515675,0.49401495401571766,0.39622641509433965,0.18382352941176472,0.39691563387318884,0.0985650729995614,0.24242424242424243,0.0,0.0,0.0,1.0,0.55,0.0,0.0007619834192912587,0.0,0.0,0.0,0.0,0.003645369027994043,0.014131246511367103,0.0,3.67357192449633e-05,0.001091657487690557,0.03312156029362849,0,2
4631,0.20000000000004547,0.0,0.0,0.0,0.0,0.0,0.7941176470588235,0.3333333333333333,0.0,0.0,0.0,0.0,0.0,0.0,0.0,0.0,0.010248411661134611,1.1239405469059782e-06,0.0008043294090493882,9.89901386388269e-06,0.003081443521087861,0.0008965762819050563,4.6280580061825894e-05,0.6540605529682767,0.49405222193093823,0.580754716981132,0.24497549019607845,0.39467334478850585,0.07588194749044427,0.020202020202020204,0.14999999999999858,1.0,1.0,0.0,0.4,7.63070323698844e-05,0.0,0.0,0.0,1.3710750648102957e-05,0.0,0.0036354330375410375,0.0,0.0,0.0002266818998813508,0.0011344801911036843,0.03312463575611257,0,2
2582,0.6000000000000227,1.0,0.0,0.06756756756756757,0.2962962962962963,0.2,0.5,0.0,0.0,0.0,0.0,1.0,0.0,0.0,0.0,0.0,0.009770786935533304,0.0,0.0008734608488445671,9.89901386388269e-06,0.0007985580406010189,0.0011586767168970432,0.0,0.6541151709113189,0.4940128077955771,0.4081132075471698,0.2231617647058824,0.3970374974103999,0.12112287737326902,0.24242424242424243,0.6000000000000014,0.0,0.0,1.0,0.55,0.0,0.0009146324155400042,0.0,0.0,0.0,0.0,0.00363549939527218,0.008809717652345369,0.0,0.00034602182347310135,0.0010886739321815265,0.03312156029362849,0,0
9836,0.0,0.0,0.0,0.06756756756756757,0.0,0.8,0.5588235294117647,0.0,0.0,0.0,0.0,0.0,0.0,0.0,0.0,0.0,0.009770786935533304,0.0,0.0008043294090493882,9.89901386388269e-06,0.010941944215894811,0.0024818102381216523,0.0,0.6540151606037848,0.4938867844195684,0.5588679245283019,0.2450980392156863,0.4021253000889604,0.1326524218309418,0.04040404040404041,0.6499999999999986,0.0,1.0,0.0,0.35000000000000003,0.0,0.0,0.0008330119941428057,0.003465931815285085,0.0,0.0005567182210747751,0.0037565166570603446,0.0,0.0,0.0017707077151661729,0.0011582412705992875,0.03312156029362849,1,2
6182,0.0,0.0,0.0,0.15405405405405406,0.0,0.0,0.7941176470588235,0.3333333333333333,0.0,0.0,0.0,0.0,0.0,0.0,0.0,0.0,0.009907135047010376,0.0,0.0008043294090493882,9.89901386388269e-06,0.0029867299825466808,0.0006865801502548499,2.3205535209571536e-05,0.6541639530008654,0.4940486961364841,0.3920754716981132,0.19583333333333336,0.3967815839822567,0.09969296321824678,0.020202020202020204,0.10000000000000142,0.0,1.0,0.0,0.55,0.0003222003341881418,0.0,0.0,0.0,0.00022031110287979138,0.0,0.0036789161986055387,0.0,0.0,0.0003272958161699585,0.0011198507513897034,0.03312156029362849,0,2
7062,0.0,1.0,0.0,0.06756756756756757,0.2962962962962963,0.6000000000000001,0.5,0.0,0.0,0.0,0.0,1.0,0.0,0.0,0.0,0.0,0.00994009336534755,0.0,0.0008043294090493882,9.89901386388269e-06,0.0002960701834550631,0.0015455116962526866,1.6528778593509248e-06,0.6541018204107736,0.4939958286284279,0.580754716981132,0.2450980392156863,0.40287476084280827,0.1336549909142177,0.24242424242424243,0.3999999999999986,0.0,0.0,0.0,0.4,0.0,0.0010309063754925611,0.0,0.0,0.0,0.0,0.0036354330375410375,0.0053353540210792786,0.0,0.0004821435241015482,0.0010856417007656352,0.03312156029362849,0,0
10902,1.0,0.0,1.0,0.04247104247104247,0.0,0.6000000000000001,0.23529411764705882,0.0,0.0,0.0,0.0,0.0,0.0,0.0,0.0,0.0,0.009770786935533304,0.0,0.0008043294090493882,9.89901386388269e-06,0.0,0.000279634738030449,0.0,0.6539944929223352,0.49386995353530827,0.580566037735849,0.19693627450980394,0.4028686676659477,0.109405351212482,0.25252525252525254,0.5,0.0,1.0,0.0,0.55,0.0,0.0,0.0,0.0,0.0,0.0,0.0036354330375410375,0.0,0.0,0.001435251248272577,0.0010827177261527828,0.03312156029362849,1,4
47,0.6000000000000227,0.0,0.0,0.03474903474903475,0.0,0.6000000000000001,0.029411764705882346,0.0,0.0,0.0,0.0,0.0,0.0,0.0,0.0,0.0,0.009770786935533304,0.0,0.0008043294090493882,9.89901386388269e-06,0.010046503624419608,0.0053621726912786785,0.0,0.6538217309182949,0.4936529978125378,0.579811320754717,0.20514705882352943,0.4027224314212945,0.11166113164985275,0.25252525252525254,0.9499999999999957,0.0,1.0,1.0,0.05,0.00024346288210398527,0.0,0.0,0.0,0.0,0.0,0.0036737065277369168,0.0,0.0,0.0029644906807415297,0.0012016460526012827,0.03321828854917617,0,2
6831,0.6000000000000227,0.0,0.0,0.10231660231660232,0.0,0.6000000000000001,0.5588235294117647,0.0,0.0,0.0,0.0,0.0,0.0,0.0,0.0,0.0,0.009770786935533304,0.0,0.0008043294090493882,9.89901386388269e-06,0.0029202136043345542,0.0009394563784351341,0.0,0.6541302270422601,0.49402538272801577,0.3979245283018868,0.20465686274509806,0.39673893174423286,0.10163544081709382,0.020202020202020204,0.5499999999999972,0.0,1.0,0.0,0.55,0.0,0.0,0.0,0.0,0.0,7.430137374422186e-05,0.0036517056023441957,0.0,0.0,0.0003084418989808652,0.0010951615085988135,0.03312156029362849,0,2
3377,0.20000000000004547,0.0,1.0,0.05405405405405406,0.0,0.6000000000000001,0.23529411764705882,0.0,0.0,0.0,0.0,0.0,0.0,0.0,0.0,0.0,0.009770786935533304,0.0,0.0008043294090493882,9.89901386388269e-06,0.014387781808927365,0.002777067957058409,0.0,0.6540624759439602,0.49394760097736934,0.4239622641509434,0.1504901960784314,0.3978113308716899,0.08571965662008899,0.020202020202020204,0.7999999999999972,0.0,1.0,0.0,0.5,0.0,0.0,0.0001957774770210975,0.0006807923385590409,0.0,1.4202548580485986e-05,0.0037034842651000877,0.0,0.0,0.00048488079566088736,0.0012871476127048176,0.03312156029362849,0,4
3053,0.8000000000000114,1.0,0.0,0.03861003861003861,0.537037037037037,0.6000000000000001,0.5,0.0,0.0,0.0,0.0,1.0,0.0,0.0,0.0,0.0,0.009770786935533304,0.0,0.0008043294090493882,9.89901386388269e-06,0.00318085658635055,0.03759362881542487,0.0,0.6540844089328073,0.49397552163612674,0.3920754716981132,0.2450980392156863,0.3967815839822567,0.1342189360235604,0.020202020202020204,0.44999999999999574,0.0,1.0,0.0,0.35000000000000003,0.0,0.0,3.024368852025193e-06,1.3185132444655407e-05,0.0,0.0,0.0036433095824328493,0.0,0.011036960985626284,0.0006879249486185988,0.0010835390701208949,0.03312156029362849,0,0
1247,0.4000000000000341,1.0,0.0,0.03474903474903475,0.1111111111111111,0.6000000000000001,0.5,0.0,0.0,0.0,0.0,1.0,0.0,0.0,0.0,0.0,0.009770786935533304,0.0,0.0008043294090493882,9.89901386388269e-06,0.0,0.0009830012826633526,0.0,0.6540741251212568,0.49399482441943826,0.20339622641509433,0.2450980392156863,0.39068840712170516,0.08239864653173759,0.020202020202020204,0.7999999999999972,1.0,1.0,0.0,0.10000000000000002,4.806528373476704e-06,0.0,0.0,0.0,9.390925101440382e-07,0.0,0.0036354330375410375,0.0,0.0006160164271047228,0.00010350467971108739,0.0010896550342431345,0.03312156029362849,0,0
10161,0.6000000000000227,0.0,0.0,0.02316602316602317,0.0,0.6000000000000001,0.5588235294117647,0.0,0.0,0.0,0.0,0.0,0.0,0.0,0.0,0.0,0.009770786935533304,0.0,0.0008043294090493882,9.89901386388269e-06,0.00010845061665020627,0.001549334340516996,0.0,0.6539544987388928,0.49382331817851927,0.580754716981132,0.16838235294117648,0.40287476084280827,0.09499342064039101,0.25252525252525254,0.14999999999999858,0.0,0.0,1.0,0.75,0.0,0.0,0.0,0.0,0.0,0.0,0.0036354330375410375,0.0002412065983559488,0.0004785420944558522,0.0015706054895853214,0.0010826319732822436,0.03312156029362849,1,2
10136,0.6000000000000227,1.0,1.0,0.15830115830115832,0.0,0.6000000000000001,0.2647058823529412,0.0,0.0,0.0,0.0,0.0,0.0,0.0,0.0,0.0,0.009770786935533304,0.0,0.0008043294090493882,9.89901386388269e-06,0.006365689695311608,0.0014634079455323053,0.0005638923307532997,0.6540988103773339,0.4940108347015322,0.580754716981132,0.2450980392156863,0.39918229566531405,0.09806378845792345,0.020202020202020204,0.0,0.0,1.0,0.0,0.4,0.00029250576482996795,0.0,0.0,0.0,0.0,0.0,0.0036625297655063374,0.0,0.0,0.0007321050232258771,0.0012251363909530216,0.03312156029362849,1,4
5854,0.0,0.0,0.0,0.33976833976833976,0.0,0.6000000000000001,0.5294117647058824,0.0,0.0,0.0,0.0,1.0,0.0,0.0,0.0,0.0,0.009859112218784842,0.0,0.0008043294090493882,9.89901386388269e-06,0.0,0.0,0.0,0.6540060330956692,0.49388288830606675,0.20339622641509433,0.2450980392156863,0.39068840712170516,0.13334168807569396,0.030303030303030304,0.6499999999999986,0.0,1.0,0.0,0.8,0.0,0.0,0.0,0.0,0.0,3.613880045925187e-08,0.0036354330375410375,0.0,0.0,0.00150465515238928,0.0010825576210823542,0.03312156029362849,0,1
2851,0.6000000000000227,0.0,0.0,0.0694980694980695,0.0,0.6000000000000001,0.5294117647058824,0.0,0.0,0.0,0.0,1.0,0.0,0.0,0.0,0.0,0.009770786935533304,0.0,0.0008043294090493882,9.89901386388269e-06,0.0,0.000490129475454261,6.052577740228452e-05,0.6537195567661385,0.4940385302187303,0.579622641509434,0.24436274509803926,0.40004752677951233,0.13384297261733194,0.020202020202020204,0.5,0.0,1.0,0.0,0.45,0.0002353026460800884,0.0,0.00034548373519634456,0.0015061816295944693,0.00012241070869727539,0.0,0.0036565520726133697,0.0,0.0014117043121149898,0.004725016768986049,0.0013973951215436916,0.03312156029362849,0,1
6935,0.6000000000000227,0.0,1.0,0.08687258687258688,0.0,0.2,0.23529411764705882,0.0,0.0,0.0,0.0,0.0,0.0,0.0,0.0,0.0,0.009770786935533304,7.607877177697554e-05,0.0014603061479495465,9.89901386388269e-06,0.07525388289357814,0.017299127315244748,0.0,0.635997091819333,0.5040307842544356,0.580754716981132,0.2422794117647059,0.3925711987716156,0.04956450905445205,0.030303030303030304,0.6000000000000014,1.0,1.0,0.0,0.8,0.20541476331028352,0.0,0.0,0.0,0.029420437961756682,0.0,0.032118592319414434,0.0,0.051334702258726904,0.04426554399307036,0.019655917631039247,0.03316584695339924,0,4
10342,0.6000000000000227,0.0,1.0,0.10231660231660232,0.0,0.6000000000000001,0.5882352941176471,0.0,0.0,0.0,0.0,0.0,0.0,0.0,0.0,0.0,0.009770786935533304,0.0,0.0008043294090493882,9.89901386388269e-06,0.0,2.4099279057601846e-05,0.0,0.6531912473592291,0.494008215684117,0.580754716981132,0.2450980392156863,0.39080417748205565,0.1342189360235604,0.020202020202020204,0.0,0.0,1.0,0.0,0.8,0.001296839372902562,0.0,0.0,0.0,0.0010150181395891837,0.0,0.0036354330375410375,0.0,0.008470225872689939,0.004640570662281575,0.0012219303240937887,0.03312156029362849,1,4
11707,0.8000000000000114,0.0,1.0,0.20463320463320464,0.0,0.6000000000000001,0.23529411764705882,0.0,0.0,0.0,0.0,0.0,0.0,0.0,0.0,0.0,0.009770786935533304,0.0,0.0008043294090493882,9.89901386388269e-06,0.0,0.0,0.0,0.6531731599904298,0.49290382879314765,0.580754716981132,0.2450980392156863,0.40287476084280827,0.13415627545585562,0.04040404040404041,0.6000000000000014,0.0,1.0,0.0,0.6,0.0,0.0,0.0003267326483137884,0.004233306523564029,5.914717659723867e-05,0.0,0.0036881195054709014,0.0,0.0,0.014361568502651061,0.002339093441730022,0.03312156029362849,1,4
11627,0.6000000000000227,1.0,1.0,0.20463320463320464,0.0,1.0,0.23529411764705882,0.0,0.0,0.0,0.0,0.0,0.0,0.0,0.0,0.0,0.010180839583813191,0.0,0.0008425053090310254,9.89901386388269e-06,0.0,0.0035774964256198604,0.0,0.654101258825008,0.4938491252238448,0.570754716981132,0.24497549019607845,0.4025457292923385,0.12770223698226707,0.030303030303030304,0.6000000000000014,0.0,1.0,0.0,0.85,0.0,0.0,0.000987153993301023,0.0,0.0,0.0004092719152010275,0.003907949318669522,0.0,0.0,0.0020446906908719925,0.0014940740974247406,0.03312156029362849,1,4
12330,0.4000000000000341,0.0,0.0,0.02316602316602317,0.0,0.6000000000000001,0.5588235294117647,0.0,0.0,0.0,0.0,0.0,0.0,0.0,0.0,0.0,0.009770786935533304,0.0,0.0008043294090493882,9.89901386388269e-06,0.002315059163426403,0.003209608465661228,0.0,0.6540927820274786,0.4939853005433036,0.20339622641509433,0.2450980392156863,0.39068840712170516,0.13390563318503665,0.04040404040404041,0.9499999999999957,0.0,1.0,0.0,0.85,0.0,0.0,0.0,0.0,0.0,0.0,0.0036354330375410375,0.0,0.0,0.0009892550579406203,0.0010825576210823542,0.03312156029362849,1,2
7229,0.4000000000000341,0.0,0.0,0.03474903474903475,0.0,0.6000000000000001,0.0,0.0,0.0,0.0,0.0,0.0,0.0,0.0,0.0,0.0,0.010153374318532214,2.9713496206067756e-05,0.0009394421531020453,9.89901386388269e-06,0.04420121782812457,0.019330613438838316,0.0004328800120068527,0.65351117995367,0.4941830284005573,0.580754716981132,0.24485294117647063,0.3972385722467981,0.13196315558618962,0.030303030303030304,0.3999999999999986,0.0,1.0,0.0,0.10000000000000002,0.0006428120700155582,0.0,0.0,0.0,0.0,4.336656055110225e-07,0.004051477557286822,0.0,0.0,0.010834427815590783,0.0013611715724158187,0.03316124368051985,0,2
7540,0.6000000000000227,1.0,0.0,0.03861003861003861,0.537037037037037,0.6000000000000001,0.5,0.0,0.0,0.0,0.0,1.0,0.0,0.0,0.0,0.0,0.009770786935533304,0.0,0.0008072924078224728,9.89901386388269e-06,0.00022160076002192148,0.0004047016862431758,6.618035955269558e-05,0.6540964560242659,0.49396243081897717,0.580754716981132,0.2450980392156863,0.3957640234465446,0.059903502725734706,0.020202020202020204,0.7999999999999972,0.0,1.0,0.0,0.5,0.0,0.0,2.681607048795671e-05,0.00011690817434261128,0.0,0.0002538027956253259,0.0036389975078564844,0.0,0.0,0.0002949090330473098,0.0011697212998303514,0.03316678943383791,0,0
11796,0.6000000000000227,0.0,1.0,0.03474903474903475,0.0,0.6000000000000001,0.23529411764705882,0.0,0.18239999999999998,0.0,0.0,0.0,0.0,0.0,0.0,0.0,0.009770786935533304,0.0,0.0008043294090493882,9.89901386388269e-06,0.0010129287595129265,0.0025524460560491058,0.0,0.6532475725892624,0.4929946411938028,0.5311320754716982,0.2450980392156863,0.4012722553284832,0.13415627545585562,0.020202020202020204,0.75,0.0,1.0,0.0,0.55,0.0,0.0,0.0,0.0,0.0,3.411502763353377e-05,0.0036383692689817638,0.0,0.012833675564681726,0.0011880781846619675,0.001086690017215943,0.03312156029362849,1,4
5135,0.0,0.0,1.0,0.08687258687258688,0.0,0.4,0.2941176470588235,0.0,0.0,0.0,0.0,0.0,0.0,0.0,0.0,0.0,0.009770786935533304,0.006865967296298161,0.0008205011444582762,9.89901386388269e-06,0.0,0.0,0.0,0.6461630568332343,0.49560350394826985,0.580566037735849,0.24436274509803926,0.39260166465591834,0.1316498527476659,0.020202020202020204,0.14999999999999858,0.0,0.0,0.0,0.2,0.0,0.0,5.040614753375321e-07,0.0,0.0,2.529716032147631e-07,0.004941768609379006,0.0,0.0,0.0,0.00281791893233886,0.03312253253660733,0,4
5544,0.0,0.0,0.0,0.16351351351351354,0.0,0.0,0.7941176470588235,0.3333333333333333,0.0,0.0,0.0,0.0,0.0,0.0,0.0,0.0,0.009770786935533304,0.0,0.0008043294090493882,9.89901386388269e-06,0.0,0.00023575742995316014,0.0,0.6540882767512305,0.4940169410840663,0.4664150943396226,0.23933823529411768,0.39628803665655205,0.12494517200325836,0.020202020202020204,0.44999999999999574,0.0,1.0,0.0,0.6,0.00033746174066211866,0.0,0.0,0.0,0.00017377906900215427,0.0,0.003636294902747295,0.0,0.0,0.0006038625715719767,0.00109988297242806,0.03312156029362849,0,2
9876,0.4000000000000341,1.0,0.0,0.06756756756756757,0.0,0.6000000000000001,0.5588235294117647,0.0,0.0,0.0,0.0,0.0,0.0,0.0,0.0,0.0,0.009770786935533304,0.0,0.011177039566560064,9.89901386388269e-06,0.0,0.0,0.0,0.6540517574418349,0.4941954585436828,0.580754716981132,0.2450980392156863,0.3938812317966342,0.1342189360235604,0.04040404040404041,0.7999999999999972,0.0,1.0,0.0,0.6,0.0,0.0,0.0,0.0,0.0,0.0,0.0036354330375410375,0.0,0.0,0.0007985414179885301,0.0011295867754201603,0.03312156029362849,1,3
8213,0.6000000000000227,1.0,0.0,0.08687258687258688,0.8888888888888888,0.2,0.5,0.0,0.0,0.0,0.0,1.0,0.0,0.0,0.0,0.0,0.009770786935533304,0.0,0.001015731574143781,9.89901386388269e-06,0.0,8.06079333995648e-06,0.0034468592917474917,0.6546182122719674,0.4945930053574662,0.4022641509433962,0.1321078431372549,0.3971106155327265,0.07644589259978696,0.030303030303030304,1.0,0.0,1.0,0.0,0.45,0.0027609160621218263,0.0,0.0,0.0,0.0012153735266284143,0.0,0.004218511746051096,0.0,0.0,0.004606751288436281,0.005433219148146859,0.03312156029362849,0,0
9025,0.8000000000000114,0.0,1.0,0.03861003861003861,0.0,0.6000000000000001,0.23529411764705882,0.0,0.0,0.0,0.0,0.0,0.0,0.0,0.0,0.0,0.009770786935533304,0.0,0.0008043294090493882,9.89901386388269e-06,0.029466032543861043,0.006773559434431471,0.0,0.653882976898647,0.49377608076214663,0.5162264150943395,0.21727941176470592,0.3993955568554333,0.11930572090983146,0.020202020202020204,0.3999999999999986,0.0,1.0,0.0,0.8,0.0,0.0,0.0,0.0,0.0,0.0006456919478054533,0.003697191667471166,0.0,0.0,0.0032078264477736263,0.0011247131374218068,0.03312156029362849,1,4
5323,0.6000000000000227,1.0,1.0,0.015444015444015444,0.0,0.6000000000000001,0.2647058823529412,0.0,0.0,0.0,0.0,0.0,0.0,0.0,0.0,0.0,0.009770786935533304,0.0,0.0008043294090493882,9.89901386388269e-06,0.0019759702353667583,0.0004387730807728888,0.0,0.6541407798848675,0.49400367869352146,0.3920754716981132,0.1959558823529412,0.3967815839822567,0.08051882950059529,0.25252525252525254,0.6000000000000014,0.0,1.0,1.0,0.55,0.0,0.0,0.0,0.0,0.0,0.0,0.0036784096810127953,0.0,0.0,0.0001280889597907599,0.001102015542225289,0.03312156029362849,0,4
6039,0.4000000000000341,0.0,1.0,0.03474903474903475,0.0,0.8,0.32352941176470584,0.0,0.0,0.0,0.0,0.0,0.0,0.0,0.0,0.0,0.009918196400424906,0.0,0.00168798921156552,9.949622319219513e-06,0.0001399012954787661,0.0004913759898882749,0.00031524295488541653,0.6540803443108768,0.4940690924090588,0.580754716981132,0.2450980392156863,0.39268087595510554,0.03571652359170374,0.24242424242424243,0.14999999999999858,0.0,1.0,1.0,0.4,0.00012361875021558942,0.0,0.0,0.0,0.0,0.0,0.0036354330375410375,0.0,0.0,0.0008478123060566354,0.0011925619486594563,0.03312165950209572,0,4
4860,0.6000000000000227,0.0,1.0,0.015444015444015444,0.0,0.6000000000000001,0.23529411764705882,0.0,0.0,0.0,0.0,0.0,0.0,0.0,0.0,0.0,0.009770786935533304,0.0,0.0008043294090493882,9.89901386388269e-06,5.82018309356107e-05,0.0010725841199878173,0.0,0.6540929218441116,0.4939854740575743,0.580754716981132,0.2450980392156863,0.40287476084280827,0.13409361488815089,0.25252525252525254,0.9499999999999957,0.0,0.0,1.0,0.4,0.0,0.04130206650155624,0.0,0.0,0.0,0.0,0.0036354330375410375,0.019785737792903244,0.0,0.0004930414463845248,0.001084343808764365,0.03312156029362849,0,4
6138,0.4000000000000341,0.0,0.0,0.015444015444015444,0.0,1.0,0.5588235294117647,0.0,0.0,0.0,0.0,0.0,0.0,0.0,0.0,0.0,0.009770786935533304,0.0,0.0008043294090493882,9.89901386388269e-06,0.0,0.0,0.0,0.6541027494293499,0.4939970094570891,0.20339622641509433,0.24522058823529416,0.39068840712170516,0.13428159659126512,0.020202020202020204,0.7999999999999972,0.0,1.0,0.0,0.35000000000000003,0.0,0.0,0.0,0.0,0.0,0.0,0.0036354330375410375,0.0,0.0,1.1102578100497263e-05,0.0010825576210823542,0.03312156029362849,0,2
12443,0.4000000000000341,0.0,0.0,0.0637065637065637,0.0,0.6000000000000001,0.0,0.0,0.0,0.0,0.0,0.0,0.0,0.0,0.0,0.0,0.009770786935533304,0.0,0.0008043294090493882,9.89901386388269e-06,0.0011076422980541066,0.0210433242711734,8.612363582933766e-06,0.653948160605739,0.4938158923888125,0.5409433962264151,0.24485294117647063,0.4015891005252319,0.13409361488815089,0.04040404040404041,0.9499999999999957,0.0,1.0,0.0,0.8,0.0002992674911858758,0.0,1.4113721309450902e-06,0.0,0.0,4.951015662917507e-06,0.003657918492165887,0.0,0.0,0.008874413469217975,0.0010858874595703364,0.03312156029362849,1,2
6720,0.8000000000000114,1.0,0.0,0.06756756756756757,0.0,0.6000000000000001,0.1764705882352941,0.0,0.0,0.0,0.0,0.0,0.0,0.0,0.0,0.0,0.009770786935533304,0.0,0.0008043294090493882,9.89901386388269e-06,0.005406624742068283,0.0013434932569801692,0.0,0.6541107179834785,0.494006284124808,0.3920754716981132,0.19926470588235298,0.3967815839822567,0.11053324143116737,0.24242424242424243,0.5,0.0,0.0,0.0,0.55,0.0,0.00039234576721785007,0.0,0.0,0.0,0.0,0.003650111838848888,0.009060424222394493,0.0,6.444100054182628e-05,0.0010867945068408545,0.03312156029362849,0,3
9301,0.6000000000000227,0.0,0.0,0.015444015444015444,0.0,0.6000000000000001,0.029411764705882346,0.0,0.0,0.0,0.0,0.0,0.0,0.0,0.0,0.0,0.009770786935533304,0.0,0.0008043294090493882,9.89901386388269e-06,0.0,0.0,0.0,0.653196252264583,0.4929349526728492,0.20339622641509433,0.2450980392156863,0.39068840712170516,0.1342189360235604,0.020202020202020204,0.29999999999999716,0.0,1.0,0.0,0.75,0.0,0.0,0.0,0.0,0.0,0.0,0.0036354330375410375,0.0,0.013256057494866531,0.0007977227947184474,0.0010825576210823542,0.03312156029362849,1,2
3433,0.0,1.0,0.0,0.015444015444015444,0.35185185185185186,0.6000000000000001,0.5,0.0,0.0,0.0,0.0,1.0,0.0,0.0,0.0,0.0,0.009770786935533304,0.0,0.0008043294090493882,9.89901386388269e-06,0.0,0.0013828000121327406,0.0,0.6541107650307816,0.4940061948445345,0.3920754716981132,0.22022058823529414,0.3967815839822567,0.12012030828999312,0.24242424242424243,0.3500000000000014,0.0,0.0,0.0,0.55,0.0,0.0007443215519566931,0.0,0.0,0.0,0.0,0.0036354330375410375,0.004714071319454158,0.0,0.00045471964455377615,0.0010860400302845096,0.03312163469997891,0,0
9326,1.0,1.0,0.0,0.03861003861003861,0.537037037037037,0.4,0.5,0.0,0.0,0.0,0.0,1.0,0.0,0.0,0.0,0.0,0.013179008139726413,0.0,0.0008043294090493882,1.4008420437232764e-05,0.06932054965664534,0.01832908064158929,0.0,0.650734665471447,0.48996555676512726,0.580754716981132,0.2450980392156863,0.4040568371537553,0.1335296697788082,0.020202020202020204,0.29999999999999716,0.0,1.0,0.0,0.15000000000000002,0.00014245789744214007,0.0,8.569045080738047e-06,0.0,0.0,3.5777412454659355e-06,0.0038401670558787116,0.0,0.0,0.0527132500827577,0.0011886976665586688,0.034315256413013896,1,0
5112,0.8000000000000114,0.0,0.0,0.10231660231660232,0.0,0.0,0.4411764705882353,0.0,0.0,0.0,0.0,0.0,0.0,0.0,0.0,0.0,0.009770786935533304,0.0,0.0008043294090493882,1.7085414521711637e-05,0.0,8.916733251312684e-05,2.264007699453043e-05,0.6540699594470205,0.4939729363899455,0.580754716981132,0.2450980392156863,0.400894478363129,0.1335296697788082,0.24242424242424243,0.7999999999999972,0.0,0.0,0.0,0.2,0.0,0.002155168335467826,0.0,0.0,0.0,0.0,0.0036600682470653225,0.019153873821993857,0.00038501026694045176,0.0001872344910542384,0.0010962882914040716,0.03312156029362849,0,2
9883,0.6000000000000227,0.0,1.0,0.20463320463320464,0.0,0.6000000000000001,0.23529411764705882,0.0,0.0,0.0,0.0,0.0,0.0,0.0,0.0,0.0,0.009770786935533304,0.0,0.0008106608695855584,0.0022671170954147524,0.012524961716932322,0.003786162941873785,0.0,0.6539849443077251,0.4941321879428852,0.580754716981132,0.2450980392156863,0.4022410704493109,0.1322137978570086,0.020202020202020204,0.7999999999999972,0.0,1.0,0.0,0.45,0.0004885550958599966,0.0,0.0,0.0,0.0001808379143700703,0.0,0.00367521862017851,0.0,0.0,0.0021093363472313395,0.0022312977710347024,0.03312156029362849,1,4
9118,0.0,0.0,0.0,0.06756756756756757,0.0,0.6000000000000001,0.5588235294117647,0.0,0.0,0.0,0.0,0.0,0.0,0.0,0.0,0.0,0.009770786935533304,0.0,0.0008043294090493882,9.89901386388269e-06,0.00029643168551056384,6.556665922913054e-05,0.0,0.6540718598930095,0.49396081911595247,0.580754716981132,0.2450980392156863,0.40287476084280827,0.1342189360235604,0.020202020202020204,0.8999999999999986,0.0,1.0,0.0,0.5,0.0001328176851676529,0.0,0.0,0.0,0.0,1.0841640137775562e-07,0.003637367620625881,0.0,0.0,0.00048708084569923474,0.0011068774325760599,0.03312156029362849,1,2
2534,0.6000000000000227,1.0,0.0,0.10231660231660232,0.4444444444444444,0.6000000000000001,0.5,0.0,0.0,0.0,0.0,1.0,0.0,0.0,0.0,0.0,0.009770786935533304,0.0,0.0008043294090493882,1.3583309412403444e-05,0.0,0.0,1.363624233964513e-05,0.654123459519636,0.49401945645872913,0.4409433962264151,0.24436274509803926,0.3984937666800717,0.13334168807569396,0.24242424242424243,0.3999999999999986,0.0,1.0,1.0,0.2,0.00010235597215665011,0.0,0.0,0.0,0.0,0.0,0.0036458692631980397,0.0,0.0,0.00014192880945059635,0.0010954530187905136,0.033143455602345794,0,0
4678,0.6000000000000227,1.0,0.0,0.15830115830115832,0.4444444444444444,0.6000000000000001,0.5,0.0,0.0,0.0,0.0,1.0,0.0,0.0,0.0,0.0,0.009770786935533304,0.0,0.0008043294090493882,9.89901386388269e-06,0.0,0.0003050636324843323,0.0,0.6541018667954386,0.49399597535861656,0.580754716981132,0.2450980392156863,0.40287476084280827,0.1342189360235604,0.24242424242424243,0.0,0.0,0.0,1.0,0.5,0.0,0.015243873592333403,0.0,0.0,0.0,0.0,0.0036354330375410375,0.019780640247116663,0.0,0.00011864921020761822,0.0010925517959508274,0.03312156029362849,0,0
3508,0.0,0.0,1.0,0.05405405405405406,0.0,0.6000000000000001,0.23529411764705882,0.0,0.0,0.0,0.0,0.0,0.0,0.0,0.0,0.0,0.009770786935533304,0.0,0.0008043294090493882,9.89901386388269e-06,0.008247669396248186,0.0028811103618174346,0.0,0.6541742593421103,0.4940807908421165,0.3933962264150943,0.19289215686274513,0.39682423622028057,0.1075255341813397,0.24242424242424243,0.9499999999999957,0.0,1.0,0.0,0.35000000000000003,1.3808585750920364e-05,0.0,0.0,0.0,0.0,0.0,0.0036354330375410375,0.0,0.0,0.00040260915701757126,0.0011186679070257289,0.03312156029362849,0,4
4970,0.20000000000004547,1.0,0.0,0.06756756756756757,0.2962962962962963,0.6000000000000001,0.5,0.0,0.0,0.0,0.0,1.0,0.0,0.0,0.0,0.0,0.009770786935533304,0.0,0.0008043294090493882,9.89901386388269e-06,5.1694793936598326e-05,7.528947181443887e-05,0.0,0.6541057014819583,0.4940003749352259,0.3920754716981132,0.16666666666666669,0.3967815839822567,0.0938028698540009,0.25252525252525254,0.5499999999999972,0.0,0.0,0.0,0.55,0.0,0.0013219066658620704,0.0,0.0,0.0,0.0,0.0036387956861179804,0.0064197410338610655,0.0,2.9137872019507793e-05,0.0010861287572430443,0.03312156029362849,0,0
2037,0.6000000000000227,1.0,0.0,0.15830115830115832,0.4444444444444444,0.6000000000000001,0.5,0.0,0.0,0.0,0.0,1.0,0.0,0.0,0.0,0.0,0.009770786935533304,2.0001776917268526e-05,0.0008043294090493882,9.89901386388269e-06,0.010845061665020627,0.0030333513246916643,0.0,0.6540848837129855,0.49406270615227593,0.5788679245283018,0.2450980392156863,0.3977869581642477,0.12481985086784889,0.020202020202020204,0.6499999999999986,1.0,1.0,0.0,0.2,0.00029632111644846214,0.0,0.0,0.0,0.0,8.788956271690055e-05,0.003659596675259985,0.0,0.0,0.00041383964500401894,0.001116904818093817,0.03312532525495981,0,0
4480,0.6000000000000227,1.0,0.0,0.10231660231660232,0.4444444444444444,0.6000000000000001,0.5,0.0,0.0,0.0,0.0,1.0,0.0,0.0,0.0,0.0,0.009814610964299444,0.0,0.0008043294090493882,9.89901386388269e-06,0.0010606470308390174,0.0002438182232931166,0.0005029750822790637,0.6541354029082365,0.49403456384553507,0.580754716981132,0.2450980392156863,0.40287476084280827,0.13340434864339873,0.24242424242424243,0.5499999999999972,0.0,1.0,0.0,0.4,2.551940699985725e-05,0.0,0.0,0.0,0.0,0.0,0.00365892014052177,0.0,0.0,9.84138662502603e-05,0.0011050145629918965,0.03312156029362849,0,0
9338,0.8000000000000114,1.0,0.0,0.08687258687258688,0.8888888888888888,0.6000000000000001,0.5,0.0,0.0,0.0,0.0,1.0,0.0,0.0,0.0,1.0,0.009775301773661683,0.0,0.0020073069109217308,0.00014655196496437365,0.0,0.0,0.2106839676002012,0.6631591737085342,0.5038203894672441,0.580754716981132,0.2450980392156863,0.4028442949585055,0.12883012720095247,0.020202020202020204,0.29999999999999716,0.0,1.0,0.0,0.5,0.06121481162132478,0.0,0.0,0.0,0.07487588053422281,0.0,0.004346628499772902,0.0,0.0,0.008505828341863218,0.0056969186430001,0.033504207351728384,1,0
10039,0.6000000000000227,0.0,0.0,0.10231660231660232,0.0,0.6000000000000001,0.029411764705882346,0.0,0.0,0.0,0.0,0.0,0.0,0.0,0.0,0.0,0.009770786935533304,0.0,0.0008043294090493882,9.89901386388269e-06,0.013106618524232928,0.012973556027292018,0.0,0.6539409719766205,0.4937987497999452,0.5792452830188679,0.24448529411764708,0.40282601542792384,0.12914343003947618,0.020202020202020204,0.14999999999999858,0.0,1.0,0.0,0.25000000000000006,0.0,0.0,9.073106556075579e-07,3.955539733396622e-06,0.0,0.0,0.0036665073028819134,0.0,0.0,0.0055702197133692954,0.0010869620966994053,0.03312156029362849,1,2
12408,0.0,0.0,0.0,0.02316602316602317,0.0,0.4,0.029411764705882346,0.0,0.0,0.0,0.0,0.0,0.0,0.0,0.0,0.0,0.009770786935533304,0.0,0.0008043294090493882,9.89901386388269e-06,0.0,0.0,0.0,0.654075173414686,0.49396470125515046,0.28981132075471694,0.2410539215686275,0.39347908212383775,0.13215113728930386,0.24242424242424243,0.9499999999999957,0.0,0.0,0.0,0.05,0.0,0.0,0.0,0.0,0.0,0.0,0.0036354330375410375,0.0006850792594996049,0.00042420431211498974,2.0926057341490232e-05,0.0010827465252382068,0.03312156029362849,1,2
7847,0.6000000000000227,0.0,0.0,0.19305019305019305,0.0,0.4,0.5294117647058824,0.0,0.0,0.0,0.0,1.0,0.0,0.0,0.0,0.0,0.009770786935533304,0.0,0.0008043294090493882,9.89901386388269e-06,0.01970945356795299,0.00661550140419851,0.0,0.6533156652774882,0.49307604733537935,0.580754716981132,0.2450980392156863,0.3999378495960224,0.13083526536750426,0.020202020202020204,0.9499999999999957,0.0,1.0,0.0,0.2,0.0,0.0,0.0,0.0,0.0,7.81682253933618e-05,0.003687460639951038,0.0,0.008213552361396304,0.004619388785168184,0.0011003207086128757,0.03312156029362849,0,1
1450,0.4000000000000341,1.0,0.0,0.06756756756756757,0.0,0.6000000000000001,0.5588235294117647,0.0,0.0,0.0,0.0,0.0,0.0,0.0,0.0,0.0,0.009770786935533304,0.0,0.0008079317917682436,9.89901386388269e-06,0.00026245049229349916,0.00045730459535856194,5.197865899800935e-06,0.6541097700797173,0.4940033405930074,0.3920754716981132,0.19460784313725493,0.3967572112748145,0.0975625039162855,0.24242424242424243,0.6499999999999986,0.0,0.0,1.0,0.55,0.0,0.005812226175349962,0.0,0.0,0.0,0.0,0.0036354330375410375,0.005920181546776123,0.0,0.00014261952283472866,0.0010858891448868673,0.03312156029362849,0,3
21,0.4000000000000341,0.0,0.0,0.10231660231660232,0.0,0.6000000000000001,0.0,0.0,0.0,0.0,0.0,0.0,0.0,0.0,0.0,0.0,0.009770786935533304,0.0,0.0008087271230178612,0.0019289007883987607,0.0014413086952812413,0.0005694077934575443,0.0,0.6540989856451038,0.49397438661212767,0.580754716981132,0.2450980392156863,0.39407621345617183,0.04229588320070181,0.020202020202020204,0.7999999999999972,0.0,1.0,0.0,0.5,0.0,0.0,6.9560483596579444e-06,0.0,0.0,2.9778371578423543e-05,0.003642065276811605,0.0,0.0,0.00015881291439605303,0.0010963143146740329,0.03312156029362849,0,2
8889,0.4000000000000341,1.0,1.0,0.31660231660231664,0.0,0.6000000000000001,0.2647058823529412,0.0,0.0,0.0,0.0,0.0,0.0,0.0,0.0,0.0,0.009792698949916374,0.0012255098538050157,0.0012097923990504371,9.89901386388269e-06,0.0,0.006447720561380241,0.0,0.6540040084050418,0.49641853114368945,0.580754716981132,0.2450980392156863,0.39139521563752916,0.11178645278526227,0.020202020202020204,0.0,0.0,1.0,0.0,0.45,3.6048962801075283e-06,0.0,9.688061555987368e-05,0.0,0.0,8.933511473527063e-05,0.003687386036584665,0.0,0.0,0.003520617282876806,0.0014401478843207895,0.03325053130102539,0,4
4367,0.8000000000000114,1.0,0.0,0.10424710424710425,0.2962962962962963,0.6000000000000001,0.5,0.0,0.0,0.0,0.0,1.0,0.0,0.0,0.0,0.0,0.009770786935533304,0.0,0.0008043294090493882,9.89901386388269e-06,0.0,4.113497632245833e-05,8.366606743319748e-05,0.6541029939427982,0.493996887958282,0.580754716981132,0.2439950980392157,0.40287476084280827,0.13233911899241807,0.24242424242424243,0.6999999999999957,0.0,1.0,0.0,0.85,0.0,0.0,0.0,0.0,0.0,0.0,0.0036354330375410375,0.0,0.0,0.00011529797119571696,0.0010882916627378283,0.03312156029362849,0,0
4009,0.6000000000000227,0.0,0.0,0.06756756756756757,0.0,0.6000000000000001,0.5294117647058824,0.0,0.0,0.0,0.0,1.0,0.0,0.0,0.0,0.0,0.009770786935533304,0.0,0.0008043294090493882,9.89901386388269e-06,0.003394142799095956,0.002493527473801383,0.0,0.6541257128203981,0.49402498135496,0.40547169811320755,0.21764705882352947,0.3972141995393559,0.12319067610752554,0.24242424242424243,0.29999999999999716,0.0,0.0,0.0,0.55,0.0,0.0013793077346994087,0.0,0.0,0.0,0.0,0.0036452975658220438,0.011711534209127744,0.0,0.0005311585923977527,0.0010919544999450487,0.03312156029362849,0,1
3316,0.6000000000000227,1.0,0.0,0.03474903474903475,0.2222222222222222,0.6000000000000001,0.5,0.0,0.0,0.0,0.0,1.0,0.0,0.0,0.0,0.0,0.010260300734872678,1.6357154172932636e-05,0.0008043294090493882,3.765269077059673e-05,0.00755503145790887,0.0017367270104304171,3.027376289758536e-05,0.6540767412163631,0.49411154052101935,0.580754716981132,0.24485294117647063,0.39327191411057905,0.07901497587568145,0.24242424242424243,0.10000000000000142,1.0,1.0,1.0,0.2,0.000338880616975758,0.0,0.0,0.0,0.0,0.0,0.0036354330375410375,0.0,0.0,0.0002342541651296162,0.0011188725242798246,0.03312156029362849,0,0
7425,0.6000000000000227,1.0,0.0,0.03474903474903475,0.0,0.6000000000000001,0.38235294117647056,0.0,0.0,0.0,0.0,0.0,0.0,0.0,0.0,0.0,0.009770786935533304,0.0,0.0008043294090493882,9.89901386388269e-06,0.005673774761083291,0.0013042696027898654,0.0,0.6540257184161778,0.49405878713644324,0.580754716981132,0.2442401960784314,0.3907919911283345,0.02130459301961276,0.020202020202020204,0.44999999999999574,1.0,1.0,0.0,0.45,8.703346574572224e-06,0.0,0.00010544966064061173,0.00045972161790365187,4.1695707450395296e-05,0.0,0.0036777076240702947,0.0,0.0,0.0002494754415577173,0.001218781211019671,0.03312156029362849,0,3
1734,0.4000000000000341,1.0,0.0,0.06756756756756757,0.0,0.6000000000000001,0.1764705882352941,0.0,0.0,0.0,0.0,0.0,0.0,0.0,0.0,0.0,0.009770786935533304,0.0,0.0008043294090493882,9.89901386388269e-06,0.0003958447507732529,0.0004679415185288138,0.0,0.6540990005544605,0.4939926172558067,0.2788679245283019,0.24473039215686276,0.3931256778659258,0.13403095432044615,0.24242424242424243,0.6000000000000014,0.0,0.0,1.0,0.05,0.0,0.0,0.0,0.0,0.0,0.0,0.0036354330375410375,0.0007527375944851351,0.0,0.00019360440337456977,0.0010826672162249913,0.03312156029362849,0,3
8594,0.6000000000000227,1.0,0.0,0.10231660231660232,0.4444444444444444,0.2,0.5,0.0,0.0,0.0,0.0,1.0,0.0,0.0,0.0,0.0,0.01002789191748411,0.0,0.0008043294090493882,9.89901386388269e-06,0.0,0.0007189064245769433,0.0,0.6540925212793974,0.49397928615826875,0.5450943396226415,0.2450980392156863,0.401723150416164,0.12883012720095247,0.25252525252525254,0.0,0.0,1.0,1.0,0.25000000000000006,2.6069306432416025e-06,0.0,0.0,0.0,0.0,0.0,0.003652838788214473,0.0,0.0,0.0005337167901167612,0.001099880295748864,0.03312156029362849,0,0
1970,1.0,1.0,0.0,0.10231660231660232,0.0,0.6000000000000001,0.029411764705882346,0.0,0.0,0.0,0.0,0.0,0.0,0.0,0.0,0.0,0.009885960456188274,0.0,0.0008235109274225147,9.89901386388269e-06,0.0015743414517054943,0.0011222784954238378,0.0,0.6541102200109677,0.4940059343790409,0.39471698113207543,0.21495098039215688,0.3967815839822567,0.1174885644463939,0.25252525252525254,0.29999999999999716,0.0,1.0,0.0,0.55,0.0,0.0,0.0,0.0,0.0,0.0,0.003640779743014208,0.0,0.0,0.0003085698088668156,0.001087403649630482,0.03312156029362849,0,3
7543,0.8000000000000114,1.0,0.0,0.03861003861003861,0.537037037037037,0.6000000000000001,0.5,0.0,0.0,0.0,0.0,1.0,0.0,0.0,0.0,0.0,0.009770786935533304,0.0,0.0008043294090493882,9.89901386388269e-06,0.00024690590390696963,0.0027754890387753244,8.083877635799195e-05,0.6540586793591296,0.49393737528064974,0.580754716981132,0.2450980392156863,0.40287476084280827,0.12663700733128644,0.020202020202020204,0.6499999999999986,0.0,1.0,0.0,0.5,0.0,0.0,0.0,0.0,0.0,6.497756322573486e-05,0.003645322302727736,0.0,0.0005557238193018481,0.0005519055758989123,0.001093501174407149,0.03312156029362849,0,0
6698,0.0,1.0,0.0,0.06756756756756757,0.2962962962962963,0.4,0.5,0.0,0.0,0.0,0.0,1.0,0.0,0.0,0.0,0.0,0.009771313666648282,0.0,0.0008043294090493882,9.89901386388269e-06,0.00047176018242839725,0.0003427914693538194,0.0,0.6541084673332687,0.4940035296342822,0.4275471698113208,0.2118872549019608,0.3979271012320404,0.11585938968607057,0.24242424242424243,0.6999999999999957,0.0,1.0,0.0,0.55,8.877820838976676e-05,0.0,0.0,0.0,0.0,0.0,0.0036354330375410375,0.0,0.0,7.649011179835673e-05,0.0010854069956546509,0.03312156029362849,0,0
11274,0.8000000000000114,0.0,0.0,0.15830115830115832,0.0,0.6000000000000001,0.5588235294117647,0.0,0.0,0.0,0.0,0.0,0.0,0.0,0.0,0.0,0.009770786935533304,0.0,0.0008043294090493882,9.89901386388269e-06,0.0,0.0,0.0,0.6537749188517349,0.49414179450031664,0.580754716981132,0.2450980392156863,0.39305255974359915,0.1342189360235604,0.020202020202020204,0.3999999999999986,0.0,1.0,0.0,0.25000000000000006,0.0015844978760677527,0.0,0.0,0.0,0.0012054974037300661,0.0,0.003736951727904353,0.0,0.0,0.005073622372155348,0.0011695903903904126,0.03312156029362849,1,2
4361,0.20000000000004547,1.0,1.0,0.06756756756756757,0.0,0.6000000000000001,0.23529411764705882,0.0,0.0,0.0,0.0,0.0,0.0,0.0,0.0,0.0,0.009770786935533304,0.0,0.0008043294090493882,9.89901386388269e-06,0.0,6.564976019139813e-05,0.0,0.6540976766035936,0.4939910661080979,0.580754716981132,0.24497549019607845,0.40287476084280827,0.13415627545585562,0.24242424242424243,0.6999999999999957,0.0,0.0,0.0,0.25000000000000006,0.0,0.0002539944730970862,0.0,0.0,0.0,0.0,0.0036354330375410375,0.000998114912121014,0.0,5.6561751567279836e-05,0.0010829213520442134,0.03312156029362849,0,4
6979,0.0,0.0,0.0,0.03474903474903475,0.0,1.0,0.5588235294117647,0.0,0.0,0.0,0.0,0.0,0.0,0.0,0.0,0.0,0.009770786935533304,0.0,0.0008043294090493882,9.89901386388269e-06,0.004436353225104438,0.002986066877161404,0.0,0.6540980092479055,0.4939914558359006,0.580754716981132,0.2450980392156863,0.40287476084280827,0.1342189360235604,0.25252525252525254,0.9499999999999957,0.0,0.0,0.0,0.10000000000000002,0.0,0.027147551655179795,0.0,0.0,0.0,0.0,0.0036354330375410375,0.015218877416922169,0.0,0.0007825015182903463,0.0010855841025947876,0.03312156029362849,0,2
9839,0.4000000000000341,0.0,1.0,0.10231660231660232,0.0,0.4,0.23529411764705882,0.0,0.0,0.0,0.0,0.0,0.0,0.0,0.0,0.0,0.009770786935533304,0.0,0.0008043294090493882,9.89901386388269e-06,0.023950595683087054,0.005505521851190276,0.0,0.654220096336748,0.4941340857309603,0.3920754716981132,0.2450980392156863,0.3967815839822567,0.13415627545585562,0.020202020202020204,0.6499999999999986,0.0,1.0,0.0,0.35000000000000003,1.6089650063756766e-06,0.0,0.0,0.0,1.3303810560373875e-06,0.0,0.0037195110314435114,0.0,0.0,0.00415939925331325,0.0012095971281530602,0.03312156029362849,1,4
1424,0.20000000000004547,0.0,0.0,0.03581081081081081,0.0,0.0,0.7941176470588235,0.3333333333333333,0.0,0.0,0.0,0.0,0.0,0.0,0.0,0.0,0.010198251809528311,1.2439730324978788e-06,0.001126485349335606,9.89901386388269e-06,0.03823932592880723,0.008790336687703675,0.0,0.65427110654681,0.49422338735411736,0.41962264150943396,0.2069852941176471,0.39744574026005686,0.11379159095181403,0.020202020202020204,0.29999999999999716,0.0,1.0,0.0,0.35000000000000003,0.0,0.0,0.0,0.0,0.0,6.252012479450574e-06,0.00374233102326915,0.0,0.0,0.0009840363345938426,0.0012512795166605497,0.033248373516863175,0,2
4582,0.6000000000000227,1.0,0.0,0.05791505791505792,0.0,0.6000000000000001,0.1764705882352941,0.0,0.0,0.0,0.0,0.0,0.0,0.0,0.0,0.0,0.011839169727287975,0.0,0.0008043294090493882,9.89901386388269e-06,0.07414298707702452,0.017043758058196433,0.00035669539172650684,0.6523456950058109,0.49521051819193834,0.580754716981132,0.24473039215686276,0.392089837799632,0.09167241055203962,0.020202020202020204,0.5,1.0,1.0,0.0,0.25000000000000006,0.00020919260635637171,0.0,0.0,0.0,0.0,0.0028707217532811316,0.004223884759027146,0.0,0.0,0.003970911245376697,0.0017670357449544763,0.033138093384692105,0,3
1283,0.6000000000000227,0.0,0.0,0.02316602316602317,0.0,0.0,0.4411764705882353,0.0,0.0,0.0,0.0,0.0,0.0,0.0,0.0,0.0,0.009770786935533304,5.506217475424822e-05,0.0008043294090493882,9.89901386388269e-06,0.0,0.0,0.0,0.6540860234504685,0.4939682150161764,0.580754716981132,0.2450980392156863,0.4028686676659477,0.1316498527476659,0.24242424242424243,0.6499999999999986,0.0,1.0,1.0,0.45,7.160233722465933e-05,0.0,0.0,0.0,0.0,0.0,0.0036354330375410375,0.0,0.0,0.0,0.0011469703197543128,0.03312156029362849,0,2
6781,0.0,0.0,0.0,0.0,0.0,0.0,0.7941176470588235,0.3333333333333333,0.0,0.0,0.0,0.0,0.0,0.0,0.0,0.0,0.009770786935533304,0.014586227616642168,0.0008933285353546185,0.0006116740345829842,0.0,0.005955679763793824,0.00047979129546237833,0.6532293838368382,0.4942662162658533,0.580754716981132,0.24485294117647063,0.40027297432335274,0.1332163669402845,0.030303030303030304,0.29999999999999716,0.0,1.0,0.0,0.25000000000000006,0.0006893159109171337,0.0,0.0,0.0,0.0,0.00043601462754087384,0.00381630497281963,0.0,0.0,0.006591119677094051,0.0020060000473572956,0.03324698459832198,0,2
3156,0.20000000000004547,0.0,0.0,0.0694980694980695,0.0,0.4,1.0,0.0,0.0,0.0,0.0,1.0,0.0,0.0,0.0,0.0,0.009770786935533304,0.0,0.0008043294090493882,9.89901386388269e-06,0.03944421227979102,0.00906731219494156,0.0,0.653933134293511,0.4938819159274355,0.580754716981132,0.2450980392156863,0.40260056788408344,0.13415627545585562,0.020202020202020204,0.8999999999999986,0.0,1.0,0.0,0.4,0.0004226011083623607,0.0,0.0,0.0,0.00023852949757658572,0.0,0.003863928228068541,0.0,0.0,0.002611817543199006,0.0016559542522735088,0.03312156029362849,0,1
10741,0.8000000000000114,0.0,1.0,0.03474903474903475,0.0,0.6000000000000001,0.23529411764705882,0.0,0.0,0.0,0.0,0.0,0.0,0.0,0.0,0.0,0.009770786935533304,0.0,0.0008043294090493882,9.89901386388269e-06,0.0,0.0,0.0,0.6534408303201727,0.4932215015924833,0.20339622641509433,0.2450980392156863,0.39068840712170516,0.1342189360235604,0.25252525252525254,0.5,0.0,0.0,0.0,0.55,0.0,0.0,0.0,0.0,0.0,0.0,0.0036354330375410375,0.0,0.0,0.010232790876034344,0.0010825576706504875,0.03312156029362849,1,4
7671,0.6000000000000227,0.0,1.0,0.08687258687258688,0.0,0.6000000000000001,0.23529411764705882,0.0,0.0,0.0,0.0,0.0,0.0,0.0,0.0,0.0,0.01243052322534317,0.0,0.0008043294090493882,9.89901386388269e-06,0.0,0.0009924747923618581,0.0,0.6540961372953535,0.49402007637436746,0.580566037735849,0.24497549019607845,0.40282601542792384,0.13403095432044615,0.04040404040404041,0.14999999999999858,0.0,1.0,0.0,0.8,8.15344714201345e-06,0.0,0.0,0.0,0.00013546409458827752,0.0,0.0036572089748867494,0.0,0.0,0.0004064720355732742,0.0029359704976462636,0.03312156029362849,0,4
3227,0.4000000000000341,1.0,0.0,0.10424710424710425,0.0,0.6000000000000001,0.029411764705882346,0.0,0.0,0.0,0.0,0.0,0.0,0.0,0.0,0.0,0.014554513773379055,9.911409696647573e-05,0.0008043294090493882,1.6032758650705704e-05,0.0,0.0,0.0,0.6513251266849522,0.49783135459561056,0.580188679245283,0.24473039215686276,0.39194360155497876,0.04680744407544332,0.020202020202020204,0.29999999999999716,1.0,1.0,0.0,0.10000000000000002,0.009349240796962865,0.0,0.00014950463358511204,0.0,0.009985605433489095,0.0,0.005077222407858957,0.0,0.0,0.0,0.003969120487084482,0.0333575028308144,0,3
2814,0.8000000000000114,1.0,0.0,0.05791505791505792,0.7037037037037037,0.6000000000000001,0.5,0.0,0.0,0.0,0.0,1.0,0.0,0.0,0.0,0.0,0.011818642263264276,0.0,0.001038250364819224,9.89901386388269e-06,0.012652571942524065,0.0035921221949789567,0.0,0.65405185186776,0.4973980164846957,0.580754716981132,0.24485294117647063,0.39071277982914737,0.012469452973243937,0.020202020202020204,0.10000000000000142,1.0,1.0,0.0,0.6,4.6266230035655e-05,0.0,0.0,0.0,0.0,0.0022842251606279332,0.004018700371946156,0.0,0.0,0.001006446146612358,0.0018380919613909565,0.03319596664404978,0,0
9507,0.20000000000004547,0.0,1.0,0.04247104247104247,0.0,0.8,0.23529411764705882,0.0,0.0104,0.0,0.0,0.0,0.0,0.0,0.0,0.0,0.009770786935533304,0.0,0.0008043294090493882,9.89901386388269e-06,0.0,0.0,0.0,0.654060351526303,0.4939473358537744,0.20339622641509433,0.2450980392156863,0.39068840712170516,0.1342189360235604,0.020202020202020204,0.3999999999999986,0.0,1.0,0.0,0.2,0.0,0.0,0.0,0.0,0.0,0.0,0.0036354330375410375,0.0,0.0006673511293634497,6.907133841323183e-07,0.0010825576210823542,0.03312156029362849,1,4
1449,0.6000000000000227,0.0,0.0,0.10424710424710425,0.0,0.4,0.5294117647058824,0.0,0.0,0.0,0.0,1.0,0.0,0.0,0.0,0.0,0.009878390577593025,9.303608837786768e-05,0.0014210854010321375,0.00019001450640763773,0.0,0.0014317464789083524,7.938163403461678e-05,0.6518736621250365,0.4981564481383767,0.579811320754717,0.24178921568627454,0.39129163163089975,0.05012845416379473,0.030303030303030304,0.3999999999999986,1.0,1.0,0.0,0.2,0.022126249156812383,0.0,0.0,0.0,0.027117344883712098,0.0,0.005103928057124743,0.0,0.0,0.02839202947453084,0.0028991774106672374,0.03323158248378477,0,1
9173,0.20000000000004547,0.0,1.0,0.02316602316602317,0.0,0.2,0.23529411764705882,0.0,0.0,0.0,0.0,0.0,0.0,0.0,0.0,0.0,0.009770786935533304,0.0,0.0008043294090493882,9.89901386388269e-06,0.0,1.163413471746296e-05,0.0,0.6537927607131286,0.49363382506788556,0.20339622641509433,0.2450980392156863,0.39068840712170516,0.1342189360235604,0.020202020202020204,0.8999999999999986,0.0,1.0,0.0,0.25000000000000006,0.0,0.0,0.0,0.0,0.0,0.0,0.0036354330375410375,0.0,0.0024646303901437374,2.343309110611865e-05,0.0010825576210823542,0.03312156029362849,1,4
8907,0.4000000000000341,0.0,1.0,0.03861003861003861,0.0,0.6000000000000001,0.23529411764705882,0.0,0.0,0.0,0.0,0.0,0.0,0.0,0.0,0.0,0.010073401485818178,0.0,0.0008043294090493882,9.89901386388269e-06,0.0,0.00086848815665861,0.0007668483331672843,0.654064763701902,0.4939762688731987,0.580754716981132,0.24497549019607845,0.4024055862245458,0.1322137978570086,0.020202020202020204,0.9499999999999957,0.0,1.0,0.0,0.2,0.0,0.0,0.0,0.0,6.686338672225552e-05,0.0,0.003914685610003715,0.0,0.0,0.0017118691676289756,0.001241463539231145,0.03312156029362849,0,4
3894,0.0,1.0,1.0,0.03861003861003861,0.0,0.6000000000000001,0.23529411764705882,0.0,0.0,0.0,0.0,0.0,0.0,0.0,0.0,0.0,0.009770786935533304,0.0,0.0008043294090493882,9.89901386388269e-06,0.0,0.0,0.0,0.6541045660516228,0.4939991378211749,0.2788679245283019,0.07585784313725491,0.3931256778659258,0.047684692023309744,0.020202020202020204,0.9499999999999957,0.0,1.0,0.0,0.45,7.30483690658324e-06,0.0,0.0,0.0,9.531788977961987e-06,0.0,0.003636414660782789,0.0,0.0,0.00012368885971406513,0.00109443533544656,0.03312156029362849,0,4
2056,0.8000000000000114,0.0,0.0,0.10424710424710425,0.0,0.4,0.0,0.0,0.0,0.0,0.0,0.0,0.0,0.0,0.0,0.0,0.09072935930759841,0.0003094983080766433,0.0010221566030622594,0.005411622859312948,0.1867002670777186,0.08234972956869353,0.0,0.6567189005284881,0.49853872491998624,0.3132075471698113,0.2115196078431373,0.3924127761732413,0.05457735447083151,0.030303030303030304,0.25,1.0,1.0,0.0,0.10000000000000002,0.00560224643015302,0.0,0.0,0.0,0.0,0.0,0.00701126991906152,0.0,0.0,0.026951994396523717,0.003525528323005388,0.042403941004772246,0,2
4382,0.6000000000000227,1.0,0.0,0.05791505791505792,0.7037037037037037,0.6000000000000001,0.5,0.0,0.0,0.0,0.0,1.0,0.0,0.0,0.0,0.0,0.012917614061553648,0.0,0.0008043294090493882,0.00014262474883023615,0.1635594359989531,0.03759853177219866,0.0,0.6521116396427963,0.49664870616956835,0.5745283018867925,0.239093137254902,0.3909869727878722,0.1080894792906824,0.020202020202020204,0.29999999999999716,0.0,1.0,0.0,0.25000000000000006,0.0,0.0,0.0163463103960159,0.0,0.0,0.02073080605064708,0.00413758633335183,0.0,0.0,0.018011042204634328,0.0018148998744970408,0.03318299513695967,0,0
9967,0.0,0.0,0.0,0.02316602316602317,0.0,0.6000000000000001,0.1176470588235294,0.0,0.0,0.0,0.0,0.0,0.0,0.0,0.0,0.0,0.009770786935533304,0.0,0.0008043294090493882,9.89901386388269e-06,0.0,0.001861378453831806,0.0,0.6540990598605678,0.49399268673915,0.20339622641509433,0.2450980392156863,0.39068840712170516,0.1342189360235604,0.020202020202020204,0.0,0.0,1.0,0.0,0.7,0.0,0.0,1.7944588522016144e-05,0.0,0.0,6.4327064817468336e-06,0.0036354330375410375,0.0,0.0,0.0006410843483835516,0.0010825576210823542,0.03312156029362849,1,2
5530,1.0,0.0,0.0,0.10231660231660232,0.0,0.4,0.0,0.0,0.0,0.0,0.0,0.0,0.0,0.0,0.0,0.0,0.009770786935533304,0.0,0.0008043294090493882,9.89901386388269e-06,0.007745904543213233,0.0017806043185077062,0.0003862949544446201,0.6540189966155807,0.49389847664182446,0.3007547169811321,0.0672794117647059,0.3938324863817498,0.04323579171627295,0.020202020202020204,0.3999999999999986,0.0,1.0,0.0,0.75,0.0,0.0,0.0029685188405577947,0.00504726869981409,0.0,0.0006512211842757187,0.003635475836314378,0.0,0.0,0.0009256326806688766,0.001152635461704556,0.03312156029362849,0,2
4158,0.0,0.0,0.0,0.03474903474903475,0.0,0.6000000000000001,0.47058823529411764,0.0,0.0,0.0,0.0,0.0,0.0,0.0,0.0,0.0,0.009770786935533304,0.00014228214360298107,0.0008043294090493882,0.004818876387025936,0.0,0.0017487766499592182,8.277438332486342e-05,0.6535630088530693,0.49582583706073236,0.580188679245283,0.23921568627450984,0.3955934144944492,0.09580800802055267,0.030303030303030304,0.14999999999999858,1.0,1.0,0.0,0.25000000000000006,0.00017817420503092672,0.0,0.0,0.0,0.0,0.0010181022865380438,0.004844181516423552,0.0,0.0,0.00383166854353106,0.0019516476970117115,0.03331882144944206,0,2
7268,0.6000000000000227,1.0,0.0,0.03861003861003861,0.537037037037037,0.6000000000000001,0.5,0.0,0.0,0.0,0.0,1.0,0.0,0.0,0.0,0.0,0.009770786935533304,0.0,0.0008043294090493882,9.89901386388269e-06,0.010845423167076127,0.003374813178649202,0.0,0.6538831869549157,0.4937389417210601,0.33547169811320754,0.13627450980392158,0.3949475377472307,0.0785136913340435,0.020202020202020204,0.7999999999999972,0.0,1.0,0.0,0.45,0.00015262085362165224,0.0,0.0,0.0,3.989578013928589e-05,0.0,0.0036589641172430007,0.0,0.003003285420944559,0.0017907384033060102,0.001222101433289801,0.03312156029362849,0,0
9984,0.20000000000004547,0.0,0.0,0.03474903474903475,0.0,0.6000000000000001,0.0,0.0,0.0,0.0,0.0,0.0,0.0,0.0,0.0,0.0,0.009770786935533304,0.0,0.0008043294090493882,9.89901386388269e-06,0.0,0.0002819615649739416,0.0,0.6539781774477391,0.49385052187786277,0.580754716981132,0.08100490196078433,0.40287476084280827,0.05019111473149947,0.020202020202020204,0.0,0.0,1.0,0.0,0.35000000000000003,0.0,0.0,8.266608195535528e-06,3.6039362015391444e-05,0.0,4.842599261539751e-06,0.0036354330375410375,0.0,0.0,0.00037367594081558415,0.001082612939119072,0.03312156029362849,1,2
8004,0.6000000000000227,1.0,0.0,0.06756756756756757,0.2962962962962963,0.2,0.5,0.0,0.0,0.0,0.0,1.0,0.0,0.0,0.0,0.0,0.009771780199921547,0.0,0.0008043294090493882,9.89901386388269e-06,0.0001366477769792599,4.155048113379629e-05,0.0,0.6541059191585648,0.49400071303574,0.40641509433962264,0.19264705882352945,0.39724466542365866,0.10727489191052073,0.25252525252525254,0.10000000000000142,0.0,0.0,1.0,0.85,0.0,0.00021341423029266765,0.0,0.0,0.0,0.0,0.0036354330375410375,0.0013601951340527104,0.0,3.990788441653394e-06,0.001083881189376653,0.03312156029362849,0,0
9872,0.4000000000000341,0.0,0.0,0.03474903474903475,0.0,0.6000000000000001,0.029411764705882346,0.0,0.0,0.0,0.0,0.0,0.0,0.0,0.0,0.0,0.009770786935533304,0.0,0.0008043294090493882,9.89901386388269e-06,0.0,0.0,0.0,0.6539593061781014,0.4938289505992535,0.39075471698113207,0.24325980392156868,0.39673893174423286,0.13327902750798926,0.24242424242424243,0.7999999999999972,0.0,0.0,0.0,0.0,0.0,0.0,0.0,0.0,0.0,0.0,0.0036354330375410375,0.0,0.0023100616016427105,4.8605756661163135e-05,0.001085024775779086,0.03312156029362849,1,2
7309,0.20000000000004547,0.0,0.0,0.20463320463320464,0.0,0.0,0.4411764705882353,0.0,0.0,0.0,0.0,0.0,0.0,0.0,0.0,0.0,0.013883909816710364,0.0,0.0008043294090493882,9.89901386388269e-06,0.010158930763680322,0.0023353032416438867,0.0,0.6542156125962374,0.49412924052933355,0.3892452830188679,0.1306372549019608,0.39669018632934844,0.07569396578733005,0.07070707070707072,0.6000000000000014,0.0,1.0,0.0,0.8,0.0,0.0,0.0,0.0,0.0,0.0,0.003861349307487812,0.0,0.0,0.0009222046957254052,0.001693563924679854,0.03312156029362849,0,2
9288,0.4000000000000341,0.0,0.0,0.02316602316602317,0.0,1.0,0.0,0.0,0.0,0.0,0.0,0.0,0.0,0.0,0.0,0.0,0.009933637146823967,0.0,0.0008043294090493882,9.89901386388269e-06,0.009716452247747481,0.15244655465487963,0.0,0.6529617562472508,0.4926544088220475,0.20339622641509433,0.2450980392156863,0.39068840712170516,0.1336549909142177,0.030303030303030304,0.29999999999999716,0.0,1.0,0.0,0.75,0.00011475925935769804,0.0,4.838990163240309e-06,2.109621191144865e-05,0.0001377648712381304,0.0,0.0036354330375410375,0.0,0.0,0.06387279924645728,0.0010825576210823542,0.03312156029362849,1,2
1010,0.4000000000000341,1.0,0.0,0.06756756756756757,0.2962962962962963,0.2,0.5,0.0,0.0,0.0,0.0,1.0,0.0,0.0,0.0,0.0,0.00987222029881757,0.0,0.0008043294090493882,9.89901386388269e-06,0.0,0.002667540888789722,0.0,0.654088559366368,0.49398471051714815,0.5752830188679245,0.24289215686274512,0.39927978649508283,0.1251331537063726,0.24242424242424243,0.19999999999999574,0.0,0.0,1.0,0.45,0.0,0.022430150994247486,0.0,0.0,0.0,0.0,0.003635773464481277,0.019523445891520982,0.0,0.0009917365097280586,0.001085978615367401,0.03312156029362849,0,0
5628,0.20000000000004547,0.0,0.0,0.03474903474903475,0.0,0.4,0.8235294117647058,1.0,0.0,0.0,0.0,0.0,0.0,0.0,0.0,0.0,0.010757218868742594,0.0,0.0008043294090493882,9.89901386388269e-06,0.0,0.0,0.0,0.6540675560587352,0.4941300945145586,0.580754716981132,0.24473039215686276,0.39597728463666393,0.13139921047684694,0.020202020202020204,0.04999999999999716,0.0,1.0,0.0,0.25000000000000006,0.0,0.0,0.0,0.0,2.6059817156497063e-05,0.0,0.0037285156577647432,0.0,0.0,0.0002832692334258207,0.0011262574326135106,0.03312156029362849,0,2
5733,0.0,0.0,0.0,0.03474903474903475,0.0,0.8,0.5588235294117647,0.0,0.0,0.0,0.0,0.0,0.0,0.0,0.0,0.0,0.009770786935533304,0.0,0.0008144971732601837,9.89901386388269e-06,0.0,0.0,0.0,0.6540630988237474,0.4939381007799159,0.580754716981132,0.24473039215686276,0.40285038813536606,0.1261357227896485,0.020202020202020204,0.6499999999999986,0.0,1.0,0.0,0.5,0.0,0.0,0.0,0.0,0.0,1.73466242204409e-06,0.003636919215129049,0.0,0.0,0.0006193652497491687,0.0011044129049903911,0.03312156029362849,0,2
1361,0.0,1.0,0.0,0.06756756756756757,0.2962962962962963,0.6000000000000001,0.5,0.0,0.0,0.0,0.0,1.0,0.0,0.0,0.0,0.0,0.009770786935533304,0.0,0.0008043294090493882,9.89901386388269e-06,0.0,6.564976019139813e-05,0.0,0.6541004172746573,0.493994277092544,0.3920754716981132,0.12573529411764708,0.3967815839822567,0.07318754307914031,0.23232323232323235,0.7999999999999972,0.0,0.0,0.0,0.5,0.0,0.0014116878248127789,0.0,0.0,0.0,0.0,0.0036354330375410375,0.007338457808578969,0.0,4.957787179438639e-05,0.0010868512623534367,0.03312156029362849,0,0
3455,0.4000000000000341,0.0,0.0,0.06756756756756757,0.0,0.0,0.4411764705882353,0.0,0.0,0.0,0.0,0.0,0.0,0.0,0.0,0.0,0.009770786935533304,0.0,0.0008043294090493882,9.89901386388269e-06,0.0,0.0,0.0,0.6541032165891902,0.49399755678398327,0.580754716981132,0.24264705882352944,0.40287476084280827,0.13296572466946552,0.05050505050505051,0.6999999999999957,0.0,1.0,0.0,0.85,0.0,0.0,0.0,0.0,0.0,0.0,0.0036354330375410375,0.0,0.0,3.4024029662814193e-06,0.0010830822502047742,0.03312156029362849,0,2
4984,0.8000000000000114,1.0,0.0,0.10231660231660232,0.0,0.6000000000000001,0.0,0.0,0.0,0.0,0.0,0.0,0.0,0.0,0.0,0.0,0.009795302506570406,0.0,0.0008043294090493882,9.89901386388269e-06,0.023393882517615996,0.0053776294702604505,0.0,0.654017785313186,0.494241100560385,0.580754716981132,0.24375000000000005,0.39254073288731284,0.08496772980763208,0.020202020202020204,0.5,1.0,1.0,0.0,0.2,9.830300967223542e-05,0.0,0.0014676253915927586,0.006398305270976447,0.0003463216661992856,0.0,0.0038543291307121044,0.0,0.0,0.0012616007871062743,0.0011540120183333093,0.03312280039946885,0,3
3993,0.0,0.0,0.0,0.06756756756756757,0.0,0.6000000000000001,0.5588235294117647,0.0,0.0,0.0,0.0,0.0,0.0,0.0,0.0,0.0,0.009770786935533304,0.0,0.0008043294090493882,9.89901386388269e-06,0.0,0.0,0.0,0.6541018671267577,0.49398649534626843,0.580754716981132,0.2450980392156863,0.40287476084280827,0.12964471458111412,0.020202020202020204,0.7999999999999972,0.0,1.0,0.0,0.2,8.418213535467675e-07,0.0,0.0,0.0,4.1179206569816076e-05,0.0,0.0036291530046896102,0.0,0.0,2.427729635339148e-05,0.0011205562546303877,0.03312156029362849,0,2
1556,0.6000000000000227,0.0,0.0,0.08687258687258688,0.0,0.6000000000000001,0.0,0.0,0.0,0.0,0.0,0.0,0.0,0.0,0.0,0.0,0.0174433780982042,5.2214131232476754e-05,0.0010935492787632131,0.00027584644665889054,0.0,0.0,0.0017398714308957102,0.6515795535301985,0.4964967608484039,0.580754716981132,0.24448529411764708,0.39709233600214483,0.10382856068675984,0.020202020202020204,0.3500000000000014,1.0,1.0,0.0,0.2,0.008952043684608344,0.0,0.0,0.0,0.017366950820930413,0.0,0.006013568081259734,0.0,0.0,0.0021793286368234142,0.004070217520251095,0.03899635337452839,0,2
1660,0.8000000000000114,1.0,0.0,0.10231660231660232,0.0,0.6000000000000001,0.1764705882352941,0.0,0.0,0.0,0.0,0.0,0.0,0.0,0.0,0.0,0.010080790770888293,0.0,0.0008043294090493882,9.89901386388269e-06,0.00903755138751719,0.002278877688264191,0.0,0.654135685854693,0.494034142287374,0.39264150943396225,0.24276960784313728,0.39679986351283836,0.13102324707061846,0.020202020202020204,0.0,0.0,1.0,0.0,0.55,0.0,0.0,0.0,0.0,0.0,0.0,0.003638413245702994,0.0,0.0,0.00039322057138880975,0.0011005225004833757,0.03312156029362849,0,3
4733,0.8000000000000114,1.0,0.0,0.10424710424710425,0.0,0.6000000000000001,0.029411764705882346,0.0,0.0,0.0,0.0,0.0,0.0,0.0,0.0,0.0,0.009770786935533304,0.0,0.0008043294090493882,9.89901386388269e-06,0.0,0.00012947129921290923,0.0,0.6541013058723111,0.4939953181781684,0.580754716981132,0.2450980392156863,0.40287476084280827,0.1342189360235604,0.020202020202020204,0.6499999999999986,0.0,1.0,0.0,0.5,8.88664638542515e-06,0.0,0.0,0.0,6.761466073037075e-06,0.0,0.0036354330375410375,0.0,0.0,7.32667826724059e-05,0.0010848337897616364,0.03312156029362849,0,3
8756,0.8000000000000114,1.0,0.0,0.06756756756756757,0.0,0.6000000000000001,0.0,0.0,0.0,0.0,0.0,0.0,0.0,0.0,0.0,0.0,0.009770786935533304,0.0,0.0008043294090493882,9.89901386388269e-06,0.0,0.0,0.0,0.6541142491817614,0.4940104826267144,0.39622641509433965,0.13223039215686275,0.39691563387318884,0.07650855316749171,0.020202020202020204,0.7999999999999972,0.0,1.0,0.0,0.5,5.212503510106517e-05,0.0,0.0,0.0,1.565154183573397e-08,0.0,0.0036354330375410375,0.0,0.0,3.522638259074823e-05,0.0011293877097969896,0.03312156029362849,0,3
10778,0.0,0.0,0.0,0.04247104247104247,0.0,0.6000000000000001,0.0,0.0,0.0,0.0,0.0,0.0,0.0,0.0,0.0,0.0,0.009770786935533304,0.0,0.0008043294090493882,9.89901386388269e-06,0.000559966683970565,0.003495974381635352,0.0,0.6540684055607429,0.493956772002336,0.20339622641509433,0.19620098039215692,0.39068840712170516,0.10921736950936778,0.37373737373737376,0.5,0.0,1.0,0.0,0.55,0.0,0.0,0.0,0.0,0.0,0.0,0.0036354330375410375,0.0,0.0,0.0014699404093423336,0.0010825576210823542,0.03312156029362849,1,2
5329,0.8000000000000114,0.0,0.0,0.06756756756756757,0.0,0.0,0.4411764705882353,0.0,0.0,0.0,0.0,0.0,0.0,0.0,0.0,0.0,0.009770786935533304,0.0,0.0008043294090493882,9.89901386388269e-06,0.0,0.0,0.0,0.6540814986263973,0.49397211190602824,0.20339622641509433,0.22034313725490198,0.39068840712170516,0.12156150134720223,0.04040404040404041,0.25,0.0,1.0,0.0,0.35000000000000003,1.9008869273636685e-06,0.0,0.0006880439138357314,0.003385063002957865,1.4493327739889657e-05,0.0,0.0036354330375410375,0.0,0.000282340862422998,2.3586582969259164e-05,0.0010825576210823542,0.03312156029362849,0,2
12340,0.6000000000000227,0.0,1.0,0.03474903474903475,0.0,0.6000000000000001,0.23529411764705882,0.0,0.0,0.0,0.0,0.0,0.0,0.0,0.0,0.0,0.009770786935533304,0.0,0.0008043294090493882,9.89901386388269e-06,0.0006369666217922115,0.00014642389551549812,1.5223875020337466e-05,0.6536108824658198,0.4934150297833053,0.5760377358490566,0.2450980392156863,0.4027224314212945,0.1332163669402845,0.020202020202020204,0.9499999999999957,0.0,1.0,0.0,0.35000000000000003,0.0,0.0,0.0,0.0,0.0,0.0,0.003714819657646534,0.0,0.0,0.007645813432686911,0.0011024438108966522,0.03312156029362849,1,4
9416,0.4000000000000341,0.0,0.0,0.03474903474903475,0.0,0.6000000000000001,0.029411764705882346,0.0,0.0,0.0,0.0,0.0,0.0,0.0,0.0,0.0,0.00987064010547264,1.1097548895178445e-05,0.0008318697029086902,9.89901386388269e-06,0.00023497633607544693,5.675795722876573e-05,0.0,0.6539193076875114,0.4938735693863861,0.580754716981132,0.24497549019607845,0.3974762061443596,0.10827746099379662,0.25252525252525254,0.5,1.0,1.0,0.0,0.10000000000000002,0.0,0.0,0.0,0.0,0.0,0.0,0.0036354330375410375,0.0,0.0016683778234086242,0.000979354832768057,0.0011529350515019773,0.03313032040128476,1,2
12061,0.4000000000000341,0.0,1.0,0.03861003861003861,0.0,0.6000000000000001,0.23529411764705882,0.0,0.0,0.0,0.0,0.0,0.0,0.0,0.0,0.0,0.029570188162651258,0.0,0.0008043294090493882,9.89901386388269e-06,0.0,0.0,0.0,0.6536342060006599,0.4934462254754008,0.580754716981132,0.2450980392156863,0.40287476084280827,0.13384297261733194,0.25252525252525254,0.7999999999999972,0.0,0.0,0.0,0.25000000000000006,0.0,0.0,0.0,0.0,0.0,0.0,0.00365593796911333,0.019574035171675688,0.0,0.0,0.0010942120805743586,0.03312156029362849,1,4
631,0.6000000000000227,0.0,0.0,0.10231660231660232,0.0,0.6000000000000001,0.029411764705882346,0.0,0.0,0.0,0.0,0.0,0.0,0.0,0.0,0.0,0.009770786935533304,0.0,0.0008043294090493882,9.89901386388269e-06,0.00044573203443234777,0.0036777992870768448,0.0,0.6541017435447574,0.4939958305693034,0.3920754716981132,0.14644607843137256,0.3967815839822567,0.08377717902124195,0.25252525252525254,0.5,0.0,0.0,1.0,0.55,0.0,0.0,0.0,0.0,0.0,0.0,0.003642369972665845,0.012508296062678805,0.0006416837782340863,0.0006090557129415641,0.0010900985698995417,0.03312156029362849,0,2
8710,0.6000000000000227,1.0,0.0,0.015444015444015444,0.35185185185185186,0.4,0.5,0.0,0.0,0.0,0.0,1.0,0.0,0.0,0.0,0.0,0.010071806243012817,0.0,0.0008043294090493882,0.0006604909506008843,0.0,0.0,0.0,0.6529393577551585,0.4955522233000318,0.580188679245283,0.24350490196078436,0.3955081100184014,0.12112287737326902,0.020202020202020204,0.29999999999999716,1.0,1.0,0.0,0.2,0.0023855180494950358,0.0,0.019799635563553332,0.08631910657542556,0.0,0.004605095064921547,0.004907019931919606,0.0,0.0,0.0009284722801369762,0.0018364950744098642,0.03315042995759195,0,0
6252,0.20000000000004547,1.0,0.0,0.03861003861003861,0.537037037037037,0.6000000000000001,0.5,0.0,0.0,0.0,0.0,1.0,0.0,0.0,0.0,0.0,0.009770786935533304,0.0,0.0008043294090493882,9.89901386388269e-06,0.0005686427333025816,0.0003077228632768953,0.0,0.6541246135038375,0.49402209760212507,0.3920754716981132,0.16678921568627453,0.3967815839822567,0.09361488815088666,0.24242424242424243,0.5,0.0,1.0,0.0,0.55,0.0,0.0,0.0,0.0,0.0,0.0,0.0036354330375410375,0.0,0.0,3.942182684992231e-05,0.0010969651938318651,0.03312156029362849,0,0
737,0.6000000000000227,1.0,0.0,0.06756756756756757,0.2962962962962963,0.6000000000000001,0.5,0.0,0.0,0.0,0.0,1.0,0.0,0.0,0.0,0.0,0.010224949552327464,0.0,0.0008043294090493882,9.89901386388269e-06,0.00096737950051984,0.00022237817502807774,0.0,0.6541071987126809,0.4940021093015829,0.3920754716981132,0.17953431372549022,0.3967815839822567,0.10044489003070368,0.020202020202020204,0.29999999999999716,0.0,1.0,0.0,0.55,0.0005065048995598164,0.0,0.0,0.0,3.221087309794051e-05,0.0,0.0036433264663526073,0.0,0.0,9.920690754315296e-05,0.0010890448009545752,0.03312156029362849,0,0
9912,0.0,0.0,0.0,0.03861003861003861,0.0,0.6000000000000001,0.5588235294117647,0.0,0.0,0.0,0.0,0.0,0.0,0.0,0.0,0.0,0.009770786935533304,0.0,0.0008043294090493882,9.89901386388269e-06,0.0,0.0,0.0,0.6538312069740362,0.49367886890675516,0.580754716981132,0.2450980392156863,0.40287476084280827,0.1342189360235604,0.24242424242424243,0.8500000000000014,0.0,1.0,0.0,0.6,0.0005765525828331675,0.0,0.0,0.0,0.0,0.0,0.0036354330375410375,0.0,0.004218429158110883,0.00017175739485423647,0.0011126455275390834,0.03312156029362849,1,2
8565,0.8000000000000114,1.0,0.0,0.03861003861003861,0.537037037037037,0.6000000000000001,0.5,0.0,0.0,0.0,0.0,1.0,0.0,0.0,0.0,0.0,0.009770786935533304,0.0,0.000805109145568621,9.89901386388269e-06,0.014124246810467363,0.003362181832384528,0.0,0.6539926060604268,0.4938679649142592,0.4424528301886792,0.2431372549019608,0.398408462204024,0.13334168807569396,0.24242424242424243,0.0,0.0,1.0,0.0,0.35000000000000003,0.0002442843368118817,0.0,0.0,0.0,0.0,0.0,0.0036809277409525355,0.0,0.000513347022587269,0.0010745197879151764,0.0011032594049613063,0.03312180831479656,0,0
11477,0.4000000000000341,1.0,1.0,0.03861003861003861,0.0,0.6000000000000001,0.2941176470588235,0.0,0.0,0.0,0.0,0.0,0.0,0.0,0.0,0.0,0.009770786935533304,0.0,0.0008043294090493882,9.89901386388269e-06,0.0,0.0,0.0,0.653951646081995,0.4938196899058382,0.48377358490566036,0.2144607843137255,0.39974896111334535,0.11842847296196506,0.030303030303030304,0.6000000000000014,0.0,1.0,0.0,0.30000000000000004,0.0,0.0,0.0,0.0,0.0,1.8069400229625938e-07,0.003654421557529473,0.0,0.0,0.0020563049085162914,0.0010829385026183212,0.03312156029362849,1,4
7743,0.4000000000000341,1.0,0.0,0.08687258687258688,0.8888888888888888,0.4,0.5,0.0,0.0,0.0,0.0,1.0,0.0,0.0,0.0,0.0,0.02761980819011201,0.0,0.0008043294090493882,9.89901386388269e-06,0.0767092901690239,0.033675833949319216,0.0,0.653759477065436,0.49389902435689376,0.5369811320754717,0.21703431372549023,0.40126616215162264,0.11968168431605992,0.030303030303030304,0.3999999999999986,0.0,1.0,0.0,0.45,0.009172071346450688,0.0,0.0,0.0,5.510907880361931e-05,0.0,0.003801518585604483,0.0,0.0,0.009122686557847757,0.0038646516807891483,0.033252103755230966,0,0
8441,0.8000000000000114,1.0,0.0,0.03861003861003861,0.0,0.6000000000000001,0.029411764705882346,0.0,0.0,0.0,0.0,0.0,0.0,0.0,0.0,0.0,0.009770786935533304,0.0,0.0009134925217419783,9.89901386388269e-06,0.0,0.0,6.396202347830355e-05,0.6538707200822388,0.49372516732755534,0.5771698113207546,0.24485294117647063,0.40267977918327064,0.13340434864339873,0.020202020202020204,0.9499999999999957,0.0,1.0,0.0,0.5,0.0005374554120664269,0.0,0.0,0.0,0.00023763735969194888,0.0,0.003786701964393491,0.0,0.0,0.0037861070421555173,0.0013136613097765948,0.03315628325715843,0,3
7535,0.0,0.0,0.0,0.04864864864864865,0.0,0.0,0.7941176470588235,0.3333333333333333,0.0,0.0,0.0,0.0,0.0,0.0,0.0,0.0,0.009770786935533304,0.0,0.0008043294090493882,9.89901386388269e-06,0.007877129789359982,0.0018107699678108422,0.0,0.6541035399565691,0.4939893387288927,0.29452830188679247,0.07034313725490197,0.39367406378337544,0.04411303966413936,0.020202020202020204,0.29999999999999716,0.0,1.0,0.0,0.5,0.0,0.0,0.0,0.0,0.0,0.00021473675232887464,0.0036458888956628745,0.0,0.0,0.00022276785737126767,0.0011135204050911158,0.033166392599969,0,2
1068,0.6000000000000227,1.0,0.0,0.03861003861003861,0.537037037037037,0.4,0.5,0.0,0.0,0.0,0.0,1.0,0.0,0.0,0.0,0.0,0.010022669754715616,0.0,0.0008043294090493882,9.89901386388269e-06,0.0009019476284742155,0.0021007092251624725,3.186139557827769e-05,0.654065671847379,0.4940498253378567,0.580754716981132,0.24497549019607845,0.39740308802203295,0.12726361300833386,0.24242424242424243,0.14999999999999858,0.0,1.0,1.0,0.2,0.0002763550148292602,0.0,0.0,0.0,0.0,0.0,0.0036354330375410375,0.0,0.0,0.0008395493274242378,0.0011161495980154732,0.03312156029362849,0,0
5293,0.20000000000004547,0.0,0.0,0.33976833976833976,0.0,0.8,0.029411764705882346,0.0,0.0,0.0,0.0,0.0,0.0,0.0,0.0,0.0,0.009770786935533304,0.0,0.0008043294090493882,9.89901386388269e-06,0.05542874866786492,0.008086970143070771,0.0,0.654408909754113,0.4953705332853043,0.43207547169811317,0.16568627450980394,0.3965926954995796,0.08333855504730875,0.030303030303030304,0.6000000000000014,0.0,1.0,0.0,0.35000000000000003,0.0021007448211303077,0.0,5.1716707369630804e-05,0.00022502626038878562,0.0,6.259240239542425e-05,0.00521138831664573,0.0,0.0,0.007200866103419748,0.002815035851435947,0.056617662115167375,0,2
2490,0.6000000000000227,0.0,0.0,0.20463320463320464,0.0,0.6000000000000001,0.5294117647058824,0.0,0.0,0.0,0.0,1.0,0.0,0.0,0.0,0.0,0.009770786935533304,0.0,0.0008043294090493882,9.89901386388269e-06,0.0,0.0019573600652508755,0.0,0.6544827717007082,0.4943509630423601,0.44169811320754715,0.18529411764705883,0.39818910783704414,0.0975625039162855,0.020202020202020204,0.6000000000000014,0.0,1.0,0.0,0.35000000000000003,0.0,0.0,0.0,0.0,0.0,0.0001119580038227623,0.00398065972278322,0.0,0.0,0.0008871318049977975,0.001505367552202215,0.03312156029362849,0,1
2417,0.6000000000000227,1.0,0.0,0.15830115830115832,0.4444444444444444,0.6000000000000001,0.5,0.0,0.0,0.0,0.0,1.0,0.0,0.0,0.0,0.0,0.009770786935533304,0.0,0.0008043294090493882,9.89901386388269e-06,0.0,1.1551033755195369e-05,4.371426970125472e-05,0.6541014549658772,0.4939954928569644,0.3918867924528302,0.15857843137254904,0.39677549080539615,0.08998057522401154,0.25252525252525254,0.5499999999999972,0.0,1.0,0.0,0.5,0.00015460999601350065,0.0,0.0,0.0,0.0,0.0,0.0036398220713795555,0.0,0.0,0.000317318845065825,0.0011000634004331251,0.03312156029362849,0,0
7118,1.0,0.0,0.0,0.06756756756756757,0.0,0.4,0.029411764705882346,0.0,0.0,0.0,0.0,0.0,0.0,0.0,0.0,0.0,0.009770786935533304,0.0,0.0008043294090493882,9.89901386388269e-06,0.010243160742611982,0.00976635748953655,0.0,0.6538131517431834,0.4936571027642445,0.33358490566037735,0.09276960784313727,0.39489269915548575,0.05626918979885959,0.020202020202020204,0.6999999999999957,0.0,1.0,0.0,0.35000000000000003,0.0007384538379894846,0.0,0.0,0.0,0.0,0.0,0.0036403018888201233,0.0,0.0,0.004192604659705982,0.0011492977418833855,0.03312156029362849,0,2
10669,0.6000000000000227,1.0,0.0,0.03474903474903475,0.0,0.6000000000000001,0.029411764705882346,0.0,0.0,0.0,0.0,0.0,0.0,0.0,0.0,0.0,0.009770786935533304,0.0,0.0008043294090493882,9.89901386388269e-06,0.0053824041043497375,0.001237290227202186,0.0,0.6540831582034473,0.49359605601860795,0.20339622641509433,0.24117647058823533,0.39068840712170516,0.01622908703552854,0.020202020202020204,0.5,0.0,1.0,0.0,0.9,1.0013600778076468e-05,0.0,0.0001739012089914486,0.000758145115567686,0.0,0.00012478727798579672,0.0036691592562318287,0.0,0.0,0.00030867213677557596,0.0010825576210823542,0.03312156029362849,1,3
5633,0.6000000000000227,1.0,0.0,0.06756756756756757,0.2962962962962963,0.6000000000000001,0.5,0.0,0.0,0.0,0.0,1.0,0.0,0.0,0.0,0.0,0.009770786935533304,0.0,0.0008043294090493882,9.89901386388269e-06,0.0010548629979510063,0.000677771448254485,0.0,0.6541085365789472,0.49399558640716407,0.41056603773584904,0.19779411764705884,0.3973787153145908,0.08678488627106963,0.24242424242424243,0.6000000000000014,0.0,0.0,1.0,0.55,0.0,0.002375941677149896,0.0,0.0,0.0,0.0,0.0036432656057116186,0.00872622603120455,0.0,0.00020342788261556275,0.0010872867184041225,0.03312156029362849,0,0
2335,0.0,0.0,0.0,0.03474903474903475,0.0,0.0,0.4411764705882353,0.0,0.0,0.0,0.0,0.0,0.0,0.0,0.0,0.0,0.009868939516444282,0.0,0.0008043294090493882,9.89901386388269e-06,0.0026566786058745528,0.0007667725788430768,0.0,0.6541345030457354,0.49400410879153484,0.4462264150943396,0.23786764705882357,0.39853032574123504,0.12187480418572595,0.020202020202020204,0.6000000000000014,0.0,1.0,0.0,0.35000000000000003,8.705383239137257e-05,0.0,0.0,0.0,0.00018928974696136663,0.0,0.0036556619366577493,0.0,0.0,0.0014376815361056353,0.001144583663705995,0.03312156029362849,0,2
136,0.4000000000000341,1.0,0.0,0.02316602316602317,0.0,0.8,0.5588235294117647,0.0,0.0,0.0,0.0,0.0,0.0,0.0,0.0,0.0,0.010030691117123704,0.0,0.0008043294090493882,9.89901386388269e-06,0.0036302036413379045,0.0008768813538476369,0.0001243790589161571,0.6538710494133603,0.49396887801925105,0.580754716981132,0.2450980392156863,0.39625147759538876,0.13302838523717025,0.25252525252525254,0.29999999999999716,0.0,1.0,1.0,0.5,8.513936770024203e-05,0.0,0.0,0.0,0.0,0.0,0.0036354330375410375,0.0,0.0,0.003746506141465264,0.0011460935586132164,0.03312156029362849,0,3
2219,0.4000000000000341,0.0,0.0,0.02316602316602317,0.0,0.6000000000000001,0.5588235294117647,0.0,0.0,0.0,0.0,0.0,0.0,0.0,0.0,0.0,0.009770786935533304,0.0,0.0008043294090493882,9.89901386388269e-06,0.004355376764672284,0.003540516497410782,0.0,0.6541017107441728,0.493995335646048,0.580754716981132,0.23480392156862748,0.403910600909102,0.12895544833636194,0.24242424242424243,0.14999999999999858,0.0,1.0,1.0,0.75,0.00010059765174883871,0.0,0.0,0.0,0.0,0.0,0.0036354330375410375,0.0,0.0,0.00014384745773985278,0.0010834525241602236,0.03312739871192488,0,2
6150,0.20000000000004547,0.0,1.0,0.04247104247104247,0.0,0.8,0.23529411764705882,0.0,0.0,0.0,0.0,0.0,0.0,0.0,0.0,0.0,0.009820435105485054,0.0,0.0008043294090493882,9.89901386388269e-06,0.0,1.8863918434743516e-05,2.805542682319333e-06,0.6541062806276328,0.49399706574247887,0.580754716981132,0.2450980392156863,0.13158824748047138,0.04304781001315873,0.020202020202020204,0.7999999999999972,0.0,1.0,0.0,0.10000000000000002,0.0,0.0,0.0,0.0,0.0,0.0,0.003636431544702547,0.0,0.0,3.069837262810303e-07,0.0010832540037865187,0.033167419407604815,0,4
10739,0.4000000000000341,0.0,0.0,0.06756756756756757,0.0,0.6000000000000001,0.0,0.0,0.0,0.0,0.0,0.0,0.0,0.0,0.0,0.0,0.010760273909209465,0.0,0.0008043294090493882,9.89901386388269e-06,0.0,0.0,0.0,0.65407257786136,0.4939615931371064,0.20339622641509433,0.24019607843137258,0.39068840712170516,0.1315245316122564,0.020202020202020204,0.5,0.0,1.0,0.0,0.0,0.0,0.0,0.00017440527046678613,0.000663212161966167,0.0,6.259240239542425e-05,0.003635550439680751,0.0,0.0,0.0004675362151260092,0.0010825576210823542,0.03312156029362849,1,2
6282,0.0,0.0,0.0,0.13706563706563707,0.0,0.0,0.4411764705882353,0.0,0.0,0.0,0.0,0.0,0.0,0.0,0.0,0.0,0.009770786935533304,0.0,0.0008043294090493882,9.89901386388269e-06,0.00011206563720521315,6.673007270087683e-05,0.0,0.6541022875706141,0.4939964683409965,0.580754716981132,0.2450980392156863,0.40287476084280827,0.1342189360235604,0.11111111111111112,0.5,0.0,1.0,0.0,0.85,0.0,0.0,2.016245901350129e-05,5.274052977862163e-06,0.0,7.480731695065137e-06,0.0036354330375410375,0.0,0.0,3.082628251405346e-05,0.0010899701884343992,0.03312156029362849,0,2
492,0.6000000000000227,0.0,0.0,0.03474903474903475,0.0,0.6000000000000001,0.5588235294117647,0.0,0.0,0.0,0.0,0.0,0.0,0.0,0.0,0.0,0.009770786935533304,0.0,0.0008043294090493882,9.89901386388269e-06,0.007800129851538336,0.0021287142494466516,0.00017261699433774065,0.6538712720597524,0.4945132058726381,0.5767924528301887,0.24264705882352944,0.39623319806480706,0.1316498527476659,0.020202020202020204,0.5,1.0,1.0,0.0,0.45,0.0,0.0,0.00017924426063002644,0.00026765818862650476,0.0,1.6659987011715114e-05,0.0036354330375410375,0.0,0.0025667351129363453,0.0011494493991049378,0.0012881449731141348,0.03312156029362849,0,2
3698,0.0,0.0,0.0,0.10231660231660232,0.0,0.8,0.5588235294117647,0.0,0.0,0.0,0.0,0.0,0.0,0.0,0.0,0.0,0.009770786935533304,0.0,0.0008961511815542411,9.89901386388269e-06,0.00037487763155421303,0.003062602863409857,0.0,0.6540849903977151,0.4939763958064571,0.41245283018867923,0.24068627450980395,0.39714108141702925,0.12839150322701925,0.24242424242424243,0.44999999999999574,0.0,1.0,0.0,0.35000000000000003,0.0,0.0,0.0,0.0,0.0,0.0,0.0036354330375410375,0.0,0.0,0.0014743916733734085,0.0010898391302900606,0.03312156029362849,0,2
743,0.4000000000000341,1.0,0.0,0.06756756756756757,0.2962962962962963,0.6000000000000001,0.5,0.0,0.0,0.0,0.0,1.0,0.0,0.0,0.0,0.0,0.009770786935533304,0.0,0.0008043294090493882,9.89901386388269e-06,0.0001514693612547881,3.481930319012129e-05,8.264389296754624e-06,0.6541156811426339,0.49401194604685,0.2875471698113207,0.1302696078431373,0.3934059640015112,0.07419011216241621,0.24242424242424243,1.0,0.0,0.0,1.0,0.55,0.0,0.0,0.0,0.0,0.0,0.0,0.0036509191258029044,0.005513922594694057,0.0,1.2100275210910611e-05,0.0010859255278966799,0.03312156029362849,0,0
535,0.8000000000000114,1.0,0.0,0.10231660231660232,0.0,0.6000000000000001,0.0,0.0,0.0,0.0,0.0,0.0,0.0,0.0,0.0,0.0,0.009770786935533304,0.0,0.0008043294090493882,9.89901386388269e-06,0.0,0.0009370464505293739,0.0,0.6540998281894117,0.4939929165388105,0.580754716981132,0.2450980392156863,0.40287476084280827,0.1335296697788082,0.24242424242424243,0.9499999999999957,0.0,1.0,0.0,0.5,4.031238062387665e-05,0.0,0.0,0.0,0.0,0.0,0.0036354330375410375,0.0,0.0,0.0003445636507732664,0.0011001769114582895,0.03312156029362849,0,3
2663,0.8000000000000114,0.0,0.0,0.15830115830115832,0.0,0.6000000000000001,0.5294117647058824,0.0,0.0,0.0,0.0,1.0,0.0,0.0,0.0,0.0,0.009770786935533304,0.0,0.0008043294090493882,9.89901386388269e-06,0.0007992810447120202,0.00011085668366496849,0.0,0.6541225377900786,0.49401903684144355,0.39754716981132077,0.17634803921568631,0.39702531105667876,0.0988783758380851,0.24242424242424243,0.5,0.0,0.0,0.0,0.55,0.0,0.0012819572040338864,0.0,0.0,0.0,0.0,0.00364258592977903,0.015607372194293421,0.0,3.934508091835205e-05,0.0010956415759694332,0.03313441275055793,0,1
10279,0.20000000000004547,0.0,1.0,0.05791505791505792,0.0,0.6000000000000001,0.23529411764705882,0.0,0.0,0.0,0.0,0.0,0.0,0.0,0.0,0.0,0.010464160725829457,0.0,0.004097764924254446,9.89901386388269e-06,0.017716492735977696,0.004072611958810177,0.0,0.6530209311523105,0.49422242739708944,0.580754716981132,0.2450980392156863,0.39745183343691737,0.12262673099818286,0.020202020202020204,0.14999999999999858,1.0,1.0,0.0,0.45,7.535658890620257e-05,0.0,0.0,0.0,0.0,0.00010812729097408161,0.00366414551736226,0.0,0.0064354209445585215,0.0019481187269794183,0.0016755510137577041,0.03312156029362849,1,4
7171,0.6000000000000227,1.0,0.0,0.05791505791505792,0.7037037037037037,0.2,0.5,0.0,0.0,0.0,0.0,1.0,0.0,0.0,0.0,0.0,0.01903524982442923,0.0,0.0010156536004918579,3.3674866181122396e-05,0.07591543165514439,0.01885884927604519,0.0010774806287608273,0.6533291946903127,0.4942648914242292,0.580754716981132,0.22426470588235298,0.3931134915122047,0.056206529231154836,0.020202020202020204,0.14999999999999858,1.0,1.0,0.0,0.10000000000000002,0.005857263989222623,0.0,0.0,0.0,0.0,0.0,0.004066968749989546,0.0,0.0,0.0032389852959911506,0.001715411228118436,0.03312156029362849,0,0
5404,0.8000000000000114,0.0,0.0,0.06756756756756757,0.0,0.0,0.4411764705882353,0.0,0.0,0.0,0.0,0.0,0.0,0.0,0.0,0.0,0.010066809822150745,0.0,0.0008043294090493882,9.89901386388269e-06,0.006770571997472378,0.005769616709276685,0.0,0.6541738902527044,0.49407273155064274,0.3911320754716981,0.15772058823529414,0.39675111809795394,0.08866470330221193,0.020202020202020204,0.5,0.0,1.0,0.0,0.35000000000000003,1.733201544842659e-05,0.0,0.0,0.0,2.9503156360358535e-05,0.0,0.003671480206224625,0.0,0.0,0.002147376747312997,0.0011958542145024279,0.03312156029362849,0,2
3042,0.6000000000000227,0.0,0.0,0.03474903474903475,0.0,0.6000000000000001,0.5294117647058824,0.0,0.0,0.0,0.0,1.0,0.0,0.0,0.0,0.0,0.010011668599142797,0.0,0.0008043294090493882,9.89901386388269e-06,0.0,0.0005652527453441647,0.0,0.6541162616135845,0.49401274529938566,0.3920754716981132,0.1783088235294118,0.3967815839822567,0.09981828435365626,0.25252525252525254,0.3500000000000014,0.0,1.0,1.0,0.55,8.906334142887131e-05,0.0,0.0,0.0,0.0,0.0,0.0036354330375410375,0.0,0.0,0.00018603213812630438,0.0010898536041849725,0.03312156029362849,0,1
8620,0.6000000000000227,1.0,1.0,0.10231660231660232,0.0,0.6000000000000001,0.32352941176470584,0.0,0.0,0.0,0.0,0.0,0.0,0.0,0.0,0.0,0.010366188738443614,0.0,0.0015534066883459412,9.89901386388269e-06,0.004350677237950775,0.0010001200808904766,2.079146359920374e-05,0.6540077367381509,0.49383801371154173,0.580754716981132,0.2450980392156863,0.396342875248297,0.07017983582931261,0.020202020202020204,0.6000000000000014,0.0,1.0,0.0,0.4,0.00016795014891446354,0.0,0.0,0.0,1.3695099106267225e-05,0.0,0.0036354330375410375,0.0,0.0,0.001502583012236883,0.0012689363301133627,0.03312156029362849,0,4
3558,0.4000000000000341,1.0,0.0,0.03474903474903475,0.1111111111111111,0.6000000000000001,0.5,0.0,0.0,0.0,0.0,1.0,0.0,0.0,0.0,0.0,0.0106520532392722,0.0,0.0008043294090493882,9.89901386388269e-06,0.0,0.0005065003650209768,9.373557333950639e-06,0.6541015576747783,0.49399228031981784,0.42490566037735844,0.14889705882352944,0.3978417967559927,0.08477974810451784,0.020202020202020204,0.7999999999999972,0.0,1.0,0.0,0.5,0.00014435878436950373,0.0,0.0,0.0,0.0,6.927808048038585e-05,0.003671963164859567,0.0,0.0,0.00044435894379179136,0.0012169687026588995,0.03312156029362849,0,0
11883,0.8000000000000114,0.0,1.0,0.02316602316602317,0.0,0.6000000000000001,0.2647058823529412,0.0,0.0,0.0,0.0,0.0,0.0,0.0,0.0,0.0,0.009770786935533304,0.0,0.0008043294090493882,9.89901386388269e-06,0.0,0.0,0.0,0.6540333278204717,0.49391567473973136,0.20339622641509433,0.2450980392156863,0.39068840712170516,0.1342189360235604,0.020202020202020204,0.6499999999999986,0.0,1.0,0.0,0.05,0.0,0.0,0.0,0.0,0.0,0.0,0.0036354330375410375,0.0,0.001026694045174538,5.986182662480091e-05,0.0010825576210823542,0.03312156029362849,1,4
7193,0.0,1.0,0.0,0.08687258687258688,0.8888888888888888,0.6000000000000001,0.5,0.0,0.0,0.0,0.0,1.0,0.0,0.0,0.0,0.0,0.009770786935533304,0.0022889649400168206,0.0,0.0004460021951923587,0.0,0.016768278368279366,0.0036181496341191745,0.6521664527327504,0.49570839468353484,0.580377358490566,0.24436274509803926,0.39958444533811044,0.13302838523717025,0.030303030303030304,0.0,0.0,1.0,0.0,0.15000000000000002,0.0,0.0,0.020009325137293744,0.0529954423392183,0.0,0.0028322700695924876,0.007494049898573111,0.0,0.0,0.014139363448777975,0.003412907343241643,0.04516500689578214,0,0
12253,0.8000000000000114,0.0,1.0,0.015444015444015444,0.0,0.6000000000000001,0.32352941176470584,0.0,0.39999999999999997,0.0,0.0,0.0,0.0,0.0,0.0,0.0,0.009770786935533304,0.0,0.0008043294090493882,9.89901386388269e-06,0.00531552622408211,0.0035312091896368115,0.0,0.6515679676348376,0.4910203791299858,0.580754716981132,0.2450980392156863,0.3965012978466713,0.13359233034651294,0.030303030303030304,0.8500000000000014,1.0,1.0,0.0,0.25000000000000006,0.0,0.0,0.00010827240490250192,0.00047202774151866356,0.0,2.5297160321476313e-06,0.003643776442446626,0.0,0.038424024640657084,0.0015691728988626765,0.0010848845970982276,0.03312156029362849,1,4
9390,0.6000000000000227,1.0,1.0,0.05791505791505792,0.0,0.6000000000000001,0.2647058823529412,0.0,0.0,0.0,0.0,0.0,0.0,0.0,0.0,0.0,0.01062722162956611,0.0,0.0008175849298763456,9.89901386388269e-06,0.0,0.0003475282242030722,0.0,0.6540817616937117,0.49403566082837413,0.580754716981132,0.2450980392156863,0.4021923250344265,0.13058462309668528,0.020202020202020204,0.14999999999999858,0.0,1.0,0.0,0.4,5.13646803301197e-05,0.0,0.0,0.0,0.00014189687828276417,0.0,0.0036354330375410375,0.0,0.0,0.00044221005770782415,0.0014346202939403419,0.03312156029362849,1,4
8326,0.6000000000000227,1.0,0.0,0.10231660231660232,0.0,0.6000000000000001,0.0,0.0,0.0,0.0,0.0,0.0,0.0,0.0,0.0,0.0,0.009770786935533304,0.0,0.0008043294090493882,9.89901386388269e-06,0.006840703396239511,0.001365348810056546,0.0,0.6539540491389613,0.4938218411722551,0.5443396226415094,0.2450980392156863,0.4016987777087218,0.13378031204962718,0.25252525252525254,0.6000000000000014,0.0,0.0,0.0,0.35000000000000003,0.0,0.030487747184666805,0.0,0.0,0.0,0.0,0.003756561811729465,0.05707930553198799,0.0,0.0007579684021650539,0.0010975844485206776,0.03312156029362849,0,3
12383,0.20000000000004547,0.0,1.0,0.06756756756756757,0.0,0.8,0.23529411764705882,0.0,0.005909919999999999,0.0,0.0,0.0,0.0,0.0,0.0,0.0,0.009770786935533304,0.0,0.0008043294090493882,9.89901386388269e-06,0.0008676049332016502,0.00019944230944222218,0.0,0.6540611559689218,0.4939469131310881,0.580377358490566,0.2439950980392157,0.4028625744890872,0.13033398082586628,0.020202020202020204,0.9499999999999957,0.0,1.0,0.0,0.05,0.0,0.0,0.0,0.0,0.0,0.0,0.003644490671517324,0.0,0.0001958675564681725,0.00014064971059109206,0.001082695420492816,0.03312156029362849,1,4
5645,0.6000000000000227,0.0,0.0,0.06756756756756757,0.0,0.8,0.0,0.0,0.0,0.0,0.0,0.0,0.0,0.0,0.0,0.0,0.009855319754757003,0.0,0.0008043294090493882,9.89901386388269e-06,0.0004598306145968746,0.0009953002250789563,0.0,0.654114208098201,0.49400990036406095,0.42113207547169806,0.2450980392156863,0.39771993321878163,0.13127388934143747,0.24242424242424243,0.3999999999999986,0.0,0.0,1.0,0.35000000000000003,0.0,0.0,0.0,0.0,0.0,0.0,0.0036354330375410375,0.005752271477987832,0.0,0.00019928360231076886,0.001087522960127238,0.03312156029362849,0,2
11505,0.4000000000000341,0.0,0.0,0.13706563706563707,0.0,0.6000000000000001,0.029411764705882346,0.0,0.0,0.0,0.0,0.0,0.0,0.0,0.0,0.0,0.011392576989089066,0.0,0.0008043294090493882,9.89901386388269e-06,0.0,8.06079333995648e-06,0.0,0.6541032089688524,0.49401207336828357,0.580754716981132,0.2450980392156863,0.4024116794014064,0.1315245316122564,0.05050505050505051,0.6000000000000014,0.0,1.0,0.0,0.6,0.00010283119388849102,0.0,5.040614753375321e-07,2.1975220741092346e-06,0.0,2.89110403674015e-07,0.003695741220969154,0.0,0.0,6.42107627471155e-06,0.0012160224469949731,0.03319439418984421,1,2
8046,0.4000000000000341,0.0,1.0,0.03861003861003861,0.0,0.4,0.23529411764705882,0.0,0.0,0.0,0.0,0.0,0.0,0.0,0.0,0.0,0.009770786935533304,0.0,0.004512179289496287,9.89901386388269e-06,0.0,0.00011634134717462961,0.0001483022910909731,0.6535609178986347,0.4934533081183171,0.580754716981132,0.2450980392156863,0.3938324863817498,0.1339682937527414,0.030303030303030304,0.8999999999999986,0.0,1.0,0.0,0.8,0.0,0.0,8.377501720109785e-05,0.0,0.0,0.00028000342595828353,0.0036354330375410375,0.0,0.0,0.00207372623498274,0.0010992582652445888,0.03312156029362849,0,4
8557,0.8000000000000114,1.0,0.0,0.10231660231660232,0.4444444444444444,0.6000000000000001,0.5,0.0,0.0,0.0,0.0,1.0,0.0,0.0,0.0,0.0,0.009770786935533304,0.00015817007987769082,0.000918217725048529,9.89901386388269e-06,0.09482271216194135,0.021797548604714067,0.0,0.6561976104466699,0.4960475537511324,0.2952830188679245,0.12990196078431374,0.39366797060651487,0.07205965286045493,0.030303030303030304,0.10000000000000142,0.0,1.0,0.0,0.05,0.00944081602468861,0.0,0.0,0.0,0.001908282935238193,0.0,0.0044866205388241175,0.0,0.0,0.004813325754246225,0.0023868100565080054,0.03355830076848466,0,0
1331,0.8000000000000114,0.0,0.0,0.20463320463320464,0.0,0.6000000000000001,0.029411764705882346,0.0,0.0,0.0,0.0,0.0,0.0,0.0,0.0,0.0,0.009770786935533304,0.0,0.006204987272750665,9.89901386388269e-06,0.0,0.0,0.00035041010618239605,0.6540811964634368,0.4952806408596415,0.580754716981132,0.2450980392156863,0.3935765729536066,0.06065542953819163,0.25252525252525254,0.6000000000000014,0.0,1.0,0.0,0.4,0.00023062510646239707,0.0,0.0,0.0,0.0,0.0,0.0036354330375410375,0.0,0.0,0.0007559730079442273,0.0015045176074212122,0.03312156029362849,0,2
11835,0.6000000000000227,0.0,1.0,0.20463320463320464,0.0,0.6000000000000001,0.23529411764705882,0.0,0.0,0.0,0.0,0.0,0.0,0.0,0.0,0.0,0.009770786935533304,0.0,0.0014141457460109656,9.89901386388269e-06,0.0015118015961038754,0.006794750179809707,0.0,0.6539896844891695,0.49408704084943844,0.580754716981132,0.2450980392156863,0.40116867132185385,0.12444388746162043,0.020202020202020204,0.6499999999999986,0.0,1.0,0.0,0.4,0.00017608322941082668,0.0,0.0,0.0,0.0,8.561281828796769e-05,0.0036490461886576433,0.0,0.0,0.003738754802376668,0.0016014677705593243,0.03312156029362849,1,4
9626,0.20000000000004547,1.0,1.0,0.04247104247104247,0.0,0.8,0.23529411764705882,0.0,0.0,0.0,0.0,0.0,0.0,0.0,0.0,0.0,0.009770786935533304,0.0,0.0008043294090493882,9.89901386388269e-06,0.0,0.0,0.0,0.654060351526303,0.4939473358537744,0.20339622641509433,0.2450980392156863,0.39068840712170516,0.1342189360235604,0.020202020202020204,0.3999999999999986,0.0,1.0,0.0,0.25000000000000006,0.0,0.0,0.0,0.0,0.0,0.0,0.0036354330375410375,0.0,0.0,0.0006658221203263647,0.0010825576210823542,0.03312156029362849,1,4
6360,0.0,1.0,1.0,0.06756756756756757,0.0,0.8,0.23529411764705882,0.0,0.0,0.0,0.0,0.0,0.0,0.0,0.0,0.0,0.009770786935533304,0.0,0.0008043294090493882,9.89901386388269e-06,9.326753031917739e-05,0.0002979169497293194,0.0,0.6541013529196142,0.4939951221497417,0.3920754716981132,0.22659313725490196,0.3967815839822567,0.12337865781063978,0.25252525252525254,0.3999999999999986,0.0,0.0,0.0,0.55,0.0,0.001993057624575563,0.0,0.0,0.0,0.0,0.0036354330375410375,0.005635336867065351,0.0,0.0002223329637590362,0.0010852458496534239,0.03312156029362849,0,4
9746,0.20000000000004547,0.0,1.0,0.02316602316602317,0.0,0.6000000000000001,0.9411764705882353,0.0,0.0,0.0,0.0,0.0,0.0,0.0,0.0,0.0,0.009770786935533304,0.0,0.0008043294090493882,9.89901386388269e-06,0.0,0.00023309819916059716,0.0,0.654031930316779,0.4939140374171499,0.20339622641509433,0.2450980392156863,0.39068840712170516,0.1342189360235604,0.24242424242424243,0.5499999999999972,0.0,0.0,0.0,0.10000000000000002,0.0,0.0,0.0,0.0,0.0,0.0,0.003635517457139828,2.4638137968475078e-05,0.0005594455852156058,5.003834738380794e-05,0.0010825576210823542,0.03312156029362849,1,4
3771,0.6000000000000227,0.0,0.0,0.03474903474903475,0.0,0.6000000000000001,0.5294117647058824,0.0,0.0,0.0,0.0,1.0,0.0,0.0,0.0,0.0,0.010333501310394143,2.2915292703908296e-06,0.0008043294090493882,1.8411356051536413e-05,0.025684721043323852,0.005658676924649449,0.0,0.653986101936436,0.49417225188336755,0.580754716981132,0.24178921568627454,0.39125507256973646,0.029137163982705685,0.020202020202020204,0.14999999999999858,1.0,1.0,0.0,0.15000000000000002,7.00001611001671e-05,0.0,0.0,0.0,0.00038095852828176483,0.0,0.0038087362649764315,0.0,0.0,0.000962061416187559,0.0012656135303003033,0.03312156029362849,0,1
6278,0.8000000000000114,1.0,0.0,0.03861003861003861,0.0,0.2,0.029411764705882346,0.0,0.0,0.0,0.0,0.0,0.0,0.0,0.0,0.0,0.009770786935533304,0.0,0.0008043294090493882,9.89901386388269e-06,0.0019622331572577323,0.003108225291694765,0.0,0.6540854668344884,0.493984235778998,0.4730188679245283,0.2090686274509804,0.3985486052718167,0.1070869102074065,0.25252525252525254,0.6000000000000014,0.0,1.0,0.0,0.5,0.00046968879310591217,0.0,0.0,0.0,0.0,0.0,0.0036441231517756125,0.0,0.0,0.0019556909922276836,0.0011612289898315117,0.03312156029362849,0,3
2292,0.6000000000000227,1.0,0.0,0.03861003861003861,0.537037037037037,0.6000000000000001,0.5,0.0,0.0,0.0,0.0,1.0,0.0,0.0,0.0,0.0,0.010040428118020578,0.0,0.0008043294090493882,9.89901386388269e-06,0.027085180006333514,0.006226256496937106,0.0004258552811046113,0.6543814579840876,0.4943211581816562,0.2984905660377358,0.13075980392156863,0.39375936825942315,0.07544332351651106,0.24242424242424243,0.44999999999999574,0.0,1.0,1.0,0.35000000000000003,0.0004207409547262977,0.0,0.0,0.0,0.0,0.0,0.0036354330375410375,0.0,0.0,0.001711997077514926,0.0012090910375124795,0.03312156029362849,0,0
11634,0.8000000000000114,0.0,0.0,0.05791505791505792,0.0,0.6000000000000001,0.0,0.0,0.0,0.0,0.0,0.0,0.0,0.0,0.0,0.0,0.009808500883365703,0.0,0.0008043294090493882,9.89901386388269e-06,0.0,0.0012824971506757562,2.7315981465062652e-05,0.6540987497459504,0.49399232340725424,0.580754716981132,0.24497549019607845,0.40287476084280827,0.13415627545585562,0.020202020202020204,0.6000000000000014,0.0,1.0,0.0,0.4,0.0001708761570062269,0.0,0.0,0.0,0.00020445609100019286,0.0,0.0036354330375410375,0.0,0.0,0.0004808388432648538,0.0015215261192591224,0.03312156029362849,1,2
6744,0.0,1.0,0.0,0.06756756756756757,0.0,0.6000000000000001,0.5588235294117647,0.0,0.0,0.0,0.0,0.0,0.0,0.0,0.0,0.0,0.009770786935533304,0.0,0.0008043294090493882,9.89901386388269e-06,0.00034921098561366417,0.0003382209164291018,4.784646434963203e-06,0.6541026407567061,0.4939968274029661,0.580754716981132,0.2450980392156863,0.40287476084280827,0.13340434864339873,0.25252525252525254,0.3999999999999986,0.0,0.0,0.0,0.5,0.0,0.012185216638572383,0.0,0.0,0.0,0.0,0.0036354330375410375,0.006249436663263926,0.0,9.772315286612799e-05,0.0010837442326244566,0.03312156029362849,0,3
5037,0.8000000000000114,1.0,0.0,0.06756756756756757,0.2962962962962963,0.6000000000000001,0.5,0.0,0.0,0.0,0.0,1.0,0.0,0.0,0.0,0.0,0.009770786935533304,0.0,0.0008043294090493882,9.89901386388269e-06,5.422530832510314e-06,1.2465144340138887e-06,0.0,0.6541009311504817,0.4939948791521277,0.580754716981132,0.24387254901960786,0.40287476084280827,0.1335296697788082,0.24242424242424243,0.29999999999999716,0.0,0.0,0.0,0.85,0.0,0.0,0.0,0.0,0.0,0.0,0.0036354330375410375,0.0010182733886406753,0.0,3.873111346578999e-05,0.0010830625220877368,0.03312156029362849,0,0
440,0.6000000000000227,1.0,0.0,0.03861003861003861,0.537037037037037,0.6000000000000001,0.5,0.0,0.0,0.0,0.0,1.0,0.0,0.0,0.0,0.0,0.009770786935533304,0.0,0.0008043294090493882,1.0405098417250924e-05,0.006997595288326809,0.0016085853266137894,9.410529601857174e-05,0.6540807392431675,0.4940757942521998,0.5764150943396226,0.2431372549019608,0.3962392912416676,0.10157278024938907,0.020202020202020204,0.44999999999999574,1.0,1.0,0.0,0.2,0.0,0.0,0.0,0.0,0.0,0.0001610706336468856,0.003681208877848973,0.0,0.0,0.0,0.0011240287997740244,0.03312156029362849,0,0
7100,0.0,1.0,0.0,0.0250965250965251,0.35185185185185186,0.6000000000000001,0.5,0.0,0.0,0.0,0.0,1.0,0.0,0.0,0.0,0.0,0.009770786935533304,0.0,0.0008043294090493882,9.89901386388269e-06,0.0,0.0,0.0,0.6540887183995052,0.4939805706296822,0.580754716981132,0.2450980392156863,0.40287476084280827,0.1342189360235604,0.020202020202020204,0.5,0.0,1.0,0.0,0.5,0.0,0.0,0.0,0.0,0.0,0.0,0.003619756514370271,0.0,0.0,0.00022775634292333442,0.0010847592888573471,0.03312156029362849,0,0
5052,0.4000000000000341,1.0,0.0,0.02316602316602317,0.14814814814814814,0.6000000000000001,0.5,0.0,0.0,0.0,0.0,1.0,0.0,0.0,0.0,0.0,0.009770786935533304,4.648530805649968e-05,0.0008206570917621228,1.185250023988408e-05,0.01851288176424571,0.022685399285581026,0.0,0.6538923588597821,0.49494135718783616,0.580754716981132,0.24411764705882358,0.39878014599251765,0.13277774296635128,0.030303030303030304,0.3999999999999986,0.0,1.0,0.0,0.10000000000000002,0.00013404647278855583,0.0,0.0,0.0,0.0004257375894737997,0.0,0.004050870521474122,0.0,0.0,0.005934430322624548,0.0016041731497045018,0.0331414367100377,0,0
12070,0.20000000000004547,0.0,0.0,0.03861003861003861,0.0,0.6000000000000001,0.5588235294117647,0.0,0.0,0.0,0.0,0.0,0.0,0.0,0.0,0.0,0.009770786935533304,0.0,0.0008043294090493882,9.89901386388269e-06,0.01189269462186162,0.0014247659980778746,0.0,0.6543096512094712,0.49421626434099036,0.3796226415094339,0.18382352941176472,0.3963794343094603,0.1008835140046369,0.020202020202020204,0.7999999999999972,0.0,1.0,0.0,0.35000000000000003,0.00038262817183265616,0.0,0.00011774876063884752,0.0005133411565119172,2.8219729929828347e-05,0.0,0.003777101689089164,0.0,0.0,0.0015014829872177094,0.0012643416615689945,0.03312156029362849,1,2
6995,0.6000000000000227,0.0,0.0,0.03861003861003861,0.0,0.6000000000000001,0.1176470588235294,0.0,0.0,0.0,0.0,0.0,0.0,0.0,0.0,0.0,0.010003722484036848,0.0,0.0008043294090493882,9.89901386388269e-06,0.0023078291223163896,0.0005305996440785786,5.717652489781028e-05,0.6540865184411079,0.49396971958287283,0.38584905660377355,0.13860294117647062,0.3965805091458585,0.07738580111535812,0.020202020202020204,0.6499999999999986,0.0,1.0,0.0,0.45,3.5302185793896697e-07,0.0,0.0002223919229189192,0.0006838688694627938,5.1384011846714624e-05,0.0,0.0036354330375410375,0.0,0.0,0.0004459706083547668,0.0011124966248667715,0.03312156029362849,0,2
12286,0.4000000000000341,1.0,1.0,0.10231660231660232,0.0,0.8,0.23529411764705882,0.0,0.0,0.0,0.0,0.0,0.0,0.0,0.0,0.0,0.009770786935533304,0.0,0.0008043294090493882,9.89901386388269e-06,0.003952301972789017,0.0020720393931801533,0.0,0.6539644860199062,0.4938256658615379,0.5052830188679245,0.2450980392156863,0.40043749009858765,0.13127388934143747,0.020202020202020204,0.8999999999999986,0.0,1.0,0.0,0.35000000000000003,0.00011765811192192764,0.0,0.0,0.0,0.00014076996727059132,0.0,0.0036801459762028045,0.0,0.0,0.0030992309546017116,0.0011160094689027483,0.03312156029362849,1,4
10455,0.8000000000000114,0.0,0.0,0.05791505791505792,0.0,0.8,0.5588235294117647,0.0,0.0,0.0,0.0,0.0,0.0,0.0,0.0,0.0,0.009826650532641791,0.0,0.0010885901545008927,9.89901386388269e-06,0.1973685542375994,0.10541830739129043,0.0,0.6511903639924401,0.4964129115327336,0.580754716981132,0.2450980392156863,0.39274180772371103,0.13315370637257973,0.04040404040404041,0.14999999999999858,0.0,1.0,0.0,0.8,8.063155012963674e-05,0.0,0.0,0.0,0.00048774899822697773,0.0,0.004485011854655535,0.0,0.0,0.0642244491049122,0.002013857587841612,0.03312156029362849,1,2
784,1.0,0.0,0.0,0.03474903474903475,0.0,0.6000000000000001,0.029411764705882346,0.0,0.0,0.0,0.0,0.0,0.0,0.0,0.0,0.0,0.009866802493063516,0.0,0.0008043294090493882,9.89901386388269e-06,0.00018689656269385547,5.04422840964287e-05,0.00021948478100749385,0.6540991436842839,0.49399278494745086,0.5539622641509433,0.24411764705882358,0.4020095297286099,0.13371765148192244,0.020202020202020204,0.29999999999999716,0.0,1.0,0.0,0.10000000000000002,0.00016103227827523648,0.0,0.0,0.0,8.019850036630086e-05,0.0,0.0036554353780135535,0.0,0.0,0.0,0.0010944711236387736,0.03312156029362849,0,2
7921,0.6000000000000227,0.0,0.0,0.2953667953667954,0.0,0.8,0.0,0.0,0.0,0.0,0.0,0.0,1.0,0.0,0.0,0.0,0.009770786935533304,0.0,0.0008043294090493882,9.89901386388269e-06,0.0011174028535526253,0.0008750531326777498,0.0,0.6539435125309866,0.49380752294543206,0.20339622641509433,0.2450980392156863,0.39068840712170516,0.13227645842471336,0.020202020202020204,0.7999999999999972,0.0,1.0,0.0,0.6,0.0,0.0,2.0162459013501287e-07,0.0,0.0,1.445552018370075e-07,0.0036354330375410375,0.0,0.0023100616016427105,0.00035753371320864,0.0010825576210823542,0.03312156029362849,0,2
3511,0.8000000000000114,1.0,1.0,0.05791505791505792,0.0,0.2,0.23529411764705882,0.0,0.0,0.0,0.0,0.0,0.0,0.0,0.0,0.0,0.009894297857265349,0.0,0.0008043294090493882,9.89901386388269e-06,0.08914857589880255,0.020493195900961936,0.0,0.654634227240198,0.49457303103122774,0.35358490566037737,0.15833333333333335,0.3955385759027042,0.08910332727614514,0.020202020202020204,0.3999999999999986,0.0,1.0,0.0,0.35000000000000003,0.0019296785754313445,0.0,0.0,0.0,0.0027505080529608736,0.0,0.00410003531786188,0.0,0.0,0.006017878732218608,0.0017628928899447694,0.033166551333516564,0,4
552,0.0,0.0,0.0,0.06756756756756757,0.0,0.6000000000000001,0.029411764705882346,0.0,0.0,0.0,0.0,0.0,0.0,0.0,0.0,0.0,0.009770786935533304,0.0,0.0008043294090493882,9.89901386388269e-06,0.0,0.0,0.0,0.6541014456889442,0.49399548198806154,0.3920754716981132,0.13125000000000003,0.3967815839822567,0.07600726862585377,0.25252525252525254,0.9499999999999957,0.0,0.0,0.0,0.5,0.0,0.0,0.0,0.0,0.0,0.0,0.0036354330375410375,0.001792019050609902,0.0,4.8529010729592876e-05,0.0010834898985327013,0.03312156029362849,0,2
2999,0.8000000000000114,1.0,0.0,0.03474903474903475,0.0,0.6000000000000001,0.029411764705882346,0.0,0.0,0.0,0.0,0.0,0.0,0.0,0.0,0.0,0.009887781440900054,0.0,0.0008043294090493882,9.89901386388269e-06,0.022441686103427182,0.005840501830090942,0.0,0.6542433655352663,0.4941616783817563,0.2788679245283019,0.12230392156862747,0.3931256778659258,0.07130772604799801,0.020202020202020204,0.9499999999999957,0.0,1.0,0.0,0.45,8.635457755737808e-06,0.0,0.0,0.0,0.0,0.0003085530783210925,0.0037390056763753933,0.0,0.001026694045174538,0.0007693779639918322,0.0011724102223552866,0.03312156029362849,0,3
4181,0.8000000000000114,0.0,0.0,0.06756756756756757,0.0,0.8,0.5588235294117647,0.0,0.0,0.0,0.0,0.0,0.0,0.0,0.0,0.0,0.009770786935533304,0.0,0.0008043294090493882,9.89901386388269e-06,0.0037856495252032002,0.0010229728455140646,0.0,0.6540692172923804,0.4940097454821952,0.580754716981132,0.24485294117647063,0.3971532677707504,0.09486809950498154,0.020202020202020204,0.5,0.0,1.0,0.0,0.45,0.0003327095233437095,0.0,0.0,0.0,0.00045062354099261674,0.0,0.003637225481580475,0.0,0.0,0.0021972360208564745,0.0011262279395742212,0.03312156029362849,0,2
12238,0.4000000000000341,0.0,0.0,0.10424710424710425,0.0,0.6000000000000001,0.0,0.0,0.0,0.0,0.0,0.0,0.0,0.0,0.0,0.0,0.009770786935533304,0.0,0.0008043294090493882,9.89901386388269e-06,0.0,0.0,0.0,0.6540741403619326,0.4939634909251815,0.20339622641509433,0.2450980392156863,0.39068840712170516,0.1342189360235604,0.05050505050505051,0.7999999999999972,0.0,1.0,0.0,0.0,0.0,0.0,0.0,0.0,0.0,0.0,0.0036354330375410375,0.0,0.00038501026694045176,6.917366632199217e-05,0.0010825576210823542,0.03312156029362849,1,2
11412,0.4000000000000341,0.0,0.0,0.02316602316602317,0.0,0.4,0.5588235294117647,0.0,0.0,0.0,0.0,0.0,0.0,0.0,0.0,0.0,0.009770786935533304,0.0,0.0008043294090493882,9.89901386388269e-06,0.0,0.0,0.0,0.6540434244367669,0.4939275039877985,0.20339622641509433,0.2450980392156863,0.39068840712170516,0.1342189360235604,0.020202020202020204,0.6000000000000014,0.0,1.0,0.0,0.05,0.0,0.0,0.0,0.0,0.0,0.0,0.0036354330375410375,0.0,0.0,0.000927218763254662,0.0010825576210823542,0.03312156029362849,1,2
10199,0.20000000000004547,0.0,0.0,0.03474903474903475,0.0,0.6000000000000001,0.029411764705882346,0.0,0.0,0.0,0.0,0.0,0.0,0.0,0.0,0.0,0.009788394804233986,0.0,0.0008043294090493882,9.89901386388269e-06,0.0,0.0,0.0,0.6535737767217309,0.4933518146915474,0.580754716981132,0.2450980392156863,0.40287476084280827,0.1319004950184849,0.020202020202020204,0.14999999999999858,0.0,1.0,0.0,0.45,0.00013381565080451883,0.0,0.0,0.0,0.00018302913022707305,0.0,0.0036354330375410375,0.0,0.0,0.0009174208659908591,0.0011966658926845543,0.03312156029362849,1,2
10700,0.8000000000000114,1.0,1.0,0.31660231660231664,0.0,0.8,0.23529411764705882,0.0,0.0,0.0,0.0,0.0,0.0,0.0,0.0,0.0,0.011469615177019655,0.0,0.0008043294090493882,2.596213758779049e-05,0.07438338594393247,0.017098937097142115,0.0,0.6534329999260821,0.4943473339933288,0.580754716981132,0.24497549019607845,0.395105960345605,0.08559433548467951,0.020202020202020204,0.5,1.0,1.0,0.0,0.10000000000000002,0.0009158065883125148,0.0,0.000845815155616379,0.003530978468678718,0.0005257822448878112,0.0,0.0037640233263146645,0.0,0.0,0.009681627177473943,0.0016305002723226896,0.03316496399804091,1,4
9330,0.6000000000000227,0.0,0.0,0.0694980694980695,0.0,0.6000000000000001,0.0,0.0,0.0,0.0,0.0,0.0,0.0,0.0,0.0,0.0,0.009940108414807977,0.0,0.0008043294090493882,9.89901386388269e-06,0.0,0.0011842718132754617,0.0,0.6540599837621733,0.4940287439362265,0.580754716981132,0.2450980392156863,0.40237512034024303,0.1342189360235604,0.020202020202020204,0.29999999999999716,0.0,0.0,0.0,0.35000000000000003,4.950452669405668e-05,0.0,0.0001455729540774793,0.00013536735976512885,7.731861666852581e-06,0.0,0.003639226422396461,0.0,0.0,0.0010360700761984773,0.0013880806249184747,0.03319199830536065,1,2
5271,0.4000000000000341,1.0,0.0,0.10231660231660232,0.4444444444444444,0.6000000000000001,0.5,0.0,0.0,0.0,0.0,1.0,0.0,0.0,0.0,0.0,0.009770786935533304,0.0,0.0008043294090493882,9.89901386388269e-06,0.0,0.00014019132334542868,0.0,0.654101230331571,0.493981142799783,0.5588679245283019,0.24264705882352944,0.40216795232698427,0.11686195876934648,0.24242424242424243,0.5,0.0,1.0,0.0,0.85,0.0,0.0,0.0,0.0,0.0,0.0,0.0036354330375410375,0.0,0.0,0.0001356868070162154,0.0010964881996855076,0.03312156029362849,0,0
7381,0.0,0.0,0.0,0.10231660231660232,0.0,0.8,0.5588235294117647,0.0,0.0,0.0,0.0,0.0,0.0,0.0,0.0,0.0,0.010704906944295099,0.0,0.0008043294090493882,9.89901386388269e-06,0.0,0.0,0.0,0.6541165154039659,0.49402694862637836,0.3920754716981132,0.2338235294117647,0.39606258911271164,0.12400526348768723,0.25252525252525254,0.9499999999999957,0.0,1.0,0.0,0.35000000000000003,0.0,0.0,0.0,0.0,0.0,0.0,0.0036354330375410375,0.0,0.0,0.0006408285286116507,0.0011044868606452144,0.03312156029362849,0,2
5999,0.8000000000000114,1.0,0.0,0.03861003861003861,0.537037037037037,0.6000000000000001,0.5,0.0,0.0,0.0,0.0,1.0,0.0,0.0,0.0,0.0,0.009770786935533304,0.0,0.0008043294090493882,9.89901386388269e-06,0.011347549522166583,0.0046162584539647675,0.0,0.6541741258205388,0.49407166057553553,0.3920754716981132,0.22254901960784318,0.3967815839822567,0.11347828811329033,0.25252525252525254,0.0,0.0,0.0,0.0,0.55,0.0,0.004100076345524156,0.0,0.0,0.0,0.0,0.003656117802491219,0.033982016630820365,0.0,0.0006197233974298299,0.001108476401418749,0.03312156029362849,0,0
8705,0.8000000000000114,1.0,0.0,0.10231660231660232,0.4444444444444444,0.6000000000000001,0.5,0.0,0.0,0.0,0.0,1.0,0.0,0.0,0.0,0.0,0.009794143698117456,0.0,0.0008043294090493882,9.89901386388269e-06,0.0035998374686758467,0.0019134827571735866,0.0,0.6541350142710075,0.49403471406929966,0.39584905660377356,0.2041666666666667,0.39690344751946777,0.11316498527476661,0.24242424242424243,0.0,0.0,0.0,0.0,0.55,0.0,0.001934394993785756,0.0,0.0,0.0,0.0,0.003645188409317561,0.025926349577177887,0.0,0.0005350214709534557,0.0011018455235282086,0.03312156029362849,0,0
11600,0.20000000000004547,0.0,0.0,0.02316602316602317,0.0,0.6000000000000001,0.029411764705882346,0.0,0.0,0.0,0.0,0.0,0.0,0.0,0.0,0.0,0.009770786935533304,0.0,0.0008043294090493882,9.89901386388269e-06,0.0,0.0,0.0,0.654102444947156,0.4939963577110923,0.20339622641509433,0.24522058823529416,0.39068840712170516,0.10953067234789148,0.020202020202020204,0.6000000000000014,0.0,0.0,0.0,0.75,0.0,0.0,4.637365573105296e-06,0.0,0.0,1.6623848211255862e-06,0.0036354330375410375,0.0,0.0,0.0,0.0010825576210823542,0.03312156029362849,1,2
11273,0.4000000000000341,0.0,0.0,0.02316602316602317,0.0,0.4,0.5294117647058824,0.0,0.0,0.0,0.0,1.0,0.0,0.0,0.0,0.0,0.009770786935533304,0.0,0.0008043294090493882,9.89901386388269e-06,0.0,0.0,0.0,0.6538378966366868,0.49368670655024544,0.20339622641509433,0.12267156862745099,0.39068840712170516,0.07162102888652172,0.020202020202020204,0.3999999999999986,0.0,1.0,0.0,0.75,0.0,0.0,0.0,0.0,0.0,0.0,0.0036354330375410375,0.0,0.0019763860369609856,8.342282761686999e-05,0.0010825576210823542,0.03312156029362849,1,1
9210,0.20000000000004547,0.0,1.0,0.10424710424710425,0.0,1.0,0.32352941176470584,0.0,0.0,0.0,0.0,0.0,0.0,0.0,0.0,0.0,0.014590843170852085,0.0,0.0008043294090493882,7.416163045058125e-05,0.07429879446294531,0.017167246088126076,0.0,0.6443391349392636,0.4824330138589357,0.580754716981132,0.2450980392156863,0.39864609610158547,0.12926875117488565,0.030303030303030304,0.0,1.0,1.0,0.0,0.85,0.0,0.0,0.0006456019376123112,0.0028145862725191075,0.0002804130235290098,0.0,0.0037415614306476165,0.0,0.026700154004106778,0.0012551541288543726,0.0012388281998582634,0.03312156029362849,1,4
9728,0.8000000000000114,0.0,1.0,0.10231660231660232,0.0,0.8,0.23529411764705882,0.0,0.0,0.0,0.0,0.0,0.0,0.0,0.0,0.0,0.009770786935533304,0.0,0.0008043294090493882,9.89901386388269e-06,0.0,1.6537091491250924e-05,0.0,0.6541028382228514,0.49399711348801645,0.580754716981132,0.2450980392156863,0.40287476084280827,0.1342189360235604,0.020202020202020204,0.3999999999999986,0.0,1.0,0.0,0.4,1.78547593534516e-05,0.0,0.0,0.0,3.604550084769533e-05,0.0,0.0036354330375410375,0.0,0.0,1.4811964793059713e-05,0.001212163220843778,0.03312156029362849,1,4
1398,0.6000000000000227,1.0,1.0,0.03474903474903475,0.0,0.6000000000000001,0.23529411764705882,0.0,0.0,0.0,0.0,0.0,0.0,0.0,0.0,0.0,0.009770786935533304,0.0,0.0008043294090493882,9.89901386388269e-06,0.0,0.0015539048934417137,0.0,0.6541066119466685,0.4940002720688238,0.2788679245283019,0.06580882352941178,0.3931195846890652,0.042358543768406545,0.020202020202020204,0.9499999999999957,0.0,1.0,0.0,0.45,9.426362495158763e-05,0.0,0.0006928829039989717,0.003020713843070554,0.0001334763487751393,0.0,0.003659725071580006,0.0,0.0,0.000990969050412356,0.0011603168866114013,0.03312156029362849,0,4
3544,0.6000000000000227,0.0,0.0,0.02316602316602317,0.0,0.4,0.5294117647058824,0.0,0.0,0.0,0.0,1.0,0.0,0.0,0.0,0.0,0.009770786935533304,0.0,0.0008043294090493882,9.89901386388269e-06,0.0,0.0011069879183666007,0.0,0.6541029131009535,0.4939972012155896,0.20339622641509433,0.2450980392156863,0.39068840712170516,0.1342189360235604,0.24242424242424243,0.14999999999999858,0.0,0.0,1.0,0.55,0.0,0.0007817478898799392,0.0,0.0,0.0,0.0,0.0036388298466067935,0.0011125007501502039,0.0003505133470225873,0.0,0.0010825576210823542,0.03312156029362849,0,1
574,0.4000000000000341,1.0,0.0,0.06756756756756757,0.0,0.4,0.029411764705882346,0.0,0.0,0.0,0.0,0.0,0.0,0.0,0.0,0.0,0.009917428877943082,0.0,0.0008043294090493882,9.89901386388269e-06,0.0008057880817110326,0.00047733192726505174,0.0,0.6541081615257986,0.49399915567722963,0.3920754716981132,0.20196078431372552,0.3967815839822567,0.10458048749921675,0.24242424242424243,0.10000000000000142,0.0,0.0,1.0,0.55,0.0,0.0010479374618508923,0.0,0.0,0.0,0.0,0.0036421807157048353,0.012808819557460424,0.0,0.00028068545372962204,0.001090797976259835,0.03312156029362849,0,3
7542,0.8000000000000114,1.0,1.0,0.10231660231660232,0.0,0.6000000000000001,0.23529411764705882,0.0,0.0,0.0,0.0,1.0,0.0,0.0,0.0,0.0,0.009770786935533304,0.0,0.0008154952360048017,9.89901386388269e-06,7.049290082263407e-05,0.0015551514078757274,0.0,0.6541397855964413,0.4940362803558374,0.389811320754717,0.13223039215686275,0.39670237268306957,0.07606992919355851,0.24242424242424243,0.5499999999999972,0.0,1.0,0.0,0.5,0.00020828968506587397,0.0,0.0,0.0,0.0,0.0,0.00368787449230976,0.0,0.0,0.0006137116327901598,0.0011860683249299117,0.03312156029362849,0,0
2975,0.6000000000000227,1.0,0.0,0.15830115830115832,0.4444444444444444,0.6000000000000001,0.5,0.0,0.0,0.0,0.0,1.0,0.0,0.0,0.0,0.0,0.009893816274531656,0.0,0.0008043294090493882,9.89901386388269e-06,0.018075464277089878,0.009871480206805054,0.0,0.6540105334021317,0.494133579938802,0.580754716981132,0.2450980392156863,0.39070059347542624,0.023748355160097753,0.020202020202020204,0.29999999999999716,1.0,1.0,0.0,0.15000000000000002,4.443323192712575e-05,0.0,0.0,0.0,0.00028005303806678795,0.0,0.003653706543160181,0.0,0.001540041067761807,0.001659861008001531,0.0012183220614012872,0.03312156029362849,0,0
7944,0.4000000000000341,0.0,0.0,0.10231660231660232,0.0,0.6000000000000001,0.029411764705882346,0.0,0.0,0.0,0.0,0.0,0.0,0.0,0.0,0.0,0.009770786935533304,8.655433415590504e-05,0.0008043294090493882,9.89901386388269e-06,0.0,0.0,0.0,0.6540351530570396,0.49391561534894074,0.580754716981132,0.2450980392156863,0.40292959943455325,0.1335296697788082,0.020202020202020204,0.3500000000000014,0.0,1.0,0.0,0.85,7.74611422900695e-05,0.0,0.0,0.0,0.00015228950206169154,0.0,0.0036614213165417522,0.0,0.0,0.0008520844962473798,0.0011086885530291004,0.03316268716371802,0,2
6132,0.20000000000004547,0.0,1.0,0.015444015444015444,0.0,0.6000000000000001,0.23529411764705882,0.0,0.0,0.0,0.0,0.0,0.0,0.0,0.0,0.0,0.009770786935533304,0.0,0.0008043294090493882,9.89901386388269e-06,9.615954676318289e-05,2.2104855963179626e-05,0.0,0.6540904859865608,0.4939822828700584,0.580377358490566,0.23615196078431375,0.4028625744890872,0.12707563130521962,0.020202020202020204,0.7999999999999972,0.0,1.0,0.0,0.85,0.0,0.0,0.0,0.0,0.0,0.0,0.0036354330375410375,0.0,9.047741273100616e-05,1.2816570572233016e-05,0.001082729969481698,0.03312156029362849,0,4
10352,0.6000000000000227,1.0,0.0,0.15830115830115832,0.0,0.6000000000000001,0.6470588235294117,0.0,0.0,0.0,0.0,1.0,0.0,0.0,0.0,0.0,0.009770786935533304,0.0,0.0008043294090493882,9.89901386388269e-06,0.0,0.0029147662515358096,0.0,0.6539152960766266,0.49377614325833813,0.5607547169811321,0.24264705882352944,0.4022288840955898,0.13246444012782757,0.24242424242424243,0.0,0.0,0.0,0.0,0.85,0.0,0.00014865405006592712,0.0,0.0,0.0,0.0,0.00364598941388283,0.023050638633666184,0.00250202772073922,0.0013212323759363644,0.0010934185443290051,0.03312156029362849,1,0
4897,0.0,0.0,0.0,0.03474903474903475,0.0,0.6000000000000001,0.5294117647058824,0.0,0.0,0.0,0.0,1.0,0.0,0.0,0.0,0.0,0.010728880734756797,0.0,0.0008043294090493882,1.177152671134516e-05,0.037647547063952604,0.008654300412471626,0.0004349896061168138,0.6536327935876106,0.4943531189668782,0.58,0.24436274509803926,0.39681814304342,0.1325271006955323,0.020202020202020204,0.7999999999999972,0.0,1.0,0.0,0.25000000000000006,0.0035379782713824436,0.0,4.213953933821769e-05,0.000183712845395532,0.0,1.792484502778893e-05,0.003933843361839029,0.0,0.0,0.0040626482155803455,0.0013446296949844148,0.03319585255431247,0,1
10003,0.4000000000000341,1.0,0.0,0.02316602316602317,0.0,0.8,0.029411764705882346,0.0,0.0,0.0,0.0,0.0,0.0,0.0,0.0,0.0,0.009770786935533304,0.0,0.0014361655053140995,9.89901386388269e-06,0.0,0.0,0.0,0.6487070930310528,0.4898370424694872,0.580754716981132,0.24350490196078436,0.4094249259679012,0.024562942540259418,0.030303030303030304,0.14999999999999858,0.0,1.0,0.0,0.75,1.8954558218569152e-05,0.0,0.0,0.0,0.0,1.6912958614929878e-05,0.003644283745337963,0.0,0.0,0.08333298371297841,0.00011677097258464095,0.005109920600685842,1,3
2243,0.6000000000000227,1.0,0.0,0.10231660231660232,0.0,0.6000000000000001,0.5588235294117647,0.0,0.0,0.0,0.0,0.0,0.0,0.0,0.0,0.0,0.009770786935533304,0.0,0.0008043294090493882,9.89901386388269e-06,0.0002472674059624703,0.0011403945051981729,0.0,0.6539393707117207,0.49380555218043776,0.20339622641509433,0.09093137254901962,0.39068840712170516,0.05539194185099318,0.020202020202020204,0.6000000000000014,0.0,1.0,0.0,0.35000000000000003,0.0,0.0,0.0,0.0,0.0,0.0,0.0036354330375410375,0.0,0.0,0.0012739568820890857,0.0010825576210823542,0.03312156029362849,0,3
8207,0.6000000000000227,0.0,0.0,0.10231660231660232,0.0,0.4,0.5294117647058824,0.0,0.0,0.0,0.0,1.0,0.0,0.0,0.0,0.0,0.009770786935533304,0.0,0.0008043294090493882,0.0004282082622959316,0.0,0.0,0.0,0.6538322022564196,0.4943889976034077,0.580754716981132,0.2268382352941177,0.3965317637309741,0.11316498527476661,0.020202020202020204,0.0,1.0,1.0,0.0,0.25000000000000006,0.0,0.0,0.0,0.0,0.00019565992448851037,0.0,0.004067090863920819,0.0,0.0,0.0022867217770673946,0.0013060263797787471,0.03312180831479656,0,1
10925,1.0,0.0,0.0,0.2953667953667954,0.0,1.0,0.029411764705882346,0.0,0.0,0.0,0.0,0.0,1.0,0.0,0.0,0.0,0.010831743796781718,0.0,0.0008043294090493882,9.89901386388269e-06,0.0,0.00016129896776139718,0.0,0.6540917006021459,0.49395613733604377,0.580754716981132,0.2450980392156863,0.40304536979490374,0.13384297261733194,0.25252525252525254,0.29999999999999716,0.0,1.0,0.0,0.85,0.0,0.0,0.0,0.0,0.0,0.0,0.0036354330375410375,0.0,0.0,5.3466332327279444e-05,0.0013382615777682836,0.03341096131338042,1,2
4202,0.6000000000000227,1.0,0.0,0.15830115830115832,0.0,0.6000000000000001,0.0,0.0,0.0,0.0,0.0,0.0,0.0,0.0,0.0,0.0,0.009770786935533304,0.0,0.0008043294090493882,9.89901386388269e-06,0.0,0.0,0.0,0.6541034607713195,0.49399784286903364,0.580566037735849,0.2450980392156863,0.4028686676659477,0.1342189360235604,0.25252525252525254,0.5,0.0,0.0,1.0,0.35000000000000003,0.0,0.03760674128244921,0.0,0.0,0.0,0.0,0.0036356348592795416,0.014131941631247091,0.0,9.209511788430909e-06,0.0010828128969686413,0.03312156029362849,0,3
10892,0.4000000000000341,1.0,0.0,0.02316602316602317,0.0,0.6000000000000001,0.029411764705882346,0.0,0.0,0.0,0.0,0.0,0.0,0.0,0.0,0.0,0.009770786935533304,0.0,0.0008043294090493882,9.89901386388269e-06,0.0,0.0,0.0,0.6540985174913063,0.49399205129650753,0.20339622641509433,0.20269607843137258,0.39068840712170516,0.11253837959771917,0.24242424242424243,0.5,0.0,0.0,0.0,0.55,0.0,0.0,0.0,0.0,0.0,0.0,0.0036354330375410375,0.0008070341806664454,0.0,6.323864761389225e-05,0.0010825576210823542,0.03312156029362849,1,3
6292,0.6000000000000227,1.0,0.0,0.06756756756756757,0.2962962962962963,0.6000000000000001,0.5,0.0,0.0,0.0,0.0,1.0,0.0,0.0,0.0,0.0,0.009770786935533304,0.0,0.0008043294090493882,9.89901386388269e-06,0.0001344787646462558,9.41533902491824e-05,3.892962326629152e-06,0.6541021229050532,0.49399627541797064,0.580754716981132,0.2450980392156863,0.40287476084280827,0.1342189360235604,0.24242424242424243,0.5,0.0,0.0,1.0,0.5,0.0,0.0016105940926520533,0.0,0.0,0.0,0.0,0.0036354330375410375,0.0019408519404696247,0.0,4.474287810546017e-05,0.0010833543296882363,0.03312156029362849,0,0
4914,0.4000000000000341,0.0,0.0,0.10231660231660232,0.0,0.6000000000000001,0.47058823529411764,0.0,0.0,0.0,0.0,0.0,0.0,0.0,0.0,0.0,0.009770786935533304,0.0,0.0008043294090493882,9.89901386388269e-06,0.0002461828997959682,6.938930349343981e-05,0.0,0.6541013916839413,0.4939954187155199,0.20339622641509433,0.24497549019607845,0.39068840712170516,0.13428159659126512,0.020202020202020204,0.14999999999999858,0.0,1.0,0.0,0.75,0.0,0.0,2.0162459013501287e-07,8.790088296436938e-07,0.0,0.0,0.0036354330375410375,0.0,0.0,3.601942388364089e-05,0.0010825576210823542,0.03312156029362849,0,2
11736,0.0,0.0,0.0,0.08687258687258688,0.0,1.0,0.5588235294117647,0.0,0.0,0.0,0.0,0.0,0.0,0.0,0.0,0.0,0.009770786935533304,0.0,0.0008043294090493882,9.89901386388269e-06,0.0,0.0,0.0,0.6540986476996874,0.4939913401597201,0.580754716981132,0.2450980392156863,0.40287476084280827,0.1342189360235604,0.030303030303030304,0.6000000000000014,0.0,1.0,0.0,0.45,6.65310424577284e-07,0.0,0.0,0.0,0.00010705654615642035,0.0,0.0036778784265143593,0.0,0.0,3.0186733084301314e-05,0.0059553783896227315,0.03312156029362849,1,2
5737,0.6000000000000227,1.0,0.0,0.06756756756756757,0.0,0.6000000000000001,0.1764705882352941,0.0,0.0,0.0,0.0,0.0,0.0,0.0,0.0,0.0,0.00977349583841033,0.0,0.0008043294090493882,9.89901386388269e-06,0.0,0.0002471422617838203,0.0,0.6541035604983494,0.4939979597097395,0.3920754716981132,0.1678921568627451,0.3967815839822567,0.09474277836957204,0.24242424242424243,0.0,0.0,0.0,1.0,0.55,0.0,0.0026377157822872073,0.0,0.0,0.0,0.0,0.003636150800455406,0.005011428157004719,0.0,0.0001179584968234859,0.0010850239826889537,0.03312156029362849,0,3
9307,0.6000000000000227,0.0,1.0,0.03474903474903475,0.0,0.6000000000000001,0.23529411764705882,0.0,0.0,0.0,0.0,0.0,0.0,0.0,0.0,0.0,0.009805776931028248,0.0,0.0008043294090493882,9.89901386388269e-06,0.0,0.0,0.0,0.6540793202037374,0.4939694750325584,0.580754716981132,0.2450980392156863,0.40287476084280827,0.1342189360235604,0.020202020202020204,0.29999999999999716,0.0,1.0,0.0,0.4,0.0,0.0,0.0,0.0,0.0,0.0,0.0036354330375410375,0.0,0.0,0.00037290848149988155,0.001168005647601969,0.03312156029362849,1,4
4787,0.20000000000004547,1.0,0.0,0.06756756756756757,0.2962962962962963,0.6000000000000001,0.5,0.0,0.0,0.0,0.0,1.0,0.0,0.0,0.0,0.0,0.009770786935533304,0.0,0.0008043294090493882,9.89901386388269e-06,0.0,8.002622666369165e-05,0.0,0.654104799300224,0.49399939595761794,0.5171698113207547,0.2450980392156863,0.4008213602408024,0.13403095432044615,0.24242424242424243,0.29999999999999716,0.0,0.0,0.0,0.35000000000000003,0.0,0.008616678395688485,0.0,0.0,0.0,0.0,0.0036354330375410375,0.005326394698181651,0.0,1.4632890952729111e-05,0.001084180729605941,0.03312156029362849,0,0
3957,0.8000000000000114,1.0,0.0,0.10231660231660232,0.0,0.6000000000000001,0.0,0.0,0.0,0.0,0.0,0.0,0.0,0.0,0.0,0.0,0.009770786935533304,0.0,0.0008043294090493882,9.89901386388269e-06,0.0007049290082263408,0.0006451127700833212,3.0882717898398856e-05,0.6540907666137842,0.4939813027279251,0.580754716981132,0.2450980392156863,0.40287476084280827,0.13296572466946552,0.020202020202020204,0.0,0.0,1.0,0.0,0.5,0.0,0.0,0.0,0.0,0.0,0.0,0.0036371897504944755,0.0,0.0,0.00038720880674913955,0.0011061438242038174,0.03312156029362849,0,3
4107,0.6000000000000227,1.0,0.0,0.06756756756756757,0.2962962962962963,0.6000000000000001,0.5,0.0,0.0,0.0,0.0,1.0,0.0,0.0,0.0,0.0,0.009770786935533304,0.0,0.0008043294090493882,9.89901386388269e-06,0.0,1.8365312661137958e-05,0.0,0.6541019277581412,0.4939960467828354,0.20339622641509433,0.2450980392156863,0.39068840712170516,0.1342189360235604,0.24242424242424243,0.0,0.0,0.0,1.0,0.75,0.0,0.0,0.0,0.0,0.0,0.0,0.0036354330375410375,0.0006934206980594648,0.0,2.9444855745788824e-05,0.0010825576210823542,0.03312156029362849,0,0
3725,0.0,0.0,0.0,0.07297297297297296,0.0,0.0,0.7941176470588235,0.2222222222222222,0.0,0.0,0.0,0.0,0.0,0.0,0.0,0.0,0.009770786935533304,0.0,0.0008043294090493882,9.89901386388269e-06,0.001064623553449525,0.000295756324710362,0.0,0.6540066294699335,0.4938843948136387,0.2788679245283019,0.24436274509803926,0.3931256778659258,0.13384297261733194,0.25252525252525254,0.6499999999999986,0.0,1.0,0.0,0.05,0.0,0.0,0.0,0.0,0.0,0.0,0.0036354330375410375,0.0,0.001451540041067762,0.00010805827165092266,0.0010831678543709135,0.03312156029362849,0,2
1727,0.8000000000000114,1.0,0.0,0.06756756756756757,0.2962962962962963,0.6000000000000001,0.5,0.0,0.0,0.0,0.0,1.0,0.0,0.0,0.0,0.0,0.009770786935533304,0.0,0.0008043294090493882,9.89901386388269e-06,0.0,0.010767973387747843,0.0,0.6542317292794121,0.4941480037492529,0.3567924528301887,0.23431372549019613,0.3956421599093336,0.12864214549783823,0.020202020202020204,0.29999999999999716,0.0,1.0,0.0,0.35000000000000003,0.0,0.0,0.001249870834246945,0.005448975734961258,0.0,0.0009042289262909412,0.0036354330375410375,0.0,0.0,0.0035490388595349914,0.001123129286859762,0.03312156029362849,0,0
11596,0.8000000000000114,0.0,0.0,0.10231660231660232,0.0,0.8,0.029411764705882346,0.0,0.0,0.0,0.0,0.0,0.0,0.0,0.0,0.0,0.009770786935533304,0.0,0.0008043294090493882,9.89901386388269e-06,0.0,0.0,9.725881298707021e-05,0.6540980526506992,0.493991506686839,0.580754716981132,0.24497549019607845,0.40287476084280827,0.13415627545585562,0.020202020202020204,0.6000000000000014,0.0,1.0,0.0,0.5,8.207758197080982e-05,0.0,0.0,0.0,5.1697042683429304e-05,0.0,0.0036429424553404343,0.0,0.0,0.0002531080823187095,0.0010901719803048991,0.03312156029362849,1,2
2466,0.8000000000000114,0.0,0.0,0.10231660231660232,0.0,0.6000000000000001,0.029411764705882346,0.0,0.0,0.0,0.0,0.0,0.0,0.0,0.0,0.0,0.010089910743907622,0.0,0.0008043294090493882,9.89901386388269e-06,0.0,0.0,3.753772612157495e-05,0.6540498752183929,0.493949789508596,0.580754716981132,0.24497549019607845,0.40236293398652195,0.13315370637257973,0.020202020202020204,0.14999999999999858,0.0,1.0,0.0,0.5,8.846591982312845e-05,0.0,0.0,0.0,0.00014915919369454475,0.0,0.0036354919349355424,0.0,0.0,0.0007234583149356281,0.0011506169481819574,0.03312234404051959,0,2
6197,0.6000000000000227,1.0,0.0,0.06756756756756757,0.0,0.6000000000000001,1.0,0.0,0.0,0.0,0.0,1.0,0.0,0.0,0.0,0.0,0.009770786935533304,0.0,0.0008043294090493882,9.89901386388269e-06,0.0,1.7201899189391664e-05,0.0,0.6541106411174622,0.4940061552506741,0.28547169811320755,0.1522058823529412,0.3933450322329056,0.08672222570336488,0.24242424242424243,0.6499999999999986,0.0,0.0,0.0,0.05,0.0,0.0008410413016459808,0.0,0.0,0.0,0.0,0.0036357424451868374,0.003242348062434432,0.0,8.587869742711823e-05,0.0010862991724851908,0.03312284008285574,0,0
7385,0.20000000000004547,0.0,0.0,0.03474903474903475,0.0,0.6000000000000001,0.5294117647058824,0.0,0.0,0.0,0.0,1.0,0.0,0.0,0.0,0.0,0.011532416575385418,0.0,0.0008043294090493882,9.89901386388269e-06,0.006552224755949962,0.0015061218401378478,0.00019203830918511401,0.6541328013911678,0.49407704068245323,0.4832075471698113,0.23100490196078435,0.39864000292472496,0.12337865781063978,0.020202020202020204,0.3999999999999986,0.0,1.0,0.0,0.05,0.0,0.0,0.0,0.0,0.0,0.0,0.003730049738566952,0.0,0.0,0.0006136604688357796,0.001150721883920068,0.03312156029362849,0,1
495,0.6000000000000227,1.0,0.0,0.03861003861003861,0.537037037037037,0.6000000000000001,0.5,0.0,0.0,0.0,0.0,1.0,0.0,0.0,0.0,0.0,0.009770786935533304,0.0,0.0008043294090493882,9.89901386388269e-06,0.0006890229177843105,0.0012604753956748443,0.0,0.6541156519865587,0.4940118979131373,0.2788679245283019,0.056372549019607844,0.3931256778659258,0.03772166175825553,0.24242424242424243,0.0,0.0,1.0,1.0,0.45,0.00020575064324146678,0.0,0.0,0.0,0.0,0.0,0.0036354330375410375,0.0,0.0,0.00047139909368171213,0.0011415373053721245,0.03312156029362849,0,0
2529,0.0,1.0,1.0,0.07722007722007722,0.0,0.6000000000000001,0.2647058823529412,0.0,0.0,0.0,0.0,0.0,0.0,0.0,0.0,0.0,0.3961644493669557,0.009640747353681983,0.0009715828924248208,9.89901386388269e-06,0.0,0.005037746534585997,0.005798143291852841,0.6525251042636654,0.4972991649776721,0.580377358490566,0.23210784313725494,0.3978905421708771,0.1157340685506611,0.030303030303030304,1.0,1.0,1.0,0.0,0.25000000000000006,0.00034568307662296655,0.0,0.0,0.0,0.0,0.008797521167398898,0.005846315579486494,0.0,0.0,0.009363924602750267,0.003342732299510119,0.03592986925673254,0,4
3504,0.4000000000000341,0.0,0.0,0.03474903474903475,0.0,0.6000000000000001,0.5294117647058824,0.0,0.0,0.0,0.0,1.0,0.0,0.0,0.0,0.0,0.01099299876526702,0.0,0.0008043294090493882,9.89901386388269e-06,0.019797298567439656,0.00458301806905773,0.0,0.6538944110498895,0.49394295607409533,0.580754716981132,0.24485294117647063,0.4003156265613766,0.13246444012782757,0.020202020202020204,0.5,1.0,1.0,0.0,0.25000000000000006,0.0,0.0,0.0,0.0,0.0,0.0004032367355243324,0.0038087319458341676,0.0,0.0,0.003227166422529331,0.0012258657860339372,0.03312156029362849,0,1
3250,0.0,1.0,0.0,0.06756756756756757,0.2962962962962963,0.6000000000000001,0.5,0.0,0.0,0.0,0.0,1.0,0.0,0.0,0.0,0.0,0.009770786935533304,0.0,0.0008043294090493882,9.89901386388269e-06,0.0,8.94997363621972e-05,0.0,0.6541031340907504,0.49399744654225425,0.3109433962264151,0.08161764705882354,0.39416151793221954,0.05062973870543268,0.24242424242424243,0.10000000000000142,0.0,0.0,0.0,0.5,0.0,0.00030950319900572095,0.0,0.0,0.0,0.0,0.003635535911656773,0.0056442961899629785,0.0,4.6047558942154545e-05,0.0010861599851669978,0.03312156029362849,0,0
12258,0.20000000000004547,0.0,1.0,0.0694980694980695,0.0,0.6000000000000001,0.23529411764705882,0.0,0.0,0.0,0.0,0.0,0.0,0.0,0.0,0.0,0.009770786935533304,0.0,0.0008043294090493882,9.89901386388269e-06,0.014388504813038367,0.00330758450017472,0.0007262875804345281,0.6540986026402985,0.4940665634482674,0.580754716981132,0.24436274509803926,0.391139302209386,0.013973306598157782,0.020202020202020204,0.8999999999999986,0.0,1.0,0.0,0.4,0.0005962403402951483,0.0,0.0,0.0,0.00019648945620580428,0.0,0.0036407251647619667,0.0,0.0,0.00047802482577394436,0.0013819518226497209,0.03312156029362849,1,4
11606,0.0,0.0,0.0,0.015444015444015444,0.0,0.6000000000000001,0.5588235294117647,0.0,0.0,0.0,0.0,0.0,0.0,0.0,0.0,0.0,0.009770786935533304,0.0,0.0008043294090493882,9.89901386388269e-06,0.0,0.0,0.0,0.6540236267991052,0.49390430897273635,0.20339622641509433,0.2450980392156863,0.39068840712170516,0.1342189360235604,0.020202020202020204,0.6000000000000014,0.0,1.0,0.0,0.5,0.0,0.0,0.0,0.0,0.0,0.0,0.0036354330375410375,0.0,0.0,0.0012329489726533782,0.0010825576210823542,0.03312156029362849,1,2
3994,1.0,1.0,0.0,0.05791505791505792,0.0,0.6000000000000001,0.029411764705882346,0.0,0.0,0.0,0.0,0.0,0.0,0.0,0.0,0.0,0.07663448615460929,0.0,0.0021138189194489293,9.89901386388269e-06,0.03405385513022027,0.007828193746569487,0.0,0.6561405029723932,0.4964133521114747,0.3950943396226415,0.23982843137254906,0.39681814304342,0.13058462309668528,0.030303030303030304,0.0,0.0,1.0,0.0,0.6,0.0,0.0,0.0,0.0,0.0,0.0021917459702527078,0.00656783300643002,0.0,0.0,0.0007970576633115051,0.0018124943329899507,0.033848138305492395,0,3
4894,0.4000000000000341,0.0,0.0,0.0694980694980695,0.0,0.6000000000000001,0.5294117647058824,0.0,0.0,0.0,0.0,1.0,0.0,0.0,0.0,0.0,0.022157666725635468,0.00012314241817314528,0.04348091536388939,1.5729107918684763e-05,0.1867002670777186,0.044724854791456055,0.0,0.6528865209832525,0.4939741377918871,0.580377358490566,0.2431372549019608,0.39254073288731284,0.07600726862585377,0.030303030303030304,0.0,1.0,1.0,0.0,0.25000000000000006,0.0,0.0,2.117058196417635e-06,0.0,0.0,1.6262460206663342e-06,0.004506972729819993,0.0,0.0,0.018476455115653562,0.0015622912990287756,0.03314500821485792,0,1
8997,0.4000000000000341,1.0,0.0,0.05791505791505792,0.7037037037037037,0.6000000000000001,0.5,0.0,0.0,0.0,0.0,1.0,0.0,0.0,0.0,0.0,0.009770786935533304,0.0,0.0008043294090493882,9.89901386388269e-06,0.06579626611756914,0.022142251396200043,0.0,0.6541246870566635,0.49401049155474175,0.2788679245283019,0.12536764705882356,0.3931256778659258,0.07231029513127389,0.020202020202020204,0.29999999999999716,0.0,1.0,0.0,0.45,0.0001388801566895663,0.0,0.0,0.0,0.00011527360562018069,0.0,0.0038554473959091073,0.0,0.0,0.007038983351760885,0.0012459106930109325,0.03312156029362849,0,0
2426,0.6000000000000227,1.0,0.0,0.03861003861003861,0.537037037037037,0.4,0.5,0.0,0.0,0.0,0.0,1.0,0.0,0.0,0.0,0.0,0.009976513059583147,0.0,0.0008043294090493882,9.89901386388269e-06,0.026499546676422403,0.006091549837101339,0.0,0.6536960775113515,0.49350346111788307,0.5584905660377358,0.2433823529411765,0.4024908907005935,0.13202581615389436,0.020202020202020204,0.3500000000000014,0.0,1.0,0.0,0.35000000000000003,0.0,0.0,0.0,0.0,0.0003009634979593285,0.0,0.003772979656772402,0.0,0.0,0.0064575561741846135,0.00112909377076676,0.03323316981926043,0,0
3534,0.0,0.0,0.0,0.10231660231660232,0.0,0.0,0.7941176470588235,0.4444444444444444,0.0,0.0,0.0,0.0,0.0,0.0,0.0,0.0,0.009770786935533304,0.0,0.0008043294090493882,9.89901386388269e-06,0.006111192248239123,0.0014048217671336525,0.0,0.6541214361542848,0.4940151764400513,0.3120754716981132,0.1536764705882353,0.39419807699338283,0.08534369321386052,0.24242424242424243,0.29999999999999716,0.0,1.0,0.0,0.35000000000000003,0.0,0.0,0.0,0.0,0.0,0.0,0.0036354330375410375,0.0,0.0,0.0005076231733828737,0.0011031426224393465,0.03312156029362849,0,2
5223,0.4000000000000341,0.0,0.0,0.02316602316602317,0.0,0.4,0.029411764705882346,0.0,0.0,0.0,0.0,0.0,0.0,0.0,0.0,0.0,0.009795407852793403,1.0912044144718236e-07,0.002466774452244842,9.89901386388269e-06,0.05108060194430265,0.011742249069373099,0.0012427249179101474,0.6540584275566624,0.4941433118767915,0.5767924528301887,0.24497549019607845,0.4013088143896465,0.12444388746162043,0.020202020202020204,0.3999999999999986,0.0,1.0,0.0,0.4,2.012224590252112e-05,0.0,0.0013421140842337133,0.003732710995081946,0.0,0.00020895454425539433,0.003844198778857232,0.0,0.0,0.002502480172688579,0.0017201797816742792,0.03362904136604186,0,2
4685,0.6000000000000227,1.0,0.0,0.10424710424710425,0.2962962962962963,0.6000000000000001,0.5,0.0,0.0,0.0,0.0,1.0,0.0,0.0,0.0,0.0,0.009770786935533304,0.0,0.0008043294090493882,9.89901386388269e-06,0.00017894351747284036,0.004018180828524904,0.0,0.6540886229796229,0.4939777330696845,0.3922641509433962,0.2373774509803922,0.3967876771591173,0.12550911711260104,0.25252525252525254,0.29999999999999716,0.0,0.0,0.0,0.55,0.0,0.0010544555319386484,0.0,0.0,0.0,0.0,0.003636215194940065,0.008931827044596653,0.0,0.001749909567710633,0.0010894740609886035,0.03312156029362849,0,0
6257,0.8000000000000114,1.0,0.0,0.10231660231660232,0.0,0.6000000000000001,0.1764705882352941,0.0,0.0,0.0,0.0,0.0,0.0,0.0,0.0,0.0,0.009770786935533304,0.0,0.0008043294090493882,9.89901386388269e-06,0.0022427587523262656,0.0005015974082471888,0.0001873189079288094,0.6541015858368963,0.49398328630269783,0.580754716981132,0.24387254901960786,0.40287476084280827,0.12331599724293504,0.24242424242424243,0.14999999999999858,0.0,1.0,0.0,0.2,0.00021045533838669187,0.0,0.0,0.0,0.0,0.0,0.0036354330375410375,0.0,0.0,0.00023816820763969935,0.001103329791710535,0.03312156029362849,0,3
8339,0.8000000000000114,1.0,0.0,0.06756756756756757,0.2962962962962963,0.6000000000000001,0.5,0.0,0.0,0.0,0.0,1.0,0.0,0.0,0.0,0.0,0.009770786935533304,0.0,0.0008043294090493882,9.89901386388269e-06,0.004439245241548443,0.002032566436103047,0.0,0.6541013101794586,0.4939953232244447,0.3918867924528302,0.23125000000000004,0.39677549080539615,0.12713829187292439,0.020202020202020204,0.04999999999999716,0.0,1.0,0.0,0.55,0.0,0.0,0.0,0.0,0.0,0.0,0.003649611603644892,0.0,0.0,0.0007158860496873627,0.0010915001088674576,0.03312156029362849,0,0
4975,0.8000000000000114,1.0,0.0,0.02316602316602317,0.0,0.6000000000000001,0.029411764705882346,0.0,0.0,0.0,0.0,0.0,0.0,0.0,0.0,0.0,0.009770786935533304,0.0,0.0008043294090493882,9.89901386388269e-06,3.361969116156395e-05,7.72838949088611e-06,0.0,0.6538421405022157,0.4936916786851307,0.580754716981132,0.2450980392156863,0.40287476084280827,0.1342189360235604,0.25252525252525254,0.9499999999999957,0.0,1.0,0.0,0.05,6.440612242821116e-05,0.0,0.0,0.0,0.0,0.0,0.0036354330375410375,0.0,0.0035934291581108833,0.0004530568160364206,0.0010885057970735099,0.03312156029362849,0,3
10730,0.4000000000000341,0.0,1.0,0.02316602316602317,0.0,0.6000000000000001,0.23529411764705882,0.0,0.0,0.0,0.0,0.0,0.0,0.0,0.0,0.0,0.009770786935533304,0.0,0.0008043294090493882,9.89901386388269e-06,0.0,0.0,0.0,0.6539757174038988,0.49384817807659515,0.20339622641509433,0.20759803921568631,0.39068840712170516,0.11504480230590891,0.020202020202020204,0.5,0.0,1.0,0.0,0.75,0.0,0.0,0.0,0.0,2.8595366933885965e-05,0.0,0.0036354330375410375,0.0,0.0016251540041067763,5.116395438017172e-05,0.0010825576210823542,0.03312156029362849,1,4
3711,0.0,0.0,0.0,0.02316602316602317,0.0,0.6000000000000001,0.5294117647058824,0.0,0.0,0.0,0.0,1.0,0.0,0.0,0.0,0.0,0.009770786935533304,0.001214150415850364,0.0008043294090493882,9.89901386388269e-06,0.024003013481134653,0.00477980114770739,0.00015510953806435258,0.6539440575508003,0.4940323295096463,0.580754716981132,0.2450980392156863,0.3984937666800717,0.12933141174259039,0.020202020202020204,0.6000000000000014,0.0,1.0,0.0,0.45,8.685695481675276e-05,0.0,0.0,0.0,0.0,0.0012011814496646137,0.003683680605171702,0.0,0.0,0.0022955475591979746,0.0011814421806209236,0.03312156029362849,0,1
2090,0.20000000000004547,0.0,1.0,0.10231660231660232,0.0,0.6000000000000001,0.32352941176470584,0.0,0.0,0.0,0.0,0.0,0.0,0.0,0.0,0.0,0.011803999138267896,0.0,0.0008043294090493882,1.0678384076069771e-05,0.0007562623001074384,0.003825802100875427,0.0,0.6537100055009761,0.4931566643169729,0.580754716981132,0.24497549019607845,0.39304646656673864,0.05019111473149947,0.020202020202020204,0.29999999999999716,1.0,1.0,0.0,0.45,0.00020118851461579397,0.0,0.0,0.0,0.0,0.00015351762435090197,0.003659013198405088,0.0,0.0027440195071868584,0.0005639035232010626,0.0012683350686569232,0.03373835421565746,0,4
10098,0.20000000000004547,0.0,0.0,0.06756756756756757,0.0,0.6000000000000001,0.5588235294117647,0.0,0.0,0.0,0.0,0.0,0.0,0.0,0.0,0.0,0.009770786935533304,0.0,0.0008043294090493882,9.89901386388269e-06,0.03221887069649878,0.009671871695438298,0.0,0.6541950320516942,0.49410512825650466,0.4439622641509434,0.18186274509803924,0.3984572076189084,0.10188608308791279,0.020202020202020204,0.14999999999999858,0.0,0.0,0.0,0.35000000000000003,0.0,0.0,0.0,0.0,0.0,0.0,0.003654339886475759,0.0,0.0,0.003944382735030579,0.0015317227303838278,0.03312156029362849,1,2
8435,0.8000000000000114,0.0,0.0,0.03474903474903475,0.0,0.6000000000000001,0.5294117647058824,0.0,0.0,0.0,0.0,1.0,0.0,0.0,0.0,0.0,0.009869646841084394,4.807846650162855e-05,0.0008043294090493882,9.89901386388269e-06,0.0013314120704090323,0.0005492142596265193,0.0,0.6540858405623607,0.4939717148028986,0.580754716981132,0.2450980392156863,0.4025274497617568,0.12475719030014412,0.020202020202020204,0.5499999999999972,0.0,1.0,0.0,0.45,0.0,0.0,0.0001757158303026637,0.0,0.0,6.298992920047602e-05,0.003641726420468553,0.0,0.0,0.0002941671557087973,0.001093959778776067,0.03312156029362849,0,1
9402,0.4000000000000341,0.0,0.0,0.03474903474903475,0.0,0.6000000000000001,0.029411764705882346,0.0,0.0,0.0,0.0,0.0,0.0,0.0,0.0,0.0,0.009770786935533304,4.73364474997877e-05,0.0008043294090493882,9.89901386388269e-06,0.009247584081763089,0.02811305553512657,0.0,0.6537464486069935,0.4935795655639125,0.580754716981132,0.24056372549019608,0.40287476084280827,0.1319004950184849,0.030303030303030304,0.14999999999999858,0.0,1.0,0.0,0.2,0.0,0.0,3.840948442071995e-05,0.0,0.0,1.3768882974974964e-05,0.003657121414093585,0.0,0.0,0.01335120831352862,0.001121622762585602,0.03312156029362849,1,2
2532,0.0,1.0,0.0,0.06756756756756757,0.0,0.6000000000000001,1.0,0.0,0.0,0.0,0.0,1.0,0.0,0.0,0.0,0.0,0.00988745035277064,0.0,0.0008043294090493882,9.89901386388269e-06,0.0,0.0005071651727191175,0.0,0.6540866175054996,0.49397809717793045,0.580754716981132,0.2450980392156863,0.40287476084280827,0.13415627545585562,0.24242424242424243,0.14999999999999858,0.0,0.0,0.0,0.4,0.0,0.0,0.0,0.0,0.0,0.0,0.0036354330375410375,0.00539057743376724,0.00030490246406570846,0.00011248395370480752,0.0010844333783811653,0.03312156029362849,0,0
7594,0.0,0.0,0.0,0.06756756756756757,0.0,0.6000000000000001,0.47058823529411764,0.0,0.0,0.0,0.0,0.0,0.0,0.0,0.0,0.0,0.009770786935533304,0.0,0.0008043294090493882,9.89901386388269e-06,0.0,0.0,0.0,0.6539987861544004,0.49387520554444225,0.580754716981132,0.2450980392156863,0.40287476084280827,0.1342189360235604,0.25252525252525254,0.14999999999999858,0.0,1.0,0.0,0.75,2.7121583124349483e-05,0.0,0.0,0.0,0.0,0.0,0.0036354330375410375,0.0,0.0014581622176591377,0.00016323859644993787,0.0010840689038973071,0.03312156029362849,0,2
8097,0.6000000000000227,1.0,0.0,0.06756756756756757,0.2962962962962963,0.6000000000000001,0.5,0.0,0.0,0.0,0.0,1.0,0.0,0.0,0.0,0.0,0.009770786935533304,0.0,0.0008043294090493882,9.89901386388269e-06,0.0,0.00016545401587477683,0.0,0.6541002731508767,0.4939941082363745,0.580754716981132,0.24485294117647063,0.40287476084280827,0.13409361488815089,0.25252525252525254,0.9499999999999957,0.0,0.0,0.0,0.5,0.0,0.015818935582333844,0.0,0.0,0.0,0.0,0.0036354330375410375,0.01237514198788993,0.0,9.994878488166545e-05,0.0010867201050728317,0.03312156029362849,0,0
8407,0.4000000000000341,1.0,0.0,0.10424710424710425,0.0,0.6000000000000001,0.5588235294117647,0.0,0.0,0.0,0.0,0.0,0.0,0.0,0.0,0.0,0.009770786935533304,0.0,0.0008043294090493882,9.89901386388269e-06,0.0,0.0,0.0,0.6541080945993535,0.4940032718860143,0.3920754716981132,0.17598039215686276,0.3967815839822567,0.0988783758380851,0.25252525252525254,0.5,0.0,0.0,1.0,0.55,0.0,0.0016288867409628535,0.0,0.0,0.0,0.0,0.003647481088560995,0.007005958799317887,0.0,1.660270319636572e-05,0.0010858780911931504,0.03312156029362849,0,3
3301,0.4000000000000341,1.0,0.0,0.06756756756756757,0.2962962962962963,0.6000000000000001,0.5,0.0,0.0,0.0,0.0,1.0,0.0,0.0,0.0,0.0,0.009770786935533304,0.0,0.0008043294090493882,9.89901386388269e-06,0.000345957467114158,0.0010508116678737082,0.0,0.6541051362516833,0.4939785641525785,0.42,0.21127450980392157,0.40375827148758825,0.11648599536311802,0.24242424242424243,0.6499999999999986,0.0,1.0,0.0,0.05,0.0001503805226001165,0.0,0.0,0.0,0.0,0.0,0.0036354330375410375,0.0,0.0,0.00045530803002914814,0.0010890055429930334,0.033390658300562134,0,0
9107,0.8000000000000114,0.0,0.0,0.05791505791505792,0.0,0.8,0.029411764705882346,0.0,0.0,0.0,0.0,0.0,0.0,0.0,0.0,0.0,0.024502824144120257,0.0,0.0008043294090493882,6.423225151349646e-05,0.3647205083008102,0.08702640242222685,0.0,0.6520154438113208,0.4952360193552832,0.580754716981132,0.2450980392156863,0.39194360155497876,0.1285794849301335,0.030303030303030304,1.0,1.0,1.0,0.0,0.2,0.0,0.0,3.024368852025193e-05,7.647376817900136e-05,0.0,4.661905259243491e-06,0.004661117812770777,0.0,0.0,0.019902087540502666,0.0016382454914170399,0.03317116452724268,1,2
3253,0.0,0.0,0.0,0.06756756756756757,0.0,0.4,0.5588235294117647,0.0,0.0,0.0,0.0,0.0,0.0,0.0,0.0,0.0,0.009770786935533304,0.0,0.0008043294090493882,9.89901386388269e-06,0.0,0.0,0.0,0.6541034395669013,0.4940006474341477,0.20339622641509433,0.2422794117647059,0.39068840712170516,0.01303339808258663,0.020202020202020204,0.5,0.0,1.0,0.0,0.6,0.0,0.0,0.0,0.0,0.0,0.0,0.0036354330375410375,0.0,0.0,4.348936122314596e-07,0.0010830425956981663,0.03312156029362849,0,2
11288,0.8000000000000114,0.0,0.0,0.5675675675675675,0.0,1.0,0.0,0.0,0.0,0.0,0.0,0.0,1.0,0.0,0.0,0.0,0.009770786935533304,0.0,0.002441776099438239,9.89901386388269e-06,0.03198787088303384,0.024592981874433616,0.0,0.6537279106443057,0.4936588646910338,0.580754716981132,0.2450980392156863,0.40247870434687244,0.13384297261733194,0.020202020202020204,0.5499999999999972,0.0,1.0,0.0,0.45,0.0010015230109728494,0.0,0.0,0.0,0.000928339900902889,0.0,0.003659056389827725,0.0,0.0,0.011103166485972635,0.0016061141882348158,0.03312156029362849,1,2
3020,0.0,0.0,1.0,0.0694980694980695,0.0,0.4,0.23529411764705882,0.0,0.0,0.0,0.0,0.0,0.0,0.0,0.0,0.0,0.009770786935533304,0.0,0.0008043294090493882,9.89901386388269e-06,0.0,0.0388174566867397,0.0,0.6528342563993214,0.492221766709091,0.20339622641509433,0.2450980392156863,0.39068840712170516,0.11379159095181403,0.11111111111111112,0.6499999999999986,0.0,1.0,0.0,0.8,0.0,0.0,0.0,0.0,0.00017614245181935012,0.0,0.005057319015009209,0.0,0.0,0.024936774143374703,0.0010825576210823542,0.03312156029362849,0,4
11698,0.20000000000004547,1.0,1.0,0.03861003861003861,0.0,0.6000000000000001,0.23529411764705882,0.0,0.0,0.0,0.0,0.0,0.0,0.0,0.0,0.0,0.009770786935533304,0.0,0.0008043294090493882,9.89901386388269e-06,0.07810974913203356,0.019994008420620508,0.0,0.6528556775002582,0.4925359335109028,0.580754716981132,0.2450980392156863,0.40287476084280827,0.1342189360235604,0.020202020202020204,0.6000000000000014,0.0,1.0,0.0,0.75,0.00010260716078633745,0.0,0.0,0.0,0.0,0.003017409144345235,0.0036354330375410375,0.0,0.0,0.010275691851782117,0.0011138070080376232,0.03312156029362849,1,4
1679,0.0,0.0,0.0,0.10231660231660232,0.0,0.6000000000000001,0.029411764705882346,0.0,0.0,0.0,0.0,0.0,0.0,0.0,0.0,0.0,0.009770786935533304,0.0,0.0008043294090493882,9.89901386388269e-06,0.0,0.00022246127599034532,0.0,0.6541070718174902,0.4940020708722478,0.3718867924528302,0.11899509803921571,0.39612352088131714,0.06974121185537942,0.25252525252525254,0.6999999999999957,0.0,1.0,0.0,0.5,9.554672362755811e-05,0.0,0.0,0.0,0.0,0.0,0.0036354330375410375,0.0,0.0,0.0001241237533262966,0.0011048011226100806,0.03312156029362849,0,2
3116,0.6000000000000227,0.0,0.0,0.05791505791505792,0.0,0.6000000000000001,0.5294117647058824,0.0,0.0,0.0,0.0,1.0,0.0,0.0,0.0,0.0,0.009770786935533304,0.0,0.001368016533533154,9.89901386388269e-06,0.0,0.06318315742937146,0.0,0.6531262034687703,0.495429519985673,0.511132075471698,0.19803921568627453,0.40034609244567937,0.11009461745723417,0.030303030303030304,0.6499999999999986,0.0,1.0,0.0,0.45,0.029489687691813492,0.0,0.0,0.0,0.0,0.007148471563642776,0.0045975141237954535,0.0,0.0,0.022871848108545353,0.01495431471185922,0.033359189374757285,0,1
7101,0.6000000000000227,1.0,0.0,0.03861003861003861,0.537037037037037,0.6000000000000001,0.5,0.0,0.0,0.0,0.0,1.0,0.0,0.0,0.0,0.0,0.009878465824895164,0.0,0.0008043294090493882,9.89901386388269e-06,0.0,0.00021016233357474163,0.0,0.6541169348538651,0.4940100288500198,0.40283018867924525,0.1468137254901961,0.39714108141702925,0.08252396766714708,0.24242424242424243,0.5,0.0,1.0,1.0,0.5,8.343535834749816e-06,0.0,0.0,0.0,0.0,0.0,0.0036354330375410375,0.0,0.0,0.00010928620655604679,0.0011089327256535372,0.033125280611149555,0,0
6505,0.0,0.0,0.0,0.03474903474903475,0.0,0.4,0.5294117647058824,0.0,0.0,0.0,0.0,1.0,0.0,0.0,0.0,0.0,0.009888082430108613,0.0,0.0008043294090493882,9.89901386388269e-06,0.00031486829034109887,0.00029475911316315085,0.0,0.6541107799401381,0.49399958732794336,0.3888679245283019,0.24448529411764708,0.39703140423353933,0.13002067798734257,0.25252525252525254,0.29999999999999716,0.0,1.0,0.0,0.45,3.079436822329143e-05,0.0,0.0,0.0,0.0,0.0,0.0036354330375410375,0.0,0.0004909907597535934,9.29904870859621e-05,0.0011041031537256517,0.03309423332133043,0,1
1985,0.6000000000000227,0.0,0.0,0.015444015444015444,0.0,0.6000000000000001,0.5294117647058824,0.0,0.0,0.0,0.0,1.0,0.0,0.0,0.0,0.0,0.009770786935533304,0.0,0.0008234329537705915,9.89901386388269e-06,0.0052385262862604635,0.00939356657280413,0.0,0.6540133072050989,0.4938460310801044,0.580754716981132,0.24497549019607845,0.4023324681022192,0.1263237044927627,0.020202020202020204,0.14999999999999858,0.0,1.0,0.0,0.4,0.0,0.0,0.0007843196556252001,0.0025082516953882803,0.0,0.00020150995136078843,0.0037058063930407743,0.0,0.0,0.0039060097692454497,0.0013844355826710944,0.03312156029362849,0,1
11401,0.8000000000000114,1.0,1.0,0.08687258687258688,0.0,0.6000000000000001,0.23529411764705882,0.0,0.0,0.0,0.0,0.0,0.0,0.0,0.0,0.0,0.009770786935533304,0.0,0.0008071208657882416,9.89901386388269e-06,0.17341687404834583,0.07063490381686875,0.0,0.6433050044049959,0.49736236920052723,0.580754716981132,0.2450980392156863,0.3936314115453516,0.08390250015665143,0.020202020202020204,0.6999999999999957,1.0,1.0,1.0,0.45,0.002328803730240764,0.0,0.0,0.0,0.0,0.0054476711976290055,0.003693666462085389,0.0,0.0,0.14494904325963506,0.006576103269267781,0.03312156029362849,1,4
3514,0.6000000000000227,1.0,0.0,0.5405405405405406,1.0,0.4,0.5,0.0,0.0,0.0,0.0,1.0,0.0,0.0,0.0,0.0,0.011354080469314413,0.018192625470339112,0.0009992635388575847,0.0003105537253288841,0.1736182306932597,0.03991081604729442,0.0,0.6481497879074114,0.4967316987827879,0.58,0.2433823529411765,0.39359485248418824,0.13215113728930386,0.030303030303030304,0.0,0.0,1.0,0.0,0.25000000000000006,0.0,0.0,0.003709186772418764,0.0,0.0,0.004794570795729405,0.006140097353874979,0.0,0.0,0.018113549187235005,0.0028084411087145526,0.033229330451578686,0,0
4748,0.6000000000000227,1.0,1.0,0.015444015444015444,0.0,0.6000000000000001,0.23529411764705882,0.0,0.0,0.0,0.0,0.0,0.0,0.0,0.0,0.0,0.009770786935533304,0.0,0.0008223881068348196,9.89901386388269e-06,0.0,0.006220190126691572,0.0,0.6536267251481519,0.49338145418965773,0.580754716981132,0.2450980392156863,0.4024969838774541,0.12951939344570462,0.24242424242424243,0.9499999999999957,0.0,1.0,1.0,0.5,0.0,0.0,0.0,0.0,0.0,0.0,0.0036924928333375512,0.0,0.0,0.009276945880303976,0.0018456839653854013,0.03312156029362849,0,4
12152,0.20000000000004547,0.0,1.0,0.04247104247104247,0.0,0.6000000000000001,0.32352941176470584,0.0,0.0,0.0,0.0,0.0,0.0,0.0,0.0,0.0,0.009770786935533304,0.0,0.0008043294090493882,9.89901386388269e-06,0.0017297873355707901,0.002051264152613255,0.0,0.6540239664011168,0.49389226506383765,0.5692452830188679,0.23492647058823535,0.40250307705431465,0.1183658123942603,0.020202020202020204,0.7999999999999972,0.0,1.0,0.0,0.35000000000000003,2.158185550746108e-05,0.0,0.0,0.0,0.0,3.975268050517706e-06,0.0036354330375410375,0.0,0.0006097792607802875,0.0002603221998863137,0.0010878964560113492,0.03312156029362849,1,4
5118,0.6000000000000227,1.0,0.0,0.5405405405405406,1.0,0.2,0.5,0.0,0.0,0.0,0.0,1.0,0.0,0.0,0.0,0.0,0.012423013544589632,0.0008948749162200531,0.0008043294090493882,0.2484505411663346,0.1867006285797741,0.06481027427057091,0.0,0.6510671822255034,0.4945164657671471,0.580754716981132,0.24375000000000005,0.390785897951474,0.05570524468951689,0.030303030303030304,0.0,0.0,1.0,0.0,0.25000000000000006,7.107959331963432e-06,0.0,0.0020205808300380315,0.0,0.0,0.0017106662585391467,0.003984150767680184,0.0,0.0,0.019066708075360414,0.0023885543591174122,0.033164214974113336,0,0
2356,0.6000000000000227,1.0,0.0,0.05791505791505792,0.7037037037037037,0.6000000000000001,0.5,0.0,0.0,0.0,0.0,1.0,0.0,0.0,0.0,0.0,0.009923433612653828,6.176216985910521e-06,0.0008050779561078517,9.89901386388269e-06,0.03191014794110119,0.007587948864653878,0.00033133676562120185,0.6538963751091335,0.4945014076785791,0.580754716981132,0.24448529411764708,0.3917059676574173,0.03584184472711323,0.020202020202020204,0.6999999999999957,1.0,1.0,0.0,0.10000000000000002,5.4100599729146695e-05,0.0,0.0,0.0,0.0004998789431496716,0.0,0.003770674412751474,0.0,0.0,0.0023948056306955074,0.001427932462264686,0.03312156029362849,0,0
1246,0.8000000000000114,1.0,0.0,0.20463320463320464,0.6666666666666666,0.6000000000000001,0.5,0.0,0.0,0.0,0.0,1.0,0.0,0.0,0.0,0.0,0.009821940051527847,0.0,0.0008043294090493882,9.89901386388269e-06,0.008744373220506132,0.002010046075328529,0.0,0.6541750608028577,0.4940817298376889,0.36377358490566036,0.15392156862745102,0.395867607453174,0.0875994736512313,0.24242424242424243,0.3999999999999986,0.0,1.0,0.0,0.35000000000000003,0.0006409315497338449,0.0,0.0,0.0,0.0,0.0,0.0036844698302580703,0.0,0.0,0.00031831654217623833,0.001134926304303021,0.03312156029362849,0,0
9347,0.6000000000000227,0.0,1.0,0.03861003861003861,0.0,1.0,0.23529411764705882,0.0,0.0,0.0,0.0,0.0,0.0,0.0,0.0,0.0,0.009770786935533304,0.0,0.0008043294090493882,9.89901386388269e-06,0.0,0.0,1.2244345194928562e-05,0.6540881965720239,0.49397321393514365,0.580754716981132,0.2450980392156863,0.40287476084280827,0.13296572466946552,0.020202020202020204,0.29999999999999716,0.0,1.0,0.0,0.35000000000000003,3.832323823202825e-05,0.0,0.0,0.0,4.631291229193682e-05,0.0,0.003637481488921924,0.0,0.0,0.00024778703106317164,0.0011862078096569043,0.03312156029362849,1,4
12071,0.4000000000000341,0.0,0.0,0.03861003861003861,0.0,0.6000000000000001,0.5588235294117647,0.0,0.0,0.0,0.0,0.0,0.0,0.0,0.0,0.0,0.009770786935533304,0.0,0.0008043294090493882,9.89901386388269e-06,0.0,0.009444091957862825,0.0,0.6541735032720707,0.4940743999272324,0.32037735849056603,0.20723039215686279,0.39446617677524715,0.11410489379033775,0.020202020202020204,0.7999999999999972,0.0,1.0,0.0,0.35000000000000003,0.0007606942150396394,0.0,0.0,0.003943233609781611,0.00067470666545482,0.0,0.003682333032785426,0.0,0.0,0.008480604512353792,0.001207369288403706,0.03312156029362849,1,2
8515,0.0,0.0,0.0,0.0918918918918919,0.0,0.0,0.7941176470588235,0.3333333333333333,0.0,0.0,0.0,0.0,0.0,0.0,0.0,0.0,0.009770786935533304,0.0,0.0008043294090493882,9.89901386388269e-06,0.0,0.00011501173177834812,0.0,0.6541031791501392,0.49399743256795053,0.20339622641509433,0.24595588235294122,0.39068840712170516,0.11053324143116737,0.25252525252525254,0.5,0.0,0.0,0.0,0.6,0.0,0.0,0.0,0.0,0.0,0.0,0.0036354330375410375,9.476801030507499e-05,0.0,3.985672046215377e-05,0.0010825576210823542,0.03312156029362849,0,2
12217,0.4000000000000341,0.0,1.0,0.02316602316602317,0.0,0.8,0.23529411764705882,0.0,0.0,0.0,0.0,0.0,0.0,0.0,0.0,0.0,0.009770786935533304,0.0,0.0008043294090493882,9.89901386388269e-06,0.022483981843920763,0.01846461831104773,0.0,0.6531878231769946,0.4921495665282404,0.3920754716981132,0.08480392156862746,0.39068840712170516,0.05225891346575601,0.020202020202020204,0.7999999999999972,0.0,1.0,0.0,0.35000000000000003,0.0,0.0,2.268276639018895e-05,0.0,0.0,1.0733223736397807e-05,0.0036975175663874274,0.0,0.0,0.007412249980941427,0.0011914403209400575,0.04302719835844114,1,4
11645,0.20000000000004547,0.0,0.0,0.03474903474903475,0.0,1.0,0.029411764705882346,0.0,0.0,0.0,0.0,0.0,0.0,0.0,0.0,0.0,0.009770786935533304,0.0,0.0008043294090493882,9.89901386388269e-06,0.04739111196586264,0.013542215912089154,0.0,0.6529544294580945,0.4938831122831008,0.20339622641509433,0.2450980392156863,0.39068840712170516,0.1040792029575788,0.07070707070707072,0.6000000000000014,0.0,1.0,0.0,0.35000000000000003,0.0,0.0,0.0,0.0,7.61604025726815e-05,0.0,0.0037336499399683986,0.0,0.003423100616016427,0.006172803186081767,0.0012942020998621953,0.03312156029362849,1,2
10632,0.4000000000000341,0.0,0.0,0.03474903474903475,0.0,0.6000000000000001,0.5588235294117647,0.0,0.0,0.0,0.0,0.0,0.0,0.0,0.0,0.0,0.009770786935533304,0.0,0.0008043294090493882,9.89901386388269e-06,0.0,0.0,0.0,0.653729341279902,0.493559515155354,0.38396226415094337,0.19313725490196082,0.396519577377253,0.10765085531674919,0.020202020202020204,0.10000000000000142,0.0,1.0,0.0,0.5,0.00024981048666500327,0.0,0.0,0.0,0.0002103254191885931,0.0,0.0036354330375410375,0.0,0.0,0.0,0.001144188110002583,0.03312156029362849,1,2
9199,0.20000000000004547,0.0,0.0,0.06756756756756757,0.0,0.6000000000000001,0.5588235294117647,0.0,0.0,0.0,0.0,0.0,0.0,0.0,0.0,0.0,0.009770786935533304,0.0,0.0008043294090493882,9.89901386388269e-06,0.0,0.0004966113505111332,0.0,0.6540706144647541,0.493959359965743,0.20339622641509433,0.2450980392156863,0.39068840712170516,0.1342189360235604,0.24242424242424243,0.8999999999999986,0.0,0.0,0.0,0.05,0.0,0.0,0.0,0.0,0.0,0.0,0.0036354330375410375,0.00047368558044093306,0.0,0.00034098217396665443,0.0010825576210823542,0.03312156029362849,1,2
7825,0.20000000000004547,0.0,0.0,0.03581081081081081,0.0,0.0,0.7941176470588235,0.3333333333333333,0.0,0.0,0.0,0.0,0.0,0.0,0.0,0.0,0.018686764518760016,0.0,0.0008043294090493882,9.89901386388269e-06,0.044429687127201,0.01021335756557393,0.0,0.6540536005696307,0.4939374098282338,0.4986792452830189,0.23872549019607847,0.4002242289084683,0.13208847672159912,0.020202020202020204,0.29999999999999716,0.0,1.0,0.0,0.55,0.00013712183628175492,0.0,0.0,0.0,0.00014123951352566335,0.0,0.003770122347840313,0.0,0.0,0.0011977993359942002,0.0011642866001316322,0.03312156029362849,0,2
1363,0.20000000000004547,0.0,1.0,0.10231660231660232,0.0,0.6000000000000001,0.23529411764705882,0.0,0.0,0.0,0.0,0.0,0.0,0.0,0.0,0.0,0.009888473716079739,0.0,0.0008043294090493882,9.89901386388269e-06,0.00896416647025055,0.0035154200068059686,0.0,0.654129345070987,0.49402147807466185,0.4343396226415094,0.16311274509803925,0.3981464555990203,0.09154708941663013,0.25252525252525254,0.7999999999999972,0.0,1.0,0.0,0.5,0.0,0.0,0.0,0.0,0.0,0.0,0.0036354330375410375,0.0,0.0,0.00036733161047244287,0.0011896378253422042,0.03312411987208298,0,4
11656,0.0,0.0,0.0,0.02316602316602317,0.0,0.6000000000000001,0.029411764705882346,0.0,0.0,0.0,0.0,0.0,0.0,0.0,0.0,0.0,0.009770786935533304,0.0,0.0008043294090493882,9.89901386388269e-06,0.0,0.0,1.3418758410783166e-05,0.6540768223895269,0.49396641000195074,0.580754716981132,0.2450980392156863,0.40287476084280827,0.1342189360235604,0.020202020202020204,0.6000000000000014,0.0,1.0,0.0,0.4,0.00012822840101444632,0.0,0.0,0.0,0.00019348436017334333,0.0,0.0036354330375410375,0.0,0.0,0.0003686618732863273,0.0012286620235673795,0.03312156029362849,1,2
11750,0.4000000000000341,0.0,0.0,0.06756756756756757,0.0,0.6000000000000001,0.5588235294117647,0.0,0.0,0.0,0.0,0.0,0.0,0.0,0.0,0.0,0.009770786935533304,0.0,0.0008043294090493882,9.89901386388269e-06,0.0,0.0,0.0,0.6519623668331139,0.49148932609573404,0.20339622641509433,0.2450980392156863,0.39068840712170516,0.1342189360235604,0.020202020202020204,0.6000000000000014,0.0,1.0,0.0,0.35000000000000003,0.0,0.0,0.0,0.0,0.0,0.0,0.0036354330375410375,0.0,0.03080082135523614,0.0023655910127444294,0.0010825576210823542,0.03312156029362849,1,2
8550,0.4000000000000341,1.0,1.0,0.03861003861003861,0.0,0.6000000000000001,0.23529411764705882,0.0,0.0,0.0,0.0,0.0,0.0,0.0,0.0,0.0,0.00987914305061442,0.0,0.0008043294090493882,9.89901386388269e-06,0.005422530832510313,0.0018894665790782524,0.0,0.6540740936459485,0.4941027021621154,0.580754716981132,0.24473039215686276,0.39876186646193595,0.1325271006955323,0.020202020202020204,0.14999999999999858,0.0,1.0,0.0,0.25000000000000006,0.0,0.0,0.0,0.0,0.0,0.00033818689469767904,0.0037209288880538966,0.0,0.0,0.0006458170141637175,0.0011438521371953492,0.03312156029362849,0,4
8120,0.20000000000004547,0.0,0.0,0.03861003861003861,0.0,0.6000000000000001,0.029411764705882346,0.0,0.0,0.0,0.0,0.0,0.0,0.0,0.0,0.0,0.00998107304609281,0.0,0.0008043294090493882,9.89901386388269e-06,0.004216198473304519,0.002254446005357519,0.0,0.6541089831970074,0.49399666514577334,0.3920754716981132,0.18272058823529413,0.3967815839822567,0.09718654051005704,0.020202020202020204,0.5,0.0,1.0,0.0,0.55,9.966078604892376e-06,0.0,1.2299099998235785e-05,0.0,0.0,4.408933656028728e-06,0.003701931729780934,0.0,0.0,0.00040209751747376953,0.0011019384637780704,0.03312156029362849,0,2
6967,0.0,0.0,0.0,0.05405405405405406,0.0,0.8,0.5588235294117647,0.0,0.0,0.0,0.0,0.0,0.0,0.0,0.0,0.0,0.009770786935533304,0.0,0.0008043294090493882,9.89901386388269e-06,0.0,0.0,0.0,0.654101221054638,0.4939952098773148,0.4626415094339622,0.16421568627450983,0.399060432128103,0.09286296133842974,0.25252525252525254,0.5,0.0,1.0,0.0,0.45,8.77598761072505e-05,0.0,0.0,0.0,0.0,0.0,0.0036354330375410375,0.0,0.0,7.981576883306789e-06,0.001092669520267319,0.03312156029362849,0,2
8459,0.6000000000000227,1.0,0.0,0.10231660231660232,0.2962962962962963,0.6000000000000001,0.5,0.0,0.0,0.0,0.0,1.0,0.0,0.0,0.00032248666128447545,0.0,0.009770786935533304,0.0,0.0008043294090493882,9.89901386388269e-06,0.0016238672333090886,0.00037328952250602587,5.154369114028542e-06,0.6541166217573764,0.49401268008596844,0.3937735849056604,0.18578431372549023,0.39689126116574663,0.10389122125446458,0.020202020202020204,0.44999999999999574,0.0,1.0,0.0,0.55,0.0,0.0,0.00012752755326039564,0.0005559730847496363,0.0,3.404275003261526e-05,0.0036549135470982383,0.0,0.0,6.653872267141332e-05,0.0010915833337632006,0.03312900092867062,0,0
6880,0.6000000000000227,0.0,0.0,0.03474903474903475,0.0,0.6000000000000001,0.5294117647058824,0.0,0.0,0.0,0.0,1.0,0.0,0.0,0.0,0.0,0.009770786935533304,0.0,0.0008043294090493882,9.89901386388269e-06,0.0036150205550068756,0.0009594837103416239,0.0,0.6540727431895588,0.4941488437601742,0.580754716981132,0.24497549019607845,0.396221011711086,0.10326461557741715,0.020202020202020204,0.7999999999999972,1.0,1.0,0.0,0.2,0.0,0.0,0.0,0.0,9.437879726947584e-06,0.0,0.0037550434368991245,0.0,0.0,0.00018623679394382507,0.0011521524698140742,0.03312156029362849,0,1
8622,0.0,0.0,0.0,0.22297297297297297,0.0,0.0,0.4411764705882353,0.4444444444444444,0.0,0.0,0.0,0.0,0.0,0.0,0.0,0.0,0.010231571314915753,0.0,0.000997626092167196,9.89901386388269e-06,0.016707540499075278,0.0053043344215404345,0.0,0.6541615330466284,0.49406627076424026,0.2788679245283019,0.10049019607843138,0.3931134915122047,0.05996616329343944,0.020202020202020204,0.6000000000000014,0.0,1.0,0.0,0.35000000000000003,2.6999383250447535e-05,0.0,0.0,0.0,0.0,8.564895708842694e-06,0.0036903238386225778,0.0,0.0,0.002515015341511721,0.0011999142411614576,0.03312156029362849,0,2
36,0.8000000000000114,1.0,0.0,0.03861003861003861,0.0,0.8,0.029411764705882346,0.0,0.0,0.0,0.0,0.0,0.0,0.0,0.0,0.0,0.014803582343461345,0.0,0.0008043294090493882,9.89901386388269e-06,0.0,5.318461585125925e-06,0.0,0.6539882584920397,0.4938627051416232,0.20339622641509433,0.24362745098039218,0.39068840712170516,0.13334168807569396,0.020202020202020204,0.5,0.0,1.0,0.0,0.85,3.971495901813379e-06,0.0,0.00013418116473485107,0.0005849803761278782,0.0,0.0,0.0037886012090416307,0.0,0.0,0.0018044759250570863,0.0010825576210823542,0.03312156029362849,0,3
10009,0.8000000000000114,1.0,0.0,0.03474903474903475,0.0,0.6000000000000001,0.029411764705882346,0.0,0.0,0.0,0.0,0.0,0.0,0.0,0.0,0.0,0.009938001490348066,0.0,0.001076441859531246,9.89901386388269e-06,0.0,0.0007662739730694712,0.0002991491441496312,0.6539913394277531,0.4938694333806712,0.580754716981132,0.2450980392156863,0.3986034438635616,0.09455479666645782,0.020202020202020204,0.14999999999999858,0.0,1.0,0.0,0.4,0.0002789823121181521,0.0,0.0,0.0,1.7874060776408193e-05,0.0,0.0036463058892159707,0.0,0.0,0.002318315518897151,0.0012659441001810117,0.03312900092867062,1,3
4558,0.6000000000000227,0.0,0.0,0.015444015444015444,0.0,0.6000000000000001,0.5588235294117647,0.0,0.0,0.0,0.0,0.0,0.0,0.0,0.0,0.0,0.011371899030461086,0.0,0.0008043294090493882,9.89901386388269e-06,0.000247628908017971,0.0009401211861332748,0.0,0.6540561368168494,0.4939421040297458,0.580754716981132,0.2450980392156863,0.40287476084280827,0.13378031204962718,0.020202020202020204,0.14999999999999858,0.0,1.0,0.0,0.85,0.0,0.0,0.0,0.0,0.0,0.0,0.0036354330375410375,0.0,0.0,0.0010027367599197954,0.0010877290148571983,0.03312156029362849,0,2
10502,0.4000000000000341,1.0,1.0,0.05791505791505792,0.0,0.6000000000000001,0.23529411764705882,0.0,0.0,0.0,0.0,0.0,0.0,0.0,0.0,0.0,0.009770786935533304,0.0,0.0008043294090493882,9.89901386388269e-06,0.0,0.00011941608277853053,5.28703431063434e-05,0.6523437335971193,0.4940835274765876,0.580754716981132,0.2450980392156863,0.39088948195810336,0.1342189360235604,0.020202020202020204,0.19999999999999574,0.0,1.0,0.0,0.45,8.695878804500439e-05,0.0,0.0,0.0,0.0,9.757476123998006e-07,0.0036354330375410375,0.0,0.00795687885010267,9.98464569729051e-05,0.001362346337174072,0.03312156029362849,1,4
8061,0.20000000000004547,0.0,1.0,0.02316602316602317,0.0,0.6000000000000001,0.9411764705882353,0.0,0.0,0.0,0.0,0.0,0.0,0.0,0.0,0.0,0.009770786935533304,0.0,0.0008043294090493882,9.89901386388269e-06,0.001592055052425028,0.00036597663782647773,0.0,0.6537393308801487,0.4936065743993547,0.580754716981132,0.24411764705882358,0.39739699484517244,0.13371765148192244,0.020202020202020204,0.7999999999999972,0.0,1.0,0.0,0.25000000000000006,2.74338716909878e-05,0.0,0.00017148171390982844,0.0,1.0893473117670843e-05,0.0,0.0036712241988831763,0.0,0.0,0.00016139669409225168,0.0010937300800465419,0.03312156029362849,0,4
11463,0.4000000000000341,1.0,1.0,0.015444015444015444,0.0,0.6000000000000001,0.2647058823529412,0.0,0.0,0.0,0.0,0.0,0.0,0.0,0.0,0.0,0.009770786935533304,0.0,0.0008043294090493882,9.89901386388269e-06,0.0,0.0,0.0,0.653962334434088,0.4938324985196884,0.580754716981132,0.2450980392156863,0.40287476084280827,0.1342189360235604,0.020202020202020204,0.6000000000000014,0.0,1.0,0.0,0.6,1.148678814678331e-05,0.0,0.0,0.0,9.531788977961987e-06,0.0,0.0036553003066554885,0.0,0.0,0.0021653608772776276,0.0010833522478266393,0.03312156029362849,1,4
8539,0.6000000000000227,1.0,0.0,0.05791505791505792,0.7037037037037037,0.6000000000000001,0.5,0.0,0.0,0.0,0.0,1.0,0.0,0.0,0.0,0.0,0.009770786935533304,0.0,0.0017980880080811894,9.89901386388269e-06,0.0,0.00028478699769103974,0.0,0.6537693566677628,0.49371453443515345,0.580754716981132,0.2450980392156863,0.4027224314212945,0.13791590951814023,0.020202020202020204,0.14999999999999858,0.0,1.0,0.0,0.4,0.0,0.0,0.0,0.0,0.0,0.0006312364276217524,0.0037231913333014848,0.0,0.0,0.005247221669367271,0.0014472071795870933,0.03312156029362849,0,0
9198,0.4000000000000341,0.0,1.0,0.03861003861003861,0.0,0.6000000000000001,0.2647058823529412,0.0,0.0,0.0,0.0,0.0,0.0,0.0,0.0,0.0,0.009770786935533304,1.2657971207873154e-06,0.0008043294090493882,9.89901386388269e-06,0.0,0.0,0.0,0.6536627769663881,0.4934815354354054,0.580754716981132,0.2450980392156863,0.40287476084280827,0.1342189360235604,0.020202020202020204,0.8999999999999986,0.0,1.0,0.0,0.10000000000000002,0.0,0.0,0.0,0.0,0.0,0.0,0.0036354330375410375,0.0,0.006827233059548255,0.0,0.0011155276666474647,0.03312156029362849,1,4
3091,0.6000000000000227,1.0,0.0,0.05791505791505792,0.7037037037037037,0.4,0.5,0.0,0.0,0.0,0.0,1.0,0.0,0.0,0.0,0.0,0.011423006998074347,8.107648799525649e-06,0.0008243998270544401,2.6862968092785947e-05,0.00290756103239203,0.0006683810395182471,0.0,0.6540185218354024,0.4942556703246743,0.580754716981132,0.24497549019607845,0.39295506891383036,0.044739645341186796,0.020202020202020204,0.3999999999999986,1.0,1.0,0.0,0.2,6.77530411967479e-06,0.0,0.0,0.0,0.0,0.0008267111993058459,0.004089818190512437,0.0,0.0,0.0007845224944883631,0.0013119169575990552,0.03314344568149907,0,0
7652,0.0,1.0,0.0,0.06756756756756757,0.2962962962962963,0.6000000000000001,0.5,0.0,0.0,0.0,0.0,1.0,0.0,0.0,0.0,0.0,0.009770786935533304,0.0,0.0008043294090493882,9.89901386388269e-06,0.00015472287975429428,7.312884679548147e-05,0.0,0.6541048569497362,0.4939994786389147,0.38075471698113206,0.11850490196078432,0.3964159933706236,0.06949056958456044,0.24242424242424243,0.6000000000000014,0.0,1.0,0.0,0.5,6.169735855671793e-05,0.0,0.0,0.0,0.0,0.0,0.0036354330375410375,0.0,0.0,1.2279349051241213e-05,0.0010911779655694033,0.03312156029362849,0,0
3713,0.8000000000000114,1.0,0.0,0.10424710424710425,0.0,0.6000000000000001,0.0,0.0,0.0,0.0,0.0,0.0,0.0,0.0,0.0,0.0,0.009770786935533304,0.0,0.0008043294090493882,9.89901386388269e-06,0.0,0.0,0.0,0.6541030688209003,0.49399733203059903,0.20339622641509433,0.2450980392156863,0.39068840712170516,0.12174948305031646,0.020202020202020204,0.6499999999999986,0.0,1.0,0.0,0.8,0.0,0.0,0.0,0.0,0.0,0.0,0.0036354330375410375,0.0,0.0,6.165256502810692e-06,0.0010825576210823542,0.03312156029362849,0,3
10045,0.4000000000000341,0.0,0.0,0.03861003861003861,0.0,0.6000000000000001,0.5588235294117647,0.0,0.0,0.0,0.0,0.0,0.0,0.0,0.0,0.0,0.009770786935533304,0.0,0.0008043294090493882,9.89901386388269e-06,0.0,0.0003367250991082851,0.0,0.6541404111267808,0.4940411340973164,0.4218867924528302,0.17683823529411766,0.39774430592622384,0.09931699981201832,0.25252525252525254,0.14999999999999858,0.0,0.0,0.0,0.35000000000000003,0.0,0.0,0.0,0.0,0.0,0.0,0.003666379691860486,0.05491315751485993,0.0,0.00023499604246812872,0.0011236764199146817,0.03312156029362849,1,2
2568,0.0,0.0,0.0,0.02316602316602317,0.0,0.8,0.5588235294117647,0.0,0.0,0.0,0.0,0.0,0.0,0.0,0.0,0.0,0.009770786935533304,0.0,0.0008043294090493882,9.89901386388269e-06,0.0,0.02417930528426554,0.0,0.6539864200027103,0.4938568192425472,0.20339622641509433,0.20931372549019608,0.39068840712170516,0.11291434300394765,0.020202020202020204,0.6000000000000014,0.0,1.0,0.0,0.35000000000000003,0.0,0.0,0.0,0.0,0.0,0.0,0.0036354330375410375,0.0,0.009016658110882958,0.0,0.0010825576210823542,0.03312156029362849,0,2
5150,0.6000000000000227,1.0,0.0,0.10231660231660232,0.4444444444444444,0.6000000000000001,0.5,0.0,0.0,0.0,0.0,1.0,0.0,0.0,0.0,0.0,0.009770786935533304,0.0,0.0008043294090493882,9.89901386388269e-06,0.0028273075760708775,0.0013995033055485267,0.0,0.6541296276861245,0.4940270821586136,0.3220754716981132,0.09987745098039218,0.3945210153669921,0.05965286045491573,0.24242424242424243,0.29999999999999716,0.0,1.0,1.0,0.35000000000000003,0.0007054666609178415,0.0,0.0,0.0,0.0,0.0,0.0036471540116968437,0.0,0.0,0.00038488084682484174,0.0011179067883395272,0.03312156029362849,0,0
8684,0.6000000000000227,0.0,1.0,0.06756756756756757,0.0,0.6000000000000001,0.23529411764705882,0.0,0.0,0.0,0.0,0.0,0.0,0.0,0.0,0.0,0.009770786935533304,0.0,0.0008043294090493882,9.89901386388269e-06,0.0,0.0,0.0,0.654068611309864,0.49395676540335925,0.20339622641509433,0.2450980392156863,0.39068840712170516,0.13346700921110347,0.020202020202020204,0.8999999999999986,0.0,1.0,0.0,0.55,0.0,0.0,0.0,0.0,0.0,0.0,0.0036354330375410375,0.0,0.000513347022587269,2.663083825487938e-05,0.0010825576210823542,0.03312156029362849,0,4
9136,0.0,0.0,1.0,0.02316602316602317,0.0,0.8,0.2647058823529412,0.0,0.0,0.0,0.0,0.0,0.0,0.0,0.0,0.0,0.009770786935533304,0.0,0.0008043294090493882,9.89901386388269e-06,0.0003405349362816477,0.0005875238032318795,0.0,0.6538390393560412,0.4936880453661733,0.20339622641509433,0.24411764705882358,0.39068840712170516,0.13371765148192244,0.24242424242424243,0.8999999999999986,0.0,1.0,0.0,0.10000000000000002,0.0,0.0,0.0,0.0,0.0,0.0,0.0036354330375410375,0.0,0.0035791324435318276,0.0006570730841273554,0.0010825576210823542,0.03312156029362849,1,4
10207,0.6000000000000227,1.0,0.0,0.20463320463320464,0.0,0.6000000000000001,0.029411764705882346,0.0,0.0,0.0,0.0,0.0,0.0,0.0,0.0,0.0,0.009770786935533304,0.0,0.0008043294090493882,9.89901386388269e-06,0.0,0.0,1.0156499477853709e-05,0.6540161118207365,0.4938954787655095,0.580754716981132,0.2450980392156863,0.40287476084280827,0.1342189360235604,0.020202020202020204,0.14999999999999858,0.0,1.0,0.0,0.4,7.18263703268129e-05,0.0,0.0,0.0,0.00013632492938924287,0.0,0.0036393595305080424,0.0,0.0,0.0013609611865125677,0.0014216775090967863,0.03312156029362849,1,3
1132,0.6000000000000227,1.0,0.0,0.015444015444015444,0.35185185185185186,0.6000000000000001,0.5,0.0,0.0,0.0,0.0,1.0,0.0,0.0,0.0,0.0,0.009770786935533304,0.0,0.0008043294090493882,9.89901386388269e-06,0.0,0.0001823235112150981,0.0,0.6541100685981684,0.4940053773477691,0.44037735849056603,0.22279411764705884,0.3983414372585579,0.12250140986277337,0.24242424242424243,0.29999999999999716,0.0,1.0,1.0,0.35000000000000003,0.00015441311843888085,0.0,0.0,0.0,0.0,0.0,0.003649114509635269,0.0,0.0,0.00024077756931308812,0.0010933190610855532,0.03312156029362849,0,0
1910,0.8000000000000114,1.0,0.0,0.10231660231660232,0.0,0.6000000000000001,0.1764705882352941,0.0,0.0,0.0,0.0,0.0,0.0,0.0,0.0,0.0,0.009770786935533304,0.0,0.0008043294090493882,9.89901386388269e-06,0.011204756210243812,0.0025166295413117734,0.0,0.6540895016377057,0.49410931860673385,0.5309433962264151,0.24056372549019608,0.39866437563216717,0.13027132025816157,0.020202020202020204,0.9499999999999957,0.0,1.0,0.0,0.35000000000000003,2.677535014829396e-05,0.0,0.00020101971636460783,0.0,0.0,7.260285012263701e-05,0.003701596407281552,0.0,0.0,0.0008237652474979548,0.0011608859287812218,0.03312156029362849,0,3
8692,0.6000000000000227,1.0,0.0,0.15830115830115832,0.4444444444444444,0.6000000000000001,0.5,0.0,0.0,0.0,0.0,1.0,0.0,0.0,0.0,0.0,0.010699428940699331,0.0,0.0008043294090493882,9.89901386388269e-06,0.002112618012346018,0.00048564202349181103,0.0,0.6542012366632766,0.49410480490664443,0.34962264150943395,0.11470588235294119,0.39541061918863263,0.06685882574096122,0.020202020202020204,0.5,0.0,1.0,0.0,0.45,0.0,0.0,0.0,0.0,0.0,0.00017975439348431882,0.0037094258342577594,0.0,0.0,7.945762115240669e-05,0.0011847126364852609,0.03312156029362849,0,0
11486,0.4000000000000341,0.0,0.0,0.06756756756756757,0.0,0.8,0.029411764705882346,0.0,0.0,0.0,0.0,0.0,0.0,0.0,0.0,0.0,0.009770786935533304,0.0,0.0008043294090493882,9.89901386388269e-06,0.0,0.0,0.0,0.6539587399538692,0.4938207216752601,0.580754716981132,0.2450980392156863,0.40690235074763287,0.13296572466946552,0.020202020202020204,0.6000000000000014,0.0,1.0,0.0,0.10000000000000002,3.5302185793896697e-07,0.0,0.0,0.0,9.077894264725703e-06,0.0,0.0036354330375410375,0.0,0.002053388090349076,0.00018841126200498236,0.001086547756673488,0.03324457879299169,1,2
2302,0.0,0.0,0.0,0.06756756756756757,0.0,0.0,0.4411764705882353,0.0,0.0,0.0,0.0,0.0,0.0,0.0,0.0,0.0,0.009770786935533304,0.0,0.0008043294090493882,9.89901386388269e-06,0.0,0.00022254437695261293,0.0,0.6541031397231739,0.49399746672735956,0.20339622641509433,0.24485294117647063,0.39068840712170516,0.13409361488815089,0.25252525252525254,0.0,0.0,0.0,0.0,0.8,0.0,0.0,0.0,0.0,0.0,0.0,0.0036354330375410375,9.731678319836551e-05,0.0,7.357376639868693e-05,0.0010825576210823542,0.03312156029362849,0,2
533,0.0,0.0,0.0,0.0694980694980695,0.0,0.6000000000000001,0.8235294117647058,1.0,0.0,0.0,0.0,0.0,0.0,0.0,0.0,0.0,0.009770786935533304,0.0,0.0008043294090493882,9.89901386388269e-06,0.04699382120686738,0.010802792690937965,0.0,0.6540466004610436,0.4942202116936055,0.580754716981132,0.24019607843137258,0.39444789724466545,0.05532928128328843,0.020202020202020204,0.44999999999999574,1.0,1.0,0.0,0.10000000000000002,0.0,0.0,0.0,0.0,0.00013115992058345067,0.0,0.003959922342827281,0.0,0.0,0.0006858272264890119,0.001376311762174907,0.03312668441096084,0,2
10951,0.0,0.0,0.0,0.03474903474903475,0.0,0.6000000000000001,0.029411764705882346,0.0,0.0,0.0,0.0,0.0,0.0,0.0,0.0,0.0,0.009770786935533304,0.0,0.0008043294090493882,9.89901386388269e-06,0.0009109851798617327,0.0005639231299478832,0.0,0.6539384413618254,0.493804460243875,0.20339622641509433,0.2450980392156863,0.39068840712170516,0.1342189360235604,0.020202020202020204,0.3999999999999986,0.0,1.0,0.0,0.75,1.189412105978981e-05,0.0,7.762546720197996e-05,0.0003384183994128221,0.0,7.91439730057616e-06,0.0036354330375410375,0.0,0.002386088295687885,0.00028227153631540735,0.0010825576210823542,0.03312156029362849,1,2
4585,0.4000000000000341,0.0,0.0,0.015444015444015444,0.0,0.6000000000000001,0.5588235294117647,0.0,0.0,0.0,0.0,0.0,0.0,0.0,0.0,0.0,0.009770786935533304,0.0,0.0008043294090493882,9.89901386388269e-06,0.00043199495632332164,0.00011260180387258794,0.0,0.6541032961057588,0.4939976499460078,0.580754716981132,0.24276960784313728,0.40287476084280827,0.13302838523717025,0.020202020202020204,0.6499999999999986,1.0,1.0,0.0,0.10000000000000002,0.0,0.0,0.0,0.0,0.0,4.951015662917507e-06,0.003636342020662899,0.0,0.0,6.369912320331379e-06,0.001082987723774648,0.03312156029362849,0,2
7142,0.6000000000000227,1.0,0.0,0.03861003861003861,0.537037037037037,0.4,0.5,0.0,0.0,0.0,0.0,1.0,0.0,0.0,0.0,0.0,0.009770786935533304,0.0,0.0008043294090493882,9.89901386388269e-06,0.0,0.0038000408025724735,0.0,0.6540731573383535,0.493962339209653,0.580754716981132,0.24436274509803926,0.40287476084280827,0.13384297261733194,0.020202020202020204,0.5499999999999972,0.0,1.0,0.0,0.5,0.00019883956148412316,0.0,9.073106556075579e-07,0.0,6.661296205288377e-05,0.0,0.0036376118484884286,0.0,0.0,0.0016307742999364034,0.0011070555804469952,0.03312156029362849,0,0
1431,0.20000000000004547,0.0,0.0,0.015444015444015444,0.0,1.0,0.5588235294117647,0.0,0.0,0.0,0.0,0.0,0.0,0.0,0.0,0.0,0.009770786935533304,0.0,0.002490338089856057,9.89901386388269e-06,0.0018664351125500498,0.0025697310562007654,0.0,0.6540816563342583,0.4939843615477312,0.580754716981132,0.2450980392156863,0.3975615106204073,0.08114543517764272,0.020202020202020204,0.0,0.0,1.0,0.0,0.4,5.987793821195555e-06,0.0,0.0008202088326692324,0.0,0.0,0.0002761727131096028,0.0036354330375410375,0.0,0.0,0.0004903553387795658,0.0012849515956970163,0.033125146679718796,0,2
1417,0.8000000000000114,1.0,0.0,0.10231660231660232,0.0,0.6000000000000001,0.0,0.0,0.0,0.0,0.0,0.0,0.0,0.0,0.0,0.0,0.009928851418407884,0.0,0.0008043294090493882,9.89901386388269e-06,0.0362250364755574,0.00832729812594865,0.0,0.6539923840766727,0.49386182514866633,0.3273584905660377,0.1360294117647059,0.39469162431908755,0.07826304906322452,0.020202020202020204,0.44999999999999574,0.0,1.0,0.0,0.35000000000000003,0.0007747064672470631,0.0,0.0,0.0,0.00013865700912276725,0.0,0.003740402329923757,0.0,0.0,0.00695415351539856,0.0013558670882031726,0.03312156029362849,0,3
3382,0.20000000000004547,0.0,0.0,0.10231660231660232,0.0,0.4,0.5294117647058824,0.0,0.0,0.0,0.0,1.0,0.0,0.0,0.0,0.0,0.009770786935533304,0.0,0.0008043294090493882,9.89901386388269e-06,0.0,0.0010184853935516147,0.0,0.6540244116939009,0.49391669331119975,0.5360377358490566,0.239093137254902,0.3936862501370965,0.08058149006830002,0.37373737373737376,0.5,1.0,1.0,0.0,0.0,0.0,0.0,2.6211196717551672e-06,0.0,0.0,9.396088119405487e-07,0.0037047250368776614,0.0,0.0,0.0008030438459739852,0.0011027559909999214,0.0331803809938482,0,1
7316,0.4000000000000341,1.0,1.0,0.06756756756756757,0.0,0.4,0.2647058823529412,0.0,0.0,0.0,0.0,0.0,0.0,0.0,0.0,0.0,0.009770786935533304,0.0,0.0008043294090493882,2.1123969257590158e-05,0.0,0.0,1.970404395489392e-05,0.6540941029964741,0.49398730973763305,0.580754716981132,0.2450980392156863,0.40278945636676056,0.1342189360235604,0.020202020202020204,0.3500000000000014,0.0,1.0,0.0,0.2,0.0,0.0,0.0,0.0,0.0,0.0,0.003642988395308148,0.0,0.0,0.00016774102443539298,0.001092156341383682,0.03312156029362849,0,4
4797,0.8000000000000114,1.0,0.0,0.10231660231660232,0.4444444444444444,0.6000000000000001,0.5,0.0,0.0,0.0,0.0,1.0,0.0,0.0,0.0,0.0,0.009905705348269723,0.0,0.0008043294090493882,9.89901386388269e-06,0.027337146939017495,0.0064666675807772515,0.0,0.6542063704517354,0.49411126064677063,0.33188679245283015,0.1840686274509804,0.39483786056374076,0.10125947741086536,0.24242424242424243,0.25,0.0,1.0,0.0,0.35000000000000003,0.000242566749695371,0.0,0.0,0.0,0.0,0.0,0.0037116604014052817,0.0,0.0,0.0015191345514788685,0.0011492847550324714,0.03312156029362849,0,0
10747,0.20000000000004547,0.0,0.0,0.05791505791505792,0.0,0.8,0.5588235294117647,0.0,0.0,0.0,0.0,0.0,0.0,0.0,0.0,0.0,0.009770786935533304,0.0,0.0008043294090493882,9.89901386388269e-06,0.0,0.0001969492805741944,8.903792047608798e-05,0.6540933346676302,0.4940377197091167,0.580754716981132,0.2450980392156863,0.40267368600641007,0.13415627545585562,0.020202020202020204,0.5,0.0,1.0,0.0,0.45,4.249840059034487e-06,0.0,0.0,0.0,0.0,1.3371356169923193e-06,0.0036652056704633514,0.0,0.0,0.00016467118717258269,0.0015741944418453434,0.03312156029362849,1,2
3693,0.4000000000000341,1.0,1.0,0.10231660231660232,0.0,0.6000000000000001,0.23529411764705882,0.0,0.0,0.0,0.0,0.0,0.0,0.0,0.0,0.0,0.009770786935533304,0.0,0.0008043294090493882,9.89901386388269e-06,0.005111639064779723,0.001175047606463759,0.0001879496113225091,0.6541995307015614,0.4941102541087304,0.3920754716981132,0.24019607843137258,0.3967815839822567,0.13158719217996115,0.020202020202020204,0.9499999999999957,0.0,1.0,0.0,0.35000000000000003,2.8723759248841718e-05,0.0,0.0,0.0,2.4416405263744994e-06,0.0,0.0037141003241349785,0.0,0.0,0.0003892042009699663,0.0011185768007967976,0.03312156029362849,0,4
12165,0.4000000000000341,1.0,0.0,0.04247104247104247,0.0,0.8,0.5588235294117647,0.0,0.0,0.0,0.0,0.0,0.0,0.0,0.0,0.0,0.009770786935533304,0.0,0.007923900834668957,9.89901386388269e-06,0.002829115086348381,0.0011256025339145413,0.0,0.6530918937260239,0.4929898278225345,0.580566037735849,0.2450980392156863,0.39072496618286845,0.1342189360235604,0.020202020202020204,0.7999999999999972,0.0,1.0,0.0,0.75,0.0,0.0,8.064983605400515e-07,0.0,0.0,2.89110403674015e-07,0.0036427563395737984,0.0,0.0,0.01576755396901818,0.0011052733086475118,0.03312156029362849,1,3
5972,0.20000000000004547,1.0,0.0,0.06756756756756757,0.2962962962962963,0.6000000000000001,0.5,0.0,0.0,0.0,0.0,1.0,0.0,0.0,0.0,0.0,0.009770786935533304,0.0,0.0008043294090493882,9.89901386388269e-06,0.0003756006356652144,0.00020168603542344718,0.0,0.6541022110359168,0.4939963724617462,0.3920754716981132,0.2308823529411765,0.3967815839822567,0.12688764960210538,0.24242424242424243,0.29999999999999716,0.0,0.0,0.0,0.55,0.0,0.00028784638548833697,0.0,0.0,0.0,0.0,0.0036354330375410375,0.0019121203187634406,0.0,5.3466332327279444e-05,0.0010837561289764389,0.03312156029362849,0,0
2820,0.6000000000000227,1.0,0.0,0.06756756756756757,0.0,0.6000000000000001,0.38235294117647056,0.0,0.0,0.0,0.0,0.0,0.0,0.0,0.0,0.0,0.010317910069390805,0.0,0.0008043294090493882,9.89901386388269e-06,0.0011752431824327352,0.0003093848825222472,0.0,0.6541348671653556,0.494032757278609,0.4632075471698113,0.2450980392156863,0.39907871165868464,0.1319004950184849,0.020202020202020204,0.3500000000000014,0.0,1.0,0.0,0.35000000000000003,7.1690592689144065e-06,0.0,0.0,0.0,2.0722641390511776e-05,0.0,0.0036570597681540033,0.0,0.0,8.710663233224236e-05,0.0011023605364327762,0.03312156029362849,0,3
10757,0.0,0.0,0.0,0.05791505791505792,0.0,0.8,0.5588235294117647,0.0,0.0,0.0,0.0,0.0,0.0,0.0,0.0,0.0,0.009971742380627492,0.0,0.0008043294090493882,9.89901386388269e-06,0.01639845624162219,0.008042261825370807,6.937737330696644e-05,0.6534812621760615,0.4932292181253417,0.580754716981132,0.2450980392156863,0.40287476084280827,0.13315370637257973,0.020202020202020204,0.3999999999999986,0.0,1.0,0.0,0.45,0.0,0.0,0.0,0.0,0.0,0.0005532488962306869,0.003638970807704309,0.0,0.0,0.011073133244751475,0.0016764645048855456,0.03312156029362849,1,2
3365,0.0,1.0,1.0,0.02316602316602317,0.0,0.6000000000000001,0.23529411764705882,0.0,0.0,0.0,0.0,0.0,0.0,0.0,0.0,0.0,0.009770786935533304,0.0,0.0008043294090493882,9.89901386388269e-06,0.028228611007882192,0.0067299314292409845,0.0,0.6529501113771016,0.49549926262995103,0.580754716981132,0.18100490196078434,0.3914744269367163,0.04342377341938718,0.030303030303030304,0.14999999999999858,1.0,1.0,0.0,0.55,0.0,0.0,3.387293114268216e-05,0.00014767348338014057,0.0,1.503374099104878e-05,0.005134338352504899,0.0,0.0,0.007376998016373489,0.0018835715663149334,0.03312156029362849,0,4
7247,0.20000000000004547,0.0,0.0,0.03474903474903475,0.0,0.6000000000000001,0.5294117647058824,0.0,0.0,0.0,0.0,1.0,0.0,0.0,0.0,0.0,0.015926527932212414,0.0,0.0008043294090493882,5.016310092985952e-05,0.13582752881532884,0.031225352773972447,0.0,0.6540015380903113,0.49411555696880277,0.580754716981132,0.2439950980392157,0.39716545412447146,0.09574534745284793,0.030303030303030304,0.3999999999999986,1.0,1.0,0.0,0.2,0.0,0.0,3.538511556869476e-05,0.00015426604960246825,0.0,5.456958869347033e-06,0.004106386812885307,0.0,0.0,0.0003603988946539296,0.001255383708526314,0.03312156029362849,0,1
4407,0.20000000000004547,1.0,0.0,0.10231660231660232,0.0,0.6000000000000001,0.5588235294117647,0.0,0.0,0.0,0.0,0.0,0.0,0.0,0.0,0.0,0.009791494993082139,0.0,0.0008043294090493882,9.89901386388269e-06,0.0012493511038103762,0.0006299052939883517,0.0,0.6541214252207566,0.49401661268792973,0.3920754716981132,0.18639705882352944,0.3967815839822567,0.10163544081709382,0.24242424242424243,0.3999999999999986,0.0,1.0,0.0,0.55,0.0,0.0,0.0,0.0,0.0,0.0,0.0036354330375410375,0.0,0.0,0.00012916340283274352,0.0010971021505840615,0.03312156029362849,0,3
1176,0.4000000000000341,0.0,0.0,0.03474903474903475,0.0,0.6000000000000001,0.029411764705882346,0.0,0.0,0.0,0.0,0.0,0.0,0.0,0.0,0.0,0.009821142430125168,0.0,0.0008043294090493882,9.89901386388269e-06,0.003238335413175159,0.0007435043094081508,0.0,0.6541516786245483,0.4940534741838182,0.2816981132075472,0.11176470588235295,0.39321707551883406,0.06573093552227584,0.24242424242424243,0.7999999999999972,0.0,1.0,1.0,0.05,6.0244537833661404e-05,0.0,0.0,0.0,0.0,0.0,0.0036354330375410375,0.0,0.0,0.00014064971059109206,0.0011113089228257376,0.03312156029362849,0,2
822,0.4000000000000341,0.0,0.0,0.03861003861003861,0.0,0.6000000000000001,0.47058823529411764,0.0,0.0,0.0,0.0,0.0,0.0,0.0,0.0,0.0,0.009770786935533304,0.0,0.0008043294090493882,9.89901386388269e-06,0.0,0.0011878451546529683,0.0,0.6540936474328,0.4941170766743282,0.5164150943396226,0.203921568627451,0.39985863829683527,0.11316498527476661,0.25252525252525254,0.8999999999999986,0.0,1.0,1.0,0.4,0.00046065958020093475,0.0,0.0,0.0,0.0,0.0,0.0036354330375410375,0.0,0.0,0.0005444868025137875,0.001290045018798243,0.03312156029362849,0,2
7793,1.0,0.0,0.0,0.10231660231660232,0.0,0.6000000000000001,0.029411764705882346,0.0,0.0,0.0,0.0,0.0,0.0,0.0,0.0,0.0,0.009770786935533304,0.0,0.0008043294090493882,9.89901386388269e-06,0.0,0.0,0.0,0.6540250093934413,0.4939057735573973,0.3920754716981132,0.13406862745098042,0.3967815839822567,0.07738580111535812,0.020202020202020204,0.6000000000000014,0.0,1.0,0.0,0.5,2.219285487697083e-05,0.0,0.0,0.0,3.623331934972414e-05,0.0,0.0036404353895810016,0.0,0.0,0.0006821690037508296,0.0011042226624949406,0.03312156029362849,0,2
8436,0.8000000000000114,0.0,0.0,0.06756756756756757,0.0,0.6000000000000001,0.0,0.0,0.0,0.0,0.0,0.0,0.0,0.0,0.0,0.0,0.009773345343806052,0.0,0.0008043294090493882,9.89901386388269e-06,0.0,0.0,0.0,0.6541023495272738,0.493996204770102,0.580754716981132,0.2450980392156863,0.40287476084280827,0.13258976126323704,0.020202020202020204,0.14999999999999858,0.0,1.0,0.0,0.35000000000000003,3.412770922806129e-05,0.0,0.0,0.0,5.999235985636831e-05,0.0,0.0036471371277770853,0.0,0.0,3.090302844562372e-05,0.001086298428963192,0.03312156029362849,0,2
322,0.6000000000000227,0.0,0.0,0.05791505791505792,0.0,0.6000000000000001,0.5294117647058824,0.0,0.0,0.0,0.0,1.0,0.0,0.0,0.0,0.0,0.009770786935533304,5.357813675056653e-06,0.0008043294090493882,9.89901386388269e-06,0.0037643209039286596,0.0008653303200924415,0.00029327707807035817,0.6542502718805664,0.4942648029203059,0.39641509433962263,0.13811274509803922,0.39668409315248787,0.07945359984961464,0.020202020202020204,0.14999999999999858,0.0,1.0,0.0,0.45,0.0,0.0,0.0,0.0,1.4086387652160574e-06,0.0,0.0036752406085391255,0.0,0.0,0.0007552567125829048,0.0014416965415082203,0.03317404157279231,0,1
5693,0.6000000000000227,0.0,0.0,0.0694980694980695,0.0,0.6000000000000001,0.5294117647058824,0.0,0.0,0.0,0.0,1.0,0.0,0.0,0.0,0.0,0.009770786935533304,0.0,0.0008043294090493882,9.89901386388269e-06,0.02379695730949926,0.005470287043188816,0.0007578662469052852,0.6537606161402809,0.4945313942052309,0.580754716981132,0.24362745098039218,0.3957883961539868,0.08546901434927003,0.030303030303030304,0.5,1.0,1.0,0.0,0.25000000000000006,7.835048581680034e-05,0.0,0.0,0.0,9.833863735391653e-05,0.0,0.0042373997478195756,0.0,0.0,0.004425937873656754,0.001597518578246263,0.03312156029362849,0,1
7958,0.0,1.0,0.0,0.06756756756756757,0.2962962962962963,0.4,0.5,0.0,0.0,0.0,0.0,0.0,0.0,0.0,0.0,0.0,0.009770786935533304,0.0,0.0008043294090493882,9.89901386388269e-06,0.0,0.00024680985793474995,0.0,0.6541039531114067,0.4939984196972357,0.3920754716981132,0.19987745098039217,0.3967815839822567,0.11109718654051007,0.24242424242424243,0.6999999999999957,0.0,1.0,0.0,0.55,0.0,0.0,0.0,0.0,0.0,0.0,0.0036354330375410375,0.0,0.0,8.155534328199372e-05,0.0010829513407648354,0.03312156029362849,0,3
43,0.6000000000000227,1.0,1.0,0.10424710424710425,0.0,0.6000000000000001,0.23529411764705882,0.0,0.0,0.0,0.0,0.0,0.0,0.0,0.0,0.0,0.01781535561160142,6.110744721042212e-07,0.0011035455009397776,9.89901386388269e-06,0.0,0.017326467531830786,0.0028056514242837637,0.6545469306380226,0.49685913822156974,0.5458490566037736,0.24080882352941177,0.399590538514971,0.12970737514881886,0.04040404040404041,0.3999999999999986,0.0,1.0,0.0,0.35000000000000003,0.00010469813640643748,0.0,0.002464356552925195,0.0,0.00023377142885852258,0.0,0.006929165380524262,0.0,0.0,0.010596796829472075,0.0030429160252880474,0.039254508687526744,0,4
215,0.8000000000000114,1.0,0.0,0.03861003861003861,0.0,0.6000000000000001,0.029411764705882346,0.0,0.0,0.0,0.0,0.0,0.0,0.0,0.0,0.0,0.009770786935533304,0.0,0.0008043294090493882,9.89901386388269e-06,0.0,0.0,0.0,0.6540802833481743,0.49396646589916543,0.580754716981132,0.24264705882352944,0.40287476084280827,0.12669966789899118,0.24242424242424243,0.14999999999999858,0.0,1.0,0.0,0.45,0.00023467806894681177,0.0,0.0,0.0,0.0,0.0,0.0036354330375410375,0.0,0.0,0.00034666137290285346,0.0010904952141018852,0.03312156029362849,0,3
1890,0.6000000000000227,0.0,0.0,0.03474903474903475,0.0,0.0,0.4411764705882353,0.0,0.0,0.0,0.0,0.0,0.0,0.0,0.0,0.0,0.009824483410340168,0.0,0.0008043294090493882,9.89901386388269e-06,0.005360713981019696,0.003887795418727051,0.0,0.6540783885346089,0.4939478039929478,0.580754716981132,0.24497549019607845,0.40287476084280827,0.1254464565448963,0.25252525252525254,0.6000000000000014,0.0,1.0,1.0,0.4,3.978284783696821e-05,0.0,0.0,0.0,0.0,0.0,0.0036354330375410375,0.0,0.0,0.001203145969226928,0.0011202742119521404,0.03312156029362849,0,2
2236,0.6000000000000227,0.0,0.0,0.015444015444015444,0.0,0.6000000000000001,0.5588235294117647,0.0,0.0,0.0,0.0,0.0,0.0,0.0,0.0,0.0,0.010159364003782532,0.0,0.0008043294090493882,9.89901386388269e-06,0.0,0.0,0.0,0.654100581940218,0.4939944676865193,0.4062264150943396,0.20723039215686279,0.3972385722467981,0.11479416003508992,0.24242424242424243,0.3999999999999986,0.0,0.0,0.0,0.55,0.0,0.0,0.0,0.0,0.0,0.0,0.0036354330375410375,0.0049718835593876055,0.00012138090349075977,0.0,0.0010854612727605702,0.03312156029362849,0,2
9351,0.8000000000000114,1.0,0.0,0.10424710424710425,0.5,0.6000000000000001,0.5,0.0,0.0,0.0,0.0,1.0,0.0,0.0,0.0,0.0,0.010727631629541278,0.0,0.001170556057402643,0.0011681848528488311,0.0,0.0,0.0,0.651273993886847,0.4939789892043155,0.580754716981132,0.2450980392156863,0.4011016463763878,0.1339682937527414,0.030303030303030304,0.29999999999999716,0.0,0.0,0.0,0.45,0.00028077457693538073,0.0,0.0,0.0,0.0,0.0,0.004773647174712168,0.0,0.0,0.0,0.004516718738934929,0.03312280039946885,1,0
5855,0.0,0.0,0.0,0.0,0.0,0.0,0.7941176470588235,0.3333333333333333,0.0,0.0,0.0,0.0,0.0,0.0,0.0,0.0,0.011824240662543466,0.0,0.0008043294090493882,9.89901386388269e-06,0.029708961925157505,0.007202609702619051,0.0,0.6540935593019365,0.49401778303586313,0.4241509433962264,0.23848039215686279,0.39695219293435213,0.12851682436242873,0.24242424242424243,0.14999999999999858,0.0,1.0,0.0,0.6,0.0002711343646608935,0.0,0.0,0.0,0.0,0.0,0.0036354330375410375,0.0,0.0,0.0016401373035879747,0.001131272339791654,0.03368516855637632,0,2
86,0.8000000000000114,1.0,0.0,0.06756756756756757,0.0,0.6000000000000001,0.0,0.0,0.0,0.0,0.0,0.0,0.0,0.0,0.0,0.0,0.009770786935533304,0.0,0.0008043294090493882,9.89901386388269e-06,0.0003871687014412364,0.00019453935266843423,0.0,0.654098357795531,0.4939919806486389,0.4967924528301887,0.20575980392156865,0.40012673807869953,0.11410489379033775,0.020202020202020204,0.7999999999999972,0.0,1.0,0.0,0.5,0.0,0.0,0.0,0.0,0.0,0.0,0.0036443983989325997,0.0,0.0,0.00012680986093125562,0.001087347885480565,0.03312156029362849,0,3
5311,0.8000000000000114,0.0,0.0,0.15830115830115832,0.0,0.6000000000000001,0.029411764705882346,0.0,0.0,0.0,0.0,0.0,0.0,0.0,0.0,0.0,0.009770786935533304,0.0,0.0008043294090493882,9.89901386388269e-06,2.060561716353919e-05,0.0008269376755248137,0.0,0.6540941092915358,0.4939810108202482,0.3279245283018868,0.2450980392156863,0.39472818338025084,0.1316498527476659,0.020202020202020204,0.9499999999999957,0.0,1.0,0.0,0.35000000000000003,0.00025566250284852994,0.0,0.0,0.0,7.83203153460128e-05,0.0,0.0036716510086686896,0.0,0.0,0.0023172922398095475,0.0011121417666007658,0.03313568261893845,0,2
12185,0.20000000000004547,0.0,1.0,0.02316602316602317,0.0,0.6000000000000001,0.23529411764705882,0.0,0.0,0.0,0.0,0.0,0.0,0.0,0.0,0.0,0.009770786935533304,0.0,0.0008486340380721952,9.89901386388269e-06,0.0,0.0,0.0,0.6540636594155559,0.4939523141994613,0.20339622641509433,0.24240196078431378,0.39068840712170516,0.13284040353405605,0.25252525252525254,0.7999999999999972,0.0,0.0,0.0,0.0,0.0,0.0,0.0,0.0,0.0,0.0,0.0036354330375410375,0.0,0.00029437885010266944,2.0542327683638945e-05,0.0010826984441489448,0.03312156029362849,1,4
2971,0.8000000000000114,0.0,0.0,0.06756756756756757,0.0,0.6000000000000001,0.0,0.0,0.0,0.0,0.0,0.0,0.0,0.0,0.0,0.0,0.009770786935533304,0.0,0.0008043294090493882,9.89901386388269e-06,6.145534943511688e-05,0.0004127624795831323,0.0,0.6540987461014409,0.4939919449365295,0.5754716981132075,0.2450980392156863,0.40270415189071285,0.1322137978570086,0.24242424242424243,0.7999999999999972,0.0,1.0,0.0,0.35000000000000003,0.0001252752373951492,0.0,0.0,0.0,0.0,0.0,0.0036354330375410375,0.0,0.0,0.00019877196276696713,0.0010852032210588204,0.03312156029362849,0,2
4761,0.20000000000004547,0.0,1.0,0.1274131274131274,0.0,0.6000000000000001,0.5882352941176471,0.0,0.0,0.0,0.0,0.0,0.0,0.0,0.0,0.0,0.009770786935533304,0.0,0.0009734698548013642,1.2095420825500832e-05,0.035703750511525405,0.008189433629546713,0.000859279002933619,0.6538456332674905,0.49425224817297253,0.580754716981132,0.24448529411764708,0.39222388769056415,0.04461432420577731,0.020202020202020204,0.5,1.0,1.0,0.0,0.10000000000000002,0.00011620529119887112,0.0,2.0263271308568794e-05,8.834038737919122e-05,0.00017888147164060354,0.0,0.0037603339935228667,0.0,0.0,0.002388435718375176,0.0013895442231892318,0.03312156029362849,0,4
762,0.20000000000004547,0.0,0.0,0.03474903474903475,0.0,0.6000000000000001,0.5588235294117647,0.0,0.0,0.0,0.0,0.0,0.0,0.0,0.0,0.0,0.010017823828457822,0.0,0.0008043294090493882,9.89901386388269e-06,0.0,0.0,0.0,0.6541130266145195,0.49400870944284714,0.3922641509433962,0.19779411764705884,0.3967876771591173,0.10965599348330096,0.24242424242424243,0.6499999999999986,0.0,1.0,0.0,0.55,0.0001207809975883108,0.0,0.0,0.0,0.0,0.0,0.0036354330375410375,0.0,0.0,0.00016021992314150773,0.0010974946806313443,0.03312156029362849,0,2
5165,0.0,0.0,0.0,0.02316602316602317,0.0,0.6000000000000001,0.5294117647058824,0.0,0.0,0.0,0.0,1.0,0.0,0.0,0.0,0.0,0.009770786935533304,8.645612575860257e-05,0.0008043294090493882,9.89901386388269e-06,0.0,0.0,1.9008095382535635e-05,0.6541031393918549,0.49399457404649727,0.580754716981132,0.2450980392156863,0.40287476084280827,0.11824049125885082,0.020202020202020204,0.14999999999999858,0.0,1.0,0.0,0.45,1.1541099201850844e-07,0.0,0.0,0.0,7.669255499509646e-07,0.0,0.0036354330375410375,0.0,0.0,2.7116895821491012e-05,0.0010855351788472602,0.03312156029362849,0,1
9209,0.6000000000000227,1.0,1.0,0.015444015444015444,0.0,0.6000000000000001,0.32352941176470584,0.0,0.0,0.0,0.0,0.0,0.0,0.0,0.0,0.0,0.009831090123468032,0.0,0.0011852618881553734,9.89901386388269e-06,0.0,0.0,4.610659291873633e-06,0.6540845537192259,0.49399008907136543,0.5773584905660377,0.2450980392156863,0.40261275423780457,0.1339682937527414,0.020202020202020204,0.0,0.0,1.0,0.0,0.4,0.0001072100227033109,0.0,0.0,0.0,0.00010790172941555,0.0,0.0036467648962438134,0.0,0.0,0.00044763343687212237,0.0012800737444073357,0.03312156029362849,1,4
9073,0.8000000000000114,0.0,0.0,0.20463320463320464,0.0,0.6000000000000001,0.1176470588235294,0.0,0.0,0.0,0.0,0.0,0.0,0.0,0.0,0.0,0.012221471170538754,0.0,0.0008043294090493882,9.89901386388269e-06,0.0,0.0,0.0,0.6472052811602261,0.4916885825865405,0.28094339622641507,0.12757352941176472,0.3913281906920631,0.07387680932389248,0.020202020202020204,0.9499999999999957,0.0,1.0,0.0,0.05,0.0005450793264215319,0.0,0.0,0.0,0.00030202780280415845,0.0,0.003718004828741368,0.0,0.0025667351129363453,0.002138985858794649,0.002090157468391229,0.033191006220688365,1,2
10585,0.6000000000000227,0.0,0.0,0.06756756756756757,0.0,0.6000000000000001,0.0,0.0,0.0,0.0,0.0,0.0,0.0,0.0,0.0,0.0,0.009770786935533304,0.0,0.0008043294090493882,9.89901386388269e-06,0.0037274476942675897,0.000856854021941147,0.0,0.6540943783225928,0.4939872018249546,0.20339622641509433,0.2450980392156863,0.39068840712170516,0.1342189360235604,0.030303030303030304,0.10000000000000142,0.0,1.0,0.0,0.6,0.003756281557226394,0.0,0.01589840136903097,0.06931116473064973,0.0,0.0048585726113427406,0.0036354330375410375,0.0,0.0,0.0001403683088420011,0.0010825576210823542,0.03312156029362849,1,2
6918,0.6000000000000227,1.0,0.0,0.20463320463320464,0.6666666666666666,0.6000000000000001,0.5,0.0,0.0,0.0,0.0,1.0,0.0,0.0,0.0,0.0,0.009770786935533304,0.0,0.0008043294090493882,1.5233145056383893e-05,0.049833781354880785,0.011455633850512173,0.0,0.6537095012334037,0.494492766124452,0.580754716981132,0.24411764705882358,0.392498080649289,0.04987781189297576,0.020202020202020204,0.44999999999999574,1.0,1.0,0.0,0.10000000000000002,1.4711507041418106e-05,0.0,0.00027370538110828,0.0011932544862413143,0.00012804526375813962,0.0,0.004155263404689286,0.0,0.0,0.0019424395280432194,0.001538674314096558,0.03312156029362849,0,0
7310,0.8000000000000114,1.0,0.0,0.03861003861003861,0.0,0.6000000000000001,0.029411764705882346,0.0,0.0,0.0,0.0,0.0,0.0,0.0,0.0,0.0,0.012005782303685621,0.0,0.0008043294090493882,9.89901386388269e-06,0.0028999694892265157,0.0006666359193106277,0.0,0.6542030221415601,0.49411391421176987,0.30886792452830186,0.17916666666666667,0.3940944929867535,0.10025690832758946,0.24242424242424243,0.3999999999999986,0.0,1.0,0.0,0.05,0.000336959363402744,0.0,0.0,0.0,0.0,0.0,0.003813825785160263,0.0,0.0,0.000575952634457593,0.0011325018773371593,0.03312156029362849,0,3
5658,0.20000000000004547,0.0,0.0,0.02027027027027027,0.0,0.0,0.7941176470588235,0.3333333333333333,0.0,0.0,0.0,0.0,0.0,0.0,0.0,0.0,0.009962396665701746,0.0005246619945221975,0.0008043294090493882,9.89901386388269e-06,0.03715265074997216,0.008540535195127291,0.001981713559790214,0.6538595009570505,0.4943046712205367,0.580754716981132,0.2450980392156863,0.4002303220853289,0.1332163669402845,0.020202020202020204,0.5,0.0,1.0,0.0,0.10000000000000002,0.0003143455978489998,0.0,0.0,0.0,4.601553299705787e-05,0.0,0.0038145839909521917,0.0,0.0,0.0022046803762187893,0.0014991897270496674,0.03312411987208298,0,2
3093,0.20000000000004547,0.0,0.0,0.06756756756756757,0.0,0.6000000000000001,0.5294117647058824,0.0,0.0,0.0,0.0,1.0,0.0,0.0,0.0,0.0,0.009770786935533304,0.0,0.0008043294090493882,9.89901386388269e-06,0.0,0.0003715444022984064,0.0,0.654119760342602,0.49401414234157875,0.39358490566037735,0.2450980392156863,0.39683032939714113,0.12162416191490696,0.24242424242424243,0.9499999999999957,0.0,1.0,0.0,0.35000000000000003,1.9212535730139936e-06,0.0,0.0,0.0,0.0,0.0,0.0036354330375410375,0.0,0.0,7.79738664753817e-05,0.0010887560665783379,0.03312156029362849,0,1
7565,0.8000000000000114,1.0,0.0,0.10424710424710425,0.0,0.6000000000000001,0.1764705882352941,0.0,0.0,0.0,0.0,0.0,0.0,0.0,0.0,0.0,0.009770786935533304,0.0,0.0008043294090493882,9.89901386388269e-06,0.000990515632071884,0.0008146387331092101,0.0,0.6540993444636195,0.49399290372903215,0.3932075471698113,0.19705882352941176,0.39685470210458335,0.10965599348330096,0.25252525252525254,0.44999999999999574,0.0,1.0,0.0,0.05,0.0,0.0,0.0,0.0,0.0,0.0,0.0036381195440290622,0.0,0.00012833675564681725,0.00020181621805258736,0.0010852454531083578,0.033123048420636916,0,3
7531,0.20000000000004547,0.0,0.0,0.06756756756756757,0.0,0.8,0.0,0.0,0.0,0.0,0.0,0.0,0.0,0.0,0.0,0.0,0.009770786935533304,0.0,0.0008043294090493882,9.89901386388269e-06,0.0,0.0,0.00018599225596275143,0.654099533646789,0.493991897579167,0.580754716981132,0.24031862745098043,0.40287476084280827,0.13002067798734257,0.25252525252525254,0.14999999999999858,0.0,1.0,0.0,0.35000000000000003,2.2321843632756222e-05,0.0,0.0,0.0,0.0,0.0,0.0036354330375410375,0.0,0.0,0.00022026082360663925,0.0010958591305063096,0.03312156029362849,0,2
4190,0.6000000000000227,1.0,0.0,0.31660231660231664,0.6666666666666666,0.6000000000000001,0.5,0.0,0.0,0.0,0.0,1.0,0.0,0.0,0.0,0.0,0.01001929867557976,0.0010252956678377253,0.0016930730936709178,9.89901386388269e-06,0.030155416963700856,0.015092048858379755,0.0,0.6533800074342293,0.49446238986999747,0.580754716981132,0.24362745098039218,0.3964952046698108,0.1203709505608121,0.020202020202020204,0.29999999999999716,1.0,1.0,0.0,0.45,0.00029791650369107096,0.0,0.011153670701678777,0.0,0.0,0.004151589257958396,0.003888835936204736,0.0,0.0,0.008127982538765649,0.0015046843050533641,0.03312156029362849,0,0
11321,0.4000000000000341,0.0,0.0,0.03474903474903475,0.0,0.2,0.5294117647058824,0.0,0.0,0.0,0.0,1.0,0.0,0.0,0.0,0.0,0.038718980898698095,0.0,0.0008043294090493882,9.89901386388269e-06,0.0,0.0639243349118361,0.0,0.654355961327692,0.4935813721308386,0.3892452830188679,0.24485294117647063,0.4070973324071705,0.13409361488815089,0.020202020202020204,0.44999999999999574,0.0,1.0,0.0,0.75,0.0,0.0,0.0008870473842989891,0.0,0.0,0.000969784710324024,0.0036354330375410375,0.0,0.0,0.010069015058063414,0.001240059521856566,0.04222393716183306,1,1
11545,0.20000000000004547,0.0,1.0,0.03474903474903475,0.0,0.6000000000000001,0.23529411764705882,0.0,0.0,0.0,0.0,0.0,0.0,0.0,0.0,0.0,0.009770786935533304,0.004863639931874799,0.0008043294090493882,9.89901386388269e-06,0.02408435144362231,0.02481511074657489,0.0,0.652838379333402,0.4925168123935391,0.3920754716981132,0.2450980392156863,0.3966475340913246,0.1339682937527414,0.030303030303030304,0.6000000000000014,0.0,1.0,0.0,0.85,0.0,0.0,8.548882621724546e-05,0.0,0.0,9.764703884089856e-05,0.003688826274204962,0.0,0.0060788501026694045,0.004175592644874574,0.0010968912381770417,0.03312156029362849,1,4
1813,0.6000000000000227,1.0,0.0,0.02316602316602317,0.0,0.6000000000000001,0.1764705882352941,0.0,0.0,0.0,0.0,0.0,0.0,0.0,0.0,0.0,0.009770786935533304,0.0,0.0008043294090493882,9.89901386388269e-06,9.905156320718839e-05,0.0007931155838819036,0.0,0.6540831141380156,0.49397392973003224,0.3920754716981132,0.17818627450980393,0.3967815839822567,0.09975562378595151,0.24242424242424243,0.5,0.0,1.0,0.0,0.8,2.0638200925662685e-05,0.0,0.0,0.0,0.0,0.0,0.0036354330375410375,0.0,0.00013218685831622176,0.00033798908263541437,0.0010827484583954038,0.03312156029362849,0,3
7022,0.20000000000004547,1.0,1.0,0.10231660231660232,0.0,0.8,0.23529411764705882,0.0,0.0,0.0,0.0,0.0,0.0,0.0,0.0,0.0,0.009770786935533304,0.0,0.0008043294090493882,9.89901386388269e-06,0.0,0.0002732359639358444,0.0,0.6541024972955637,0.49399719616931326,0.5794339622641509,0.2442401960784314,0.4027468041287367,0.13346700921110347,0.25252525252525254,0.6000000000000014,0.0,0.0,0.0,0.5,0.0,0.0006515967484502237,0.0,0.0,0.0,0.0,0.0036354330375410375,0.020825250955654673,0.0,5.113837240298163e-05,0.0010980996596977781,0.03312156029362849,0,4
6923,0.6000000000000227,0.0,0.0,0.06756756756756757,0.0,0.6000000000000001,0.5588235294117647,0.0,0.0,0.0,0.0,0.0,0.0,0.0,0.0,0.0,0.009770786935533304,0.0,0.0008043294090493882,9.89901386388269e-06,0.00032390584172861604,0.00014459567434561108,0.0,0.6541021172726297,0.4939962292251334,0.580754716981132,0.2421568627450981,0.40287476084280827,0.13227645842471336,0.25252525252525254,0.75,0.0,0.0,0.0,0.5,0.0,0.016255646278213517,0.0,0.0,0.0,0.0,0.0036354330375410375,0.012186687264870873,0.0,4.469171415108e-05,0.0010870999456780003,0.03312156029362849,0,2
5460,0.8000000000000114,1.0,0.0,0.06756756756756757,0.2962962962962963,0.6000000000000001,0.5,0.0,0.0,0.0,0.0,1.0,0.0,0.0,0.0,0.0,0.009770786935533304,0.0,0.0008043294090493882,9.89901386388269e-06,0.0,0.0,1.7811933773794835e-05,0.6541018008629506,0.4940078061593841,0.580754716981132,0.2450980392156863,0.40027297432335274,0.13359233034651294,0.020202020202020204,0.29999999999999716,0.0,1.0,0.0,0.25000000000000006,0.0,0.0,0.0,0.0,0.0,5.131709665213766e-06,0.0036354330375410375,0.0,0.0,4.663594441752652e-05,0.0010909759754263704,0.03312156029362849,0,0
2893,0.6000000000000227,1.0,0.0,0.06756756756756757,0.0,0.6000000000000001,0.0,0.0,0.0,0.0,0.0,0.0,0.0,0.0,0.0,0.0,0.009770786935533304,0.0,0.0008043294090493882,9.89901386388269e-06,0.00033330489517163395,0.0006407915200454064,0.0,0.6540854015646383,0.49397668460873323,0.20339622641509433,0.13480392156862747,0.39068840712170516,0.07782442508929133,0.24242424242424243,0.29999999999999716,0.0,0.0,1.0,0.75,0.0,0.0,0.0,0.0,0.0,0.0,0.0036354330375410375,0.004378251181877576,0.0,0.0003271679062840081,0.0010825576210823542,0.03312156029362849,0,3
5775,0.8000000000000114,1.0,0.0,0.10424710424710425,0.2962962962962963,0.6000000000000001,0.5,0.0,0.0,0.0,0.0,1.0,0.0,0.0,0.0,0.0,0.009770786935533304,0.0,0.0008043294090493882,9.89901386388269e-06,7.193890904463682e-05,0.0001230725251183046,0.0,0.654085194158922,0.4939764288013408,0.3922641509433962,0.2450980392156863,0.3967876771591173,0.13415627545585562,0.25252525252525254,0.6999999999999957,0.0,1.0,0.0,0.55,0.0,0.0,0.0,0.0,0.0,0.0,0.0036354330375410375,0.0,0.0,0.0003227422242301232,0.001082722732534242,0.03312156029362849,0,0
8615,0.6000000000000227,1.0,0.0,0.015444015444015444,0.0,0.6000000000000001,0.1764705882352941,0.0,0.0,0.0,0.0,0.0,0.0,0.0,0.0,0.0,0.009770786935533304,0.0,0.0008043294090493882,9.89901386388269e-06,0.0,0.000149914135930737,8.022982135717845e-05,0.654115773911964,0.4940109973469,0.41981132075471694,0.2433823529411765,0.3976772809807578,0.12619838335735323,0.020202020202020204,0.6000000000000014,0.0,1.0,0.0,0.35000000000000003,8.519367875530955e-05,0.0,0.00034588698437661457,0.0010631611794540477,2.8000608344128073e-05,0.0,0.0036417456602840913,0.0,0.0,0.0001467382211623325,0.0010875994437568575,0.03312156029362849,0,3
3090,0.20000000000004547,0.0,0.0,0.10424710424710425,0.0,0.6000000000000001,0.5588235294117647,0.0,0.0,0.0,0.0,0.0,0.0,0.0,0.0,0.0,0.009773149700820489,0.0,0.0008043294090493882,9.89901386388269e-06,0.00024690590390696963,5.675795722876573e-05,0.0,0.6541022706733431,0.4939948085042591,0.4728301886792452,0.19779411764705884,0.39940774320915445,0.0746287361363494,0.24242424242424243,0.6999999999999957,0.0,0.0,0.0,0.5,0.0,0.0008006713191669738,0.0,0.0,0.0,0.0,0.0036354330375410375,0.0008289690746571881,0.0,6.958297795703354e-06,0.001082797183870398,0.03312156029362849,0,2
2438,0.20000000000004547,1.0,0.0,0.10231660231660232,0.4444444444444444,0.6000000000000001,0.5,0.0,0.0,0.0,0.0,1.0,0.0,0.0,0.0,0.0,0.009770786935533304,0.0,0.0008043294090493882,9.89901386388269e-06,0.0003043847307315789,0.00019620137191378608,0.0,0.6541118139868487,0.4940072619378907,0.3347169811320755,0.10330882352941177,0.39492925821664904,0.061470016918353285,0.25252525252525254,0.6000000000000014,0.0,0.0,0.0,0.5,0.0,0.005696162475722817,0.0,0.0,0.0,0.0,0.0036354330375410375,0.013620333399575683,0.0,2.872856038446642e-05,0.0010925503584749627,0.03312156029362849,0,0
249,0.4000000000000341,0.0,1.0,0.10424710424710425,0.0,0.6000000000000001,0.23529411764705882,0.0,0.0,0.0,0.0,0.0,0.0,0.0,0.0,0.0,0.009770786935533304,0.0,0.0008043294090493882,9.89901386388269e-06,0.0,0.0,0.0,0.6540948832528033,0.4939877934038105,0.38811320754716977,0.1306372549019608,0.39665362726818515,0.07613258976126325,0.25252525252525254,0.6000000000000014,0.0,0.0,1.0,0.45,0.0,0.0,0.0,0.0,0.0,0.0,0.0036354330375410375,0.008269763976678883,0.0,9.061136320728412e-05,0.0010869809325900438,0.03312156029362849,0,4
4255,0.8000000000000114,1.0,0.0,0.10231660231660232,0.0,0.6000000000000001,0.0,0.0,0.0,0.0,0.0,0.0,0.0,0.0,0.0,0.0,0.009770786935533304,0.0,0.0008043294090493882,9.89901386388269e-06,0.0,9.141105849435183e-05,0.0,0.6525811697395746,0.4939462780766207,0.580754716981132,0.2450980392156863,0.3911575817399676,0.1339682937527414,0.020202020202020204,0.5,0.0,1.0,0.0,0.45,2.077397856333152e-05,0.0,0.0,0.0,0.0,0.0002510562467904228,0.0036553332891964114,0.0,0.0,0.0006521101805524787,0.0013147609292448264,0.03312156029362849,0,3
5465,0.20000000000004547,0.0,1.0,0.03474903474903475,0.0,0.6000000000000001,0.23529411764705882,0.0,0.0,0.0,0.0,0.0,0.0,0.0,0.0,0.0,0.009770786935533304,0.0,0.0008043294090493882,9.89901386388269e-06,0.00011206563720521315,0.00024323651655724346,0.0,0.6540833215437319,0.4940004909995815,0.580754716981132,0.24497549019607845,0.3960930549970144,0.09850241243185666,0.020202020202020204,0.6000000000000014,1.0,1.0,0.0,0.2,1.5349661938461622e-05,0.0,0.0,0.0,1.7373211437664707e-05,0.0,0.003642107682935649,0.0,0.0,0.0001991812744020085,0.0010955986499660304,0.03312156029362849,0,4
10769,0.0,0.0,0.0,0.03861003861003861,0.0,1.0,0.5588235294117647,0.0,0.0,0.0,0.0,0.0,0.0,0.0,0.0,0.0,0.009998515370728784,0.0,0.0008043294090493882,9.89901386388269e-06,0.0,0.0,0.00017479183362636028,0.6540267103853709,0.4939003173681595,0.580566037735849,0.24485294117647063,0.4028686676659477,0.13146187104455168,0.020202020202020204,0.5,0.0,1.0,0.0,0.25000000000000006,0.0,0.0,0.0,0.0,2.0206140509932556e-05,0.0,0.003687495585738444,0.0,0.0,0.001388129246288439,0.001123259898890901,0.03312156029362849,1,2
4700,0.20000000000004547,1.0,0.0,0.03861003861003861,0.537037037037037,0.6000000000000001,0.5,0.0,0.0,0.0,0.0,1.0,0.0,0.0,0.0,0.0,0.009770786935533304,0.0,0.0008043294090493882,9.89901386388269e-06,0.0,0.00014152093874171017,9.499698012690578e-05,0.6540847369386527,0.493975905929478,0.3220754716981132,0.07169117647058824,0.3945210153669921,0.04555423272134845,0.020202020202020204,0.6999999999999957,0.0,1.0,0.0,0.35000000000000003,0.0,0.0,4.0324918027002574e-07,1.7580176592873876e-06,0.0,9.106977715731471e-06,0.0036354330375410375,0.0,0.0,0.00010936295248761705,0.0010954005261373915,0.03312156029362849,0,0
164,0.4000000000000341,1.0,1.0,0.03474903474903475,0.0,0.6000000000000001,0.23529411764705882,0.0,0.0,0.0,0.0,0.0,0.0,0.0,0.0,0.0,0.009849390267348396,0.0,0.0008043294090493882,9.89901386388269e-06,0.0,0.0,0.0,0.6534285158542523,0.4932057044185206,0.3920754716981132,0.1848039215686275,0.3967815839822567,0.1033272761451219,0.020202020202020204,0.10000000000000142,0.0,1.0,0.0,0.35000000000000003,0.0,0.0,0.0,0.0,0.0,0.0,0.0036354330375410375,0.0,0.0,0.009139647408724786,0.0011361479109472045,0.03312156029362849,0,4
4831,0.8000000000000114,0.0,0.0,0.015444015444015444,0.0,0.2,0.029411764705882346,0.0,0.0,0.0,0.0,0.0,0.0,0.0,0.0,0.0,0.011603013594252852,0.0,0.002184946484733344,9.89901386388269e-06,0.04105506543910208,0.009437610082805954,0.0,0.6590502087009419,0.5046279373047927,0.39471698113207543,0.15710784313725493,0.39558122814072805,0.07675919543831068,0.030303030303030304,0.14999999999999858,1.0,1.0,0.0,0.05,0.008271831664296906,0.0,0.0,0.0,0.0,0.0,0.005750880989975552,0.0,0.0,0.012643048020952664,0.009470705739507687,0.03381453143721878,0,2
4666,0.4000000000000341,0.0,1.0,0.02316602316602317,0.0,0.6000000000000001,0.23529411764705882,0.0,0.0,0.0,0.0,1.0,0.0,0.0,0.0,0.0,0.009770786935533304,0.0,0.0008043294090493882,9.89901386388269e-06,0.0008206096659865607,0.0002094144249143333,0.0,0.6540595808782259,0.4939464329584865,0.20339622641509433,0.13419117647058823,0.39068840712170516,0.0775111222507676,0.020202020202020204,0.14999999999999858,0.0,1.0,0.0,0.8,0.0,0.0,1.693646557134108e-05,7.383674169007028e-05,0.0,3.2524920413326684e-06,0.0036354330375410375,0.0,0.0,0.00037746207343971683,0.0010825576210823542,0.03312156029362849,0,1
4222,0.20000000000004547,0.0,1.0,0.03474903474903475,0.0,0.8,0.2647058823529412,0.0,0.0,0.0,0.0,0.0,0.0,0.0,0.0,0.0,0.012407000918694313,3.830127494796101e-06,0.0016479887281288781,9.89901386388269e-06,0.12183703776539673,0.028007517313046727,0.0,0.6536254860149582,0.4939683058491503,0.580754716981132,0.24497549019607845,0.39562997355561247,0.11993232658687888,0.020202020202020204,0.14999999999999858,1.0,0.0,0.0,0.2,0.0,0.0,0.004922361931261137,0.0,0.0,0.0017645853488243504,0.003681346305102818,0.0,0.00212097022587269,0.0029328969389117734,0.0012359992473568698,0.033137443569231755,0,4
10437,0.6000000000000227,1.0,0.0,0.10231660231660232,0.0,1.0,0.029411764705882346,0.0,0.0,0.0,0.0,0.0,0.0,0.0,0.0,0.0,0.009770786935533304,0.0,0.0013271583399253558,9.473902839053371e-06,0.0,0.00024564644446300365,0.0,0.6540811268864393,0.49466100431918475,0.580754716981132,0.2450980392156863,0.396342875248297,0.08910332727614514,0.020202020202020204,0.10000000000000142,0.0,1.0,0.0,0.4,0.00018028554729667708,0.0,0.00023741295488397766,0.0010350328969054494,0.0004773563744480504,0.0,0.0036450937808370563,0.0,0.0,0.00014113576815770367,0.0014397702742816178,0.0331240405053092,1,3
2556,0.6000000000000227,1.0,0.0,0.06756756756756757,0.0,0.6000000000000001,0.0,0.0,0.0,0.0,0.0,0.0,0.0,0.0,0.0,0.0,0.009920303324884817,0.0,0.0008043294090493882,9.89901386388269e-06,0.0,0.00020542557872548886,0.0,0.6540997281310629,0.4940103642333082,0.4084905660377358,0.2450980392156863,0.3911271158556649,0.048749921674290375,0.24242424242424243,0.29999999999999716,1.0,0.0,0.0,0.25000000000000006,0.0,0.001450796245339317,0.0,0.0,0.0,0.0,0.00364661058507021,0.0070638854559835805,0.0,0.0001342030523391904,0.0010868277174901383,0.03312156029362849,0,3
11644,0.20000000000004547,0.0,0.0,0.03861003861003861,0.0,0.8,0.1176470588235294,0.0,0.0,0.0,0.0,0.0,0.0,0.0,0.0,0.0,0.009770786935533304,0.0,0.0008043294090493882,9.89901386388269e-06,0.014063514465143248,0.003617800392319643,1.1874622515863223e-05,0.6537263133552343,0.4935559000806264,0.5532075471698112,0.22585784313725493,0.4019851570211677,0.12438122689391568,0.020202020202020204,0.6000000000000014,0.0,1.0,0.0,0.45,0.0,0.0,0.0,0.0,1.2349066508394103e-05,0.0,0.003646150400094477,0.0,0.0,0.0027352761651183604,0.0011831423180235956,0.03312156029362849,1,2
5793,0.20000000000004547,0.0,0.0,0.07567567567567568,0.0,0.0,0.7941176470588235,0.3333333333333333,0.0,0.0,0.0,0.0,0.0,0.0,0.0,0.0,0.009770786935533304,0.0,0.0008153236939705705,9.89901386388269e-06,0.0008068725878775347,0.00018548134778126663,0.00018995046346803918,0.6540265278285822,0.4939175088670897,0.580754716981132,0.2450980392156863,0.4025761951766412,0.13403095432044615,0.020202020202020204,0.5,0.0,1.0,0.0,0.5,2.9192192098799195e-06,0.0,0.0,0.0,0.0,0.0005656445047882103,0.0036788415952391657,0.0,0.0,0.0006267072772027233,0.0011477655413161972,0.03312156029362849,0,2
3572,0.20000000000004547,0.0,0.0,0.06756756756756757,0.0,0.6000000000000001,0.5588235294117647,0.0,0.0,0.0,0.0,0.0,0.0,0.0,0.0,0.0,0.009770786935533304,0.0,0.0008043294090493882,9.89901386388269e-06,0.0,0.0,0.0,0.653769655186214,0.4936067545126021,0.580754716981132,0.2450980392156863,0.40287476084280827,0.1342189360235604,0.020202020202020204,0.14999999999999858,0.0,1.0,0.0,0.75,0.0,0.0,0.0,0.0,0.0,3.2163532408734168e-06,0.0036354330375410375,0.0,0.0,0.002662290784195045,0.0010886913305963007,0.03312156029362849,0,2
10127,0.6000000000000227,0.0,0.0,0.0637065637065637,0.0,0.6000000000000001,0.029411764705882346,0.0,0.0,0.0,0.0,0.0,0.0,0.0,0.0,0.0,0.009770786935533304,0.0,0.0009718168133805907,9.89901386388269e-06,0.0003437884547811539,0.0019807945366103366,0.0,0.6540377270746283,0.4938998212803788,0.580754716981132,0.2450980392156863,0.3970740564715632,0.07650855316749171,0.25252525252525254,0.0,0.0,1.0,0.0,0.4,8.176529340417151e-05,0.0,0.0,0.0,0.0,0.0,0.0036354330375410375,0.0,0.0,0.001566333299394577,0.001274543080802626,0.03312156029362849,1,2
4711,0.0,0.0,0.0,0.10424710424710425,0.0,0.6000000000000001,0.5294117647058824,0.0,0.0,0.0,0.0,1.0,0.0,0.0,0.0,0.0,0.011401471220201975,3.283434083145717e-05,0.0012886861400664103,5.071979393856458e-05,0.03849924590671223,0.008850086279574074,0.0,0.6515719802396794,0.4964262414657462,0.580188679245283,0.24264705882352944,0.3938873249734947,0.09950498151513255,0.030303030303030304,0.14999999999999858,1.0,1.0,0.0,0.25000000000000006,0.004888741733085183,0.0,0.0,0.0,0.0,0.019929247456460877,0.006236159789611345,0.0,0.0,0.012289300440368156,0.002451902780400153,0.033945193948981926,0,1
6144,0.20000000000004547,1.0,0.0,0.03861003861003861,0.537037037037037,0.6000000000000001,0.5,0.0,0.0,0.0,0.0,1.0,0.0,0.0,0.0,0.0,0.009817425213399468,0.0,0.06926338680896338,9.89901386388269e-06,0.0,0.00019678307864965923,0.0,0.6541031788188202,0.4957806266947439,0.20339622641509433,0.24571078431372553,0.39068840712170516,0.01027633310357792,0.020202020202020204,0.3999999999999986,0.0,1.0,0.0,0.8,0.004558150340889107,0.0,0.00019597910161123252,0.0008543965824136703,0.0,0.0006088303713370163,0.003713491717725093,0.0,0.0,3.358913605058273e-05,0.0013141059359319336,0.03312156029362849,0,0
11280,0.6000000000000227,1.0,0.0,0.02316602316602317,0.14814814814814814,0.6000000000000001,0.5,0.0,0.0,0.0,0.0,1.0,0.0,0.0,0.0,0.0,0.009770786935533304,0.0,0.0008043294090493882,9.89901386388269e-06,0.00013484026670175647,0.00025470444935017124,0.0,0.6540906808021539,0.4939828697908131,0.20339622641509433,0.23995098039215687,0.39068840712170516,0.13158719217996115,0.24242424242424243,0.5499999999999972,0.0,0.0,0.0,0.55,0.0,0.0,0.0,0.0,0.0,0.0,0.0036359666479352537,0.0016853567668028047,0.00025154004106776184,1.2458422891571814e-05,0.0010825576210823542,0.03312156029362849,1,0
1550,0.20000000000004547,1.0,1.0,0.10231660231660232,0.0,0.8,0.23529411764705882,0.0,0.0,0.0,0.0,0.0,0.0,0.0,0.0,0.0,0.009770786935533304,0.0,0.0008043294090493882,9.89901386388269e-06,0.0013588862266270846,0.000979427941285846,0.0,0.6540785972656014,0.4939629649479179,0.2788679245283019,0.05281862745098039,0.3931256778659258,0.03571652359170374,0.020202020202020204,0.8999999999999986,0.0,1.0,0.0,0.45,2.296678741168318e-05,0.0,7.177835408806458e-05,0.0,3.725066956904685e-05,0.0,0.0036438581135003396,0.0,0.0,0.00022624700626911934,0.0011797761956620675,0.03312156029362849,0,4
703,0.0,1.0,0.0,0.10424710424710425,0.2962962962962963,0.4,0.5,0.0,0.0,0.0,0.0,1.0,0.0,0.0,0.0,0.0,0.009770786935533304,0.0,0.0008043294090493882,9.89901386388269e-06,0.0012862243134714464,0.00029567322374809437,0.0,0.6541072610006595,0.4940022816513283,0.4075471698113208,0.20477941176470593,0.39728122448482195,0.11354094868099507,0.25252525252525254,0.6999999999999957,0.0,0.0,0.0,0.55,0.0,0.00024411223780274594,0.0,0.0,0.0,0.0,0.0036354330375410375,0.0035859689897753274,0.0,3.02123150614914e-05,0.0010854438247776628,0.03312156029362849,0,0
10235,0.4000000000000341,0.0,0.0,0.02316602316602317,0.0,0.8,0.0,0.0,0.0,0.0,0.0,0.0,0.0,0.0,0.0,0.0,0.009770786935533304,0.0,0.0008043294090493882,9.89901386388269e-06,0.0006159995025731717,0.0004229007969797786,0.0,0.653938983399768,0.49380099578108705,0.580754716981132,0.2450980392156863,0.40287476084280827,0.1322137978570086,0.020202020202020204,0.14999999999999858,0.0,1.0,0.0,0.8,0.0,0.0,0.0,0.0,4.726765634391659e-06,0.0,0.0036354330375410375,0.0,0.0,0.002626655089969256,0.001092241301164089,0.03312156029362849,1,2
1702,0.8000000000000114,0.0,0.0,0.08687258687258688,0.0,0.4,0.5294117647058824,0.0,0.0,0.0,0.0,1.0,0.0,0.0,0.0,0.0,0.01071604354501177,0.0,0.0008043294090493882,9.89901386388269e-06,0.04026337593755558,0.009255618975439925,0.0001423649798330415,0.6540229588599291,0.4938790814728386,0.580754716981132,0.2450980392156863,0.40287476084280827,0.1283288426593145,0.25252525252525254,0.0,0.0,1.0,0.0,0.45,0.005010235563271255,0.0,0.0,0.0,0.0,0.0,0.0036703536953923916,0.0,0.0,0.0,0.0011440849587172697,0.03312156029362849,0,1
6557,0.6000000000000227,0.0,0.0,0.03861003861003861,0.0,0.6000000000000001,0.5294117647058824,0.0,0.0,0.0,0.0,1.0,0.0,0.0,0.0,0.0,0.00977831166574727,0.0,0.0008043294090493882,9.89901386388269e-06,0.007166778250301131,0.0026687874032237354,0.0,0.6535966407170685,0.49404620987495396,0.2792452830188679,0.05477941176470589,0.3907554320671712,0.03383670656056144,0.020202020202020204,0.3999999999999986,1.0,1.0,0.0,0.45,0.00011879864407834584,0.0,0.000516360575335768,0.0022511416127175,0.0,0.00024238293468020232,0.003635566145652619,0.0,0.0014117043121149898,8.352515552563034e-05,0.001177101548759511,0.03312194224622732,0,1
6801,0.8000000000000114,0.0,0.0,0.03474903474903475,0.0,0.4,0.029411764705882346,0.0,0.0,0.0,0.0,0.0,0.0,0.0,0.0,0.0,0.009770786935533304,0.0,0.0008043294090493882,9.89901386388269e-06,0.001200909828373284,0.000530932047927649,0.0,0.6541099791420287,0.49400509669717013,0.3956603773584906,0.22500000000000003,0.3968973543426072,0.12162416191490696,0.25252525252525254,1.0,0.0,0.0,0.0,0.55,0.0,0.0057821589488161185,0.0,0.0,0.0,0.0,0.0036420244412847485,0.008079069422935419,0.0,0.00014284976062943944,0.0010861853640512268,0.03312163469997891,0,2
8801,0.6000000000000227,0.0,0.0,0.15830115830115832,0.0,0.6000000000000001,0.5294117647058824,0.0,0.0,0.0,0.0,1.0,0.0,0.0,0.0,0.0,0.009770786935533304,0.0,0.0008043294090493882,9.89901386388269e-06,0.0004193423843807976,0.0006369688757810971,0.0,0.6541183817240942,0.4940146764705195,0.2788679245283019,0.06617647058823531,0.3931134915122047,0.042358543768406545,0.24242424242424243,0.44999999999999574,0.0,1.0,1.0,0.05,6.566885445853131e-05,0.0,0.0,0.0,0.0,0.0,0.0036354330375410375,0.0,0.0,8.928110039339965e-05,0.0011045758850125487,0.03312156029362849,0,1
4065,1.0,0.0,0.0,0.03474903474903475,0.0,0.4,0.0,0.0,0.0,0.0,0.0,0.0,0.0,0.0,0.0,0.0,0.009770786935533304,8.565954653603815e-06,0.0008043294090493882,9.89901386388269e-06,0.0,0.0005457240192112805,0.0008143903200165096,0.6540377757785265,0.49407197033926714,0.580754716981132,0.2450980392156863,0.3971228018864476,0.09361488815088666,0.24242424242424243,0.04999999999999716,1.0,1.0,0.0,0.5,0.002114899639857284,0.0,0.0,0.0,0.0,0.0,0.003666125255116224,0.0,0.0007700205338809035,0.0013724219122937262,0.0012040489174291766,0.03314305380805352,0,2
8961,0.6000000000000227,1.0,0.0,0.05791505791505792,0.7037037037037037,0.4,0.5,0.0,0.0,0.0,0.0,1.0,0.0,0.0,0.0,0.0,0.009770786935533304,0.0,0.0008043294090493882,9.89901386388269e-06,0.0,0.003673228734152127,0.0,0.6542175730109718,0.49410305928320947,0.5381132075471697,0.24485294117647063,0.40151598240290526,0.13277774296635128,0.020202020202020204,0.9499999999999957,0.0,1.0,0.0,0.35000000000000003,0.00036048962801075285,0.0,0.004879415893562379,0.0005964074909132462,1.576110262858411e-05,0.0,0.003767080101089478,0.0,0.0,0.0038608831614821383,0.0014446537763384898,0.033175093182544926,0,0
9782,1.0,0.0,0.0,0.05791505791505792,0.0,1.0,0.029411764705882346,0.0,0.0,0.0,0.0,0.0,0.0,0.0,0.0,0.0,0.010485305217730702,0.0,0.0008043294090493882,9.89901386388269e-06,0.0,0.0,0.0005143712401514305,0.654052630136175,0.4940404800222691,0.580566037735849,0.24203431372549022,0.40029125385393444,0.12970737514881886,0.020202020202020204,0.5499999999999972,0.0,1.0,0.0,0.45,0.0,0.0,0.0,0.0,0.0,0.0,0.0036427795058823036,0.0,0.0,0.0012917875201905755,0.0011631663107518312,0.033223120001530194,1,2
2984,0.6000000000000227,0.0,0.0,0.02316602316602317,0.0,0.6000000000000001,0.029411764705882346,0.0,0.0,0.0,0.0,0.0,0.0,0.0,0.0,0.0,0.010039525150394902,0.0032470860640996606,0.0008043294090493882,2.5051185391727667e-05,0.0,0.0014634079455323053,0.0,0.6539207943160248,0.49434167556486275,0.580754716981132,0.2422794117647059,0.399115270719848,0.13171251331537065,0.24242424242424243,0.14999999999999858,0.0,1.0,1.0,0.10000000000000002,4.5227531107488425e-05,0.0,0.0,0.0,0.0,0.0,0.0037395487103527303,0.0,0.0,0.001998336148203557,0.0013517299335287908,0.03313892177539346,0,2
10070,0.6000000000000227,0.0,1.0,0.03474903474903475,0.0,0.6000000000000001,0.2647058823529412,0.0,0.0,0.0,0.0,0.0,0.0,0.0,0.0,0.0,0.009770786935533304,0.0,0.0008043294090493882,9.89901386388269e-06,0.0,0.002358488410116545,0.0,0.6534628332173364,0.4932472803010263,0.2930188679245283,0.11960784313725492,0.39358266613046716,0.07005451469390313,0.020202020202020204,0.14999999999999858,0.0,1.0,0.0,0.75,4.541761980022479e-06,0.0,0.00266426733404406,0.007111181431817483,0.0002832616041431134,0.0,0.0036354330375410375,0.0,0.0,0.006780068160620025,0.0011323763708237459,0.03312156029362849,1,4
1768,0.8000000000000114,0.0,1.0,0.08687258687258688,0.0,0.6000000000000001,0.23529411764705882,0.0,0.0,0.0,0.0,0.0,0.0,0.0,0.0,0.0,0.019836362701928956,8.380449903143604e-06,0.0008043294090493882,0.0006055402897961612,0.16237551676718834,0.06747050227468109,0.0,0.649776516662965,0.5028231575369113,0.580754716981132,0.24375000000000005,0.3908102706589162,0.024750924243373645,0.030303030303030304,0.7999999999999972,1.0,1.0,0.0,0.10000000000000002,0.0,0.0,0.09128291206395532,0.397959820506397,0.0,0.0,0.007046267536175027,0.0,0.0,0.02572779446006935,0.00782087751368747,0.03335119813272204,0,4
2052,0.6000000000000227,1.0,1.0,0.06756756756756757,0.0,0.4,0.23529411764705882,0.0,0.0,0.0,0.0,1.0,0.0,0.0,0.0,0.0,0.009770786935533304,0.0,0.0008043294090493882,9.89901386388269e-06,0.0,0.000147670409949512,0.0,0.6541029893043318,0.4939972555601039,0.580754716981132,0.22757352941176473,0.39068840712170516,0.12525847484178207,0.24242424242424243,0.5,0.0,0.0,1.0,0.55,0.0,0.004807602340533838,0.0,0.0,0.0,0.0,0.0036354330375410375,0.003424623942075815,0.0,5.2289561376535495e-05,0.0010825629744407462,0.03312200673173102,0,0
6125,0.20000000000004547,0.0,0.0,0.03474903474903475,0.0,0.6000000000000001,0.5294117647058824,0.0,0.0,0.0,0.0,1.0,0.0,0.0,0.0,0.0,0.009770786935533304,0.0,0.0008043294090493882,9.89901386388269e-06,0.004998850423463508,0.004080838954074669,0.0,0.6540735121810408,0.4939721557698148,0.39735849056603767,0.197671568627451,0.3964159933706236,0.10859076383232034,0.020202020202020204,0.6499999999999986,0.0,1.0,0.0,0.05,0.0,0.0,0.0,0.0,0.0,0.0001870544311770877,0.0036576593436300647,0.0,0.0,0.0007524426950919954,0.0010996845511906217,0.03312540462173359,0,1
2360,0.8000000000000114,0.0,1.0,0.05791505791505792,0.0,0.8,0.23529411764705882,0.0,0.0,0.0,0.0,0.0,0.0,0.0,0.0,0.0,0.009770786935533304,0.0,0.0008043294090493882,9.89901386388269e-06,0.031796274793618476,0.007309228237208373,0.0,0.6537381411134914,0.4942250848438397,0.290377358490566,0.1584558823529412,0.3930830256279019,0.08891534557303091,0.030303030303030304,0.6499999999999986,0.0,1.0,0.0,0.05,0.0009602805535309412,0.0,0.0018806533644843326,0.008198954858501554,0.00039081899963827724,0.0,0.003929746851726553,0.0,0.0038501026694045177,0.004368506334865012,0.0017218210321346388,0.033180837352797456,0,4
4282,0.0,1.0,0.0,0.03474903474903475,0.0,0.6000000000000001,1.0,0.0,0.0,0.0,0.0,0.0,0.0,0.0,0.0,0.0,0.01020735673308721,4.3429935695978575e-06,0.0008043294090493882,2.2966117031850533e-05,0.06860730610114249,0.01577123302299279,0.0,0.6538467196626087,0.4940862144246456,0.580754716981132,0.24497549019607845,0.39182173801776776,0.037283037784322334,0.020202020202020204,0.6000000000000014,1.0,1.0,0.0,0.25000000000000006,0.0008988479613676776,0.0,0.0,0.0,0.0,0.0015499570128968535,0.0037422179402717,0.0,0.0,0.0021293670353711765,0.001399663458457919,0.033617696877814296,0,3
8055,0.0,0.0,1.0,0.10231660231660232,0.0,0.6000000000000001,0.23529411764705882,0.0,0.0,0.0,0.0,0.0,0.0,0.0,0.0,0.0,0.009770786935533304,0.0,0.0008043294090493882,9.89901386388269e-06,0.0,0.0,0.0,0.6540965822568185,0.49398803019062293,0.580754716981132,0.2450980392156863,0.40287476084280827,0.1316498527476659,0.24242424242424243,0.9499999999999957,0.0,1.0,0.0,0.6,4.3509943990977685e-05,0.0,0.0,0.0,0.0,0.0,0.0036354330375410375,0.0,0.0,0.0001707852797210132,0.0010940869706060113,0.03312156029362849,0,4
8723,0.4000000000000341,0.0,0.0,0.06756756756756757,0.0,0.8,0.5588235294117647,0.0,0.0,0.0,0.0,0.0,0.0,0.0,0.0,0.0,0.009770786935533304,0.0,0.0008043294090493882,9.89901386388269e-06,0.0,0.0021376891533715515,0.0,0.6540969924297848,0.49398981890149424,0.580754716981132,0.2450980392156863,0.40287476084280827,0.13039664139357104,0.25252525252525254,0.6999999999999957,0.0,0.0,0.0,0.5,0.0,0.008529630620968126,0.0,0.0,0.0,0.0,0.0036354330375410375,0.00608940461978217,0.0,0.0007580707300738142,0.0010835637054831249,0.03312156029362849,0,2
1481,0.4000000000000341,0.0,0.0,0.03474903474903475,0.0,0.4,0.029411764705882346,0.0,0.0,0.0,0.0,0.0,0.0,0.0,0.0,0.0,0.009770786935533304,0.0,0.0008043294090493882,9.89901386388269e-06,0.008462401617215596,0.001945227324759807,8.081702796510574e-05,0.6540677058149393,0.4940130065412295,0.5747169811320755,0.23872549019607847,0.398000219354367,0.12851682436242873,0.020202020202020204,0.9499999999999957,0.0,1.0,0.0,0.25000000000000006,0.0,0.0,0.0,0.0,0.0,6.544736763170515e-05,0.003679728590000412,0.0,0.0,0.0006190582660228878,0.00110445835896859,0.03312156029362849,0,2
10842,0.0,0.0,1.0,0.04247104247104247,0.0,0.6000000000000001,0.23529411764705882,0.0,0.0,0.0,0.0,0.0,0.0,0.0,0.0,0.0,0.009770786935533304,0.0,0.0008043294090493882,9.89901386388269e-06,0.0,0.002079601580746504,0.0,0.654082079097348,0.49397279198880745,0.20339622641509433,0.2450980392156863,0.39068840712170516,0.1342189360235604,0.24242424242424243,0.5,0.0,0.0,0.0,0.35000000000000003,0.0,0.0,0.0,0.0,0.0,0.0,0.0036354330375410375,0.0,0.0,0.0009705034686602873,0.0010825576210823542,0.03312156029362849,1,4
3955,0.4000000000000341,1.0,1.0,0.02316602316602317,0.0,0.2,0.23529411764705882,0.0,0.0,0.0,0.0,0.0,0.0,0.0,0.0,0.0,0.010132500716918671,0.0,0.0008043294090493882,9.89901386388269e-06,0.0,0.0,0.0,0.6541334958358668,0.49403303210658145,0.3924528301886792,0.19571078431372552,0.39679377033597785,0.1089667272385488,0.25252525252525254,0.7999999999999972,0.0,1.0,1.0,0.55,0.0005078151537633205,0.0,0.0,0.0,0.0,0.0,0.0036354330375410375,0.0,0.0,0.00063164459880041,0.0011184286416464845,0.03312156029362849,0,4
2044,0.8000000000000114,1.0,0.0,0.015444015444015444,0.35185185185185186,0.6000000000000001,0.5,0.0,0.0,0.0,0.0,1.0,0.0,0.0,0.0,0.0,0.012431516489731415,0.0001823948178789653,0.0010856583451885776,9.158106077751592e-05,0.1768710261886549,0.040658558505778215,0.0,0.6527044694560881,0.49607578689084714,0.580754716981132,0.24301470588235294,0.3928575780840615,0.13083526536750426,0.020202020202020204,0.3999999999999986,1.0,1.0,0.0,0.2,0.0015864666518139508,0.0,0.0,0.0,0.0010669812584838206,0.0,0.004428125217198866,0.0,0.0,0.013479706584954421,0.0016883439541344157,0.03312156029362849,0,0
8686,0.8000000000000114,0.0,0.0,0.05791505791505792,0.0,0.6000000000000001,0.5294117647058824,0.0,0.0,0.0,0.0,1.0,0.0,0.0,0.0,0.0,0.009770786935533304,0.0,0.0008043294090493882,0.002063731835107126,0.011180897074580766,0.0025701465610121032,0.0003530416617216258,0.6538980366740976,0.4944527778781146,0.580188679245283,0.24191176470588235,0.39948086133148103,0.13070994423209475,0.020202020202020204,0.3500000000000014,0.0,1.0,0.0,0.2,1.9945734973551637e-05,0.0,0.0017166317604094996,0.0074838811755864095,9.32049316317958e-05,0.0,0.004271064713220082,0.0,0.0,0.003258504344587186,0.0014646606149891419,0.03319596664404978,0,1
12424,0.4000000000000341,0.0,1.0,0.03474903474903475,0.0,0.6000000000000001,0.9411764705882353,0.0,0.17999479999999998,0.0,0.0,0.0,0.0,0.0,0.0,0.0,0.009770786935533304,0.0,0.0008043294090493882,9.89901386388269e-06,0.007201120945573697,0.0016553711683704442,0.0,0.6531380461363838,0.49286559975637384,0.20339622641509433,0.2450980392156863,0.39068840712170516,0.13409361488815089,0.020202020202020204,0.9499999999999957,0.0,1.0,0.0,0.9,2.0889389555350027e-05,0.0,6.451986884320412e-06,0.0,0.0,1.5792655800693068e-05,0.0036354330375410375,0.0,0.01163791067761807,0.0021051153209949752,0.0010825576210823542,0.03312156029362849,1,4
6145,0.6000000000000227,1.0,0.0,0.06756756756756757,0.2962962962962963,0.6000000000000001,0.5,0.0,0.0,0.0,0.0,1.0,0.0,0.0,0.0,0.0,0.009770786935533304,0.0,0.0008043294090493882,9.89901386388269e-06,0.0,0.0,0.0,0.6541024568746413,0.4939965389888651,0.580566037735849,0.24522058823529416,0.4028686676659477,0.12814086095620028,0.25252525252525254,0.3500000000000014,0.0,0.0,0.0,0.8,0.0,0.0,0.0,0.0,0.0,0.0,0.0036354330375410375,0.0007519652390629259,0.0,1.563058806314246e-05,0.001082755744910993,0.03312156029362849,0,0
8978,0.0,0.0,0.0,0.10231660231660232,0.0,0.6000000000000001,0.0,0.0,0.0,0.0,0.0,0.0,0.0,0.0,0.0,0.0,0.009770786935533304,0.0,0.0008043294090493882,9.89901386388269e-06,0.002668608173706076,0.005502779519435445,0.0,0.6539124795335037,0.49396553738432075,0.570377358490566,0.24301470588235294,0.3959163528680584,0.09311360360924871,0.020202020202020204,0.9499999999999957,1.0,1.0,0.0,0.0,4.288536685770105e-05,0.0,0.00016402160407483297,0.0007150736829151449,2.427554138722339e-05,0.0,0.0036354330375410375,0.0,0.0,0.004523942428271974,0.0012007687957788537,0.03312156029362849,0,2
5593,0.6000000000000227,1.0,0.0,0.10424710424710425,0.0,0.6000000000000001,0.1764705882352941,0.0,0.0,0.0,0.0,0.0,0.0,0.0,0.0,0.0,0.009770786935533304,0.0,0.0008043294090493882,9.89901386388269e-06,5.24177980475997e-05,0.0002726542571999712,0.0,0.6540964497292042,0.493988907078179,0.580754716981132,0.2450980392156863,0.40287476084280827,0.13102324707061846,0.25252525252525254,0.8500000000000014,0.0,0.0,1.0,0.5,0.0,0.006412939925050604,0.0,0.0,0.0,0.0,0.0036354330375410375,0.008027939493985167,0.0,0.00010839083735439379,0.0010855457368596445,0.03312156029362849,0,3
396,0.6000000000000227,1.0,0.0,0.03474903474903475,0.1111111111111111,0.4,0.5,0.0,0.0,0.0,0.0,1.0,0.0,0.0,0.0018474408274043975,0.0,0.009770786935533304,0.0,0.0008043294090493882,3.916082273963407e-05,0.0,0.0,0.0004243763903883499,0.6526680637891217,0.49534981599192,0.5794339622641509,0.2439950980392157,0.39548983048781977,0.13052196252898052,0.030303030303030304,0.29999999999999716,1.0,1.0,0.0,0.2,0.0,0.0,0.0,0.0,0.0,0.0006813248050582755,0.00482596965674399,0.0,0.0,0.004742335767543736,0.0017950019866032935,0.03312156029362849,0,0
2931,0.0,0.0,0.0,0.015444015444015444,0.0,0.6000000000000001,0.5588235294117647,0.0,0.0,0.0,0.0,0.0,0.0,0.0,0.0,0.0,0.009770786935533304,0.0,0.0008043294090493882,9.89901386388269e-06,0.0,0.0,0.0,0.6540970464347876,0.49399032779905333,0.580754716981132,0.2450980392156863,0.40287476084280827,0.1342189360235604,0.25252525252525254,0.6000000000000014,0.0,0.0,0.0,0.8,0.0,0.0,0.0,0.0,0.0,0.0,0.0036354330375410375,6.1016078354530756e-05,0.0,9.918132556596287e-05,0.0010840222107157764,0.03312156029362849,0,2
118,0.20000000000004547,1.0,0.0,0.04247104247104247,0.14814814814814814,0.6000000000000001,0.5,0.0,0.0,0.0,0.0,1.0,0.0,0.0,0.0,0.0,0.009770786935533304,0.0,0.0008043294090493882,9.89901386388269e-06,0.0,0.0010689276776480433,0.0,0.654100146255686,0.49399395374268384,0.20339622641509433,0.2450980392156863,0.39068840712170516,0.13403095432044615,0.25252525252525254,0.5499999999999972,0.0,0.0,0.0,0.55,0.0,0.0,0.0,0.0,0.0,0.0,0.0036354330375410375,0.00046990103887210773,0.0,0.00019644400284266932,0.0010825576210823542,0.03312156029362849,0,0
11756,0.8000000000000114,0.0,1.0,0.21235521235521235,0.0,0.8,0.23529411764705882,0.0,0.0,0.0,0.0,0.0,1.0,0.0,0.0,0.0,0.009770786935533304,0.0,0.0008827553081538218,9.89901386388269e-06,0.0002613659861269971,0.002113091268540344,0.0,0.6540905499311348,0.4939684432631365,0.580754716981132,0.2450980392156863,0.4028442949585055,0.13177517388307539,0.020202020202020204,0.6000000000000014,0.0,1.0,0.0,0.4,5.002048171719825e-05,0.0,0.0,0.0,0.0002048943341715934,0.0,0.0036354330375410375,0.0,0.0,0.0008394214175382873,0.0012047754871264962,0.03312156029362849,1,4
5359,0.8000000000000114,0.0,0.0,0.05791505791505792,0.0,0.4,0.5294117647058824,0.0,0.0,0.0,0.0,1.0,0.0,0.0,0.0,0.0,0.009770786935533304,0.0,0.0009602767128959454,9.89901386388269e-06,0.0,0.0,0.0,0.6539287794361052,0.49412438795237984,0.580566037735849,0.24497549019607845,0.4009066647168501,0.13139921047684694,0.020202020202020204,0.0,0.0,1.0,0.0,0.45,0.0,0.0,0.0,0.0,0.0,0.0,0.003857301878537424,0.0,0.0,0.0,0.001435313553852111,0.03317116452724268,0,1
7290,0.4000000000000341,0.0,0.0,0.06756756756756757,0.0,0.8,0.5588235294117647,0.0,0.0,0.0,0.0,0.0,0.0,0.0,0.0,0.0,0.009770786935533304,0.0,0.0008043294090493882,9.89901386388269e-06,0.0,0.0,4.473644416690595e-05,0.6541076459933791,0.4940025289188685,0.4218867924528302,0.2450980392156863,0.39774430592622384,0.1325271006955323,0.25252525252525254,0.29999999999999716,0.0,0.0,1.0,0.35000000000000003,0.0,0.0,0.0,0.0,0.0,0.0,0.0036354330375410375,0.0029588163869414164,0.0,0.00011847013636728762,0.001085489873573461,0.03312156029362849,0,2
8678,1.0,0.0,0.0,0.06756756756756757,0.0,0.6000000000000001,0.029411764705882346,0.0,0.0,0.0,0.0,0.0,0.0,0.0,0.0,0.0,0.009774037618985737,0.0,0.0008043294090493882,9.89901386388269e-06,0.0,0.0,4.223537898499337e-05,0.6541084219425608,0.49400101503596955,0.3920754716981132,0.1593137254901961,0.3967815839822567,0.08358919731812771,0.24242424242424243,0.0,0.0,0.0,0.0,0.55,0.0,0.001079686770988028,0.0,0.0,0.0,0.0,0.0036354330375410375,0.007275588077211136,0.0,6.863644480100037e-05,0.0010874598103254652,0.03312156029362849,0,2
3128,0.4000000000000341,0.0,0.0,0.06756756756756757,0.0,0.0,0.4411764705882353,0.0,0.0,0.0,0.0,0.0,0.0,0.0,0.0,0.0,0.009770786935533304,0.0,0.0008043294090493882,9.89901386388269e-06,0.00025991997790499434,0.0005004339947754425,1.1678886979887455e-05,0.6541021878435842,0.49399633209153554,0.580754716981132,0.2450980392156863,0.4028930403733899,0.1342189360235604,0.25252525252525254,0.5,0.0,0.0,0.0,0.5,0.0,0.0049137838048666435,0.0,0.0,0.0,0.0,0.0036354330375410375,0.004643632504948674,0.0,0.00016904570527208736,0.0010843244771923937,0.03312180831479656,0,2
688,0.0,1.0,0.0,0.02316602316602317,0.14814814814814814,0.6000000000000001,0.5,0.0,0.0,0.0,0.0,1.0,0.0,0.0,0.0,0.0,0.009770786935533304,0.0,0.0008043294090493882,9.89901386388269e-06,0.0,0.0,0.0,0.653973448199823,0.49384551946531957,0.5809433962264151,0.12377450980392159,0.40288085401966883,0.07218497399586442,0.020202020202020204,0.29999999999999716,0.0,1.0,0.0,0.75,0.0,0.0,0.0,0.0,0.0,0.0,0.0036354330375410375,0.0,0.0,0.0013161415624755373,0.0010827880633338782,0.03312156029362849,0,0
2072,0.20000000000004547,0.0,1.0,0.03861003861003861,0.0,0.6000000000000001,0.2941176470588235,0.0,0.0,0.0,0.0,0.0,0.0,0.0,0.0,0.0,0.009770786935533304,0.0,0.0008043294090493882,9.89901386388269e-06,0.004432738204549431,0.0013241307327718202,0.0,0.6540999163202752,0.49399343397622186,0.580754716981132,0.2450980392156863,0.40287476084280827,0.1332163669402845,0.020202020202020204,0.8999999999999986,0.0,1.0,0.0,0.10000000000000002,0.0004855679878312822,0.0,0.0,0.0,0.00023413141432074446,0.0,0.0036566624070657424,0.0,0.0,7.684825947901792e-05,0.001086688480603812,0.03312156029362849,0,4
4684,0.20000000000004547,0.0,0.0,0.03581081081081081,0.0,0.0,0.7941176470588235,0.2222222222222222,0.0,0.0,0.0,0.0,0.0,0.0,0.0,0.0,0.010187927879674747,0.0,0.0008043294090493882,9.89901386388269e-06,0.0009883466197388798,0.0004756699080196999,0.0,0.6541259629662701,0.4940242065574558,0.3922641509433962,0.18112745098039218,0.3967876771591173,0.10151011968168433,0.24242424242424243,0.5,0.0,1.0,0.0,0.55,0.00034951200600522763,0.0,0.0,0.0,0.0,0.0,0.0036354330375410375,0.0,0.0,5.993857255637117e-05,0.0010957803667425601,0.03312156029362849,0,2
5473,0.20000000000004547,0.0,0.0,0.06756756756756757,0.0,0.6000000000000001,0.5588235294117647,0.0,0.0,0.0,0.0,0.0,0.0,0.0,0.0,0.0,0.009770786935533304,0.0,0.0008043294090493882,9.89901386388269e-06,5.1694793936598326e-05,0.0007187402226524082,0.0,0.6541031827946486,0.4939973712362844,0.3918867924528302,0.17806372549019608,0.39677549080539615,0.09950498151513255,0.25252525252525254,0.04999999999999716,0.0,0.0,0.0,0.55,0.0,0.0018341008185644727,0.0,0.0,0.0,0.0,0.003651205367140199,0.011922387239390868,0.0,0.00015697101203836683,0.0010864474307717704,0.03312156029362849,0,2
2960,0.0,0.0,0.0,0.03861003861003861,0.0,0.6000000000000001,0.5588235294117647,0.0,0.0,0.0,0.0,0.0,0.0,0.0,0.0,0.0,0.009770786935533304,0.0,0.0008043294090493882,9.89901386388269e-06,0.0,0.0004922901004732184,0.0,0.6541327294949371,0.49402847027277935,0.4418867924528302,0.24460784313725495,0.39839018267344234,0.1290181089040667,0.020202020202020204,0.9499999999999957,0.0,1.0,0.0,0.2,1.0923310950457652e-05,0.0,0.0,0.0,0.0,0.0,0.003647804631581476,0.0,0.0,0.00029224850741954084,0.0011001942107367972,0.03312156029362849,0,2
9831,0.4000000000000341,0.0,0.0,0.015444015444015444,0.0,0.6000000000000001,0.029411764705882346,0.0,0.0,0.0,0.0,0.0,0.0,0.0,0.0,0.0,0.009770786935533304,0.0,0.0008043294090493882,9.89901386388269e-06,0.0,0.0,0.0,0.6540541972752141,0.49394012550124944,0.580754716981132,0.24485294117647063,0.40287476084280827,0.13415627545585562,0.24242424242424243,0.6499999999999986,0.0,0.0,0.0,0.8,0.0,0.0,0.0,0.0,0.0,0.0,0.0036425521619395137,0.0014869386588372484,0.0,0.0007599126324315005,0.0010833169553157585,0.03312156029362849,1,2
9781,0.4000000000000341,0.0,0.0,0.04247104247104247,0.0,0.6000000000000001,0.5294117647058824,0.0,0.0,0.0,0.0,1.0,0.0,0.0,0.0,0.0,0.009770786935533304,0.0,0.0008043294090493882,9.89901386388269e-06,0.00016629094553031627,3.8226442643092586e-05,0.0,0.6540272656760747,0.4939078161347855,0.20339622641509433,0.13529411764705884,0.39068840712170516,0.0775111222507676,0.020202020202020204,0.5499999999999972,0.0,1.0,0.0,0.55,0.0,0.0,0.0,0.0,0.0,0.0,0.0036354330375410375,0.0,0.0,0.0006494496549247097,0.0010825576210823542,0.03312156029362849,1,1
11834,0.6000000000000227,0.0,1.0,0.10231660231660232,0.0,0.6000000000000001,0.23529411764705882,0.0,0.0,0.0,0.0,0.0,0.0,0.0,0.0,0.0,0.009770786935533304,4.332081525453139e-06,0.0008043294090493882,9.89901386388269e-06,0.007766871662432272,0.0017854241743192265,0.0,0.6540325806960461,0.49389126240754844,0.580754716981132,0.2450980392156863,0.3934668957701167,0.0951187417758005,0.020202020202020204,0.6499999999999986,0.0,1.0,0.0,0.45,0.0008550528843375953,0.0,0.004489776373126466,0.0,0.00019794504959652753,0.0,0.0036354330375410375,0.0,0.0,0.0010570472974943477,0.0010853710091899044,0.03312156029362849,1,4
1419,0.20000000000004547,1.0,0.0,0.10231660231660232,0.0,0.6000000000000001,0.029411764705882346,0.0,0.0,0.0,0.0,0.0,0.0,0.0,0.0,0.0,0.009770786935533304,0.0,0.0008043294090493882,9.89901386388269e-06,0.0006047929388526503,0.00013902790987368237,0.0,0.6541096037575613,0.4940050019824452,0.40547169811320755,0.2235294117647059,0.3972141995393559,0.12300269440441133,0.04040404040404041,0.14999999999999858,0.0,1.0,0.0,0.55,0.0,0.0,2.9235565569576866e-06,1.274562802983356e-05,0.0,4.6980440597027436e-07,0.003648626839208767,0.0,0.0,5.19314136958743e-05,0.001087886096271498,0.03312156029362849,0,3
3275,0.6000000000000227,1.0,0.0,0.06756756756756757,0.2962962962962963,0.6000000000000001,0.5,0.0,0.0,0.0,0.0,1.0,0.0,0.0,0.0,0.0,0.009777604341107157,0.0,0.0008043294090493882,9.89901386388269e-06,0.0011542760632136954,0.00028811103618174344,3.2840073258156534e-06,0.654118110373804,0.4940138865341864,0.39415094339622636,0.19656862745098042,0.3968486089277228,0.10620966225954008,0.25252525252525254,0.5,0.0,0.0,0.0,0.55,0.0,6.518070087756352e-05,0.0,0.0,0.0,0.0,0.0036446606886627957,0.009154883290530684,0.0,3.044255285620217e-05,0.0010897938250162614,0.03312156029362849,0,0
3966,1.0,1.0,0.0,0.10231660231660232,0.0,0.6000000000000001,0.20588235294117646,0.0,0.0,0.0,0.0,0.0,0.0,0.0,0.0,0.0,0.010006280892309597,0.0,0.0008043294090493882,9.89901386388269e-06,0.007072064711759951,0.0021249747061446098,0.0,0.6542689708643056,0.49419165171045465,0.2943396226415094,0.16544117647058826,0.393625318368491,0.09342690644777243,0.020202020202020204,0.8999999999999986,0.0,1.0,0.0,0.35000000000000003,2.0509212169877295e-05,0.0,0.0,0.0,0.00012862437080606178,0.0,0.0037354973549093744,0.0,0.0,0.00042184680386451583,0.001129210057607387,0.03312156029362849,0,3
12234,0.20000000000004547,1.0,0.0,0.015444015444015444,0.35185185185185186,0.6000000000000001,0.5,0.0,0.0,0.0,0.0,1.0,0.0,0.0,0.0,0.0,0.009770786935533304,0.0,0.0008043294090493882,9.89901386388269e-06,0.0022799934640428364,0.0007710107279187239,0.0,0.6535573751041855,0.49335804606646444,0.20339622641509433,0.2450980392156863,0.39068840712170516,0.1342189360235604,0.020202020202020204,0.7999999999999972,0.0,1.0,0.0,0.25000000000000006,0.0,0.0,9.073106556075579e-07,0.0,0.0,3.6138800459251876e-07,0.0036469235265596802,0.0,0.0038856262833675565,0.0005537730602337886,0.0010825576210823542,0.03312156029362849,1,0
291,0.6000000000000227,0.0,1.0,0.15830115830115832,0.0,0.4,0.32352941176470584,0.0,0.0,0.0,0.0,0.0,0.0,0.0,0.0,0.0,0.009770786935533304,0.0,0.0008043294090493882,9.89901386388269e-06,0.0,0.0,0.0,0.6541017952305269,0.4939762389837158,0.580754716981132,0.24485294117647063,0.40287476084280827,0.11272636130083341,0.24242424242424243,1.0,0.0,1.0,0.0,0.5,0.00011710821248936886,0.0,0.0,0.0,0.0,0.0,0.0036354330375410375,0.0,0.0,2.440520623934191e-05,0.0010968717083325373,0.03312156029362849,0,4
184,0.0,1.0,0.0,0.03861003861003861,0.537037037037037,0.6000000000000001,0.5,0.0,0.0,0.0,0.0,1.0,0.0,0.0,0.0,0.0,0.009770786935533304,0.0,0.0008043294090493882,9.89901386388269e-06,0.02066671101091881,0.004204991791702452,0.0,0.6534476071197298,0.4932229432748132,0.39641509433962263,0.23566176470588238,0.3969217270500494,0.12889278776865717,0.25252525252525254,0.19999999999999574,0.0,1.0,0.0,0.55,0.0005325674171103489,0.0,0.0,0.0,0.0,0.0,0.0036354330375410375,0.0,0.010604876796714579,0.0033687115023220762,0.0011855266939377837,0.03312156029362849,0,0
9423,0.0,0.0,0.0,0.20463320463320464,0.0,1.0,0.5588235294117647,0.0,0.0,0.0,0.0,0.0,0.0,0.0,0.0,0.0,0.009770786935533304,0.0,0.0008043294090493882,0.00015022613882182705,0.05916523391352003,0.07092800091078655,0.0,0.6540467790420038,0.4940410207501866,0.580377358490566,0.2450980392156863,0.3968668884583044,0.07625791089667273,0.020202020202020204,0.5,1.0,1.0,0.0,0.5,0.0,0.0,0.0,0.0,0.0,5.78943583357215e-05,0.0036836217077771973,0.0,0.0,0.018545552036043984,0.0015030354706686158,0.03312156029362849,1,2
9418,0.4000000000000341,0.0,1.0,0.02316602316602317,0.0,0.6000000000000001,0.23529411764705882,0.0,0.0,0.0,0.0,0.0,0.0,0.0,0.0,0.0,0.009770786935533304,0.0,0.0008043294090493882,9.89901386388269e-06,0.0,0.0,0.0,0.6523247957323554,0.4919139496756025,0.580754716981132,0.2450980392156863,0.40287476084280827,0.1342189360235604,0.020202020202020204,0.5,0.0,1.0,0.0,0.8,3.6727850989419453e-06,0.0,1.3105598358775836e-06,0.0,0.0,1.0118864128590524e-06,0.0036354330375410375,0.0,0.0,1.8956245097853623e-05,0.0013633610959981632,0.0604038887814351,1,4
5529,0.0,0.0,0.0,0.11891891891891893,0.0,0.0,0.4411764705882353,0.3333333333333333,0.0,0.0,0.0,0.0,0.0,0.0,0.0,0.0,0.009770786935533304,0.0,0.0008043294090493882,9.89901386388269e-06,0.019683425419956938,0.0045247642945081485,0.0,0.6541036274247946,0.4939966418552672,0.3232075471698113,0.1431372549019608,0.39455148125129486,0.08158405915157592,0.020202020202020204,0.7999999999999972,0.0,1.0,0.0,0.35000000000000003,9.275649317346358e-05,0.0,0.0,0.0,8.686605718832354e-06,0.0,0.0036759513037661535,0.0,0.0,0.0007147092787366188,0.001110219464824824,0.03312156029362849,0,2
6498,0.6000000000000227,1.0,1.0,0.10231660231660232,0.0,0.6000000000000001,0.2647058823529412,0.0,0.0,0.0,0.0,0.0,0.0,0.0,0.0,0.0,0.009770786935533304,0.0,0.0008043294090493882,1.0101447685229983e-05,9.399053443017877e-05,2.160625018957407e-05,0.0,0.6541315360837703,0.4940307360508514,0.3869811320754717,0.20453431372549025,0.3966170682070218,0.11347828811329033,0.24242424242424243,0.14999999999999858,0.0,1.0,0.0,0.35000000000000003,0.00029547250621303196,0.0,0.0,0.0,0.0,0.0,0.0036354330375410375,0.0,0.0,4.149396700231927e-05,0.001094872328109377,0.03312165950209572,0,4
8039,0.4000000000000341,1.0,0.0,0.06756756756756757,0.2962962962962963,0.4,0.5,0.0,0.0,0.0,0.0,1.0,0.0,0.0,0.0,0.0,0.009859052020943131,0.0,0.0008043294090493882,9.89901386388269e-06,0.00023208431963144143,5.335081777579443e-05,0.0,0.6541035353181026,0.493996990436509,0.37396226415094336,0.1817401960784314,0.39619663900364377,0.09950498151513255,0.25252525252525254,0.44999999999999574,0.0,1.0,1.0,0.55,0.0,0.0,0.0,0.0,0.0,0.0,0.0036354330375410375,0.0,0.0,0.0001402148169788606,0.0010877066596290982,0.03312156029362849,0,0
6094,1.0,1.0,0.0,0.03474903474903475,0.0,0.6000000000000001,0.029411764705882346,0.0,0.0,0.0,0.0,0.0,0.0,0.0,0.0,0.0,0.011841050909841467,1.0311881716758733e-05,0.0008043294090493882,0.0001122394322460073,0.019004886061782147,0.005064505044436162,0.0,0.6536657465789055,0.4945350166552855,0.580754716981132,0.2431372549019608,0.39131600433834196,0.10646030453035907,0.020202020202020204,0.29999999999999716,1.0,1.0,0.0,0.2,0.0012985569600190729,0.0,0.0,0.0,0.0014929223180014848,0.0,0.00391017838872689,0.0,0.0,0.0019728564989222315,0.0012468778664270945,0.033121575174898575,0,3
12271,0.20000000000004547,0.0,0.0,0.015444015444015444,0.0,0.6000000000000001,1.0,0.0,0.0,0.0,0.0,0.0,0.0,0.0,0.0,0.0,0.009770786935533304,0.0,0.0008043294090493882,9.89901386388269e-06,0.0,1.7783605925264813e-05,0.0,0.6540161423020878,0.4938955400971756,0.580754716981132,0.2450980392156863,0.40287476084280827,0.1342189360235604,0.020202020202020204,0.8999999999999986,0.0,1.0,0.0,0.35000000000000003,0.0,0.0,0.0,0.0,0.0,0.0,0.0036354330375410375,0.0,0.0006709188911704312,3.0596044719342687e-05,0.0010851380389635841,0.03312156029362849,1,2
331,0.6000000000000227,1.0,1.0,0.15830115830115832,0.0,0.4,0.23529411764705882,0.0,0.0,0.0,0.0,0.0,0.0,0.0,0.0,0.0,0.00979760507401588,0.0,0.0008043294090493882,9.89901386388269e-06,0.0028352606212918925,0.0007311222660302795,3.6537300048809916e-06,0.6541084186293704,0.4940022521500206,0.3920754716981132,0.16397058823529415,0.3967815839822567,0.09110846544269692,0.24242424242424243,0.5,0.0,1.0,1.0,0.55,0.0,0.0,0.0,0.0,0.0,0.0,0.0036453882678095816,0.0,0.0,0.00012151439165290783,0.001093465088806136,0.03312156029362849,0,4
6845,0.20000000000004547,1.0,0.0,0.06756756756756757,0.2962962962962963,0.6000000000000001,0.5,0.0,0.0,0.0,0.0,1.0,0.0,0.0,0.0,0.0,0.00978791322150029,0.0,0.0008043294090493882,9.89901386388269e-06,0.0002798025909575322,0.0007357759199172647,0.0,0.6541046521945721,0.4939991933302145,0.3920754716981132,0.18370098039215688,0.3967815839822567,0.10251268876496022,0.24242424242424243,0.5,0.0,0.0,0.0,0.55,0.0,0.0012283408210539552,0.0,0.0,0.0,0.0,0.0036354330375410375,0.003422461346893629,0.0,0.00011969807127241174,0.0010846729907373423,0.03312156029362849,0,0
7967,0.0,0.0,0.0,0.02316602316602317,0.0,0.0,0.4411764705882353,0.0,0.0,0.0,0.0,0.0,0.0,0.0,0.0,0.0,0.009770786935533304,0.0,0.0008043294090493882,9.89901386388269e-06,2.1690123330041255e-05,0.0002630976465391981,0.0,0.6541018860119427,0.49399687437215345,0.3920754716981132,0.13933823529411765,0.3953679669506088,0.06961589071996993,0.04040404040404041,0.6000000000000014,0.0,1.0,0.0,0.6,1.3632074821950879e-05,0.0,0.0,0.0,1.2505581926751442e-05,0.0,0.0036354330375410375,0.0,0.0,0.00010168835933059129,0.0010842144359365575,0.03312156029362849,0,2
732,0.6000000000000227,1.0,0.0,0.15830115830115832,0.4444444444444444,0.6000000000000001,0.5,0.0,0.0,0.0,0.0,1.0,0.0,0.0,0.0,0.0,0.009770786935533304,0.0,0.0008043294090493882,9.89901386388269e-06,0.0016958061423537254,0.0010125852252306155,0.0,0.6541862226098528,0.49409315344277416,0.3,0.23039215686274514,0.39380811367430757,0.1261357227896485,0.020202020202020204,0.0,0.0,1.0,0.0,0.35000000000000003,2.3190820513836755e-05,0.0,0.0,0.0,8.86972875831044e-05,0.0,0.0036354330375410375,0.0,0.0026950718685831623,0.0002187259049752341,0.0011408259035235822,0.03312156029362849,0,0
10877,0.4000000000000341,0.0,1.0,0.03474903474903475,0.0,0.8,0.23529411764705882,0.0,0.0,0.0,0.0,0.0,0.0,0.0,0.0,0.0,0.02548921092894826,0.0,0.00100785623529953,0.0006272513171356586,0.21788777240987392,0.050921776648712704,0.0,0.649198924212127,0.49003139048612526,0.580754716981132,0.2450980392156863,0.39745792661377793,0.10188608308791279,0.030303030303030304,0.5,1.0,1.0,0.0,0.25000000000000006,0.0043192427985289114,0.0,0.0,0.0,0.0013171242001025207,0.0,0.004452900209872776,0.0,0.0,0.05719999631619529,0.0032144604295103124,0.03312603459550049,1,4
5538,0.8000000000000114,0.0,0.0,0.03861003861003861,0.0,0.8,0.5588235294117647,0.0,0.0,0.0,0.0,0.0,0.0,0.0,0.0,0.0,0.009793887857290181,0.0,0.0008043294090493882,9.89901386388269e-06,0.007260407282675809,0.002698869951564604,0.0,0.6541076897274918,0.49391330415438167,0.5635849056603773,0.24473039215686276,0.42327471697193486,0.13271508239864654,0.020202020202020204,0.10000000000000142,0.0,1.0,0.0,0.35000000000000003,0.0005177608657225627,0.0,0.0,0.0,0.000605636411333726,0.0,0.003665493089748536,0.0,0.0,0.0004885901823534498,0.0011033996332102977,0.03424757639667069,0,2
6286,0.6000000000000227,0.0,0.0,0.03474903474903475,0.0,0.6000000000000001,0.5294117647058824,0.0,0.0,0.0,0.0,1.0,0.0,0.0,0.0,0.0,0.009770786935533304,0.0,0.0008043294090493882,1.0101447685229983e-05,0.011713389602333278,0.002692554278432267,0.0001844046232820591,0.6542667629542515,0.49419755197200943,0.42113207547169806,0.24387254901960786,0.39750667202866236,0.13158719217996115,0.24242424242424243,0.29999999999999716,0.0,1.0,1.0,0.25000000000000006,0.0001408149880263472,0.0,0.0,0.0,0.0,0.0,0.003746003864790486,0.0,0.0,0.001002327448284754,0.0012045352303845867,0.033129248949838694,0,1
11390,0.4000000000000341,0.0,1.0,0.06756756756756757,0.0,0.6000000000000001,0.2941176470588235,0.0,0.0,0.0,0.0,0.0,0.0,0.0,0.0,0.0,0.009770786935533304,0.0,0.0008043294090493882,9.89901386388269e-06,0.0001135116454272159,4.836476003973888e-05,0.0,0.6540096491116253,0.4938798019258284,0.3918867924528302,0.24375000000000005,0.39677549080539615,0.12500783257096312,0.020202020202020204,0.6999999999999957,0.0,1.0,0.0,0.55,0.0004386568140167003,0.0,2.0162459013501287e-07,0.0,0.0,7.227760091850375e-08,0.0036354330375410375,0.0,0.001459599589322382,4.6047558942154545e-06,0.001082712620635057,0.03312156029362849,1,4
12256,0.4000000000000341,1.0,0.0,0.06756756756756757,0.0,0.6000000000000001,0.029411764705882346,0.0,0.0,0.0,0.0,0.0,0.0,0.0,0.0,0.0,0.009770786935533304,0.0,0.0008043294090493882,9.89901386388269e-06,0.0,0.0,0.0,0.6540866413604701,0.49397813715996597,0.20339622641509433,0.2450980392156863,0.39068840712170516,0.1342189360235604,0.25252525252525254,0.8999999999999986,0.0,1.0,0.0,0.45,0.0,0.0,0.0,0.0,0.0,0.0,0.0036354330375410375,0.0,0.0,0.0002598361423197021,0.0010825576210823542,0.03312156029362849,1,3
2428,0.8000000000000114,1.0,0.0,0.0637065637065637,0.2222222222222222,0.2,0.5,0.0,0.0,0.0,0.0,1.0,0.0,0.0,0.0,0.0,0.009979703545193869,0.0,0.0008043294090493882,9.89901386388269e-06,0.001320205506688511,0.00046611329735892675,0.0,0.6540968754741652,0.4941363103624715,0.580754716981132,0.2450980392156863,0.3911332090325254,0.015414499655366879,0.020202020202020204,0.6000000000000014,1.0,1.0,0.0,0.4,0.0,0.0,0.0,0.0,4.761199026430274e-05,0.0,0.0036412132278377655,0.0,0.0,0.00015188019857753974,0.001206886445217624,0.033176124950604104,0,0
7175,0.6000000000000227,0.0,0.0,0.05791505791505792,0.0,0.6000000000000001,0.0,0.0,0.0,0.0,0.0,0.0,0.0,0.0,0.0,0.0,0.009770786935533304,0.0,0.0008043294090493882,9.89901386388269e-06,0.002873218337119465,0.0029247383670079207,0.0,0.6540198119917277,0.4945718273002355,0.580754716981132,0.24473039215686276,0.3988045186999598,0.1339682937527414,0.020202020202020204,0.5,0.0,1.0,0.0,0.4,2.3353753679039356e-06,0.0,0.0,0.0,0.0,0.00010115250248544599,0.0036894552983782764,0.0,0.0,0.002164874819711016,0.001374129772948818,0.03312156029362849,0,2
2587,0.6000000000000227,0.0,0.0,0.03861003861003861,0.0,0.4,0.5294117647058824,0.0,0.0,0.0,0.0,1.0,0.0,0.0,0.0,0.0,0.009770786935533304,0.0,0.0008043294090493882,9.89901386388269e-06,0.021938475242170227,0.005043148097133391,0.0,0.6537884174518891,0.4940802819445574,0.580754716981132,0.24497549019607845,0.3990543389512424,0.1312112287737327,0.020202020202020204,0.7999999999999972,0.0,1.0,0.0,0.45,0.00026888724475747437,0.0,0.0015303306391247478,0.0,0.00014961308840778103,0.0,0.0036549135470982383,0.0,0.0035934291581108833,0.0012780755804166896,0.0013078076602155652,0.03312156029362849,0,1
9065,0.8000000000000114,0.0,0.0,0.10231660231660232,0.0,0.8,0.5588235294117647,0.0,0.0,0.0,0.0,0.0,0.0,0.0,0.0,0.0,0.009770786935533304,0.0,0.0008043294090493882,9.89901386388269e-06,0.0,0.0,0.0,0.6540921535152677,0.49398459522914273,0.580754716981132,0.2450980392156863,0.40287476084280827,0.1342189360235604,0.04040404040404041,0.9499999999999957,0.0,1.0,0.0,0.35000000000000003,0.0,0.0,0.0,0.0,0.0,0.0,0.0036461825973368067,0.0,0.0,0.00017472490420828641,0.0010988282616885615,0.03312156029362849,1,2
7359,0.6000000000000227,1.0,0.0,0.05791505791505792,0.7037037037037037,0.4,0.5,0.0,0.0,0.0,0.0,1.0,0.0,0.0,0.0,0.0,0.013310570522787404,1.1348525910506964e-06,0.0011153039276498079,9.89901386388269e-06,0.07230041110013752,0.022826338517586864,0.0,0.6534052688541094,0.4962704202161854,0.580754716981132,0.24473039215686276,0.39194360155497876,0.042358543768406545,0.020202020202020204,0.3999999999999986,1.0,1.0,0.0,0.45,0.006193625931019624,0.0,0.0,0.0,0.004739208610151068,0.0,0.004233339754091693,0.0,0.0,0.007627368827132859,0.002212650784551895,0.033201423109747344,0,0
728,0.4000000000000341,0.0,0.0,0.06756756756756757,0.0,0.0,0.4411764705882353,0.0,0.0,0.0,0.0,0.0,0.0,0.0,0.0,0.0,0.009770786935533304,0.0,0.0008043294090493882,9.89901386388269e-06,7.483092548864233e-05,2.002733190648981e-05,0.0,0.6541021663078469,0.49399632626890905,0.20339622641509433,0.24522058823529416,0.39068840712170516,0.13428159659126512,0.25252525252525254,0.10000000000000142,0.0,0.0,0.0,0.75,0.0,0.01590703465868126,0.0,0.0,0.0,0.0,0.0036354330375410375,0.0062878999632899465,0.0,2.0977221295870405e-05,0.0010825576210823542,0.03312156029362849,0,2
7608,0.0,0.0,0.0,0.10231660231660232,0.0,0.6000000000000001,0.029411764705882346,0.0,0.0,0.0,0.0,0.0,0.0,0.0,0.0,0.0,0.009770786935533304,0.0,0.0008043294090493882,9.89901386388269e-06,0.0,0.00045622428284908327,0.00015571849306516606,0.6541202907843782,0.4940140503440795,0.49905660377358485,0.2450980392156863,0.40023641526218945,0.12951939344570462,0.020202020202020204,0.9499999999999957,0.0,1.0,0.0,0.35000000000000003,0.0,0.0,0.0,0.0,5.224484664767999e-05,0.0,0.003654944173743381,0.0,0.0,0.0004816318845577465,0.001098783105119162,0.03312156029362849,0,2
6364,0.20000000000004547,0.0,0.0,0.10231660231660232,0.0,0.6000000000000001,0.5294117647058824,0.0,0.0,0.0,0.0,1.0,0.0,0.0,0.0,0.0,0.009770786935533304,0.0,0.0008043294090493882,9.89901386388269e-06,0.0024307398211866234,0.0013695869591321933,7.220466438217198e-06,0.6540807190327063,0.49404053669583403,0.580754716981132,0.24436274509803926,0.3951729852910711,0.11805250955573661,0.24242424242424243,0.0,0.0,1.0,0.0,0.6,0.00027491577186997053,0.0,0.0,0.0,0.0,0.0,0.0036354330375410375,0.0,0.0,0.0006063696053366051,0.0010999007673879002,0.03312207121723472,0,1
4211,0.8000000000000114,0.0,0.0,0.10231660231660232,0.0,0.6000000000000001,0.029411764705882346,0.0,0.0,0.0,0.0,0.0,0.0,0.0,0.0,0.0,0.011087840464883852,0.0,0.0010559815732665775,9.89901386388269e-06,0.016629094553031628,0.003968735755975686,6.25048811549284e-05,0.6542228008940368,0.4940963815069248,0.46207547169811325,0.18725490196078434,0.39907871165868464,0.10188608308791279,0.020202020202020204,0.6000000000000014,0.0,1.0,0.0,0.35000000000000003,0.00015109335519787788,0.0,0.00030757831225096215,0.001340927969621455,6.780247923239956e-05,0.0,0.003944938845665191,0.0,0.0,0.00011900735788827942,0.0012817037924695788,0.033270372994471074,0,2
9606,0.20000000000004547,1.0,1.0,0.04247104247104247,0.0,0.8,0.23529411764705882,0.0,0.0,0.0,0.0,0.0,0.0,0.0,0.0,0.0,0.009770786935533304,0.0,0.0008043294090493882,9.89901386388269e-06,0.0,0.0,0.0,0.6540602660459918,0.4939472357045981,0.20339622641509433,0.2450980392156863,0.39068840712170516,0.1342189360235604,0.020202020202020204,0.3999999999999986,0.0,1.0,0.0,0.2,0.0,0.0,0.0,0.0,0.0,0.0,0.0036354330375410375,0.0,0.0,0.0006671523831402491,0.0010825576210823542,0.03312156029362849,1,4
11759,0.0,0.0,0.0,0.10231660231660232,0.0,0.6000000000000001,0.23529411764705882,0.0,0.0,0.0,0.0,0.0,0.0,0.0,0.0,0.0,0.009770786935533304,0.0,0.0008043294090493882,9.89901386388269e-06,0.0,0.0,0.0,0.6540994143719361,0.4939930147471114,0.4190566037735849,0.18186274509803924,0.39765290827331556,0.1017607619525033,0.020202020202020204,0.6000000000000014,0.0,1.0,0.0,0.55,0.0,0.0,0.0,0.0,0.0,0.0,0.003624902183403531,0.0,0.0,0.00018915313934349484,0.001091588934962259,0.03312156029362849,1,2
6963,0.8000000000000114,0.0,0.0,0.09266409266409267,0.0,0.6000000000000001,0.0,0.0,0.0,0.0,0.0,0.0,0.0,0.0,0.0,0.0,0.01061716859000025,0.0,0.0008043294090493882,9.89901386388269e-06,0.0,0.0007210670495959008,0.0001135266108659451,0.6540883850925552,0.4940399198855965,0.580754716981132,0.2450980392156863,0.4025274497617568,0.1342189360235604,0.020202020202020204,0.44999999999999574,0.0,1.0,0.0,0.10000000000000002,0.0001819013011849362,0.0,0.0,0.0,0.00020448739408386433,0.0,0.0036993539871480953,0.0,0.0,0.000588155237577264,0.001402978575210323,0.03312156029362849,0,2
12260,0.6000000000000227,0.0,1.0,0.1312741312741313,0.0,0.6000000000000001,0.23529411764705882,0.0,0.0,0.0,0.0,0.0,1.0,0.0,0.0,0.0,0.009770786935533304,0.0,0.0008043294090493882,9.89901386388269e-06,0.0,0.0,0.0,0.6539240491942319,0.49378598699075704,0.580754716981132,0.2450980392156863,0.40287476084280827,0.13327902750798926,0.020202020202020204,0.8999999999999986,0.0,1.0,0.0,0.45,2.6558105928023825e-05,0.0,0.0003306643278214211,0.0,0.0,0.00011853526550634615,0.0036354330375410375,0.0,0.0,0.0,0.0010849728283754297,0.03312156029362849,1,4
4104,0.6000000000000227,1.0,0.0,0.10231660231660232,0.4444444444444444,0.6000000000000001,0.5,0.0,0.0,0.0,0.0,1.0,0.0,0.0,0.0,0.0,0.009770786935533304,1.0257321496035142e-06,0.0008043294090493882,9.89901386388269e-06,0.08766171794452823,0.02015131854219306,0.0,0.6537233285020414,0.49428706786782295,0.580754716981132,0.24411764705882358,0.39310739833534414,0.08941663011466885,0.020202020202020204,0.5,1.0,1.0,0.0,0.10000000000000002,2.5050974149899773e-05,0.0,0.0,0.0,0.0,0.0028097194581059148,0.003853626681120307,0.0,0.0,0.004296083757439879,0.0012704300658091417,0.03312156029362849,0,0
2027,0.20000000000004547,0.0,1.0,0.10424710424710425,0.0,0.6000000000000001,0.23529411764705882,0.0,0.0,0.0,0.0,0.0,0.0,0.0,0.0,0.0,0.012568842816136303,0.0,0.000956128514613627,9.89901386388269e-06,0.0,0.005646710386082916,0.0,0.6535319821506481,0.4947620614371395,0.579622641509434,0.24497549019607845,0.40145505063429976,0.13384297261733194,0.020202020202020204,0.0,0.0,1.0,0.0,0.4,0.0004741830329127505,0.0,0.0012492659604765397,0.005446338708472327,0.0,0.00018748809678259873,0.004026965246992404,0.0,0.0,0.010913859854765999,0.0030230178399855002,0.03402888125151243,0,4
1632,0.8000000000000114,1.0,0.0,0.15830115830115832,0.4444444444444444,0.6000000000000001,0.5,0.0,0.0,0.0,0.0,1.0,0.0,0.0,0.0,0.0,0.009770786935533304,0.0,0.0008043294090493882,9.89901386388269e-06,0.016721277577184303,0.0013399199156026627,0.0,0.6541258721848543,0.4940241001974778,0.41150943396226414,0.24301470588235294,0.3974091811988935,0.13309104580487502,0.25252525252525254,0.5499999999999972,0.0,1.0,0.0,0.35000000000000003,8.486102354302091e-05,0.0,0.0,0.0,0.0,0.0,0.0036354330375410375,0.0,0.0,0.0,0.0011018421528951469,0.03312156029362849,0,0
5526,0.20000000000004547,0.0,0.0,0.03474903474903475,0.0,0.0,0.7941176470588235,0.4444444444444444,0.0,0.0,0.0,0.0,0.0,0.0,0.0,0.0,0.009867404471480634,0.00010440643837666407,0.004341385802323537,9.89901386388269e-06,0.0,0.07670484740378052,0.006180458290399287,0.650345552799705,0.5049980525604476,0.579811320754717,0.2439950980392157,0.39578230297712624,0.0946801178018673,0.030303030303030304,0.29999999999999716,1.0,1.0,0.0,0.10000000000000002,0.005864365159672703,0.0,0.0,0.0,0.019009298408837652,0.0,0.013263214210400224,0.0,0.0,0.04174922397072194,0.007249799828474601,0.03353407406078749,0,2
5183,0.6000000000000227,0.0,0.0,0.06756756756756757,0.0,0.0,0.4411764705882353,0.0,0.0,0.0,0.0,0.0,0.0,0.0,0.0,0.0,0.009770786935533304,0.0,0.0008043294090493882,9.89901386388269e-06,0.0010353418869539692,0.0005594356779854333,0.0,0.6540969583039241,0.4939898658706816,0.5266037735849056,0.2450980392156863,0.40112601908383,0.13240177956012283,0.25252525252525254,0.6000000000000014,0.0,0.0,0.0,0.35000000000000003,0.0,0.0,0.0,0.0,0.0,0.0,0.0036450411658312983,0.005154622852282314,0.0,0.00023310297615606235,0.0010851180134377472,0.03312156029362849,0,2
7746,0.6000000000000227,0.0,0.0,0.03474903474903475,0.0,0.6000000000000001,0.029411764705882346,0.0,0.0,0.0,0.0,0.0,0.0,0.0,0.0,0.0,0.011639583783092728,0.0006567850250264459,0.0013385113036453854,9.89901386388269e-06,0.0,0.0050982440351168045,0.0036392238268258986,0.6522341750062942,0.49368661028282007,0.58,0.23725490196078433,0.3973848084914513,0.1263237044927627,0.020202020202020204,0.14999999999999858,0.0,1.0,0.0,0.25000000000000006,0.0,0.0,5.393457786111594e-05,0.0,0.0,2.6019936330661347e-05,0.005324042541063471,0.0,0.0,0.022734882202669632,0.0017244587507779167,0.033139417817729604,0,2
3658,0.6000000000000227,1.0,0.0,0.05791505791505792,0.7037037037037037,0.6000000000000001,0.5,0.0,0.0,0.0,0.0,1.0,0.0,0.0,0.0,0.0,0.010306893864357557,0.0,0.0008043294090493882,9.89901386388269e-06,0.008068364376719846,0.0022982402124725404,0.0,0.6541430507455385,0.4941186018143051,0.2818867924528302,0.1487745098039216,0.3931256778659258,0.08484240867222258,0.020202020202020204,0.6499999999999986,0.0,1.0,0.0,0.05,0.0006050455200979722,0.0,9.375543441278098e-06,4.087391057843176e-05,0.0,0.0,0.003794721826278598,0.0,0.005646817248459959,0.0006553335096784295,0.001345452972109724,0.03312156029362849,0,0
6306,1.0,0.0,0.0,0.04247104247104247,0.0,0.6000000000000001,1.0,0.0,0.0,0.0,0.0,1.0,0.0,0.0,0.0,0.0,0.009770786935533304,0.0,0.0008043294090493882,9.89901386388269e-06,0.0029231056207785597,0.0013452383771877887,0.0,0.6540614786736626,0.4939484798058009,0.2916981132075471,0.09350490196078433,0.3935400138924433,0.056707813772792784,0.020202020202020204,0.5,0.0,1.0,0.0,0.35000000000000003,0.00023403991404976823,0.0,0.0,0.0,0.00023200280463108464,0.0,0.003635685118389519,0.0,0.0,0.0007986949098516706,0.0011061484340402106,0.03312156029362849,0,1
8878,0.8000000000000114,1.0,0.0,0.03861003861003861,0.0,0.6000000000000001,0.029411764705882346,0.0,0.0,0.0,0.0,0.0,0.0,0.0,0.0,0.0,0.01195452384146808,1.682637207115552e-05,0.0010209869982834101,9.89901386388269e-06,0.0218726818680691,0.016633239304594528,0.0,0.6537218677164127,0.49442309684526825,0.580754716981132,0.24485294117647063,0.39598337781352444,0.09198571339056333,0.020202020202020204,0.44999999999999574,1.0,1.0,0.0,0.10000000000000002,0.0002384662650377722,0.0,0.002833833614347606,0.012354469100642116,0.0,0.00023349278976722635,0.0038699640330574206,0.0,0.0,0.00821467985946285,0.001523795298831615,0.03312156029362849,0,3
9929,0.0,0.0,1.0,0.06756756756756757,0.0,1.0,0.23529411764705882,0.0,0.0,0.0,0.0,0.0,0.0,0.0,0.0,0.0,0.009770786935533304,0.0,0.0008043294090493882,9.89901386388269e-06,0.002957809818106626,0.000550710076947336,0.0,0.6535072114142599,0.4932992740269273,0.5809433962264151,0.2450980392156863,0.40288085401966883,0.1342189360235604,0.020202020202020204,0.9499999999999957,0.0,1.0,0.0,0.25000000000000006,2.4949140921648148e-05,0.0,0.0,0.0,2.2694735661814256e-05,0.0,0.0036566804689333906,0.0,0.0,0.0012801221385918965,0.001083211474328182,0.03312156029362849,1,4
2006,0.8000000000000114,1.0,0.0,0.06756756756756757,0.0,0.6000000000000001,0.20588235294117646,0.0,0.0,0.0,0.0,0.0,0.0,0.0,0.0,0.0,0.009770786935533304,0.0,0.0008220606174967418,9.89901386388269e-06,0.00037162411305470685,6.764418328582035e-05,0.0,0.6541086850098752,0.4940042733777782,0.40867924528301885,0.19068627450980397,0.39722638589307696,0.10595901998872112,0.25252525252525254,0.5,0.0,0.0,0.0,0.55,0.0,0.0007739682578397139,0.0,0.0,0.0,0.0,0.0036495413194207824,0.010128669006852106,0.0,3.2719348826119814e-05,0.0010869863355165692,0.03312156029362849,0,3
5068,0.0,0.0,0.0,0.06756756756756757,0.0,0.0,0.7941176470588235,0.3333333333333333,0.0,0.0,0.0,0.0,0.0,0.0,0.0,0.0,0.009770786935533304,0.0,0.0008043294090493882,9.89901386388269e-06,0.0,0.0,0.0,0.6540807220145776,0.4939442013398235,0.450754716981132,0.20968137254901964,0.39910308436612685,0.11585938968607057,0.020202020202020204,0.7999999999999972,0.0,1.0,0.0,0.10000000000000002,1.9083546974354542e-05,0.0,0.0,0.0,7.808554221847678e-05,0.0,0.003868503377673695,0.0,0.0,0.0017887685910623736,0.0011673032175855468,0.03359456642368,0,2
2658,0.0,1.0,0.0,0.06756756756756757,0.0,0.6000000000000001,0.1764705882352941,0.0,0.0,0.0,0.0,0.0,0.0,0.0,0.0,0.0,0.009770786935533304,0.0,0.0008043294090493882,9.89901386388269e-06,2.2051625385541943e-05,0.00012232461645789628,0.0,0.6541017647491756,0.4939938772721887,0.580754716981132,0.2450980392156863,0.4028930403733899,0.10890406667084405,0.24242424242424243,0.7999999999999972,0.0,0.0,0.0,0.5,0.0,0.0235571463384531,0.0,0.0,0.0,0.0,0.0036377237535379883,0.010904500028461297,0.0,5.1496520083642835e-05,0.001083443056646771,0.033121689264635885,0,3
2184,0.4000000000000341,0.0,0.0,0.20463320463320464,0.0,0.6000000000000001,0.5294117647058824,0.0,0.0,0.0,0.0,1.0,0.0,0.0,0.0,0.0,0.01002227846874449,0.0,0.0008901004261649947,9.89901386388269e-06,0.06670219026865387,0.015333290951842576,0.0,0.6549010838503893,0.4949406674006794,0.2862264150943396,0.13272058823529415,0.3933511254097662,0.07644589259978696,0.020202020202020204,0.29999999999999716,0.0,1.0,0.0,0.05,0.0030142024563111517,0.0,0.0,0.0,0.002596215153544208,0.0,0.004095788030419471,0.0,0.0,0.003920770570084129,0.0019536048947534678,0.03322659229788318,0,1
7327,0.4000000000000341,1.0,0.0,0.03861003861003861,0.537037037037037,0.6000000000000001,0.5,0.0,0.0,0.0,0.0,1.0,0.0,0.0,0.0,0.0,0.009770786935533304,0.00012511749816333928,0.0008043294090493882,9.89901386388269e-06,0.0,0.0,0.0,0.6540849768136345,0.4940496766667925,0.580754716981132,0.22781862745098042,0.398176921483323,0.12431856632621094,0.020202020202020204,0.3999999999999986,0.0,1.0,0.0,0.45,4.468442055681309e-05,0.0,0.0,0.0,6.525127791317492e-05,0.0,0.0036354330375410375,0.0,0.0,0.00014159624374712523,0.0011099117458535483,0.03312156029362849,0,0
11388,0.20000000000004547,0.0,1.0,0.03474903474903475,0.0,0.8,0.32352941176470584,0.0,0.52,0.0,0.0,0.0,0.0,0.0,0.0,0.0,0.010861376184364318,2.0187281667728734e-05,0.000845561876186418,9.89901386388269e-06,0.0,0.0,0.0,0.6379764026723856,0.4748099423080887,0.5788679245283018,0.2439950980392157,0.4026371269452468,0.13171251331537065,0.030303030303030304,0.6999999999999957,0.0,1.0,0.0,0.15000000000000002,0.0,0.0,0.00038711921305922473,0.0,0.0,0.00027834104113715795,0.005521177224912804,0.0,0.0,0.0,0.001300110770051143,0.03312156029362849,1,4
7715,0.6000000000000227,1.0,0.0,0.06756756756756757,0.2962962962962963,0.6000000000000001,0.5,0.0,0.0,0.0,0.0,1.0,0.0,0.0,0.0,0.0,0.009776415433733351,0.0,0.0008043294090493882,9.89901386388269e-06,0.0006438351608467245,0.00014800281379858237,0.0,0.6541221040934608,0.4940176184496198,0.39943396226415095,0.2259803921568628,0.39701921787981825,0.1186164546650793,0.24242424242424243,0.10000000000000142,0.0,1.0,0.0,0.55,0.0,0.0,0.0,0.0,0.0,0.0,0.0036554675752558828,0.0,0.0,5.661291552166001e-05,0.0010911160054028288,0.03312156029362849,0,0
8603,0.4000000000000341,0.0,1.0,0.20463320463320464,0.0,0.6000000000000001,0.6176470588235294,0.0,0.0,0.0,0.0,0.0,0.0,0.0,0.0,0.0,0.009770786935533304,0.0,0.0014881271469557723,0.00276574196246634,0.1867002670777186,0.057568690216648365,2.3031548066481965e-05,0.6533948203769983,0.49665779839498925,0.580754716981132,0.24375000000000005,0.3977016536882,0.13277774296635128,0.030303030303030304,0.14999999999999858,0.0,1.0,0.0,0.25000000000000006,0.012321134941376408,0.0,0.0,0.0,0.0,0.003242662287607752,0.004795803196577086,0.0,0.0,0.014972977757494113,0.0022699518440088278,0.033588911541047976,0,4
12237,0.8000000000000114,0.0,0.0,0.05791505791505792,0.0,0.6000000000000001,0.029411764705882346,0.0,0.18,0.0,0.0,0.0,0.0,0.0,0.0,0.0,0.009770786935533304,0.0,0.0013155246710584026,9.89901386388269e-06,0.020141810026331808,0.004630136314663456,0.0,0.6529780674146994,0.49433861014608,0.580566037735849,0.24497549019607845,0.3978052376948294,0.1339682937527414,0.020202020202020204,0.7999999999999972,0.0,1.0,0.0,0.45,0.0018586465042848943,0.0,0.009313947128991851,0.04060537338097561,0.0,0.0028349082020260132,0.003759298969976764,0.0,0.011550308008213554,0.002901507852899538,0.0016563833140350042,0.0333700527019188,1,2
10075,0.6000000000000227,0.0,0.0,0.20463320463320464,0.0,1.0,0.5588235294117647,0.0,0.0,0.0,0.0,0.0,0.0,0.0,0.0,0.0,0.010281144237565364,0.0,0.0008046880878482353,9.89901386388269e-06,0.027768780393285317,0.006383317315622856,9.149548887222817e-05,0.6539646477035956,0.49381650492912393,0.3869811320754717,0.2013480392156863,0.3966353477376035,0.10758819474904445,0.020202020202020204,0.14999999999999858,0.0,1.0,0.0,0.0,1.3129697562576196e-05,0.0,0.0,2.1975220741092346e-06,6.323222901636525e-05,0.0,0.003768962069168563,0.0,0.0,0.0028813492548737506,0.0011181276143731988,0.033131808528293186,1,2
5692,0.0,0.0,0.0,0.0694980694980695,0.0,0.2,0.029411764705882346,0.0,0.0,0.0,0.0,0.0,0.0,0.0,0.0,0.0,0.010127263504689751,0.0,0.0009981407182698895,1.0698627458204502e-05,0.09334995278783155,0.02429514802566656,0.0,0.6544195020236857,0.49433864818724,0.40264150943396226,0.24362745098039218,0.3971471745938898,0.1319004950184849,0.030303030303030304,0.14999999999999858,0.0,1.0,0.0,0.25000000000000006,4.6775396176913126e-05,0.0,0.0018535348571111733,0.0,0.0,0.0005369502972235644,0.0040767465027759815,0.0,0.0,0.009113221226287426,0.0013840314536806286,0.033273984182678185,0,2
10060,0.20000000000004547,0.0,0.0,0.10231660231660232,0.0,0.6000000000000001,0.5588235294117647,0.0,0.0,0.0,0.0,0.0,0.0,0.0,0.0,0.0,0.012031531930477814,0.0,0.0008043294090493882,9.89901386388269e-06,0.0,0.0,0.0,0.6540827907706367,0.4939634330870913,0.5426415094339623,0.24497549019607845,0.4016439391169769,0.1316498527476659,0.020202020202020204,0.14999999999999858,0.0,1.0,0.0,0.35000000000000003,6.26545909022832e-05,0.0,0.0,0.0,0.0001163379104650106,0.0,0.0036576012315341533,0.0,0.0,0.0004916344376390701,0.001154607629022557,0.03312156029362849,1,2
1566,0.4000000000000341,1.0,1.0,0.03474903474903475,0.0,0.4,0.23529411764705882,0.0,0.0,0.0,0.0,0.0,0.0,0.0,0.0,0.0,0.009770786935533304,0.0,0.0008091949649294008,9.89901386388269e-06,0.0,0.0012932171748082756,0.0,0.6541047224342077,0.4940000329529608,0.580754716981132,0.2450980392156863,0.3963916206631814,0.06729744971489443,0.020202020202020204,0.29999999999999716,0.0,1.0,0.0,0.4,2.9463747374136862e-06,0.0,2.721931966822674e-06,0.0,0.0,3.975268050517706e-06,0.0036354330375410375,0.0,0.0,0.0003784853525273203,0.0011144071294269975,0.03312156029362849,0,4
11344,0.20000000000004547,0.0,1.0,0.03474903474903475,0.0,0.2,0.23529411764705882,0.0,0.0,0.0,0.0,0.0,0.0,0.0,0.0,0.0,0.009880286809606944,0.0,0.0008043294090493882,9.89901386388269e-06,0.00011206563720521315,4.578863020944351e-05,0.0,0.6536438871428844,0.4934594040201235,0.580754716981132,0.2450980392156863,0.40287476084280827,0.1342189360235604,0.020202020202020204,0.44999999999999574,0.0,0.0,0.0,0.8,0.0017029978093432271,0.0,0.0,0.0,0.0,1.0299558130886784e-05,0.0036381313235079632,0.0,0.0026379620123203286,2.724480570744144e-05,0.0011224933277100408,0.03312156029362849,1,4
930,0.8000000000000114,1.0,0.0,0.10231660231660232,0.0,0.6000000000000001,0.1764705882352941,0.0,0.0,0.0,0.0,0.0,0.0,0.0,0.0,0.0,0.009770786935533304,0.0,0.0008043294090493882,9.89901386388269e-06,0.001204524848928291,0.0005094919996626101,0.0,0.6541121791004261,0.49398903866953864,0.3920754716981132,0.1894607843137255,0.3967815839822567,0.09085782317187795,0.020202020202020204,0.6999999999999957,0.0,1.0,0.0,0.55,0.000754400921533689,0.0,0.0,0.0,0.0,0.0,0.0036388695041857603,0.0,0.0,0.000380787730474428,0.0010986830270581108,0.03312156029362849,0,3
8417,0.6000000000000227,1.0,0.0,0.05791505791505792,0.7037037037037037,0.6000000000000001,0.5,0.0,0.0,0.0,0.0,1.0,0.0,0.0,0.0,0.0,0.012069245878310214,0.00030058316801040853,0.0008066842133374713,9.89901386388269e-06,0.0,9.97211547211111e-07,0.0,0.6544256486544369,0.49446000181676814,0.3662264150943396,0.13811274509803922,0.39570918485479967,0.07907763644338618,0.020202020202020204,0.5,0.0,1.0,0.0,0.45,0.00012184006316212771,0.0,0.0,0.0,5.928804047376028e-05,0.0,0.003772796289550843,0.0,0.0,0.00024067524140432777,0.001369366176206301,0.03312156029362849,0,0
4187,0.0,0.0,0.0,0.03474903474903475,0.0,0.6000000000000001,0.5294117647058824,0.0,0.0,0.0,0.0,1.0,0.0,0.0,0.0,0.0,0.009770786935533304,0.0,0.0008043294090493882,9.89901386388269e-06,0.0,0.005476685817283421,0.0,0.6540986705607008,0.49403842774050327,0.2875471698113207,0.085171568627451,0.3932901936411607,0.052384234601165494,0.04040404040404041,0.8999999999999986,0.0,0.0,0.0,0.0,0.0,0.0,0.0,0.0,0.0,0.0,0.0036354330375410375,0.0,0.001047227926078029,0.002424301650395677,0.001231259542454584,0.03312156029362849,0,1
4864,0.8000000000000114,0.0,0.0,0.03861003861003861,0.0,0.6000000000000001,0.029411764705882346,0.0,0.0,0.0,0.0,0.0,0.0,0.0,0.0,0.0,0.009770786935533304,0.0,0.0008043294090493882,9.89901386388269e-06,0.0021397306665085695,0.0004918745956618805,3.414497683132831e-05,0.6541375849754059,0.4940366720245156,0.3922641509433962,0.18700980392156866,0.3967876771591173,0.10357791841594086,0.24242424242424243,0.6999999999999957,0.0,1.0,0.0,0.55,2.8927425705344967e-05,0.0,0.0,0.0,0.0,0.0,0.003666309800285673,0.0,0.0,0.00010324885993918653,0.0011013571287112015,0.03312156029362849,0,2
12295,0.0,1.0,1.0,0.02316602316602317,0.0,0.6000000000000001,0.9411764705882353,0.0,0.0,0.0,0.0,0.0,0.0,0.0,0.0,0.0,0.009770786935533304,0.0,0.0008043294090493882,9.89901386388269e-06,0.0,0.0001455928858928222,0.0,0.6539426484509413,0.4938094343196357,0.20339622641509433,0.2450980392156863,0.39068840712170516,0.1342189360235604,0.24242424242424243,0.9499999999999957,0.0,1.0,0.0,0.05,0.0,0.0,0.0,0.0,0.0,0.0,0.0036354330375410375,0.0,0.002399358316221766,0.00013688915994414943,0.0010825576210823542,0.03312156029362849,1,4
2286,0.8000000000000114,0.0,0.0,0.06756756756756757,0.0,0.6000000000000001,0.5588235294117647,0.0,0.0,0.0,0.0,0.0,0.0,0.0,0.0,0.0,0.009832534871669112,0.0,0.0008043294090493882,9.89901386388269e-06,0.0007833749542699899,0.00029608872855943236,0.0,0.6541079769810958,0.49399809634737546,0.3920754716981132,0.17757352941176474,0.3967815839822567,0.0913591077135159,0.020202020202020204,0.44999999999999574,0.0,1.0,0.0,0.55,0.0,0.0,0.0,0.0,0.0,2.3851608303106236e-05,0.0036458916442079514,0.0,0.0,0.0001485289595656385,0.0010903060125372333,0.03312156029362849,0,2
6085,0.6000000000000227,1.0,0.0,0.05791505791505792,0.7037037037037037,0.4,0.5,0.0,0.0,0.0,0.0,1.0,0.0,0.0,0.0,0.0,0.0104500142330272,0.007003218987550427,0.0010057197572368322,4.559821825847803e-05,0.17642276363983406,0.040555513312566405,0.0,0.6582064643555018,0.5010157183814041,0.28358490566037736,0.09142156862745099,0.39281492584603767,0.04824863713265243,0.030303030303030304,0.7999999999999972,1.0,1.0,0.0,0.05,0.018139111671139553,0.0,0.023908744710504894,0.0,0.010203803578221062,0.0,0.00745502212907827,0.0,0.004879517453798768,0.013200300230084304,0.008384096518348956,0.03321983124084157,0,0
2731,0.20000000000004547,0.0,0.0,0.03861003861003861,0.0,0.8,0.5588235294117647,0.0,0.0,0.0,0.0,0.0,0.0,0.0,0.0,0.0,0.009955639457969604,0.0,0.0008043294090493882,9.89901386388269e-06,0.0,0.0,1.8094662881315387e-05,0.6540737344961137,0.49395292169349636,0.580754716981132,0.2450980392156863,0.40287476084280827,0.13027132025816157,0.25252525252525254,0.44999999999999574,0.0,1.0,0.0,0.6,0.0,0.0,0.0,0.0,0.0,0.0,0.0036354330375410375,0.0,0.0,0.0002904066050618547,0.0011246712523492026,0.03312156029362849,0,2
673,0.20000000000004547,0.0,0.0,0.06756756756756757,0.0,0.4,0.5588235294117647,0.0,0.0,0.0,0.0,0.0,0.0,0.0,0.0,0.0,0.009770786935533304,0.0,0.0008043294090493882,9.89901386388269e-06,0.0,0.000644531063347448,0.0,0.6540956141425961,0.49398854723985913,0.580754716981132,0.2450980392156863,0.40287476084280827,0.13403095432044615,0.24242424242424243,0.44999999999999574,0.0,0.0,0.0,0.4,0.0,0.0032262344331139827,0.0,0.0,0.0,0.0,0.003637820737914273,0.01577844892031277,0.0,0.00016505491683043396,0.0010909078688112717,0.03312156029362849,0,2
10424,0.8000000000000114,0.0,1.0,0.05791505791505792,0.0,0.6000000000000001,0.23529411764705882,0.0,0.0,0.0,0.0,0.0,0.0,0.0,0.0,0.0,0.009770786935533304,0.0,0.0008043294090493882,9.89901386388269e-06,0.0,0.0,0.0,0.6538057550457105,0.4936490492953973,0.580754716981132,0.2450980392156863,0.40287476084280827,0.1342189360235604,0.020202020202020204,0.14999999999999858,0.0,1.0,0.0,0.45,0.0,0.0,0.0,0.0,0.0,0.0,0.0036354330375410375,0.0,0.0,0.00459743944873909,0.0015790399747121387,0.03312156029362849,1,4
10464,0.6000000000000227,1.0,0.0,0.10424710424710425,0.2962962962962963,0.6000000000000001,0.5,0.0,0.0,0.0,0.0,1.0,0.0,0.0,0.0,0.0,0.009770786935533304,0.0,0.0008043294090493882,9.89901386388269e-06,0.0,0.0,0.0,0.6540733799847455,0.49396260006332177,0.580754716981132,0.2450980392156863,0.40287476084280827,0.1342189360235604,0.24242424242424243,0.0,0.0,0.0,1.0,0.75,0.0,0.0,0.0,0.0,0.0,0.0,0.0036354330375410375,0.00018698724771685945,0.0,0.0004646454517035295,0.0010827063254821331,0.03312156029362849,1,0
2103,0.0,0.0,0.0,0.03861003861003861,0.0,0.6000000000000001,0.5588235294117647,0.0,0.0,0.0,0.0,0.0,0.0,0.0,0.0,0.0,0.009770786935533304,0.0,0.0008043294090493882,9.89901386388269e-06,0.00015869940236480184,0.00011933298181626294,0.0,0.6540793377636462,0.4939682837231695,0.580754716981132,0.2450980392156863,0.40287476084280827,0.13246444012782757,0.24242424242424243,0.19999999999999574,0.0,0.0,0.0,0.5,0.0,0.0070367823105465105,0.0,0.0,0.0,0.0,0.003635636037227432,0.021569492640495506,0.0,0.0003977997453058351,0.0010922522061534061,0.03312156029362849,0,2
4155,0.8000000000000114,1.0,0.0,0.03474903474903475,0.1111111111111111,0.6000000000000001,0.5,0.0,0.0,0.0,0.0,1.0,0.0,0.0,0.0,0.0,0.009770786935533304,0.0,0.0008043294090493882,9.89901386388269e-06,0.017305826400928915,0.003978209265674192,0.00047370174545424335,0.6538671769564706,0.4940837844485053,0.580754716981132,0.2425245098039216,0.3915780109433457,0.13277774296635128,0.020202020202020204,0.5,0.0,1.0,0.0,0.25000000000000006,0.0,0.0,0.0007835131572646601,0.003415828311995394,0.0001397056624257614,0.0,0.003757686751964512,0.0,0.0,0.0019611655353463622,0.0011333040384376998,0.03312156029362849,0,0
4355,0.6000000000000227,1.0,0.0,0.05791505791505792,0.7037037037037037,0.6000000000000001,0.5,0.0,0.0,0.0,0.0,1.0,0.0,0.0,0.0,0.0,0.01597044225774112,0.0013588877693859066,0.0018047001737642836,9.89901386388269e-06,0.0,0.0023024783615481874,0.0,0.6547439988691631,0.4950961975189135,0.28415094339622643,0.10122549019607845,0.39307693245104136,0.05796102512688765,0.030303030303030304,0.14999999999999858,0.0,1.0,0.0,0.45,0.0,0.0,2.3388452455661493e-05,0.00010196502423866848,0.0,0.013152246622738749,0.005044352557284269,0.0,0.0,0.0021119457089047284,0.0028733649539766848,0.09950160840735409,0,0
7731,0.6000000000000227,1.0,0.0,0.05791505791505792,0.0,0.4,0.38235294117647056,0.0,0.0,0.0,0.0,0.0,0.0,0.0,0.0,0.0,0.014976470544857437,0.0,0.00084071191503679,9.89901386388269e-06,0.025385758843424783,0.005835598873317154,0.0,0.6548876747063747,0.4949067517656422,0.29886792452830185,0.1019607843137255,0.3937715546131442,0.06084341124130585,0.020202020202020204,0.29999999999999716,0.0,1.0,0.0,0.35000000000000003,0.000760687426157756,0.0,0.0029350491585953824,0.012795731533123252,0.0010096340091976911,0.0,0.003753477158854586,0.0,0.0,0.0007581474760053846,0.0016931005122020099,0.03312156029362849,0,3
121,0.4000000000000341,1.0,0.0,0.03861003861003861,0.537037037037037,0.6000000000000001,0.5,0.0,0.0,0.0,0.0,1.0,0.0,0.0,0.0,0.0,0.010013278891408586,0.0,0.0008043294090493882,9.89901386388269e-06,0.0030828895293098634,0.0007700966173337804,0.0,0.6541204551186199,0.49401718641073095,0.3932075471698113,0.19607843137254904,0.39685470210458335,0.10915470894166303,0.020202020202020204,0.14999999999999858,0.0,1.0,0.0,0.55,3.334019892958206e-05,0.0,4.838990163240309e-06,2.109621191144865e-05,0.0,3.613880045925187e-08,0.0036432683542566954,0.0,0.0,0.00019035549227142888,0.0010962429861302722,0.03312880747215952,0,0
2782,0.8000000000000114,0.0,0.0,0.10231660231660232,0.0,0.2,0.029411764705882346,0.0,0.0,0.0,0.0,0.0,0.0,0.0,0.0,0.0,0.009770786935533304,0.0,0.001249605745722463,9.89901386388269e-06,0.0014037124815091699,0.0036698215946991556,0.0,0.6540625037747592,0.49395794545567023,0.580754716981132,0.24497549019607845,0.40082745341766296,0.11755122501409865,0.24242424242424243,0.6000000000000014,0.0,1.0,0.0,0.4,0.00018511923119768754,0.0,0.0,0.0,0.0,0.0,0.003639070147976374,0.0,0.0,0.0016496537991026866,0.001138794502286336,0.03312156029362849,0,2
11531,0.4000000000000341,0.0,1.0,0.31660231660231664,0.0,0.8,0.23529411764705882,0.0,0.0,0.0,0.0,0.0,0.0,0.0,0.0,0.0,0.009770786935533304,0.0,0.0012154688809104517,9.89901386388269e-06,0.0,0.0,0.0,0.6540274094685362,0.49391428157928924,0.580754716981132,0.2450980392156863,0.4014733301648814,0.12012030828999312,0.020202020202020204,0.6000000000000014,0.0,1.0,0.0,0.4,0.00024965434238168407,0.0,0.0,0.0,8.154453296417399e-05,0.0,0.0036539252488184434,0.0,0.0,0.0,0.0019878875044872933,0.03312156029362849,1,4
1067,0.4000000000000341,1.0,0.0,0.06756756756756757,0.0,0.6000000000000001,0.029411764705882346,0.0,0.0,0.0,0.0,0.0,0.0,0.0,0.0,0.0,0.009770786935533304,0.0,0.0008043294090493882,9.89901386388269e-06,0.00027221104779201775,0.019078734422205243,0.0,0.6536811959855422,0.4935019060884233,0.20339622641509433,0.2450980392156863,0.39068840712170516,0.13390563318503665,0.020202020202020204,0.6999999999999957,0.0,1.0,0.0,0.35000000000000003,0.0,0.0,0.0,0.0,2.660762112074775e-07,0.0,0.0036354330375410375,0.0,0.0,0.012374693080228663,0.0010825576210823542,0.03312156029362849,0,3
10752,0.8000000000000114,0.0,1.0,0.03474903474903475,0.0,0.6000000000000001,0.23529411764705882,0.0,0.0,0.0,0.0,0.0,0.0,0.0,0.0,0.0,0.009770786935533304,0.0,0.0008043294090493882,9.89901386388269e-06,0.0,0.016620192453518517,0.0,0.6534408303201727,0.4932215015924833,0.20339622641509433,0.2450980392156863,0.39068840712170516,0.1342189360235604,0.04040404040404041,0.5,0.0,1.0,0.0,0.35000000000000003,6.788881883441673e-09,0.0,0.0,0.0,0.0,0.0,0.0036354330375410375,0.0,0.0,0.015349186314051516,0.0010825576706504875,0.03312156029362849,1,4
3654,0.0,0.0,0.0,0.20463320463320464,0.0,0.6000000000000001,0.5294117647058824,0.0,0.0,0.0,0.0,1.0,0.0,0.0,0.0,0.0,0.009856899948101936,0.0,0.0009331886662177984,9.89901386388269e-06,0.019770185913277102,0.004544708525452371,0.0,0.6537916090481604,0.4947824712958428,0.580754716981132,0.24485294117647063,0.3911575817399676,0.019738078826994174,0.020202020202020204,0.5,1.0,1.0,0.0,0.10000000000000002,0.0005133413036164422,0.0,0.004584943179670193,0.0,0.0,0.0016435926448867752,0.004118977505233304,0.0,0.0,0.00351880096249631,0.0022429122786112995,0.03320840242541686,0,1
5946,0.6000000000000227,0.0,0.0,0.06756756756756757,0.0,0.6000000000000001,1.0,0.0,0.0,0.0,0.0,1.0,0.0,0.0,0.0,0.0,0.010443482767201476,0.0,0.0008043294090493882,9.89901386388269e-06,0.0008827880195326791,0.00017725435251677497,4.7237509348818536e-05,0.6541002251096165,0.49399344911505083,0.580754716981132,0.2450980392156863,0.40287476084280827,0.1283288426593145,0.020202020202020204,0.6999999999999957,0.0,1.0,0.0,0.8,0.0,0.0,0.0,0.0,0.0,0.0,0.0036354330375410375,0.0,0.0,9.779989879769824e-05,0.0010838439141404416,0.03312156029362849,0,1
939,0.6000000000000227,0.0,0.0,0.15830115830115832,0.0,0.8,0.5588235294117647,0.0,0.0,0.0,0.0,0.0,0.0,0.0,0.0,0.0,0.009770786935533304,0.0,0.0008043294090493882,9.89901386388269e-06,0.00016195292086430802,0.0009886521480975488,0.0,0.6541137826845591,0.4940099360761704,0.39283018867924524,0.1746323529411765,0.3968059566896989,0.09818910959333293,0.020202020202020204,0.6000000000000014,0.0,1.0,0.0,0.55,0.0,0.0,0.0,0.0,0.0,0.0,0.0036354330375410375,0.0,0.0,0.00030514182392334414,0.0010883531272230702,0.03312156029362849,0,2
3283,0.8000000000000114,0.0,1.0,0.08687258687258688,0.0,1.0,0.23529411764705882,0.0,0.0,0.0,0.0,0.0,0.0,0.0,0.0,0.0,0.01003335487161945,0.0,0.0008043294090493882,9.89901386388269e-06,0.18000091098517987,0.04137638461784568,0.0,0.6518792253029657,0.49483887197368004,0.580754716981132,0.2450980392156863,0.4003704651531216,0.1325271006955323,0.020202020202020204,0.7999999999999972,1.0,1.0,0.0,0.45,0.0003531033245215683,0.0,0.0,0.0,0.000363178376756371,0.0,0.00369859538870687,0.0,0.0,0.03434789749404068,0.0037320367500893997,0.033191006220688365,0,4
4024,0.4000000000000341,0.0,0.0,0.03861003861003861,0.0,0.8,0.5588235294117647,0.0,0.0,0.0,0.0,0.0,0.0,0.0,0.0,0.0,0.012362620059892337,0.0,0.0008043294090493882,9.89901386388269e-06,0.0,0.0,0.0,0.654063309211335,0.4939214108032179,0.5532075471698112,0.23100490196078435,0.40344142629083957,0.12669966789899118,0.020202020202020204,0.44999999999999574,0.0,1.0,0.0,0.35000000000000003,0.00017360528752337047,0.0,0.0,0.0,0.0004414673890187124,0.0,0.0037167601304708277,0.0,0.0,0.0006360191168999146,0.0011202341113323334,0.03348517916771398,0,2
7479,0.6000000000000227,1.0,0.0,0.05791505791505792,0.7037037037037037,0.4,0.5,0.0,0.0,0.0,0.0,1.0,0.0,0.0,0.0,0.0,0.020395088969776397,2.357001535259139e-05,0.0008452499815787248,0.0003608484082426194,0.2306137292696646,0.08253654053187108,0.0,0.6531646788857529,0.4958104012777898,0.5535849056603773,0.2365196078431373,0.3945210153669921,0.07700983770912966,0.020202020202020204,0.6999999999999957,1.0,1.0,0.0,0.25000000000000006,0.0005163012561176227,0.0,0.0,0.0,0.0010169276276931433,0.0,0.004698143856151039,0.0,0.0,0.015902601226604644,0.0024446237991672427,0.04069650871911472,0,0
11462,0.6000000000000227,0.0,0.0,0.20463320463320464,0.0,1.0,0.5588235294117647,0.0,0.0,0.0,0.0,0.0,0.0,0.0,0.0,0.0,0.009770786935533304,0.0,0.0008043294090493882,9.89901386388269e-06,0.15749234700148504,0.027743173152073513,0.0,0.649907237925879,0.49351044244709774,0.4658490566037736,0.24448529411764708,0.3913038179846209,0.13390563318503665,0.020202020202020204,0.6000000000000014,0.0,1.0,0.0,0.25000000000000006,0.0007650594660906924,0.0,0.0,0.0,0.001238287383875929,0.0,0.003846437665147018,0.0,0.05505102669404518,0.0022553838550095394,0.0016984063843223872,0.03312156029362849,1,2
2813,0.20000000000004547,1.0,1.0,0.10231660231660232,0.0,0.4,0.23529411764705882,0.0,0.0,0.0,0.0,0.0,0.0,0.0,0.0,0.0,0.009770786935533304,0.0,0.0008043294090493882,9.89901386388269e-06,5.1694793936598326e-05,0.0003758656523363212,0.0,0.6541334186385314,0.49403294166178263,0.32679245283018865,0.21090686274509807,0.39467334478850585,0.11673663763393699,0.25252525252525254,0.9499999999999957,0.0,1.0,0.0,0.35000000000000003,5.702660782091005e-05,0.0,0.0,0.0,0.0,0.0,0.0036354330375410375,0.0,0.0,6.198513073157804e-05,0.001090413674522673,0.03312156029362849,0,4
6191,0.6000000000000227,0.0,0.0,0.10231660231660232,0.0,0.6000000000000001,0.5294117647058824,0.0,0.0,0.0,0.0,1.0,0.0,0.0,0.0,0.0,0.009770786935533304,0.0,0.0008043294090493882,9.89901386388269e-06,0.0,1.745120207619444e-06,0.0,0.654100563055033,0.4944975892000979,0.580754716981132,0.22781862745098042,0.3908712024275217,0.013785324895043551,0.020202020202020204,0.6000000000000014,1.0,1.0,0.0,0.2,0.0002398036747688102,0.0,0.0,0.0,0.0001613986994100887,0.0,0.003860536916092939,0.0,0.0,2.9393691791408654e-05,0.0011991806327892151,0.03312156029362849,0,1
679,0.8000000000000114,0.0,0.0,0.03861003861003861,0.0,0.6000000000000001,0.029411764705882346,0.0,0.0,0.0,0.0,0.0,0.0,0.0,0.0,0.0,0.009770786935533304,0.0,0.0008043294090493882,9.89901386388269e-06,0.03267942431520666,0.011129545674574139,0.0,0.6539985452854614,0.49387492334114286,0.580754716981132,0.2450980392156863,0.40287476084280827,0.1342189360235604,0.020202020202020204,0.0,0.0,1.0,0.0,0.35000000000000003,0.0,0.0,0.0,0.0,0.0,0.0,0.0036354330375410375,0.0,0.0,0.0027338435743957156,0.0010986176962584746,0.03312156029362849,0,2
4477,0.0,0.0,0.0,0.19305019305019305,0.0,0.6000000000000001,0.8235294117647058,1.0,0.0,0.0,0.0,0.0,0.0,0.0,0.0,0.0,0.009770786935533304,0.0,0.0008437840769225671,9.89901386388269e-06,0.0,0.0,2.88383689670964e-05,0.6541030814110237,0.4939919872476156,0.580754716981132,0.2450980392156863,0.4025579156460596,0.12500783257096312,0.24242424242424243,0.10000000000000142,0.0,1.0,0.0,0.5,0.0,0.0,0.0,0.0,0.0,0.0,0.0036354330375410375,0.0,0.0,3.985672046215377e-05,0.0010986094183802202,0.03312156029362849,0,2
9376,0.4000000000000341,0.0,1.0,0.33976833976833976,0.0,0.8,0.23529411764705882,0.0,0.0,0.0,0.0,0.0,0.0,0.0,0.0,0.0,0.009770786935533304,0.0,0.0010005423067491266,9.89901386388269e-06,0.1431262553158877,0.03650675132992703,0.0,0.6535742727063274,0.4942630829164276,0.580754716981132,0.2450980392156863,0.3993468114405489,0.10928003007707252,0.25252525252525254,0.14999999999999858,1.0,1.0,0.0,0.15000000000000002,0.0,0.0,0.0,0.0,0.0,0.0,0.0036354330375410375,0.0,0.0,0.0048408519617027575,0.0024193096509203486,0.03312156029362849,1,4
10849,0.0,0.0,0.0,0.03861003861003861,0.0,1.0,0.5588235294117647,0.0,0.0,0.0,0.0,0.0,0.0,0.0,0.0,0.0,0.009859217565007837,0.0010336215575201455,0.0008043294090493882,9.89901386388269e-06,0.0008676049332016502,0.00019944230944222218,0.0,0.6538105492321576,0.49364344831684637,0.580754716981132,0.2450980392156863,0.40281382907420277,0.13296572466946552,0.020202020202020204,0.5,0.0,1.0,0.0,0.45,5.312300073793109e-05,0.0,2.2581954095121443e-05,9.844898892009371e-05,0.00017304344653587477,0.0,0.0036354609156411034,0.0,0.0,0.002892502996928628,0.0013262577620730652,0.03312156029362849,1,2
11632,0.6000000000000227,0.0,0.0,0.10231660231660232,0.0,0.6000000000000001,0.029411764705882346,0.0,0.0,0.0,0.0,0.0,0.0,0.0,0.0,0.0,0.009770786935533304,0.0,0.0008043294090493882,9.89901386388269e-06,0.0,0.0,0.0,0.6540976577184086,0.49399085183544145,0.580754716981132,0.2450980392156863,0.40287476084280827,0.1342189360235604,0.020202020202020204,0.6000000000000014,0.0,1.0,0.0,0.10000000000000002,1.200953205180832e-05,0.0,0.0,0.0,0.0,3.8343267287266236e-05,0.0036354330375410375,0.0,0.0,9.232535567901987e-05,0.0012655036377488666,0.03312156029362849,1,2
4636,1.0,1.0,0.0,0.10424710424710425,0.0,0.6000000000000001,0.1764705882352941,0.0,0.0,0.0,0.0,0.0,0.0,0.0,0.0,0.0,0.009770786935533304,0.0,0.0008043294090493882,9.89901386388269e-06,0.0,0.0009605640228511025,0.0,0.6541475248777971,0.49404941853034945,0.3350943396226415,0.18026960784313728,0.39494144457037017,0.10100883514004638,0.020202020202020204,0.6499999999999986,0.0,1.0,0.0,0.55,1.696541582672074e-05,0.0,0.0,0.0,3.130308367146794e-05,0.0,0.0036693465499463545,0.0,0.0,0.0005658477534675092,0.0011032154875952381,0.03312156029362849,0,3
7480,0.4000000000000341,1.0,0.0,0.10231660231660232,0.0,0.6000000000000001,0.0,0.0,0.0,0.0,0.0,0.0,0.0,0.0,0.0,0.0,0.009770786935533304,0.0,0.0008043294090493882,9.89901386388269e-06,0.001298153881302969,0.0017419623710532757,0.0,0.6541353320059629,0.49403518531387386,0.3218867924528302,0.24203431372549022,0.3945149221901315,0.13271508239864654,0.24242424242424243,0.6999999999999957,0.0,0.0,1.0,0.35000000000000003,0.0,0.009073784343133075,0.0,0.0,0.0,0.0,0.0036354330375410375,0.010851670917582185,0.0,0.0005992322337005712,0.0010923505493297932,0.03312156029362849,0,3
219,0.0,0.0,0.0,0.03861003861003861,0.0,0.6000000000000001,0.5588235294117647,0.0,0.0,0.0,0.0,0.0,0.0,0.0,0.0,0.0,0.009770786935533304,0.0,0.0008066842133374713,9.89901386388269e-06,0.00030980726156408923,3.2991082020234256e-05,0.0,0.6541096899005105,0.4940094854048766,0.3924528301886792,0.14142156862745098,0.3965926954995796,0.08051882950059529,0.020202020202020204,0.3999999999999986,0.0,1.0,0.0,0.45,4.0597513662981205e-06,0.0,0.0,0.0,3.444904358045047e-05,0.0,0.003634046592874388,0.0,0.0,0.00011864921020761822,0.001107822449036655,0.03312156029362849,0,2
5848,0.20000000000004547,0.0,0.0,0.02316602316602317,0.0,0.6000000000000001,0.5588235294117647,0.0,0.0,0.0,0.0,0.0,0.0,0.0,0.0,0.0,0.009770786935533304,0.0,0.0008043294090493882,9.89901386388269e-06,0.0,0.0,0.0,0.6540719735354388,0.49395688185588993,0.5050943396226415,0.22009803921568633,0.40174142994674567,0.12131085907638325,0.020202020202020204,0.0,0.0,0.0,0.0,0.0,0.0,0.0,0.0,0.0,0.0,0.0,0.0036447867290870365,0.0,0.000127258726899384,0.00030099754361855025,0.0010875803600255527,0.033172796506528594,0,2
7232,0.0,0.0,0.0,0.015444015444015444,0.0,0.6000000000000001,0.5588235294117647,0.0,0.0,0.0,0.0,0.0,0.0,0.0,0.0,0.0,0.009770786935533304,0.0,0.0008043294090493882,9.89901386388269e-06,0.003260748540616202,0.0008421451516197831,0.0,0.6541180023637984,0.49401471606437997,0.46169811320754717,0.24448529411764708,0.3990299662438002,0.1335296697788082,0.020202020202020204,0.14999999999999858,0.0,1.0,0.0,0.85,7.962000672900394e-05,0.0,0.0,0.0,0.0,1.445552018370075e-07,0.0036398263905218194,0.0,0.0,7.807619438414205e-05,0.0010921730954127236,0.03312156029362849,0,2
5487,0.0,0.0,0.0,0.015444015444015444,0.0,0.6000000000000001,0.5588235294117647,0.0,0.0,0.0,0.0,0.0,0.0,0.0,0.0,0.0,0.009770786935533304,0.0,0.0008043294090493882,9.89901386388269e-06,4.6995267215089384e-05,1.0803125094787036e-05,0.0,0.6541034528196628,0.4939978335528312,0.20339622641509433,0.23982843137254906,0.39068840712170516,0.1315245316122564,0.020202020202020204,0.5499999999999972,0.0,1.0,0.0,0.35000000000000003,0.0,0.0,0.0,0.0,0.0,0.0,0.0036354330375410375,0.0,0.0,2.3023779471077274e-07,0.0010825576210823542,0.03312156029362849,0,2
9968,0.4000000000000341,0.0,0.0,0.02316602316602317,0.0,0.6000000000000001,0.1176470588235294,0.0,0.0,0.0,0.0,0.0,0.0,0.0,0.0,0.0,0.009770786935533304,0.0,0.0008043294090493882,9.89901386388269e-06,0.0,0.0021256395138427504,0.0,0.6540925222733546,0.4939850272680316,0.20339622641509433,0.2450980392156863,0.39068840712170516,0.1342189360235604,0.020202020202020204,0.0,0.0,1.0,0.0,0.7,0.009479444762605394,0.0,0.0,0.0,0.0,0.0,0.0036354330375410375,0.0,0.0,0.0008233815178401035,0.0010825576210823542,0.03312156029362849,1,2
11192,0.20000000000004547,0.0,1.0,0.04247104247104247,0.0,0.6000000000000001,0.2647058823529412,0.0,0.0,0.0,0.0,0.0,0.0,0.0,0.0,0.0,0.009770786935533304,0.0,0.0008043294090493882,9.89901386388269e-06,0.0,0.0,0.0,0.6540454421696946,0.49392986797417143,0.20339622641509433,0.2450980392156863,0.39068840712170516,0.1342189360235604,0.020202020202020204,0.3999999999999986,0.0,1.0,0.0,0.25000000000000006,0.0,0.0,0.0,0.0,0.0,0.0,0.0036354330375410375,0.0,0.0,0.0008960599150371374,0.0010825576210823542,0.03312156029362849,1,4
8038,0.6000000000000227,0.0,1.0,0.03861003861003861,0.0,0.6000000000000001,0.23529411764705882,0.0,0.0,0.0,0.0,0.0,0.0,0.0,0.0,0.0,0.01132134789288366,0.0,0.003505944906156761,9.89901386388269e-06,0.0,0.014407047626407989,0.0,0.6538776595594424,0.493779971829372,0.5728301886792452,0.24497549019607845,0.4024360521088486,0.13359233034651294,0.020202020202020204,1.0,0.0,1.0,0.0,0.4,0.0006834503169698401,0.0,0.0,0.0,0.0,0.00017169544098190564,0.0038044190859592097,0.0,0.0,0.009127470387582303,0.0017640215563390913,0.03312156029362849,0,4
10392,0.0,0.0,0.0,0.02316602316602317,0.0,0.6000000000000001,0.5294117647058824,0.0,0.0,0.0,0.0,1.0,0.0,0.0,0.0,0.0,0.009770786935533304,0.0,0.0008043294090493882,9.89901386388269e-06,0.0,0.0,0.0,0.654098449902223,0.49399197210878665,0.20339622641509433,0.2450980392156863,0.39068840712170516,0.1342189360235604,0.020202020202020204,0.14999999999999858,0.0,1.0,0.0,0.7,0.0,0.0,0.0,0.0,0.0,5.059432064295262e-07,0.0036354330375410375,0.0,7.774640657084189e-05,0.0,0.0010825576210823542,0.03312156029362849,1,1
7102,0.0,0.0,0.0,0.02316602316602317,0.0,0.6000000000000001,0.5294117647058824,0.0,0.0,0.0,0.0,1.0,0.0,0.0,0.0,0.0,0.009770786935533304,1.4185657388133705e-07,0.0008043294090493882,9.89901386388269e-06,0.0,0.002987562694482221,0.0,0.6540629676214093,0.4940491763090856,0.580754716981132,0.2450980392156863,0.3937654614362837,0.13102324707061846,0.020202020202020204,0.0,0.0,0.0,0.0,0.45,0.00015354414155780032,0.0,1.5121844260125966e-06,0.0,5.564123122603426e-05,0.0,0.0036374269106696825,0.0,0.0,0.0010298536557412864,0.0011006630261411667,0.03312156029362849,0,1
8285,0.6000000000000227,1.0,0.0,0.015444015444015444,0.35185185185185186,0.6000000000000001,0.5,0.0,0.0,0.0,0.0,1.0,0.0,0.0,0.0,0.0,0.009808636328509555,0.0,0.0008043294090493882,9.89901386388269e-06,0.0,0.0,0.0,0.6541572202667401,0.49405978629915653,0.45849056603773586,0.2338235294117647,0.39892638223717086,0.12789021868538128,0.020202020202020204,0.29999999999999716,0.0,1.0,0.0,0.35000000000000003,6.666003121351379e-05,0.0,0.0,0.0,0.0,0.0001271363000156481,0.0037058794258099607,0.0,0.0,0.00021972360208564744,0.0011225530573106186,0.03312156029362849,0,0
9820,0.20000000000004547,0.0,0.0,0.07335907335907337,0.0,1.0,0.5588235294117647,0.0,0.0,0.0,0.0,0.0,0.0,0.0,0.009233786519761018,0.0,0.009770786935533304,0.0,0.0008043294090493882,9.89901386388269e-06,0.0007801214357704838,0.0009738601768139174,0.0,0.654100767478878,0.49399446225206783,0.580754716981132,0.2450980392156863,0.40287476084280827,0.13415627545585562,0.020202020202020204,0.6000000000000014,0.0,1.0,0.0,0.5,2.321797604137052e-06,0.0,0.0,0.0,7.982286336224325e-07,0.0,0.0036354330375410375,0.0,0.0,0.00015195694450911,0.0011443290817735735,0.03312156029362849,1,2
6280,0.6000000000000227,1.0,0.0,0.05791505791505792,0.7037037037037037,0.6000000000000001,0.5,0.0,0.0,0.0,0.0,1.0,0.0,0.0,0.0,0.0,0.012978203189236506,0.0,0.0008043294090493882,1.5951785122166787e-05,0.04689007011693869,0.010778942714767165,0.0,0.6545415003190268,0.49529160292453017,0.3922641509433962,0.1513480392156863,0.39602603005154835,0.08584497775549847,0.24242424242424243,0.3999999999999986,0.0,1.0,1.0,0.05,0.00047344983366933883,0.0,0.0,0.0,0.0,0.0,0.0036354330375410375,0.0,0.0,0.003982116151385955,0.001984768974951397,0.033195034084457835,0,0
3620,0.20000000000004547,0.0,0.0,0.10231660231660232,0.0,0.0,0.4411764705882353,0.0,0.0,0.0,0.0,0.0,0.0,0.0,0.0,0.0,0.01085838134173916,0.0,0.0008043294090493882,0.00011135884512314657,0.01080457343480455,0.002483721560253807,0.0,0.6536419403122303,0.49402315887285475,0.580754716981132,0.24362745098039218,0.3953253147125849,0.10013158719217997,0.020202020202020204,0.14999999999999858,1.0,1.0,0.0,0.25000000000000006,0.0008897372818800988,0.0,1.0484478687020669e-05,4.570845914147208e-05,0.0,1.951495224799601e-06,0.003804258492396859,0.0,0.0,0.002251316320636316,0.001300885519973991,0.03312540462173359,0,2
906,0.6000000000000227,1.0,0.0,0.06756756756756757,0.0,0.6000000000000001,0.0,0.0,0.0,0.0,0.0,0.0,0.0,0.0,0.0,0.0,0.009799125069519101,0.0,0.0008043294090493882,9.89901386388269e-06,8.784499948666708e-05,0.00039339995537478325,0.0,0.6541022666975148,0.49399527314985653,0.3920754716981132,0.22193627450980394,0.3967815839822567,0.1179271884203271,0.25252525252525254,0.7999999999999972,0.0,0.0,1.0,0.55,0.0,0.005714455124033617,0.0,0.0,0.0,0.0,0.0036354330375410375,0.007552709202699815,0.00020533880903490762,7.382958617058779e-05,0.0010864157071664843,0.03312156029362849,0,3
5862,1.0,0.0,0.0,0.0694980694980695,0.0,0.2,0.029411764705882346,0.0,0.0,0.0,0.0,0.0,0.0,0.0,0.0,0.0,0.009856328068605674,0.0006599386057842694,0.000903901762555415,9.89901386388269e-06,0.06758027876146504,0.015535143189190559,0.0,0.653662108033255,0.494982861257948,0.580754716981132,0.24473039215686276,0.3980063125312276,0.11986966601917416,0.030303030303030304,0.3999999999999986,1.0,1.0,0.0,0.2,0.0014030514299690072,0.0,0.002621623733230505,0.01142931230744213,0.00036731038380100484,0.0,0.004008434163434625,0.0,0.0,0.0062243508701197905,0.001777824695271634,0.03312453654764534,0,2
12092,0.20000000000004547,1.0,1.0,0.06756756756756757,0.0,0.6000000000000001,0.23529411764705882,0.0,0.0,0.0,0.0,1.0,0.0,0.0,0.0,0.0,0.009770786935533304,0.0,0.0008043294090493882,9.89901386388269e-06,0.0002819716032905363,0.0030144874062569206,0.0,0.6539576094933193,0.4938269627545547,0.3920754716981132,0.24448529411764708,0.3967815839822567,0.13390563318503665,0.24242424242424243,0.7999999999999972,0.0,0.0,0.0,0.55,0.0,0.0,0.0,0.0,0.0,0.0,0.0036354330375410375,0.01423049418312099,0.0018484599589322383,2.417496844463114e-05,0.0010915557738811082,0.03312156029362849,1,0
12338,0.0,0.0,0.0,0.03474903474903475,0.0,0.6000000000000001,0.029411764705882346,0.0,0.0,0.0,0.0,0.0,0.0,0.0,0.0,0.0,0.009770786935533304,0.0,0.0008244622059759788,9.89901386388269e-06,0.0,0.0,0.0,0.654020408697311,0.49389813776496017,0.580754716981132,0.2450980392156863,0.4028564813122266,0.13346700921110347,0.020202020202020204,0.9499999999999957,0.0,1.0,0.0,0.35000000000000003,0.0,0.0,0.0005192841318927256,0.0022638872407473335,0.0,4.6980440597027436e-07,0.003714017475133375,0.0,0.0,0.001282654754333715,0.001142153883381741,0.03312156029362849,1,2
10309,0.6000000000000227,1.0,1.0,0.03474903474903475,0.0,0.6000000000000001,0.32352941176470584,0.0,0.0,0.0,0.0,0.0,0.0,0.0,0.0,0.0,0.009782450267364951,0.0,0.0008043294090493882,9.89901386388269e-06,0.0,0.0,0.0,0.6540744249649842,0.4939409301882365,0.580754716981132,0.2439950980392157,0.39744574026005686,0.1287674666332477,0.020202020202020204,0.14999999999999858,0.0,1.0,0.0,0.6,0.0,0.0,0.0,0.0,0.0,0.0,0.003642255711720505,0.0,0.0,0.0004481450764159241,0.001078232355342252,0.033411110126081264,1,4
3113,0.4000000000000341,0.0,0.0,0.03474903474903475,0.0,0.4,0.5294117647058824,0.0,0.0,0.0,0.0,1.0,0.0,0.0,0.0,0.0,0.009770786935533304,0.0,0.0008043294090493882,9.89901386388269e-06,0.01044704790191437,0.004288092753970045,0.0,0.6542318343075464,0.4941412196129902,0.27943396226415096,0.06593137254901961,0.3931439573965074,0.04248386490381603,0.24242424242424243,0.10000000000000142,0.0,1.0,0.0,0.45,0.0001835306328369622,0.0,0.0,0.0,0.0,0.0,0.0036354330375410375,0.0,0.0,0.001427474327206791,0.0012898414424749457,0.03312156029362849,0,1
3298,0.20000000000004547,0.0,0.0,0.10231660231660232,0.0,0.4,0.029411764705882346,0.0,0.0,0.0,0.0,0.0,0.0,0.0,0.0,0.0,0.009970703967857965,0.0,0.0008043294090493882,9.89901386388269e-06,0.005466634083281397,0.0010532215957794683,0.0,0.6542075207914274,0.49410546752154405,0.28471698113207544,0.14975490196078434,0.3933145663486029,0.07932827871420517,0.24242424242424243,0.6000000000000014,0.0,1.0,0.0,0.5,0.00033283851209949493,0.0,0.0,0.0,0.0,0.0,0.0036354330375410375,0.0,0.0,0.00022941917144068998,0.0011205659699845066,0.03312156029362849,0,2
2162,0.20000000000004547,1.0,0.0,0.06756756756756757,0.0,0.6000000000000001,0.5588235294117647,0.0,0.0,0.0,0.0,0.0,0.0,0.0,0.0,0.0,0.009770786935533304,0.0,0.0008043294090493882,9.89901386388269e-06,0.00013773228314576197,0.0005751417598540082,0.0,0.6541086121196873,0.49400387821552405,0.3920754716981132,0.164093137254902,0.3967815839822567,0.09286296133842974,0.25252525252525254,0.0,0.0,0.0,0.0,0.55,0.0,0.0014333446383301628,0.0,0.0,0.0,0.0,0.0036354330375410375,0.007518493857495945,0.0,0.00010314653203042619,0.001087933037293695,0.03312156029362849,0,3
12215,0.0,0.0,0.0,0.02316602316602317,0.0,0.6000000000000001,0.5588235294117647,0.0,0.0,0.0,0.0,0.0,0.0,0.0,0.0,0.0,0.009770786935533304,0.0,0.0008043294090493882,9.89901386388269e-06,0.0005151404290884798,0.03378718923875779,0.0,0.6531410733984133,0.4928703048267887,0.580754716981132,0.2450980392156863,0.40287476084280827,0.1342189360235604,0.020202020202020204,0.7999999999999972,0.0,1.0,0.0,0.35000000000000003,0.0,0.0,6.552799179387918e-06,0.0,0.0,5.384681268428529e-06,0.0036377170784999443,0.0,0.0,0.025226438871098045,0.0010844576667664624,0.03312156029362849,1,2
1171,0.0,1.0,0.0,0.0694980694980695,0.3333333333333333,0.4,0.5,0.4444444444444444,0.0,0.0,0.0,1.0,0.0,0.0,0.0,0.0,0.009770786935533304,0.0,0.0008058888820878538,9.89901386388269e-06,0.06410335199165942,0.015397611096637693,0.0002605674951695188,0.6541327364526368,0.49440886867506895,0.32396226415094337,0.10919117647058825,0.3920715582690504,0.031142302149257475,0.030303030303030304,0.6499999999999986,1.0,1.0,0.0,0.05,1.3034653216208013e-05,0.0,0.00011795038522898252,0.0,0.0,0.0002331675405630931,0.00402150113937952,0.0,0.0,0.0017335882662633585,0.001471306115478994,0.03312156029362849,0,0
6154,0.6000000000000227,1.0,0.0,0.10424710424710425,0.2962962962962963,0.6000000000000001,0.5,0.0,0.0,0.0,0.0,1.0,0.0,0.0,0.0,0.0,0.009770786935533304,0.0,0.0008043294090493882,9.89901386388269e-06,0.0,0.00010312829417408238,0.0,0.654099895778495,0.49399366610493306,0.3920754716981132,0.12487745098039217,0.3967815839822567,0.0727489191052071,0.25252525252525254,0.5,0.0,0.0,1.0,0.45,0.0,0.006058861537057646,0.0,0.0,0.0,0.0,0.0036354330375410375,0.004646335748926407,0.0,6.080835978083409e-05,0.0010836527794185924,0.03312156029362849,0,0
7162,0.6000000000000227,1.0,0.0,0.06756756756756757,0.0,0.4,0.029411764705882346,0.0,0.0,0.0,0.0,0.0,0.0,0.0,0.0,0.0,0.009770786935533304,0.0,0.0008220138333055879,9.89901386388269e-06,0.08192214980934381,0.05438010629444084,0.0,0.6516483125010051,0.4943464838898548,0.580754716981132,0.24485294117647063,0.39676330445167507,0.13334168807569396,0.030303030303030304,0.29999999999999716,0.0,1.0,0.0,0.4,0.0,0.0,0.0004099027917444812,0.0017870249506656295,0.0005657719342781115,0.0,0.0038935956309793392,0.0,0.0,0.01184637408729901,0.0019962073173823893,0.03312156029362849,0,3
2928,0.0,0.0,1.0,0.03474903474903475,0.0,0.8,0.9411764705882353,0.0,0.0,0.0,0.0,0.0,0.0,0.0,0.0,0.0,0.009770786935533304,2.7323758538374462e-05,0.0008124386688494092,9.89901386388269e-06,0.0027105424121441554,0.0006230910150824092,0.0,0.6540075535187242,0.4938988007680349,0.580754716981132,0.2450980392156863,0.4000779926638151,0.12043361112851685,0.020202020202020204,0.5,1.0,1.0,0.0,0.10000000000000002,0.0,0.0,6.966129589164694e-05,0.0,0.0,2.4971911117343046e-05,0.0036572600192953204,0.0,0.0,0.0013311581830861177,0.0011124284191154062,0.03312156029362849,0,4
8287,0.8000000000000114,0.0,0.0,0.10231660231660232,0.0,0.8,0.5294117647058824,0.0,0.0,0.0,0.0,1.0,0.0,0.0,0.0,0.0,0.009770786935533304,0.0,0.0008043294090493882,9.89901386388269e-06,0.008704246492345556,0.002000904969479094,0.0,0.6541461108081527,0.4940443699249691,0.34679245283018867,0.24289215686274512,0.39531922153572435,0.13177517388307539,0.020202020202020204,0.14999999999999858,0.0,1.0,0.0,0.25000000000000006,0.0,0.0,0.00016492891473044054,0.0007190292226485416,1.860968324268769e-05,0.0,0.0038022657972161043,0.0,0.0,0.0006662314319614061,0.0011375827101325379,0.03312156029362849,0,1
6029,0.0,0.0,0.0,0.03474903474903475,0.0,0.8,0.5588235294117647,0.0,0.0,0.0,0.0,0.0,0.0,0.0,0.005028671658908453,0.0,0.009770786935533304,0.0,0.0008043294090493882,1.3360632208921421e-05,0.023842145066436848,0.0054827521875289555,7.437950367079161e-05,0.6540723389803352,0.49396079893084716,0.580754716981132,0.2450980392156863,0.40291131990397155,0.13371765148192244,0.24242424242424243,0.29999999999999716,0.0,1.0,0.0,0.10000000000000002,2.9131092161848217e-05,0.0,0.0,0.0,0.0,0.0,0.0036354330375410375,0.0,0.0,0.0005688408447987492,0.0010918350903120263,0.03312575185136889,0,2
10149,0.6000000000000227,0.0,0.0,0.31660231660231664,0.0,0.4,0.5294117647058824,0.0,0.0,0.0,0.0,1.0,0.0,0.0,0.0,0.0,0.010622736890358586,0.0,0.0011968487728311727,1.91603611905214e-05,0.0,0.0,0.011267537876837937,0.6547341000503322,0.4949920916737053,0.5764150943396226,0.2410539215686275,0.4015647278177897,0.12663700733128644,0.030303030303030304,0.14999999999999858,0.0,1.0,0.0,0.25000000000000006,0.00010253248308561959,0.0,0.0,0.0,0.0,0.0003398492795188046,0.004349286342862267,0.0,0.0,0.0,0.001692052988841834,0.03324641414963542,1,1
6070,0.6000000000000227,0.0,0.0,0.10424710424710425,0.0,0.6000000000000001,0.5588235294117647,0.0,0.0,0.0,0.0,0.0,0.0,0.0,0.0,0.0,0.009798763882468831,0.0,0.0008043294090493882,9.89901386388269e-06,7.049290082263407e-05,0.0005138963506627924,0.0,0.6541089765706266,0.49400430520813654,0.3920754716981132,0.1973039215686275,0.3967815839822567,0.10978131461871048,0.25252525252525254,0.6499999999999986,0.0,0.0,1.0,0.55,0.0,0.01053404230311591,0.0,0.0,0.0,0.0,0.0036354330375410375,0.0071326250885602035,0.0,0.00017487839607142693,0.0010857076263828705,0.03312156029362849,0,2
1648,0.0,0.0,0.0,0.03474903474903475,0.0,0.6000000000000001,0.5588235294117647,0.0,0.0,0.0,0.0,0.0,0.0,0.0,0.0,0.0,0.009770786935533304,0.0,0.0008043294090493882,9.89901386388269e-06,0.00024509839362946617,5.6342452417427764e-05,0.0,0.6540758015955778,0.4951928274998266,0.580754716981132,0.2450980392156863,0.3925468260641734,0.1335296697788082,0.020202020202020204,0.44999999999999574,0.0,1.0,0.0,0.4,2.4643641236893273e-06,0.0,0.0,0.0,0.00011261284350810592,0.0,0.0036389480340451004,0.0,0.0,0.00042724460105162396,0.0012732932698906177,0.03312156029362849,0,2
1767,0.20000000000004547,1.0,1.0,0.03474903474903475,0.0,0.8,0.23529411764705882,0.0,0.0,0.0,0.0,0.0,0.0,0.0,0.0,0.0,0.011872338738071139,1.1119372983467882e-05,0.00115145251268144,1.0880817897417066e-05,0.004082804214824765,0.0009385422678501906,0.0005587597100321573,0.6537881616735934,0.4947036985341602,0.580754716981132,0.24093137254901964,0.39654395008469523,0.1176138855818034,0.030303030303030304,0.3999999999999986,1.0,1.0,0.0,0.25000000000000006,0.0,0.0,0.0015434362374835235,0.0067288125909224766,0.0,1.73466242204409e-05,0.003640568497692583,0.0,0.0,2.3330763197358303e-05,0.001428934977759862,0.03323876517681211,0,4
7774,0.6000000000000227,0.0,1.0,0.15830115830115832,0.0,0.6000000000000001,0.2941176470588235,0.0,0.0,0.0,0.0,0.0,0.0,0.0,0.0,0.0,0.009770786935533304,0.0,0.0008043294090493882,9.89901386388269e-06,0.003877832549355876,0.0009538328449074276,0.0,0.6541294587134162,0.49402829015953187,0.3920754716981132,0.22696078431372552,0.3967815839822567,0.12494517200325836,0.020202020202020204,0.5,0.0,1.0,0.0,0.55,9.118147257650512e-05,0.0,0.00021755293275567888,0.0008517595559247393,4.880150744381852e-05,0.0,0.0036560840346517025,0.0,0.0,0.00027725746878615057,0.0010983049709057395,0.03312156029362849,0,4
3403,0.6000000000000227,1.0,0.0,0.15830115830115832,0.4444444444444444,0.6000000000000001,0.5,0.0,0.0,0.0,0.0,1.0,0.0,0.0,0.0,0.0,0.010670127641246146,0.0,0.0008043294090493882,9.89901386388269e-06,0.018092454873698413,0.004292330903045692,0.0,0.654247264828998,0.49408738710162964,0.41660377358490563,0.22218137254901962,0.3982683191362313,0.1212481985086785,0.25252525252525254,0.0,0.0,1.0,0.0,0.35000000000000003,8.8459130941245e-05,0.0,0.0,0.0,0.0,0.0,0.003827551233975725,0.0,0.0,0.0015653356022841637,0.001194244638079221,0.03404273075353752,0,0
561,0.8000000000000114,0.0,0.0,0.03474903474903475,0.0,0.4,0.5294117647058824,0.0,0.0,0.0,0.0,1.0,0.0,0.0,0.0,0.0,0.009830563392353053,8.675075095050997e-06,0.0008043294090493882,9.89901386388269e-06,0.0052641929322010126,0.0012101162125406832,0.0,0.6540596726535988,0.4940941436774601,0.580754716981132,0.24497549019607845,0.39179736531032555,0.06159533805376277,0.020202020202020204,0.44999999999999574,1.0,1.0,0.0,0.10000000000000002,0.0,0.0,0.00018912386554664206,0.0,0.0,0.0002617894705268206,0.0037037233885217785,0.0,0.0,0.00034218452689458844,0.0011187890019752822,0.03312180831479656,0,1
2978,0.6000000000000227,1.0,0.0,0.03861003861003861,0.537037037037037,0.6000000000000001,0.5,0.0,0.0,0.0,0.0,1.0,0.0,0.0,0.0,0.0,0.01031772947586567,0.0,0.0008043294090493882,9.89901386388269e-06,0.008014862072505744,0.001842431434434795,0.00020047668562495823,0.6540638867004144,0.4939323192999424,0.39679245283018866,0.16887254901960785,0.3970070315260971,0.09424149382793409,0.020202020202020204,0.3999999999999986,0.0,1.0,0.0,0.35000000000000003,2.9884658050910245e-05,0.0,0.0005157557015653629,0.002248504586228569,0.0,1.0841640137775562e-07,0.0036608771046165254,0.0,0.0,0.001577359131563504,0.0011978352545162821,0.03324360158958949,0,0
12418,0.0,1.0,1.0,0.06756756756756757,0.0,0.6000000000000001,0.23529411764705882,0.0,0.0,0.0,0.0,0.0,0.0,0.0,0.0,0.0,0.009770786935533304,0.0,0.0008043294090493882,9.89901386388269e-06,0.0,1.0221418358913887e-05,0.0,0.6536948145231873,0.49351672312025274,0.5809433962264151,0.2450980392156863,0.39068840712170516,0.1342189360235604,0.020202020202020204,0.9499999999999957,0.0,1.0,0.0,0.45,0.0,0.0,0.0,0.0,0.0,8.67331211022045e-07,0.0036354330375410375,0.0,0.0059652464065708425,0.00036838047153723636,0.0010829173865935526,0.033151560934118356,1,4
1020,0.6000000000000227,0.0,0.0,0.015444015444015444,0.0,0.6000000000000001,0.5294117647058824,0.0,0.0,0.0,0.0,1.0,0.0,0.0,0.0,0.0,0.010187386099099343,0.0,0.0009446819825112897,9.89901386388269e-06,0.0,0.00044342673465987397,0.0,0.6540934145155178,0.4941738655272678,0.580754716981132,0.23186274509803925,0.3921934218062614,0.10890406667084405,0.24242424242424243,0.0,0.0,1.0,0.0,0.8,9.79092545229958e-05,0.0,0.0,0.0,0.0,0.0,0.0036354330375410375,0.0,0.0,0.0002637501848297852,0.0011121171312385358,0.03316620410388126,0,1
4492,0.20000000000004547,0.0,1.0,0.10231660231660232,0.0,0.6000000000000001,0.32352941176470584,0.0,0.0,0.0,0.0,0.0,0.0,0.0,0.0,0.0,0.009770786935533304,0.0,0.0008043294090493882,9.89901386388269e-06,0.0005809338031896049,0.0019144799687207978,0.0,0.6541018396272777,0.4939954618029562,0.39301886792452834,0.14583333333333334,0.3968120498665595,0.08302525220878502,0.24242424242424243,0.44999999999999574,0.0,0.0,0.0,0.0,0.0,0.05583504993367338,0.0,0.0,0.0,0.0,0.0036375965351658573,0.0391012656047655,0.0,0.00034077751814913374,0.0010937263624365475,0.03312156029362849,0,4
10836,0.4000000000000341,0.0,0.0,0.20463320463320464,0.0,0.8,0.5588235294117647,0.0,0.0,0.0,0.0,0.0,0.0,0.0,0.0,0.0,0.009770786935533304,0.0,0.0008043294090493882,9.89901386388269e-06,0.030414975439550348,0.016457896274209908,0.0,0.6531157347811979,0.49409764618140806,0.580754716981132,0.2450980392156863,0.3988898231760076,0.13409361488815089,0.020202020202020204,0.29999999999999716,0.0,1.0,0.0,0.85,0.0006180258622591127,0.0,0.0,0.0,0.0003137508076391232,0.0,0.003637708440215417,0.0,0.0,0.02484675116564279,0.0016410286429633016,0.03312156029362849,1,2
10982,0.8000000000000114,0.0,0.0,0.3088803088803089,0.0,0.6000000000000001,0.0,0.0,0.0,0.0,0.0,0.0,1.0,0.0,0.0,0.0,0.010079752358118766,0.0,0.0008043294090493882,9.89901386388269e-06,0.006970844136219758,0.0039193737843887366,0.0,0.6539440495991435,0.49427037944382535,0.580754716981132,0.2450980392156863,0.4021557659732632,0.13371765148192244,0.020202020202020204,0.3999999999999986,0.0,1.0,0.0,0.45,0.0010136683206623265,0.0,0.0,0.0,0.0004056253582148816,0.0,0.003776578287576662,0.0,0.0,0.0027406739623054683,0.0023506504007039042,0.03312156029362849,1,2
3100,0.6000000000000227,1.0,0.0,0.10231660231660232,0.0,0.6000000000000001,0.1764705882352941,0.0,0.0,0.0,0.0,0.0,0.0,0.0,0.0,0.0,0.009770786935533304,0.0,0.0008043294090493882,9.89901386388269e-06,0.00040199028571676456,0.0004530664462829147,0.0,0.6541266193092798,0.4940112838201255,0.3173584905660377,0.13088235294117648,0.39393607038837913,0.059903502725734706,0.24242424242424243,0.0,0.0,0.0,0.0,0.05,0.0,0.009308224605966893,0.0,0.0,0.0,0.0,0.0036489507748785448,0.031551105174958974,0.0,0.00029969286278185584,0.0011014879390148736,0.03312156029362849,0,3
5528,0.6000000000000227,0.0,0.0,0.03474903474903475,0.0,0.6000000000000001,0.5588235294117647,0.0,0.0,0.0,0.0,0.0,0.0,0.0,0.0,0.0,0.009770786935533304,0.0,0.0008043294090493882,9.89901386388269e-06,0.0,0.0002547875503124388,0.0,0.6541001035155304,0.4939936412617265,0.580377358490566,0.21948529411764708,0.4028930403733899,0.11510746287361365,0.25252525252525254,0.10000000000000142,0.0,0.0,0.0,0.5,0.0,0.0029722399600168965,0.0,0.0,0.0,0.0,0.0036354330375410375,0.0018006694313386458,0.0,0.00012379118762282547,0.0010826841189584327,0.03312156029362849,0,2
432,0.6000000000000227,1.0,1.0,0.02316602316602317,0.0,0.6000000000000001,0.2647058823529412,0.0,0.0,0.0,0.0,0.0,0.0,0.0,0.0,0.0,0.01057493980403947,0.0,0.017275967077964687,9.89901386388269e-06,0.04774574548230881,0.005837427094487041,0.0007481229668922692,0.6540203735774932,0.4941906374089124,0.4613207547169811,0.21225490196078434,0.39338159129406897,0.08590763832320322,0.030303030303030304,0.7999999999999972,0.0,1.0,0.0,0.9,0.0,0.0,0.0,0.0,0.0,0.0,0.00394063462407476,0.0,0.0,0.0002293935894634999,0.0011633387087193082,0.03312156029362849,0,4
6937,0.0,1.0,1.0,0.03861003861003861,0.0,0.4,0.23529411764705882,0.0,0.0,0.0,0.0,0.0,0.0,0.0,0.0,0.0,0.010159063014573973,0.0,0.0010701103989950757,9.89901386388269e-06,0.0,0.0011125556828385293,0.0029859890980961042,0.6545218100287326,0.4944409109770625,0.3920754716981132,0.20747549019607844,0.3966353477376035,0.10470580863462624,0.020202020202020204,0.3999999999999986,0.0,1.0,0.0,0.05,0.0,0.0,0.0003782477310932841,0.0016490205644115695,0.0,1.2648580160738157e-06,0.0037593794630825877,0.0,0.001988424024640657,0.0019239437585347873,0.001256567593821087,0.03312156029362849,0,4
6487,0.0,0.0,0.0,0.0,0.0,0.0,0.7941176470588235,0.3333333333333333,0.0,0.0,0.0,0.0,0.0,0.0,0.0,0.0,0.009770786935533304,0.0,0.0008043294090493882,6.0973066989805034e-05,0.0007522857774969309,0.0,0.00014619269698101206,0.6540714864964562,0.49403111180435044,0.580754716981132,0.24411764705882358,0.3912794452771787,0.02330973118616455,0.25252525252525254,0.7999999999999972,1.0,1.0,0.0,0.10000000000000002,0.0,0.0,0.0,0.0,0.0,0.0,0.0036354330375410375,0.0,0.0,0.00025420810733788317,0.0011617942152550714,0.03312232915924951,0,2
11773,0.8000000000000114,0.0,0.0,0.0501930501930502,0.0,0.6000000000000001,0.0,0.0,0.0,0.0,0.0,0.0,0.0,0.0,0.0,0.0,0.009770786935533304,0.0,0.0009202606347289188,9.89901386388269e-06,0.017100493233404526,0.0026565715617703997,0.0008826802736791662,0.6541000041198197,0.4939744304759142,0.580754716981132,0.2450980392156863,0.3979392875857615,0.0828372705056708,0.020202020202020204,0.6000000000000014,0.0,1.0,0.0,0.4,0.0,0.0,2.0968957374041338e-05,9.141691828294416e-05,0.0,0.0,0.0036624382782202065,0.0,0.0,0.0007689430703796008,0.0013635411770262953,0.03312156029362849,1,2
6974,0.6000000000000227,0.0,0.0,0.10231660231660232,0.0,0.8,0.5588235294117647,0.0,0.0,0.0,0.0,0.0,0.0,0.0,0.0,0.0,0.010347000676397999,0.0,0.0008043294090493882,9.89901386388269e-06,0.00038789170555223774,8.916733251312684e-05,0.0,0.6542366500297309,0.4941538880956285,0.3667924528301887,0.19632352941176473,0.3959650982829428,0.10928003007707252,0.020202020202020204,0.25,0.0,1.0,0.0,0.75,0.00014228138651317058,0.0,0.0,0.0,0.0002628519935893163,0.0,0.0036354330375410375,0.0,0.0,5.085697065389069e-05,0.001131161802854485,0.03312156029362849,0,2
10516,0.4000000000000341,1.0,0.0,0.02316602316602317,0.14814814814814814,0.2,0.5,0.0,0.0,0.0,0.0,1.0,0.0,0.0,0.0,0.0,0.009770786935533304,0.0,0.0008043294090493882,9.89901386388269e-06,0.0009167692127497437,0.00021082714127288236,0.0,0.6535837278889695,0.49338892112592536,0.580754716981132,0.2450980392156863,0.40287476084280827,0.1342189360235604,0.020202020202020204,0.19999999999999574,0.0,1.0,0.0,0.75,0.0,0.0,0.00038379240732199703,0.00032874930228674146,0.0,0.00011047631300393297,0.0036354330375410375,0.0,0.005903490759753594,0.00011593752062546911,0.0010838119922626224,0.03312156029362849,1,0
765,0.6000000000000227,1.0,0.0,0.03861003861003861,0.537037037037037,0.2,0.5,0.0,0.0,0.0,0.0,1.0,0.0,0.0,0.0,0.0,0.009770786935533304,0.0,0.0008043294090493882,9.89901386388269e-06,0.0007924125056575071,0.0010945227740264617,1.718123038009514e-05,0.6541046184000304,0.49399741704094646,0.44075471698113206,0.15943627450980394,0.398353623612279,0.08916598784384988,0.020202020202020204,0.10000000000000142,0.0,1.0,0.0,0.5,1.310254203504243e-06,0.0,9.516680654372607e-05,0.0,0.0,5.7822080734803e-06,0.0036354330375410375,0.0,0.00012833675564681725,0.0001944997725762228,0.0010984736512632222,0.03312156029362849,0,0
11884,0.20000000000004547,0.0,0.0,0.02316602316602317,0.0,0.6000000000000001,0.5588235294117647,0.0,0.0,0.0,0.0,0.0,0.0,0.0,0.0,0.0,0.009770786935533304,0.0,0.0008043294090493882,9.89901386388269e-06,0.0,0.0,0.0,0.6540701506181041,0.493956829064076,0.3922641509433962,0.2386029411764706,0.3967876771591173,0.12507049313866783,0.020202020202020204,0.6499999999999986,0.0,1.0,0.0,0.55,0.0,0.0,0.0,0.0,0.0,0.0,0.0036354330375410375,0.0,0.0002612422997946612,0.0,0.0010826316758734441,0.03312156029362849,1,2
9277,0.6000000000000227,0.0,0.0,0.05791505791505792,0.0,0.8,0.5588235294117647,0.0,0.0,0.0,0.0,0.0,0.0,0.0,0.0,0.0,0.009770786935533304,0.0,0.0008043294090493882,9.89901386388269e-06,0.025596514541781683,0.00588404673431916,0.0,0.6539838174916847,0.49463565143872895,0.580754716981132,0.24497549019607845,0.40080308071022075,0.13384297261733194,0.020202020202020204,0.29999999999999716,0.0,1.0,0.0,0.45,0.00010963365353569958,0.0,0.0,0.0,0.00011813783777612001,0.0,0.004196921531822723,0.0,0.0,0.0016379116715724373,0.001773932605448088,0.03312156029362849,1,2
4419,0.4000000000000341,0.0,0.0,0.06756756756756757,0.0,0.6000000000000001,0.5294117647058824,0.0,0.0,0.0,0.0,1.0,0.0,0.0,0.0,0.0,0.009770786935533304,0.0,0.0008043294090493882,9.89901386388269e-06,0.0,0.0,0.0,0.6541032361370134,0.493997290107688,0.20339622641509433,0.2450980392156863,0.39068840712170516,0.06955323015226518,0.020202020202020204,0.7999999999999972,0.0,1.0,0.0,0.10000000000000002,0.0,0.0,0.0,0.0,0.0,0.0,0.0036354330375410375,0.0,0.0,3.5814768066120206e-06,0.0010825576210823542,0.03312156029362849,0,1
11553,0.8000000000000114,0.0,1.0,0.03861003861003861,0.0,0.8,0.23529411764705882,0.0,0.0,0.0,0.0,0.0,0.0,0.0,0.0,0.0,0.010944373958624368,0.0,0.002853539360514689,9.89901386388269e-06,0.0007233656130568758,0.0019596868921943683,0.0,0.6540950837008199,0.49402325708115563,0.580754716981132,0.24485294117647063,0.3976407219195945,0.0819600225578044,0.020202020202020204,0.6000000000000014,0.0,1.0,0.0,0.4,0.0,0.0,0.0005905584245054527,0.002026115352328714,7.105799993423222e-05,0.0,0.0036421473405146157,0.0,0.0,0.0006653616447369431,0.0013588614495652538,0.03312156029362849,1,4
10906,0.0,0.0,1.0,0.04247104247104247,0.0,0.8,0.23529411764705882,0.0,0.0,0.0,0.0,0.0,0.0,0.0,0.0,0.0,0.009770786935533304,0.0,0.0008043294090493882,9.89901386388269e-06,0.0,0.0020503500420283116,0.0,0.6540646450896872,0.493952366214925,0.580754716981132,0.2450980392156863,0.40287476084280827,0.1342189360235604,0.020202020202020204,0.5,0.0,1.0,0.0,0.75,5.5702775853638926e-05,0.0,0.0,0.0,0.0,0.0,0.0036354330375410375,0.0,0.0,0.0012306977586606506,0.001083294897496458,0.03312156029362849,1,4
4420,0.0,0.0,0.0,0.06756756756756757,0.0,0.6000000000000001,0.5588235294117647,0.0,0.0,0.0,0.0,0.0,0.0,0.0,0.0,0.0,0.009770786935533304,0.0,0.0008043294090493882,9.89901386388269e-06,0.0,0.0,0.0,0.6540970626694204,0.4939903468196334,0.580754716981132,0.2450980392156863,0.40287476084280827,0.1342189360235604,0.020202020202020204,0.5,0.0,1.0,0.0,0.75,1.452820723056518e-06,0.0,0.0,0.0,3.818976207919089e-06,0.0,0.0036354330375410375,0.0,0.0,9.892550579406202e-05,0.0010834792413840506,0.03312156029362849,0,2
11616,0.0,0.0,1.0,0.15830115830115832,0.0,0.6000000000000001,0.23529411764705882,0.0,0.0,0.0,0.0,0.0,0.0,0.0,0.0,0.0,0.009770786935533304,0.0,0.0008043294090493882,9.89901386388269e-06,0.0,0.0021066924944457394,0.0,0.6539811596503798,0.4938481543979139,0.20339622641509433,0.2450980392156863,0.39068840712170516,0.12883012720095247,0.020202020202020204,0.6000000000000014,0.0,1.0,0.0,0.55,0.0001386493347055293,0.0,2.6211196717551672e-05,0.00011427114785368019,0.0,0.0,0.0036448680074914535,0.0,0.0,0.002537271661667096,0.0010825576210823542,0.03312156029362849,1,4
2189,0.0,0.0,0.0,0.24324324324324326,0.0,0.0,0.7941176470588235,0.3333333333333333,0.0,0.0,0.0,0.0,0.0,0.0,0.0,0.0,0.009770786935533304,0.0,0.0008043294090493882,9.89901386388269e-06,0.005412770277011795,0.0012442707080326635,0.0,0.6540389300940471,0.49430393601689293,0.580754716981132,0.24497549019607845,0.39160847682764843,0.07224763456356915,0.020202020202020204,0.5,0.0,1.0,0.0,0.6,4.97692930875109e-05,0.0,0.0,0.0,9.087285189827143e-05,0.0,0.003667154388922876,0.0,0.0,0.0009956505522381416,0.00115199380221951,0.03312156029362849,0,2
7473,0.6000000000000227,0.0,0.0,0.05791505791505792,0.0,0.6000000000000001,0.5294117647058824,0.0,0.0,0.0,0.0,1.0,0.0,0.0,0.0,0.0,0.0142285274110496,0.0,0.002095573084898882,8.573072334057912e-05,0.03304960242003936,0.007629250042900872,0.0006584978398082539,0.6541127976730658,0.4940126172016019,0.5775471698113207,0.24497549019607845,0.40213748644268155,0.12770223698226707,0.030303030303030304,0.14999999999999858,0.0,1.0,0.0,0.4,0.0,0.0,0.00025263561143917113,0.0,0.0,0.0001766103178443639,0.0039487997661996465,0.0,0.0,0.0012128671205591606,0.0018749178129060671,0.03313826203908639,0,1
8746,0.6000000000000227,1.0,0.0,0.15830115830115832,0.4444444444444444,0.4,0.5,0.0,0.0,0.0,0.0,1.0,0.0,0.0,0.0,0.0,0.009770786935533304,0.0,0.0008043294090493882,9.89901386388269e-06,0.0,0.0,0.0,0.6540703335062118,0.4939520063766052,0.580566037735849,0.24497549019607845,0.4028686676659477,0.13052196252898052,0.020202020202020204,1.0,0.0,1.0,0.0,0.35000000000000003,4.059751366298121e-05,0.0,0.0,0.0,5.432650171183261e-05,0.0,0.0036833708048766055,0.0,0.0,0.0005112302321666759,0.001112653656712938,0.03312156029362849,0,0
2941,0.4000000000000341,1.0,0.0,0.06756756756756757,0.2962962962962963,0.6000000000000001,0.5,0.0,0.0,0.0,0.0,1.0,0.0,0.0,0.0,0.0,0.009770786935533304,0.0,0.0008043294090493882,9.89901386388269e-06,0.0,0.0002989141612765305,0.0,0.6541187839454037,0.4940147249924073,0.4167924528301887,0.24497549019607845,0.397579790150989,0.13027132025816157,0.24242424242424243,0.10000000000000142,0.0,0.0,1.0,0.35000000000000003,0.0,0.0,0.0,0.0,0.0,0.0,0.003649366197834454,0.009507154598600322,0.0,0.00015078017355836605,0.0010898957370982431,0.03312156029362849,0,0
1216,0.8000000000000114,1.0,0.0,0.06756756756756757,0.2962962962962963,0.6000000000000001,0.5,0.0,0.0,0.0,0.0,1.0,0.0,0.0,0.0,0.0,0.009770786935533304,0.0,0.0008043294090493882,9.89901386388269e-06,0.0,0.0,0.0,0.6541022517881582,0.4939964264180854,0.20339622641509433,0.24497549019607845,0.39068840712170516,0.13415627545585562,0.25252525252525254,0.14999999999999858,0.0,0.0,0.0,0.75,0.0,0.0,0.0,0.0,0.0,0.0,0.0036354330375410375,0.00024970250800025056,0.0,1.877717125752302e-05,0.0010825576210823542,0.03312156029362849,0,0
5173,0.4000000000000341,0.0,0.0,0.08687258687258688,0.0,0.6000000000000001,0.38235294117647056,0.4444444444444444,0.0,0.0,0.0,1.0,0.0,0.0,0.0,0.0,0.009770786935533304,0.003917893065852069,0.0017554832046703102,0.0015129296506032732,0.0,0.008642915580640965,0.0012615372777567072,0.6524174295528775,0.4966447483362254,0.580754716981132,0.24264705882352944,0.3982683191362313,0.12193746475343067,0.030303030303030304,0.0,0.0,1.0,0.0,0.25000000000000006,0.024348901929923655,0.0,0.03592546947025659,0.13053281120208854,0.0,0.04119165526186355,0.0067508519480629706,0.0,0.0,0.02617207665792957,0.0032637638689383373,0.033335657126330714,0,1
11862,0.6000000000000227,0.0,1.0,0.05791505791505792,0.0,0.6000000000000001,0.23529411764705882,0.0,0.0,0.0,0.0,0.0,0.0,0.0,0.0,0.0,0.009770786935533304,0.0,0.0008043294090493882,9.89901386388269e-06,0.003993151705060595,0.007954507209216229,0.0,0.6540096395033732,0.4942074554833941,0.580754716981132,0.2450980392156863,0.40120523038301714,0.13415627545585562,0.020202020202020204,0.6499999999999986,0.0,1.0,0.0,0.4,0.0,0.0,0.0,0.0,0.0,0.00015760130880279743,0.0036432467585453773,0.0,0.0,0.003599870248211692,0.0014328615174360236,0.03312156029362849,1,4
9174,0.20000000000004547,0.0,1.0,0.02316602316602317,0.0,0.2,0.23529411764705882,0.0,0.0,0.0,0.0,0.0,0.0,0.0,0.0,0.0,0.009770786935533304,0.0002854808989141185,0.0008043294090493882,9.89901386388269e-06,0.0015815714928155082,0.00042921647011211564,0.0,0.6533550157080442,0.4931182179021418,0.580754716981132,0.24497549019607845,0.40287476084280827,0.13378031204962718,0.020202020202020204,0.8999999999999986,0.0,1.0,0.0,0.35000000000000003,0.0,0.0,0.0002006164671843378,0.0007366093992414154,0.0,0.0003390180871082418,0.0036465253801728262,0.0,0.0,0.004643742827453145,0.0010838888228691748,0.03312156029362849,1,4
6427,0.8000000000000114,0.0,0.0,0.06756756756756757,0.0,0.4,0.5294117647058824,0.0,0.0,0.0,0.0,1.0,0.0,0.0,0.0,0.0,0.00989566735816429,0.0,0.0008043294090493882,9.89901386388269e-06,0.002316505171648406,0.0005325109662107332,0.0,0.6540852024418979,0.494135135744612,0.20339622641509433,0.2450980392156863,0.39068840712170516,0.1297700357165236,0.05050505050505051,0.29999999999999716,0.0,1.0,0.0,0.8,4.5465141973408886e-05,0.0,0.0,0.0,6.737988760283474e-05,0.0,0.0037149405936299177,0.0,0.0,0.0002820668804978867,0.001102921251156209,0.03312156029362849,0,1
8064,0.20000000000004547,0.0,0.0,0.03648648648648648,0.0,0.0,0.7941176470588235,0.3333333333333333,0.0,0.0,0.0,0.0,0.0,0.0,0.0,0.0,0.009770786935533304,0.0,0.0008043294090493882,9.89901386388269e-06,0.0007027599958933366,0.00016154827064819997,0.0,0.6541254099947994,0.4940212835989356,0.42113207547169806,0.2450980392156863,0.39794538076262204,0.13334168807569396,0.020202020202020204,0.5,0.0,1.0,0.0,0.35000000000000003,1.2627320303201513e-06,0.0,0.0,0.0,1.731060527032177e-05,0.0,0.0036480205886946617,0.0,0.0,9.490913537521853e-06,0.0010916878233881119,0.03314718088029022,0,2
9463,0.6000000000000227,0.0,0.0,0.02316602316602317,0.0,0.4,0.5294117647058824,0.0,0.0,0.0,0.0,1.0,0.0,0.0,0.0,0.0,0.009770786935533304,0.0,0.0008043294090493882,9.89901386388269e-06,0.0,0.0023024783615481874,0.0,0.6540926707042826,0.4939852011704774,0.20339622641509433,0.2224264705882353,0.39068840712170516,0.12262673099818286,0.04040404040404041,0.5,0.0,0.0,0.0,0.35000000000000003,0.0,0.0,0.0003028401343827893,0.00011515015668332389,0.0,9.912872965972789e-05,0.0036354330375410375,0.0,0.000467582135523614,0.0003940903586132727,0.0010825576210823542,0.03312156029362849,1,1
9168,0.4000000000000341,0.0,0.0,0.02316602316602317,0.0,0.6000000000000001,0.0,0.0,0.0,0.0,0.0,0.0,0.0,0.0,0.0,0.0,0.009770786935533304,0.0,0.0008043294090493882,9.89901386388269e-06,0.0,0.0,0.0,0.6540838162030523,0.4939748275790439,0.20339622641509433,0.2450980392156863,0.39068840712170516,0.1342189360235604,0.25252525252525254,0.8999999999999986,0.0,0.0,1.0,0.0,0.0,0.0,0.0,0.0,0.0,0.0,0.0036354330375410375,0.00027186910861765604,0.0003044917864476386,0.0,0.0010825576706504875,0.03312156029362849,1,2
7002,0.4000000000000341,0.0,0.0,0.06756756756756757,0.0,0.6000000000000001,0.029411764705882346,0.0,0.0,0.0,0.0,0.0,0.0,0.0,0.0,0.0,0.009935593576679598,0.0,0.0008043294090493882,9.89901386388269e-06,0.0008036190693780285,0.0001847334391208583,0.0,0.6540832894057855,0.4940178703752612,0.580754716981132,0.2450980392156863,0.39223607404428523,0.0985650729995614,0.24242424242424243,0.10000000000000142,0.0,0.0,1.0,0.6,0.0,0.0,0.0,0.0,0.0,0.0,0.0036354330375410375,0.011150572465977164,0.0,5.832690799339576e-05,0.001091055135735186,0.033126679450537475,0,2
314,0.20000000000004547,0.0,0.0,0.015444015444015444,0.0,0.6000000000000001,0.5588235294117647,0.0,0.0,0.0,0.0,0.0,0.0,0.0,0.0,0.0,0.010261610037929908,0.0,0.0008043294090493882,9.89901386388269e-06,0.00011206563720521315,0.0007297095496717304,0.0,0.654103140054493,0.4939836558453952,0.28867924528301886,0.05784313725490196,0.39344252306267447,0.034024688263675676,0.020202020202020204,0.14999999999999858,0.0,1.0,0.0,0.45,0.0,0.0,0.000250417740947686,0.0002847988608045568,0.0,6.638697644364569e-05,0.0036354330375410375,0.0,0.0,0.000236275141327633,0.001092789623854207,0.03312156029362849,0,2
2570,0.6000000000000227,0.0,1.0,0.03861003861003861,0.0,0.6000000000000001,0.23529411764705882,0.0,0.0,0.0,0.0,0.0,0.0,0.0,0.0,0.0,0.01589575178563729,0.0,0.0029436457126772297,9.89901386388269e-06,0.0,0.002589010479446847,0.0001141573142596448,0.6540255653467834,0.4937079451627921,0.5745283018867925,0.2450980392156863,0.40251526340803573,0.12926875117488565,0.030303030303030304,1.0,0.0,1.0,0.0,0.4,0.0,0.0,0.0002302552819341847,0.0010038280834530984,6.917981491394415e-06,0.0,0.004117962114152037,0.0,0.0,0.003647171324036161,0.0021637314981566326,0.03312156029362849,0,4
11489,0.8000000000000114,0.0,0.0,0.02316602316602317,0.0,0.8,0.0,0.0,0.0,0.0,0.0,0.0,0.0,0.0,0.0,0.0,0.009770786935533304,0.0,0.0008043294090493882,9.89901386388269e-06,0.0,0.0,0.0,0.6540398001378349,0.49392325774035456,0.20339622641509433,0.2450980392156863,0.39068840712170516,0.1342189360235604,0.020202020202020204,0.6000000000000014,0.0,1.0,0.0,0.35000000000000003,2.403264186738352e-06,0.0,0.0,0.0,2.7233682794177108e-06,0.0,0.0036354330375410375,0.0,0.0,0.0009831921293465698,0.0010825576210823542,0.03312156029362849,1,2
5071,0.0,0.0,0.0,0.07335907335907337,0.0,0.6000000000000001,0.5588235294117647,0.0,0.0,0.0,0.0,0.0,0.0,0.0,0.0003824914207427869,0.0,0.009770786935533304,0.0,0.0008043294090493882,9.89901386388269e-06,0.0,6.855829387076388e-05,0.0,0.654104855955779,0.49399916460525695,0.3920754716981132,0.1894607843137255,0.3967815839822567,0.10539507487937842,0.020202020202020204,0.5,0.0,1.0,0.0,0.2,0.0,0.0,1.3105598358775836e-06,0.0,0.0,5.059432064295262e-07,0.0036656124551347332,0.0,0.0,0.0003003579941887981,0.0010941143817837038,0.03312156029362849,0,2
12457,0.6000000000000227,0.0,1.0,0.02316602316602317,0.0,0.6000000000000001,0.23529411764705882,0.0,0.0,0.0,0.0,0.0,0.0,0.0,0.0,0.0,0.009770786935533304,0.0,0.0008043294090493882,9.89901386388269e-06,0.0004352484748228278,0.005618206756025131,0.0,0.6538468558347323,0.49369711585378845,0.20339622641509433,0.2450980392156863,0.39068840712170516,0.13415627545585562,0.020202020202020204,1.0,0.0,1.0,0.0,0.05,0.0,0.0,9.87960491661563e-06,0.0,0.0,4.661905259243491e-06,0.0036354330375410375,0.0,0.005621149897330596,5.899203940033799e-05,0.0010825576210823542,0.03312156029362849,1,4
11611,0.20000000000004547,0.0,0.0,0.10231660231660232,0.0,0.6000000000000001,0.5588235294117647,0.0,0.0,0.0,0.0,0.0,0.0,0.0,0.0,0.0,0.009770786935533304,0.0,0.0008043294090493882,9.89901386388269e-06,0.0,0.0,0.0,0.654049162882466,0.49392455773877214,0.580377358490566,0.24460784313725495,0.4026371269452468,0.13108590763832323,0.020202020202020204,0.6000000000000014,0.0,1.0,0.0,0.45,0.0,0.0,0.0,0.0,0.0,0.0,0.0036354330375410375,0.0,0.0,0.0004143257025706306,0.0013684169960225122,0.03312156029362849,1,2
1018,0.6000000000000227,1.0,0.0,0.10231660231660232,0.0,0.6000000000000001,0.1764705882352941,0.0,0.0,0.0,0.0,0.0,0.0,0.0,0.0,0.0,0.009770786935533304,0.0,0.0008043294090493882,9.89901386388269e-06,0.00045585409198636704,0.0028715537511566614,0.0,0.6541184761500194,0.4940154349646694,0.46849056603773587,0.2450980392156863,0.39966974981415815,0.1342189360235604,0.24242424242424243,0.14999999999999858,0.0,0.0,0.0,0.25000000000000006,0.0,0.005630140733543607,0.0,0.0,0.0,0.0,0.0036354330375410375,0.012210166869706034,0.0007700205338809035,0.00017224345242084808,0.0010922240514537147,0.03312156029362849,0,3
4953,0.0,1.0,0.0,0.0250965250965251,0.35185185185185186,0.6000000000000001,0.5,0.0,0.0,0.0,0.0,1.0,0.0,0.0,0.0,0.0,0.01001004325741658,0.0,0.0018432971314663064,9.89901386388269e-06,0.02309672782799443,0.005350206152712146,0.0,0.6539795921800218,0.4939702770023197,0.5681132075471698,0.15122549019607845,0.3935156411850011,0.061845980324581745,0.020202020202020204,0.6000000000000014,1.0,1.0,0.0,0.05,0.0,0.0,0.0,0.0,0.0,7.227760091850375e-08,0.0037355880568969123,0.0,0.0,0.0008032229198143158,0.001120500540048604,0.03312156029362849,0,0
8414,0.4000000000000341,0.0,0.0,0.10231660231660232,0.0,0.0,0.4411764705882353,0.0,0.0,0.0,0.0,0.0,0.0,0.0,0.0,0.0,0.009816928581205347,0.0,0.0008043294090493882,9.89901386388269e-06,0.0013610552389600888,0.00031287512293748604,0.0,0.6540962181371982,0.4939893573612976,0.31433962264150944,0.24473039215686276,0.39427119511570946,0.13403095432044615,0.04040404040404041,0.14999999999999858,0.0,1.0,0.0,0.9,4.320444430622281e-05,0.0,0.0002446714401288381,0.0006333258617582814,0.0,3.892148809461427e-05,0.0036645723271477733,0.0,0.0,0.0004419542379359233,0.0010872030969633136,0.03312156029362849,0,2
2216,0.4000000000000341,0.0,0.0,0.06756756756756757,0.0,0.0,0.4411764705882353,0.0,0.0,0.0,0.0,0.0,0.0,0.0,0.0,0.0,0.009770786935533304,0.0,0.0008043294090493882,9.89901386388269e-06,0.0,0.0,0.0,0.6540991672079354,0.49399281250788313,0.20339622641509433,0.2450980392156863,0.39068840712170516,0.1342189360235604,0.020202020202020204,0.29999999999999716,0.0,1.0,0.0,0.8,0.0,0.0,0.0,0.0,0.0,7.227760091850375e-08,0.0036354330375410375,0.0,0.0,6.641081278546289e-05,0.0010825576210823542,0.03312156029362849,0,2
12403,0.4000000000000341,0.0,0.0,0.10231660231660232,0.0,0.6000000000000001,0.029411764705882346,0.0,0.0,0.0,0.0,0.0,0.0,0.0,0.0,0.0,0.009770786935533304,0.0,0.0008043294090493882,9.89901386388269e-06,0.0077813317446523,0.0255879496956635,0.0,0.6536800814283059,0.4939710490825982,0.580754716981132,0.2450980392156863,0.3930830256279019,0.09793846732251396,0.020202020202020204,0.9499999999999957,1.0,1.0,0.0,0.5,0.00036196960426134313,0.0,0.0,0.0,0.0003472607587094296,0.0,0.0036496457641337046,0.0,0.0,0.013863794390486371,0.0012056207229348393,0.03312156029362849,1,2
3683,0.20000000000004547,0.0,0.0,0.017374517374517374,0.0,0.6000000000000001,0.5588235294117647,0.3333333333333333,0.0,0.0,0.0,0.0,0.0,0.0,0.0,0.0,0.009770786935533304,0.0,0.0008043294090493882,9.89901386388269e-06,0.005986835541146887,0.0015812451100277515,0.0,0.654208202646003,0.49412787919924983,0.28735849056603774,0.0672794117647059,0.39338159129406897,0.043298452283977704,0.020202020202020204,0.5,0.0,1.0,0.0,0.45,0.0,0.0,0.0,0.0,0.0,0.0004686479643555783,0.0037257584744033127,0.0,0.0,0.0005976205691375958,0.001276623901468732,0.03312156029362849,0,2
4205,0.0,0.0,0.0,0.03581081081081081,0.0,0.0,0.7941176470588235,0.3333333333333333,0.0,0.0,0.0,0.0,0.0,0.0,0.0,0.0,0.009770786935533304,0.0,0.0008043294090493882,9.89901386388269e-06,0.0033511240544913737,0.0008246108485813211,0.0,0.6541196152248643,0.49401474284846203,0.3366037735849057,0.24301470588235294,0.39521563752909494,0.13302838523717025,0.24242424242424243,0.29999999999999716,0.0,1.0,0.0,0.35000000000000003,0.00018251908943632937,0.0,0.0,0.0,0.0,0.0,0.0036354330375410375,0.0,0.0,0.00010688150070017871,0.0010880396087802032,0.03314718088029022,0,2
9055,0.0,0.0,0.0,0.03861003861003861,0.0,0.6000000000000001,0.5588235294117647,0.0,0.0,0.0,0.0,0.0,0.0,0.0,0.0,0.0,0.009770786935533304,0.0,0.0008043294090493882,9.89901386388269e-06,0.0,0.0,8.76895201171438e-05,0.6540487888232747,0.49464404650166616,0.580754716981132,0.24497549019607845,0.39685470210458335,0.13415627545585562,0.25252525252525254,0.9499999999999957,0.0,1.0,0.0,0.4,3.895460424718832e-05,0.0,0.0,0.0,0.0,0.0,0.0036354330375410375,0.0,0.0,0.0005993089796321415,0.0012847589243630362,0.03312156029362849,1,2
8590,0.6000000000000227,0.0,0.0,0.0694980694980695,0.0,0.4,0.029411764705882346,0.0,0.0,0.0,0.0,0.0,0.0,0.0,0.0,0.0,0.009770786935533304,0.0008795762303291581,0.0008043294090493882,0.0006281825127138561,0.0,0.0013570387138297868,0.00025054148604898227,0.6536549787102439,0.4945146009739557,0.580754716981132,0.24056372549019608,0.3936009456610488,0.08051882950059529,0.020202020202020204,0.0,1.0,1.0,0.0,0.25000000000000006,0.0001266126471261872,0.0,0.0,0.0,0.00018836630599305834,0.0,0.003897149499763775,0.0,0.0,0.007279786503051163,0.0014050472021156471,0.033141401987074166,0,2
3085,0.20000000000004547,0.0,0.0,0.10231660231660232,0.0,0.6000000000000001,0.5588235294117647,0.0,0.0,0.0,0.0,0.0,0.0,0.0,0.0,0.0,0.009770786935533304,0.0,0.0008043294090493882,9.89901386388269e-06,0.0006261215601271908,0.00011958228470306572,0.0,0.6541136226574649,0.4940089536049865,0.3920754716981132,0.2024509803921569,0.3967815839822567,0.11053324143116737,0.020202020202020204,0.0,0.0,1.0,0.0,0.55,1.140532156418201e-06,0.0,0.0,0.0,0.0,0.0,0.003647436719190468,0.0,0.0,5.4822177118354e-05,0.0010902182273732305,0.03312156029362849,0,2
4118,0.6000000000000227,1.0,1.0,0.03474903474903475,0.0,0.6000000000000001,0.32352941176470584,0.0,0.0,0.0,0.0,0.0,0.0,0.0,0.0,0.0,0.01226380530272253,0.0,0.0020354709939964188,9.89901386388269e-06,0.0,4.8863365813344436e-05,0.0011033612162954008,0.6538538728405904,0.4936241358291573,0.5788679245283018,0.2450980392156863,0.4027468041287367,0.13240177956012283,0.020202020202020204,0.29999999999999716,0.0,1.0,0.0,0.4,0.0,0.0,0.0008826116433160189,0.00384786115176527,0.0,0.0002151342791339264,0.0038574126056390933,0.0,0.0,0.005729186119628488,0.00235904213696036,0.03312156029362849,0,4
3643,0.6000000000000227,0.0,0.0,0.03474903474903475,0.0,0.6000000000000001,0.5294117647058824,0.0,0.0,0.0,0.0,1.0,0.0,0.0,0.0,0.0,0.009770786935533304,0.0,0.0012222681833581616,3.6205288947963575e-05,0.0,0.009792866696499912,0.0,0.6543350448256466,0.4942106854884203,0.47,0.20281862745098042,0.39929197284880397,0.11153581051444328,0.020202020202020204,0.14999999999999858,0.0,1.0,0.0,0.35000000000000003,0.00019127674706596913,0.0,0.0,0.0,0.0,0.0019361000958039599,0.0041914986523859925,0.0,0.0,0.00975443348455693,0.0019824809099201323,0.03325449963971453,0,1
374,0.8000000000000114,1.0,0.0,0.06756756756756757,0.2962962962962963,0.6000000000000001,0.5,0.0,0.0,0.0,0.0,1.0,0.0,0.0,0.0,0.0,0.00980896741663897,0.0,0.0008043294090493882,9.89901386388269e-06,0.0,0.0006250854381768313,0.0,0.6541226696550548,0.4940200841378695,0.34056603773584904,0.2450980392156863,0.39511814669932616,0.13327902750798926,0.24242424242424243,0.29999999999999716,0.0,0.0,0.0,0.35000000000000003,0.0,0.0,0.0,0.0,0.0,0.0,0.0036544533621225054,0.009230187944196085,0.00013254620123203287,0.000236275141327633,0.0010902723062066167,0.03312156029362849,0,0
1127,0.6000000000000227,1.0,0.0,0.06756756756756757,0.2962962962962963,0.4,0.5,0.0,0.0,0.0,0.0,1.0,0.0,0.0,0.0,0.0,0.009770786935533304,0.0,0.0008043294090493882,9.89901386388269e-06,0.0,0.0002537903387652277,0.0,0.6541117510362319,0.4940075557864431,0.3920754716981132,0.19791666666666669,0.3967815839822567,0.11009461745723417,0.24242424242424243,0.29999999999999716,0.0,1.0,1.0,0.55,0.0,0.0,0.0,0.0,0.0,0.0,0.0036354330375410375,0.0,0.0,0.00014284976062943944,0.0010883828185348928,0.03312156029362849,0,0
3088,0.20000000000004547,0.0,1.0,0.05791505791505792,0.0,0.6000000000000001,0.2941176470588235,0.0,0.0,0.0,0.0,0.0,0.0,0.0,0.0,0.0,0.009770786935533304,3.877049284618389e-05,0.0008043294090493882,0.0019755516625282444,0.0,0.0013729940985851645,0.0027287708554310595,0.6539800802129614,0.4950025033062989,0.580754716981132,0.24485294117647063,0.3990543389512424,0.13240177956012283,0.020202020202020204,0.6999999999999957,0.0,1.0,0.0,0.25000000000000006,0.0,0.0,0.0,0.0,0.0,0.002457980513236016,0.004892967406239993,0.0,0.0,0.0020270902905652134,0.0016327673700335852,0.03316481518534007,0,4
10411,0.6000000000000227,1.0,1.0,0.10231660231660232,0.0,0.8,0.23529411764705882,0.0,0.0,0.0,0.0,0.0,0.0,0.0,0.0,0.0,0.009770786935533304,0.0,0.0008043294090493882,9.89901386388269e-06,0.0,0.0,0.0,0.6531167976526645,0.49366384187219536,0.580754716981132,0.2450980392156863,0.3938934181503553,0.13403095432044615,0.020202020202020204,0.14999999999999858,0.0,1.0,0.0,0.45,0.00019023804813780257,0.0,0.0,0.0,0.0002540088724521266,0.0,0.0036958837526638567,0.0,0.0,0.012398688974832962,0.001232839229293435,0.03312156029362849,1,4
4456,0.0,0.0,0.0,0.02316602316602317,0.0,0.6000000000000001,0.5588235294117647,0.0,0.0,0.0,0.0,0.0,0.0,0.0,0.0,0.0,0.011252812650094854,0.0,0.0008043294090493882,1.0000230774556336e-05,0.0013632242512930928,0.00041841334501732864,0.0,0.6540533746100483,0.49405658540726305,0.580754716981132,0.2376225490196079,0.39788444899401654,0.1287674666332477,0.24242424242424243,0.0,0.0,1.0,0.0,0.25000000000000006,0.00019795700683927574,0.0,0.0,0.0,0.0,0.0,0.0036354330375410375,0.0,0.00019884496919917865,0.0002639292586701158,0.0011246186109916808,0.03312156029362849,0,2
5589,0.0,1.0,1.0,0.08687258687258688,0.0,0.6000000000000001,0.32352941176470584,0.4444444444444444,0.0,0.0,0.0,0.0,0.0,0.0,0.0,0.0,0.09593556964803752,0.0,0.0011981275407227144,9.89901386388269e-06,0.0,0.0,0.0,0.6868634719806908,0.5346217523323273,0.320566037735849,0.14497549019607844,0.39435649959175717,0.08221066482862335,0.030303030303030304,0.14999999999999858,0.0,0.0,0.0,0.55,0.021740206177392356,0.0,0.00758773820055094,0.03307973928598113,0.04995327310442651,0.0,0.04074786318956993,0.0,0.0,0.0,0.01265553766002032,0.0356307110842287,0,4
2710,0.6000000000000227,1.0,0.0,0.15830115830115832,0.4444444444444444,0.6000000000000001,0.5,0.0,0.0,0.0,0.0,1.0,0.0,0.0,0.0,0.0,0.009770786935533304,0.0,0.0008043294090493882,9.89901386388269e-06,0.002259749348934798,0.0007919521704101573,0.0,0.6541180252248118,0.49401439581992057,0.3920754716981132,0.135171568627451,0.3967815839822567,0.07782442508929133,0.020202020202020204,0.3999999999999986,0.0,1.0,0.0,0.5,0.0,0.0,5.433782704138597e-05,0.0002368928795889755,0.0,0.0001853197687550436,0.0036663423901772993,0.0,0.0,9.685336564166506e-05,0.0011109568899433275,0.03312156029362849,0,0
10663,0.8000000000000114,0.0,1.0,0.06756756756756757,0.0,0.6000000000000001,0.23529411764705882,0.0,0.0,0.0,0.0,0.0,0.0,0.0,0.0,0.0,0.009770786935533304,0.0,0.0009056951565496504,9.89901386388269e-06,0.0,0.007509418455311003,0.0,0.6539717869661777,0.4938792852647673,0.580754716981132,0.24485294117647063,0.4017658026541879,0.13409361488815089,0.020202020202020204,0.5,0.0,0.0,0.0,0.10000000000000002,0.0,0.0,0.0,0.0,0.0,0.0,0.0036354330375410375,0.0,0.0,0.004338114945963189,0.0011417946631200086,0.03312156029362849,1,4
5657,0.4000000000000341,0.0,0.0,0.03474903474903475,0.0,0.6000000000000001,0.47058823529411764,0.0,0.0,0.0,0.0,0.0,0.0,0.0,0.0,0.0,0.009770786935533304,0.0,0.0008043294090493882,9.89901386388269e-06,0.0028215235431828666,0.004917831846033861,0.0,0.6541119296171922,0.4939992201142966,0.38943396226415095,0.1471813725490196,0.3969217270500494,0.08396516072435618,0.25252525252525254,0.8999999999999986,0.0,1.0,0.0,0.5,0.00016068604529918096,0.0,0.0,0.0,0.0,0.0,0.0036354330375410375,0.0,0.0,0.001553823712548625,0.0011139921450153479,0.03322403271942869,0,2
6419,0.4000000000000341,1.0,0.0,0.03861003861003861,0.0,0.6000000000000001,1.0,0.0,0.0,0.0,0.0,1.0,0.0,0.0,0.0,0.0,0.010050586503809432,0.0,0.0008043294090493882,9.89901386388269e-06,0.024108210579285354,0.005541920072663482,9.710657423686683e-05,0.6538504413693371,0.49409606436786624,0.580754716981132,0.2450980392156863,0.39580058250770794,0.13378031204962718,0.020202020202020204,0.44999999999999574,0.0,1.0,0.0,0.45,6.5879309796918e-05,0.0,0.0005198890056631307,0.0,0.0,9.659901362758025e-05,0.003681697726223365,0.0,0.0023100616016427105,0.0005012276790853522,0.001177139170972655,0.03312156029362849,0,0
10446,0.4000000000000341,1.0,0.0,0.10231660231660232,0.0,0.6000000000000001,0.029411764705882346,0.0,0.0,0.0,0.0,0.0,0.0,0.0,0.0,0.0,0.009770786935533304,0.0,0.0008043294090493882,9.89901386388269e-06,0.00033511240544913736,0.0005938394763642165,0.0,0.6540660531955891,0.49395401595910976,0.3911320754716981,0.2450980392156863,0.39675111809795394,0.1342189360235604,0.020202020202020204,0.14999999999999858,0.0,1.0,0.0,0.55,5.648349727023472e-05,0.0,1.0081229506750643e-06,0.0,5.371609158023899e-05,0.0,0.0036354330375410375,0.0,0.0,0.0007383470256602581,0.0010825888490063077,0.03312156029362849,1,3
976,0.6000000000000227,0.0,1.0,0.015444015444015444,0.0,0.6000000000000001,0.23529411764705882,0.0,0.0,0.0,0.0,0.0,0.0,0.0,0.0,0.0,0.009770786935533304,0.0,0.0008043294090493882,9.89901386388269e-06,0.007155210184525109,0.0017738731405640311,0.0,0.6540833728981825,0.49395946671389607,0.580754716981132,0.2450980392156863,0.4028564813122266,0.1322137978570086,0.020202020202020204,0.6000000000000014,0.0,1.0,0.0,0.45,8.524120092849364e-05,0.0,0.0,0.0,0.00034319135783213877,0.0,0.0036827170437975995,0.0,0.0,0.00033983098499310054,0.0012361837399488622,0.03312156029362849,0,4
10828,0.8000000000000114,1.0,0.0,0.10231660231660232,0.0,0.8,0.029411764705882346,0.0,0.0,0.0,0.0,0.0,0.0,0.0,0.0,0.0,0.009784331449918443,0.0,0.0008514722790022025,9.89901386388269e-06,0.0,0.00013603627523204904,0.0,0.6540770148858867,0.49398020690961136,0.580754716981132,0.2450980392156863,0.4027772700130394,0.1342189360235604,0.020202020202020204,0.29999999999999716,0.0,1.0,0.0,0.4,0.0,0.0,0.0,0.0,0.0,8.68776763040415e-05,0.003661078141056436,0.0,0.0,0.00045766157193063604,0.0013435546117421466,0.03312156029362849,1,3
8469,0.4000000000000341,0.0,0.0,0.10231660231660232,0.0,0.8,0.0,0.0,0.0,0.0,0.0,0.0,0.0,0.0,0.0,0.0,0.009773510887870759,0.0,0.0008057797189751612,9.89901386388269e-06,0.0,0.0,0.0,0.6541104936804912,0.49400011291703183,0.3920754716981132,0.21850490196078431,0.39677549080539615,0.1108465442696911,0.25252525252525254,0.0,0.0,0.0,1.0,0.55,0.0,0.007058439124063894,0.0,0.0,0.0,0.0,0.0036499755895429333,0.0202930980697525,0.0,0.0,0.0010925605695104143,0.03312156029362849,0,2
7620,0.0,0.0,1.0,0.20463320463320464,0.0,1.0,0.32352941176470584,0.0,0.0,0.0,0.0,1.0,0.0,0.0,0.0,0.0,0.009770786935533304,0.0,0.002237937378580404,9.89901386388269e-06,0.0014980645179948494,0.04091076992626036,0.0,0.6541555620149662,0.4940329591296622,0.2881132075471698,0.13272058823529415,0.3934303367089534,0.07606992919355851,0.020202020202020204,0.7999999999999972,0.0,1.0,0.0,0.05,0.0,0.0,0.0,0.0,0.0,0.0002034253077851288,0.0037956480859695145,0.0,0.0,0.013393904633458874,0.001370811235995219,0.03365903704610836,0,4
8832,0.8000000000000114,1.0,0.0,0.03861003861003861,0.537037037037037,0.6000000000000001,0.5,0.0,0.0,0.0,0.0,1.0,0.0,0.0,0.0,0.0,0.009770786935533304,0.0,0.0008043294090493882,9.89901386388269e-06,0.005615934432203182,0.0016212997738407312,0.00033786128348706077,0.6541171737348899,0.4940108362542326,0.40377358490566034,0.1877450980392157,0.3971593609476109,0.10382856068675984,0.25252525252525254,0.6999999999999957,0.0,1.0,0.0,0.35000000000000003,0.000353021857938967,0.0,0.0,0.0,0.0,0.0,0.0036354330375410375,0.0,0.0,0.0012787151298464417,0.0011239667900393166,0.03312156029362849,0,0
4249,0.0,0.0,0.0,0.047972972972972976,0.0,0.0,0.7941176470588235,0.3333333333333333,0.0,0.0,0.0,0.0,0.0,0.0,0.0,0.0,0.010293785784324829,0.0,0.0008043294090493882,9.89901386388269e-06,0.0,0.0,0.0,0.654083006459329,0.49398860003167305,0.580754716981132,0.2442401960784314,0.40075433529533633,0.12926875117488565,0.24242424242424243,0.14999999999999858,0.0,0.0,0.0,0.2,0.0,0.0001410846783511133,0.0,0.0,0.0,0.0,0.003643922115335702,0.026545006270367495,0.0,0.0002874902596621849,0.0010988076413451255,0.03312411987208298,0,2
8108,0.8000000000000114,1.0,0.0,0.06756756756756757,0.2962962962962963,0.6000000000000001,0.5,0.0,0.0,0.0,0.0,1.0,0.0,0.0,0.0,0.0,0.009770786935533304,0.0,0.0008043294090493882,9.89901386388269e-06,0.0,9.490129890959073e-05,0.0,0.6540931700020695,0.4939855066642829,0.3920754716981132,0.21029411764705885,0.3967815839822567,0.11560874741525161,0.24242424242424243,0.0,0.0,0.0,0.0,0.55,0.0,0.00019701392491057102,0.0,0.0,0.0,0.0,0.003642755554275205,0.006914589152870533,0.0,0.0002780505100790432,0.0010859037179180456,0.03312156029362849,0,0
7390,0.0,0.0,0.0,0.047972972972972976,0.0,0.0,0.7941176470588235,0.3333333333333333,0.0,0.0,0.0,0.0,0.0,0.0,0.0,0.0,0.010691543023435095,0.0,0.0008043294090493882,9.89901386388269e-06,0.0,0.004449807226542779,0.0,0.6541133264582468,0.4939822537569257,0.43660377358490565,0.19240196078431374,0.39828659866681293,0.10558305658249265,0.25252525252525254,0.3999999999999986,0.0,1.0,0.0,0.35000000000000003,4.252555611787864e-05,0.0,0.0,0.0,0.0,0.0,0.0036354330375410375,0.0,0.0,0.0035401874954272216,0.001231996670164288,0.03323736633742419,0,2
8570,0.8000000000000114,0.0,0.0,0.02316602316602317,0.0,0.6000000000000001,0.0,0.0,0.0,0.0,0.0,0.0,0.0,0.0,0.0,0.0,0.009770786935533304,0.0,0.0008043294090493882,9.89901386388269e-06,0.0060197322281974495,0.0019168067956642904,0.0,0.6541225649582395,0.49402022543360674,0.34566037735849053,0.2450980392156863,0.395282662474561,0.1342189360235604,0.020202020202020204,0.6999999999999957,0.0,1.0,0.0,0.2,0.0,0.0,0.0,0.0,3.535683300692304e-05,0.0,0.003662332655559394,0.0,0.0,0.00021568164968961389,0.001088352135860405,0.03312156029362849,0,2
11624,0.4000000000000341,0.0,0.0,0.03474903474903475,0.0,0.8,0.5588235294117647,0.0,0.0,0.0,0.0,0.0,0.0,0.0,0.0,0.0,0.009770786935533304,0.0,0.0008043294090493882,9.89901386388269e-06,0.0,0.0,0.0,0.6538192085864758,0.4940033953256968,0.20339622641509433,0.2450980392156863,0.39068840712170516,0.1342189360235604,0.020202020202020204,0.6000000000000014,1.0,1.0,0.0,0.45,0.00019795700683927574,0.0,0.0,0.0,0.00027291593498969324,0.0,0.0036354330375410375,0.0,0.0,0.004389432392206502,0.001125793177477401,0.03312156029362849,1,2
4315,0.8000000000000114,1.0,0.0,0.10231660231660232,0.0,0.6000000000000001,0.029411764705882346,0.0,0.0,0.0,0.0,0.0,0.0,0.0,0.0,0.0,0.009770786935533304,0.0,0.0008043294090493882,9.89901386388269e-06,0.016581014779650037,0.0038115918363276686,0.00019066816043328367,0.654229920940115,0.49414087724254996,0.2939622641509434,0.21078431372549022,0.3936131320147699,0.11310232470706186,0.25252525252525254,0.29999999999999716,0.0,1.0,0.0,0.35000000000000003,0.0003312906470300702,0.0,0.0,0.0,0.0,0.0,0.003694129002956902,0.0,0.0,0.0009965715034169847,0.0011225481996335592,0.03312156029362849,0,3
8537,0.20000000000004547,0.0,0.0,0.02364864864864865,0.0,0.0,0.7941176470588235,0.3333333333333333,0.0,0.0,0.0,0.0,0.0,0.0,0.0,0.0,0.009770786935533304,0.0,0.0008043294090493882,9.89901386388269e-06,0.0,0.00028736312752133513,0.0,0.6540494090525095,0.49392950037234956,0.580754716981132,0.24497549019607845,0.4031489538015331,0.12914343003947618,0.020202020202020204,0.5499999999999972,0.0,1.0,0.0,0.75,0.0002293284300226597,0.0,0.0,0.0,0.0,0.0005218081398311378,0.0036354330375410375,0.0,0.0,0.0009228186631779672,0.0010882612774721402,0.03313206150988462,0,2
8752,0.6000000000000227,0.0,0.0,0.03474903474903475,0.0,0.6000000000000001,0.5294117647058824,0.0,0.0,0.0,0.0,1.0,0.0,0.0,0.0,0.0,0.009770786935533304,0.0,0.0008043294090493882,1.5850568211493142e-05,0.0,0.0007223135640299147,0.0,0.6540635093280327,0.4939512637976345,0.5781132075471698,0.2450980392156863,0.40275289730559727,0.1342189360235604,0.25252525252525254,0.6499999999999986,0.0,1.0,0.0,0.45,9.418215836898633e-05,0.0,0.0,0.0,0.0,0.0,0.0036354330375410375,0.0,0.0,0.0008462262234708502,0.0010937813830644656,0.03312156029362849,0,1
9462,1.0,1.0,0.0,0.02316602316602317,0.0,0.6000000000000001,0.0,0.0,0.0,0.0,0.0,0.0,0.0,0.0,0.0,0.0,0.009770786935533304,0.0,0.0008043294090493882,9.89901386388269e-06,0.0012182619270373171,0.004347177538142303,0.0,0.6540648074360147,0.4939525564207251,0.20339622641509433,0.16605392156862747,0.39068840712170516,0.0938028698540009,0.04040404040404041,0.5,0.0,1.0,0.0,0.35000000000000003,0.0,0.0,1.0081229506750644e-07,4.395044148218469e-07,0.0,8.67331211022045e-07,0.0036354330375410375,0.0,0.0,0.0016564841870124396,0.0010825576210823542,0.03312156029362849,1,3
10256,0.6000000000000227,0.0,0.0,0.20463320463320464,0.0,1.0,0.0,0.0,0.0,0.0,0.0,0.0,0.0,0.0,0.0,0.0,0.010159047965113546,0.0,0.0008352693541325451,9.89901386388269e-06,0.007923763554519571,0.0018214899919433616,0.0,0.6541197490777547,0.49400138690771755,0.3971698113207547,0.21678921568627454,0.3969460997574916,0.11874177580048878,0.020202020202020204,0.14999999999999858,0.0,1.0,0.0,0.35000000000000003,2.3713564418861764e-05,0.0,0.0,0.0,0.0002125792412129388,0.0,0.00379335187288241,0.0,0.0,0.008562364511453308,0.001335640761858447,0.03312156029362849,1,2
9130,0.8000000000000114,0.0,0.0,0.06756756756756757,0.0,0.6000000000000001,0.029411764705882346,0.0,0.0,0.0,0.0,0.0,0.0,0.0,0.0,0.0,0.009770786935533304,0.0,0.0008043294090493882,9.89901386388269e-06,0.0003354739075046381,8.650810172056388e-05,0.0,0.654048291844721,0.49393320666822627,0.20339622641509433,0.2450980392156863,0.39068840712170516,0.1342189360235604,0.020202020202020204,0.8999999999999986,0.0,1.0,0.0,0.55,0.0,0.0,0.0,0.0,0.0,0.0,0.0036354330375410375,0.0,0.0,0.0008549496776926694,0.0010825576210823542,0.03312156029362849,1,2
1500,0.6000000000000227,0.0,0.0,0.015444015444015444,0.0,0.4,0.5294117647058824,0.0,0.0,0.0,0.0,1.0,0.0,0.0,0.0,0.0,0.009770786935533304,0.0,0.001184606909479218,9.89901386388269e-06,0.0,0.0006662204144992896,0.0,0.6539525767571663,0.49407381223012753,0.5773584905660377,0.2450980392156863,0.4015220755797658,0.13296572466946552,0.020202020202020204,0.9499999999999957,0.0,1.0,0.0,0.4,7.81128749508799e-05,0.0,0.0,0.0,0.0,0.0006861674043198153,0.003776498579769432,0.0,0.0,0.002822689781176884,0.0014896624839965,0.03312156029362849,0,1
7588,0.6000000000000227,0.0,0.0,0.10231660231660232,0.0,0.6000000000000001,0.5294117647058824,0.0,0.0,0.0,0.0,1.0,0.0,0.0,0.0,0.0,0.010156850743891067,0.0,0.0008667083305880111,9.89901386388269e-06,0.0,0.0,0.0,0.654110982376069,0.4940054130598785,0.5683018867924529,0.24264705882352944,0.4024726111700119,0.13258976126323704,0.24242424242424243,0.14999999999999858,0.0,1.0,1.0,0.35000000000000003,2.6625994746858242e-05,0.0,0.0,0.0,0.0,0.0,0.003759520424180103,0.0,0.0,1.5349186314051516e-07,0.0011401210942367636,0.033141401987074166,0,1
12096,0.6000000000000227,1.0,1.0,0.03861003861003861,0.0,0.6000000000000001,0.23529411764705882,0.0,0.0,0.0,0.0,0.0,0.0,0.0,0.0,0.0,0.0101459850334621,0.0,0.0008043294090493882,9.89901386388269e-06,0.007143280616693586,0.0027793116830396336,0.0,0.6530710630356087,0.49276328883283865,0.580754716981132,0.24387254901960786,0.40379483054875154,0.1315245316122564,0.020202020202020204,0.7999999999999972,0.0,1.0,0.0,0.35000000000000003,7.230159205865382e-05,0.0,0.0,0.0,8.951116775856258e-05,0.0,0.003640162498319795,0.0,0.012705338809034909,0.003547427194972016,0.001091043685496403,0.03317116452724268,1,4
2852,0.6000000000000227,1.0,1.0,0.15830115830115832,0.0,0.6000000000000001,0.2941176470588235,0.0,0.0,0.0,0.0,0.0,0.0,0.0,0.0,0.0,0.009770786935533304,0.0,0.0008043294090493882,9.89901386388269e-06,0.0011596985940462057,0.006602122149273427,0.0,0.6541149340182083,0.49401126014144425,0.3920754716981132,0.17818627450980393,0.3967815839822567,0.10000626605677049,0.24242424242424243,0.6499999999999986,0.0,0.0,0.0,0.55,0.0,0.00043103366709356517,0.0,0.0,0.0,0.0,0.0036592432908929546,0.01788582068981071,0.0,0.0020364532942167848,0.001092448842938047,0.03312156029362849,0,4
1808,0.0,0.0,1.0,0.06756756756756757,0.0,0.6000000000000001,0.23529411764705882,0.0,0.0,0.0,0.0,0.0,0.0,0.0,0.0,0.0,0.009773420591108192,0.0,0.0008043294090493882,9.89901386388269e-06,0.0001164036618712214,0.0004619582492455471,0.0,0.6540966435508402,0.493989855778129,0.580754716981132,0.24448529411764708,0.40287476084280827,0.13390563318503665,0.25252525252525254,0.8999999999999986,0.0,0.0,0.0,0.5,0.0,0.010416717041536296,0.0,0.0,0.0,0.0,0.0036354330375410375,0.012393060633685185,0.0,0.00023801471577655883,0.0010873850615805097,0.03312156029362849,0,4
11319,0.4000000000000341,0.0,0.0,0.15830115830115832,0.0,0.6000000000000001,0.029411764705882346,0.0,0.0,0.0,0.0,0.0,0.0,0.0,0.0,0.0,0.009770786935533304,0.0,0.0008043294090493882,9.89901386388269e-06,0.0,0.0,0.0,0.6537734106874842,0.4940312092363011,0.580754716981132,0.2450980392156863,0.391139302209386,0.13409361488815089,0.020202020202020204,0.44999999999999574,0.0,1.0,0.0,0.10000000000000002,0.0002106590048431951,0.0,0.0,0.0,0.00030867970808434535,0.0,0.0036491455289297085,0.0,0.0021817248459958935,0.0001476335903639855,0.0011387059736003343,0.03312156029362849,1,2
11824,0.6000000000000227,1.0,0.0,0.06756756756756757,0.0,0.6000000000000001,0.029411764705882346,0.0,0.0,0.0,0.0,0.0,0.0,0.0,0.0,0.0,0.009770786935533304,0.0,0.0008043294090493882,9.89901386388269e-06,0.0006044314367971497,0.0062427104874660895,0.0,0.6538557964789119,0.4937076780983217,0.580754716981132,0.2450980392156863,0.40287476084280827,0.1342189360235604,0.020202020202020204,0.75,0.0,1.0,0.0,0.8,0.0,0.0,0.0,0.0,0.0,0.0,0.0036393571746122623,0.0,0.0051334702258726906,0.0005863900811511481,0.0010868403077959863,0.03312156029362849,1,3
1866,0.20000000000004547,1.0,0.0,0.10424710424710425,0.2962962962962963,0.6000000000000001,0.5,0.0,0.0,0.0,0.0,1.0,0.0,0.0,0.0,0.0,0.009770786935533304,0.0,0.0008043294090493882,9.89901386388269e-06,0.00011315014337171522,0.0010180698887402766,0.0,0.654115932613782,0.4940122779365625,0.3920754716981132,0.22757352941176473,0.3967815839822567,0.1241305846230967,0.24242424242424243,0.14999999999999858,0.0,0.0,0.0,0.55,0.0,0.0011856579749954215,0.0,0.0,0.0,0.0,0.0036354330375410375,0.005591930492337192,0.0,0.0001588384963732431,0.0010870541942910015,0.03312156029362849,0,0
4589,0.6000000000000227,1.0,0.0,0.10424710424710425,0.2962962962962963,0.4,0.5,0.0,0.0,0.0,0.0,1.0,0.0,0.0,0.0,0.0,0.009770786935533304,0.0,0.0008043294090493882,9.89901386388269e-06,0.0,0.0,2.7859691287217562e-05,0.6541105695525504,0.49400367325907,0.36264150943396223,0.1368872549019608,0.39583104839201066,0.07393946989159723,0.24242424242424243,0.5499999999999972,0.0,0.0,1.0,0.05,0.0,0.011840810225548353,0.0,0.0,0.0,0.0,0.0036532408610942943,0.013688223441187877,0.0,4.520335369488171e-05,0.0010882351550659123,0.03312156029362849,0,0
3833,0.8000000000000114,1.0,0.0,0.05791505791505792,0.0,0.2,0.0,0.0,0.0,0.0,0.0,0.0,0.0,0.0,0.0,0.0,0.011776353279461783,8.314977638275295e-06,0.0008043294090493882,2.6164571409137782e-05,0.019899242147090847,0.00477739121980163,0.0,0.6536176576087818,0.49541852220867494,0.580754716981132,0.24031862745098043,0.39407012027931126,0.057522401152954455,0.030303030303030304,0.3999999999999986,1.0,1.0,0.0,0.25000000000000006,0.0005626625304996459,0.0,0.002780907159437165,0.04991363738248751,0.0,0.00016103449484642634,0.004648208681843156,0.0,0.0,0.004934814563921942,0.0023829658990693215,0.03319199830536065,0,3
6824,0.0,0.0,0.0,0.02316602316602317,0.0,0.2,0.5294117647058824,0.0,0.0,0.0,0.0,1.0,0.0,0.0,0.0,0.0,0.009770786935533304,0.0,0.0008043294090493882,9.89901386388269e-06,0.0,1.2714447226941665e-05,0.0,0.6540968555950231,0.4939896360710211,0.20339622641509433,0.2450980392156863,0.39068840712170516,0.12707563130521962,0.020202020202020204,0.7999999999999972,0.0,1.0,0.0,0.05,0.0,0.0,0.0002803589925827354,0.0,0.0,0.00010053814287763871,0.0036354330375410375,0.0,0.0,0.0001060117134757158,0.0010825576210823542,0.03312156029362849,0,1
5247,0.8000000000000114,1.0,0.0,0.10231660231660232,0.0,0.6000000000000001,0.029411764705882346,0.0,0.0,0.0,0.0,0.0,0.0,0.0,0.0,0.0,0.009770786935533304,0.0,0.0008043294090493882,9.89901386388269e-06,0.004686512647510913,0.002813466178531614,0.0,0.6541106822010226,0.49400620843066306,0.5647169811320755,0.24301470588235294,0.4023568408096614,0.13309104580487502,0.020202020202020204,1.0,0.0,1.0,0.0,0.4,7.078767139864633e-05,0.0,0.0,0.0,1.4399418488875253e-06,0.0,0.0036641082156790737,0.0,0.0,0.0006910715318129794,0.0011734144231669934,0.03312156029362849,0,3
11701,0.4000000000000341,0.0,1.0,0.02316602316602317,0.0,0.6000000000000001,0.32352941176470584,0.0,0.0,0.0,0.0,0.0,0.0,0.0,0.0,0.0,0.009770786935533304,0.0,0.0012841792629852448,9.89901386388269e-06,0.0,0.0018293014823965153,0.00026335128945895197,0.6540283606854879,0.49399016243645977,0.580754716981132,0.24436274509803926,0.40132100074336763,0.13108590763832323,0.020202020202020204,0.6000000000000014,0.0,1.0,0.0,0.4,0.00015399220776210747,0.0,2.651363360275419e-05,0.00011558966109814573,9.97942307446398e-05,0.0,0.0036371913210916625,0.0,0.0,0.0018060108436884915,0.0011971067020936322,0.03312156029362849,1,4
2181,0.0,1.0,0.0,0.10231660231660232,0.0,0.6000000000000001,0.5588235294117647,0.0,0.0,0.0,0.0,0.0,0.0,0.0,0.0,0.0,0.010250067101781684,0.0,0.0008043294090493882,9.89901386388269e-06,0.0,0.001645399052898333,0.0,0.6541538119878194,0.4940268046134154,0.3920754716981132,0.18443627450980396,0.3967815839822567,0.08409048185976566,0.24242424242424243,0.14999999999999858,0.0,1.0,0.0,0.55,0.0,0.0,0.0,0.0,0.0,0.0,0.0036354330375410375,0.0,0.0,0.0005107441746000642,0.0011074435997941515,0.03312156029362849,0,3
302,0.8000000000000114,1.0,0.0,0.10231660231660232,0.4444444444444444,0.6000000000000001,0.5,0.0,0.0,0.0,0.0,1.0,0.0,0.0,0.0,0.0,0.010129099538861958,0.0,0.000934389460457417,9.89901386388269e-06,0.00970018465524995,0.002229765019564044,0.0,0.653981856745631,0.4938539766362732,0.30660377358490565,0.15882352941176472,0.3940030953338452,0.08960461181778309,0.020202020202020204,0.14999999999999858,0.0,1.0,0.0,0.35000000000000003,0.00027237673004556334,0.0,0.0,0.0,0.00023195585000557745,0.0,0.0036738156842413996,0.0,0.002053388090349076,0.001206087896603788,0.0011628754449458636,0.03312156029362849,0,0
10728,0.6000000000000227,0.0,0.0,0.02316602316602317,0.0,0.6000000000000001,0.5588235294117647,0.0,0.0,0.0,0.0,0.0,0.0,0.0,0.0,0.0,0.010516126512687109,0.0,0.0008043294090493882,9.89901386388269e-06,0.0036551472831674522,0.004161197584587431,0.0,0.6540858355925752,0.4939771931181172,0.20339622641509433,0.2450980392156863,0.39068840712170516,0.1342189360235604,0.020202020202020204,0.5,0.0,1.0,0.0,0.8,0.0,0.0,0.0,0.0,0.0,1.2106498153849377e-05,0.0036354330375410375,0.0,0.0,0.0012946271196586751,0.0010825576210823542,0.03312156029362849,1,2
10473,0.6000000000000227,0.0,0.0,0.10231660231660232,0.0,1.0,0.0,0.0,0.0,0.0,0.0,0.0,0.0,0.0,0.0,0.0,0.012246694066215971,3.392554524592899e-05,0.0010850345559731912,7.659083630674878e-05,0.0,0.0,0.0,0.6539386212680619,0.4937230137320878,0.580754716981132,0.2450980392156863,0.40267368600641007,0.12682498903440068,0.020202020202020204,0.0,0.0,1.0,0.0,0.2,0.0,0.0,0.0,0.0,0.0001580336179154059,0.0,0.003857747142839882,0.0,0.0,0.0016434373786454958,0.0013189357061323523,0.033238130242621844,1,2
5865,0.20000000000004547,1.0,0.0,0.06756756756756757,0.0,0.6000000000000001,0.1764705882352941,0.0,0.0,0.0,0.0,0.0,0.0,0.0,0.0,0.0,0.009770786935533304,0.0,0.0008043294090493882,9.89901386388269e-06,0.0,0.0001957858671024481,0.0,0.6541052117924234,0.49399989437444924,0.3922641509433962,0.18272058823529413,0.3967876771591173,0.102324707061846,0.25252525252525254,0.8500000000000014,0.0,0.0,0.0,0.55,0.0,0.0,0.0,0.0,0.0,0.0,0.0036395083445914917,0.001858132674751014,0.0,3.494498084165729e-05,0.0010837515191400456,0.03312156029362849,0,3
6261,0.4000000000000341,0.0,0.0,0.03474903474903475,0.0,0.2,0.0,0.0,0.0,0.0,0.0,0.0,0.0,0.0,0.0,0.0,0.022972098375613915,0.0001726940106343108,0.004034902566073899,0.00029130226891875647,0.05580001127886413,0.01282713213177652,0.009689148263122236,0.6529183587546732,0.4993462207420712,0.5794339622641509,0.23933823529411768,0.3917851789566044,0.042045240929882835,0.030303030303030304,0.3999999999999986,1.0,1.0,0.0,0.2,0.0,0.0,0.004293998896105369,0.0,0.010433317787700265,0.0,0.006972314789686568,0.0,0.0,0.012768860184773505,0.003124776558162996,0.03312567248459511,0,2
12042,0.6000000000000227,1.0,1.0,0.13706563706563707,0.0,0.4,0.2647058823529412,0.0,0.0,0.0,0.0,0.0,0.0,0.0,0.0,0.0,0.009770786935533304,0.0,0.0008043294090493882,9.89901386388269e-06,0.0,0.0,0.0,0.6540958970890526,0.4939883193810741,0.5547169811320755,0.2450980392156863,0.40203390243605214,0.13403095432044615,0.020202020202020204,0.6499999999999986,0.0,1.0,0.0,0.35000000000000003,0.0,0.0,0.0,0.0,0.0,0.0,0.0036947254372385902,0.0,0.0,0.0004750828983970845,0.0011422899479075388,0.03312156029362849,1,4
6148,0.8000000000000114,0.0,0.0,0.03474903474903475,0.0,0.6000000000000001,0.5294117647058824,0.0,0.0,0.0,0.0,1.0,0.0,0.0,0.0,0.0,0.009770786935533304,0.00013838654384331665,0.0008043294090493882,9.89901386388269e-06,0.031479598992999874,0.008057552402428043,0.0,0.6539138342970409,0.4941954600963832,0.580754716981132,0.2450980392156863,0.39418589063966175,0.07820038849551979,0.020202020202020204,0.6000000000000014,1.0,1.0,0.0,0.2,0.0008905112144148112,0.0,0.0008173860884073422,0.0035635017953755347,0.0,0.00015481862116743501,0.003790668507588759,0.0,0.0,0.0030070335088086425,0.001250944535215981,0.03312156029362849,0,1
2213,0.6000000000000227,0.0,0.0,0.15830115830115832,0.0,0.6000000000000001,0.5294117647058824,0.0,0.0,0.0,0.0,1.0,0.0,0.0,0.0,0.0,0.010401615168290967,4.124752686703493e-06,0.0008043294090493882,9.89901386388269e-06,0.0027806738109112886,0.0007133386601050147,0.0,0.6539919129410039,0.49386752899361935,0.580754716981132,0.2450980392156863,0.4007908943564996,0.12406792405539195,0.07070707070707072,0.0,0.0,1.0,0.0,0.8,0.0,0.0,0.0,0.0,0.0,8.994947434307791e-05,0.003726798602390272,0.0,0.0,0.0017358138982788958,0.0011005811891531552,0.03312156029362849,0,1
3646,0.4000000000000341,0.0,0.0,0.06756756756756757,0.0,0.0,0.4411764705882353,0.0,0.0,0.0,0.0,0.0,0.0,0.0,0.0,0.0,0.009770786935533304,0.0,0.0008043294090493882,9.89901386388269e-06,0.000259196973793993,0.0009295673639252906,0.0,0.654103909377294,0.4939983684581222,0.2788679245283019,0.0743872549019608,0.3931256778659258,0.04693276521085282,0.020202020202020204,0.8999999999999986,0.0,1.0,0.0,0.45,2.7698638084442027e-06,0.0,0.0,0.0,3.599854622218813e-06,0.0,0.0036354330375410375,0.0,0.0,0.0002704526628535877,0.001083014242725942,0.03312156029362849,0,2
3070,0.8000000000000114,1.0,0.0,0.03861003861003861,0.537037037037037,0.4,0.5,0.0,0.0,0.0,0.0,1.0,0.0,0.0,0.0,0.0,0.009770786935533304,0.0,0.0008043294090493882,0.022311547270524056,0.0,0.0,0.0,0.6533641057771088,0.49397708210003793,0.20339622641509433,0.24485294117647063,0.39068840712170516,0.1326524218309418,0.020202020202020204,0.5,0.0,1.0,0.0,0.45,0.0,0.0,0.0,0.0,0.0,0.0,0.0036550729627126987,0.0,0.0,0.0,0.0011917736666362286,0.03312156029362849,0,0
544,0.20000000000004547,1.0,0.0,0.02316602316602317,0.0,0.6000000000000001,0.5294117647058824,0.0,0.0,0.0,0.0,1.0,0.0,0.0,0.0,0.0,0.009770786935533304,0.0,0.0008043294090493882,9.89901386388269e-06,0.00018508905241635204,0.007935643290781485,0.0,0.6541272779715229,0.4940257472244368,0.2788679245283019,0.2450980392156863,0.3931256778659258,0.1342189360235604,0.25252525252525254,0.5,0.0,1.0,0.0,0.75,0.0,0.0,0.0,0.0,0.0,0.0,0.0036354330375410375,0.0,0.0012870893223819303,1.1460725781158465e-05,0.001088148609105241,0.03312156029362849,0,0
4918,0.6000000000000227,1.0,0.0,0.03861003861003861,0.537037037037037,0.6000000000000001,0.5,0.0,0.0,0.0,0.0,1.0,0.0,0.0,0.0,0.0,0.009770786935533304,0.0,0.0008857962805788297,9.89901386388269e-06,0.0,0.0,6.235264240472501e-05,0.6540471945160746,0.4939654550911991,0.580754716981132,0.24473039215686276,0.40199734337488885,0.13227645842471336,0.020202020202020204,0.7999999999999972,0.0,1.0,0.0,0.25000000000000006,0.0,0.0,0.0,0.0,0.0,0.00019168019763587192,0.0037208428978579193,0.0,0.0,0.0009222814416569754,0.0011729056062790833,0.033172910596265905,0,0
5444,0.4000000000000341,0.0,0.0,0.03474903474903475,0.0,0.6000000000000001,0.029411764705882346,0.0,0.0,0.0,0.0,0.0,0.0,0.0,0.0,0.0,0.009862076962489145,0.0,0.0008043294090493882,9.89901386388269e-06,0.008441796000052057,0.006264898444391537,0.0,0.6537831739968294,0.4937433226652645,0.4373584905660377,0.23590686274509806,0.3976163492121523,0.12720095244062912,0.020202020202020204,0.8500000000000014,0.0,1.0,0.0,0.35000000000000003,0.0018433104201101996,0.0,0.0,0.0,0.0,1.2648580160738157e-06,0.0040228887619940595,0.0,0.007186858316221767,0.007112915265840233,0.0013992219550949753,0.03668456790863234,0,2
10780,0.4000000000000341,0.0,0.0,0.04247104247104247,0.0,0.6000000000000001,0.0,0.0,0.0,0.0,0.0,0.0,0.0,0.0,0.0,0.0,0.009770786935533304,0.0,0.0008043294090493882,9.89901386388269e-06,0.00451082264853758,0.00582637466650545,0.0,0.6540797853756635,0.4939701046525743,0.20339622641509433,0.191421568627451,0.39068840712170516,0.10677360736888278,0.37373737373737376,0.5,0.0,1.0,0.0,0.55,0.0,0.0,1.2097475408100772e-06,0.0,0.0,1.409413217910823e-06,0.0036354330375410375,0.0,0.0,0.0017600656126550971,0.0010825576210823542,0.03312156029362849,1,2
10764,1.0,1.0,0.0,0.15830115830115832,0.0,0.2,0.1764705882352941,0.0,0.0,0.0,0.0,0.0,0.0,0.0,0.0,0.0,0.01033753456578883,0.0,0.0008043294090493882,9.89901386388269e-06,0.053136825635990564,0.06585526887108589,0.0,0.654084091529171,0.493970634899764,0.20339622641509433,0.2450980392156863,0.39068840712170516,0.11341562754558558,0.020202020202020204,0.5,0.0,1.0,0.0,0.55,0.0,0.0,0.0,0.0,0.0,0.0002723781390613814,0.0037167907571159704,0.0,0.0,0.016811989351757817,0.0010825576210823542,0.03312156029362849,1,3
11278,0.4000000000000341,0.0,0.0,0.03474903474903475,0.0,0.8,0.029411764705882346,0.0,0.0,0.0,0.0,0.0,0.0,0.0,0.0,0.0,0.009770786935533304,0.0,0.0008043294090493882,9.89901386388269e-06,0.0,0.0,0.0,0.6540169898161812,0.49390293793827506,0.20339622641509433,0.2450980392156863,0.39068840712170516,0.1342189360235604,0.04040404040404041,0.3999999999999986,0.0,1.0,0.0,0.6,6.2321935689994554e-06,0.0,0.0,0.0,8.639651093325152e-06,0.0,0.0036354330375410375,0.0,0.0013319301848049281,7.930412928926616e-06,0.001083375495281138,0.03312156029362849,1,2
9074,0.6000000000000227,1.0,0.0,0.10231660231660232,0.0,0.4,0.029411764705882346,0.0,0.0,0.0,0.0,0.0,0.0,0.0,0.0,0.0,0.009770786935533304,0.0,0.0008043294090493882,9.89901386388269e-06,9.399053443017877e-06,2.160625018957407e-06,0.0,0.6525608466299222,0.492190508132629,0.20339622641509433,0.2450980392156863,0.39068840712170516,0.1342189360235604,0.020202020202020204,0.9499999999999957,0.0,1.0,0.0,0.25000000000000006,0.0,0.0,1.4315345899585914e-05,6.240962690470225e-05,0.0,1.673226461263362e-05,0.0036354330375410375,0.0,0.0,0.023821937159407953,0.0010825576210823542,0.03312156029362849,1,3
5895,0.6000000000000227,0.0,0.0,0.2953667953667954,0.0,0.6000000000000001,0.029411764705882346,0.0,0.0,0.0,0.0,0.0,1.0,0.0,0.0,0.0,0.009770786935533304,0.0,0.0008043294090493882,9.89901386388269e-06,0.0012066938612612951,0.0007005411119158055,0.0,0.6540994402148208,0.49399232301907914,0.41471698113207545,0.20355392156862748,0.3977503991030844,0.11335296697788085,0.24242424242424243,0.3999999999999986,0.0,1.0,0.0,0.85,0.0,0.0,0.0,0.0,0.0,0.0,0.0036383892940958953,0.0,0.0,0.00032663068476301626,0.001088433625871484,0.03313171924067268,0,2
8221,0.8000000000000114,1.0,1.0,0.03861003861003861,0.0,0.6000000000000001,0.23529411764705882,0.0,0.0,0.0,0.0,0.0,0.0,0.0,0.0,0.0,0.04376214538486098,0.0,0.0011215886039948242,9.89901386388269e-06,0.11568065776022002,0.04321258348011041,0.0,0.6402314345764308,0.47616317117743095,0.580754716981132,0.24080882352941177,0.40342923993711843,0.13183783445078015,0.030303030303030304,0.29999999999999716,0.0,1.0,0.0,0.7,0.013636894928088124,0.0,0.0,0.0,0.0022627903578175674,0.0,0.0036354330375410375,0.0,0.06951727412731007,0.018328386631677344,0.006556492777410673,0.06404902116561059,0,4
9637,0.20000000000004547,1.0,1.0,0.04247104247104247,0.0,0.8,0.23529411764705882,0.0,0.0,0.0,0.0,0.0,0.0,0.0,0.0,0.0,0.009770786935533304,0.0,0.0008043294090493882,9.89901386388269e-06,0.0,0.0,0.0,0.6540570383359455,0.4939434541027516,0.20339622641509433,0.2450980392156863,0.39068840712170516,0.1342189360235604,0.020202020202020204,0.3999999999999986,0.0,1.0,0.0,0.25000000000000006,0.0,0.0,0.0,0.0,0.0,0.0,0.0036354330375410375,0.0,0.0,0.0007169860747065364,0.0010825576210823542,0.03312156029362849,1,4
10182,0.0,0.0,1.0,0.03474903474903475,0.0,0.6000000000000001,0.23529411764705882,0.0,0.0,0.0,0.0,0.0,0.0,0.0,0.0,0.0,0.00998093760094896,0.0,0.0008043294090493882,9.89901386388269e-06,0.002792241876687311,0.0006643090923671351,0.0,0.6537976986920373,0.4941252337859277,0.580754716981132,0.2450980392156863,0.39327191411057905,0.10395388182216933,0.020202020202020204,0.14999999999999858,1.0,1.0,0.0,0.10000000000000002,2.6816083439594606e-06,0.0,0.0,0.0,0.00037137978467829567,0.0,0.0036650870903757477,0.0,0.0032344712525667354,0.00043589130934187296,0.0011933540474289453,0.03312668441096084,1,4
4566,0.6000000000000227,0.0,0.0,0.02316602316602317,0.0,0.6000000000000001,0.5294117647058824,0.0,0.0,0.0,0.0,1.0,0.0,0.0,0.0,0.0,0.009935397933694034,0.0,0.0008043294090493882,9.89901386388269e-06,0.0015555433448194585,0.00035758344063745087,0.0,0.654101305209673,0.49411962543204985,0.580754716981132,0.24375000000000005,0.39085292289694007,0.016291747603233285,0.020202020202020204,0.10000000000000142,1.0,1.0,0.0,0.6,4.553981967412674e-05,0.0,0.0,0.0,2.3007766498528935e-06,0.0,0.0037407780953006993,0.0,0.0,3.300075057521076e-05,0.0011100127657091314,0.03312156029362849,0,1
10,0.4000000000000341,0.0,0.0,0.02316602316602317,0.0,0.6000000000000001,0.5588235294117647,0.0,0.0,0.0,0.0,0.0,0.0,0.0,0.0,0.0,0.010447079588243754,0.0,0.0008043294090493882,9.89901386388269e-06,0.005801384986675034,0.0029136859390263307,0.0,0.6540939058616478,0.4939702094598519,0.580754716981132,0.2450980392156863,0.40287476084280827,0.11260104016542392,0.24242424242424243,0.14999999999999858,0.0,0.0,0.0,0.5,0.0,0.03929071622866988,0.0,0.0,0.0,0.0,0.003648261282713539,0.031754234651,0.0,0.0006340748866334681,0.001092912205847758,0.03312156029362849,0,2
141,0.8000000000000114,1.0,0.0,0.10424710424710425,0.2962962962962963,0.6000000000000001,0.5,0.0,0.0,0.0,0.0,1.0,0.0,0.0,0.0,0.0,0.009770786935533304,0.0,0.0008043294090493882,9.89901386388269e-06,0.0,0.00010495651534396942,0.0,0.6541235903906552,0.49402015711478875,0.37056603773584906,0.24497549019607845,0.3961905458267832,0.13290306410176078,0.24242424242424243,0.0,0.0,0.0,0.0,0.35000000000000003,0.0,0.0003994946182818409,0.0,0.0,0.0,0.0,0.003641753513270025,0.008001138760834506,0.0,0.00010567914777224468,0.0010898315959338052,0.03313396135203204,0,0
1643,0.0,1.0,0.0,0.08687258687258688,0.0,0.2,0.38235294117647056,0.0,0.0,0.0,0.0,0.0,0.0,0.0,0.0,0.0,0.009989937178284863,0.0112148861058666,0.0008192067818363497,9.89901386388269e-06,0.04596064833224642,0.023986843455653793,0.0,0.6533505402505094,0.49266692087011954,0.2792452830188679,0.06678921568627452,0.39313177104278635,0.041919919794473334,0.020202020202020204,0.3999999999999986,0.0,1.0,0.0,0.45,0.0001672576829623525,0.0,0.00344576424540737,0.015022260898610727,6.548605104071093e-05,0.0,0.0037003132293799345,0.0,0.006628028747433266,0.008111405417546473,0.0027765731114562037,0.03312156029362849,0,3
8275,0.4000000000000341,1.0,0.0,0.06756756756756757,0.2962962962962963,0.6000000000000001,0.5,0.0,0.0,0.0,0.0,1.0,0.0,0.0,0.0,0.0,0.009770786935533304,0.0,0.0008043294090493882,9.89901386388269e-06,0.00013484026670175647,5.501283702114628e-05,0.0,0.6541054775102901,0.4939976891516932,0.3920754716981132,0.14901960784313728,0.3967815839822567,0.07224763456356915,0.020202020202020204,0.6499999999999986,0.0,1.0,0.0,0.55,0.0,0.0,0.0,0.0,0.0,0.0,0.0036354330375410375,0.0,0.0,1.910973696099414e-05,0.0010846343275933998,0.03312156029362849,0,0
12453,0.6000000000000227,1.0,0.0,0.15830115830115832,0.0,0.6000000000000001,0.029411764705882346,0.0,0.0,0.0,0.0,0.0,0.0,0.0,0.0,0.0,0.009770786935533304,0.0,0.0008043294090493882,0.0004771263952245052,0.20029635938509946,0.11076892904881391,0.0,0.6515677078807136,0.4936304409573438,0.580754716981132,0.2450980392156863,0.38449164625452426,0.13146187104455168,0.020202020202020204,1.0,0.0,1.0,0.0,0.25000000000000006,0.0,0.0,0.0,0.0,0.0,0.0014278440061450415,0.003834109655178513,0.0,0.0,0.061731485427738333,0.0009531181737036167,0.0,1,3
4827,0.20000000000004547,0.0,0.0,0.05791505791505792,0.0,0.6000000000000001,0.47058823529411764,0.0,0.0,0.0,0.0,0.0,0.0,0.0,0.0,0.0,0.009770786935533304,0.00011834111874946927,0.001114259080714036,4.438361533039426e-05,0.02773443769801275,0.006375505825169703,0.0,0.6532144791186963,0.49551777004247793,0.579811320754717,0.2431372549019608,0.39611742770445657,0.11360360924869982,0.020202020202020204,0.3500000000000014,1.0,1.0,0.0,0.2,0.0,0.0,0.0039980139977871705,0.017429866083004803,0.0,0.0027696776671970636,0.004967814215177039,0.0,0.0,0.0031116637955160937,0.0019263593241941124,0.035815109862266103,0,2
6117,0.0,0.0,1.0,0.06756756756756757,0.0,0.6000000000000001,0.23529411764705882,0.0,0.0,0.0,0.0,0.0,0.0,0.0,0.0,0.0,0.009770786935533304,0.0,0.0008043294090493882,9.89901386388269e-06,0.0,0.0,0.0,0.6540889519794254,0.49398015605867296,0.580754716981132,0.24485294117647063,0.4028686676659477,0.13271508239864654,0.24242424242424243,0.7999999999999972,0.0,0.0,0.0,0.25000000000000006,0.0,0.0,0.0,0.0,0.0,0.0,0.0036354330375410375,0.008051882512073652,0.0,0.00022338182482382972,0.0010895872250368352,0.03312156029362849,0,4
4416,0.4000000000000341,1.0,0.0,0.06756756756756757,0.0,0.6000000000000001,0.38235294117647056,0.0,0.0,0.0,0.0,1.0,0.0,0.0,0.0,0.0,0.009770786935533304,0.0,0.0008043294090493882,9.89901386388269e-06,0.004749414005168033,0.0018527359537559764,0.0,0.6540949528298008,0.493987874920582,0.3920754716981132,0.185171568627451,0.3967815839822567,0.10357791841594086,0.24242424242424243,0.9499999999999957,0.0,0.0,1.0,0.55,0.0,0.0,0.0,0.0,0.0,0.0,0.0036507616734349274,0.011327905270916408,0.0,0.0004031463785385631,0.0010854624623957683,0.03312156029362849,0,0
10946,0.6000000000000227,1.0,0.0,0.03861003861003861,0.0,0.8,0.029411764705882346,0.0,0.0,0.0,0.0,0.0,0.0,0.0,0.0,0.0,0.009920529066791237,0.0,0.0008043294090493882,9.89901386388269e-06,0.0,0.0,0.0,0.6540859260426719,0.49398906079551946,0.580754716981132,0.2450980392156863,0.401777989007909,0.12575975938342002,0.020202020202020204,0.3999999999999986,0.0,1.0,0.0,0.4,0.0,0.0,0.0004268392573158222,0.0018608616923556998,0.00014714014479773506,0.0,0.0036431697992832237,0.0,0.0,0.0,0.0011648000764240686,0.03312156029362849,1,3
2569,0.6000000000000227,1.0,0.0,0.23938223938223938,0.0,0.6000000000000001,0.029411764705882346,0.0,0.0,0.0,0.0,0.0,0.0,0.0,0.0,0.0,0.010565518841811585,0.0,0.0008043294090493882,9.89901386388269e-06,0.00039439874255125016,9.06631498339435e-05,0.0,0.6548210050334075,0.49482136644109215,0.3343396226415094,0.1843137254901961,0.39491707186292796,0.10201140422332228,0.020202020202020204,0.44999999999999574,0.0,1.0,0.0,0.35000000000000003,0.0,0.0,0.0,0.0,0.0,0.0013247038696343368,0.003907324613638472,0.0,0.0,0.0008865178375452354,0.001395302949775069,0.03312156029362849,0,3
9278,0.6000000000000227,0.0,0.0,0.05791505791505792,0.0,0.6000000000000001,0.5588235294117647,0.0,0.0,0.0,0.0,0.0,0.0,0.0,0.0,0.0,0.009770786935533304,0.0,0.0008043294090493882,9.89901386388269e-06,0.0,0.0,0.0,0.6541018551992723,0.4957962647169147,0.580754716981132,0.2450980392156863,0.3913891224606686,0.019362115420765713,0.020202020202020204,0.29999999999999716,0.0,1.0,0.0,0.45,0.0,0.0,0.0,0.0,0.0,0.0,0.0036354330375410375,0.0,0.0,2.491684578314363e-05,0.0018333352546189626,0.03312156029362849,1,2
12460,0.8000000000000114,0.0,0.0,0.02316602316602317,0.0,0.6000000000000001,0.029411764705882346,0.0,0.0,0.0,0.0,0.0,0.0,0.0,0.0,0.0,0.009770786935533304,0.0,0.0008043294090493882,9.89901386388269e-06,0.0007457787404979184,0.0,0.0,0.6540177624521726,0.4938967418872923,0.20339622641509433,0.24497549019607845,0.39068840712170516,0.13327902750798926,0.020202020202020204,1.0,0.0,1.0,0.0,0.05,0.00021385656821029615,0.0,0.0,0.0,0.0,0.0,0.0036354330375410375,0.0,0.0,0.0013226905486361993,0.0010825576210823542,0.03312156029362849,1,2
2803,0.4000000000000341,1.0,1.0,0.10231660231660232,0.0,0.6000000000000001,0.2941176470588235,0.0,0.0,0.0,0.0,0.0,0.0,0.0,0.0,0.0,0.009770786935533304,0.0,0.0008043294090493882,9.89901386388269e-06,0.0002798025909575322,0.00020426216525374255,0.0,0.6540613189778873,0.49394846932507314,0.580754716981132,0.24497549019607845,0.40287476084280827,0.13415627545585562,0.24242424242424243,0.6499999999999986,0.0,1.0,1.0,0.4,7.882570754864126e-05,0.0,0.0,0.0,0.0,0.0,0.0036354330375410375,0.0,0.00012833675564681725,0.0005653105319465173,0.0010974358432571652,0.03312156029362849,0,4
5221,0.6000000000000227,1.0,0.0,0.10424710424710425,0.0,0.6000000000000001,0.029411764705882346,0.0,0.0,0.0,0.0,0.0,0.0,0.0,0.0,0.0,0.009770786935533304,0.0,0.0008043294090493882,9.89901386388269e-06,0.0,4.9943678322823136e-05,0.0,0.6541072583501073,0.4940022921320561,0.2788679245283019,0.059436274509803926,0.3931256778659258,0.03935083651857886,0.24242424242424243,1.0,0.0,0.0,0.0,0.5,0.0,0.0,0.0,0.0,0.0,0.0,0.0036354330375410375,0.008942331078338698,0.0,2.9009962133557364e-05,0.0010891159312258027,0.03312156029362849,0,3
1367,0.4000000000000341,1.0,0.0,0.15830115830115832,0.0,0.6000000000000001,0.1764705882352941,0.0,0.0,0.0,0.0,0.0,0.0,0.0,0.0,0.0,0.010213752753769081,0.0,0.0008876520534946038,9.89901386388269e-06,0.005736314616684911,0.002149572590975817,0.0,0.6541075518987729,0.4940018181702562,0.5584905660377358,0.23982843137254906,0.4021192069120999,0.13102324707061846,0.25252525252525254,0.0,0.0,1.0,0.0,0.4,1.079432219467226e-05,0.0,0.0,0.0,0.0,0.0,0.0036354330375410375,0.0,0.0,0.0005326935110291579,0.001186366774660268,0.03312156029362849,0,3
4710,0.4000000000000341,1.0,0.0,0.06756756756756757,0.2962962962962963,0.6000000000000001,0.5,0.0,0.0,0.0,0.0,1.0,0.0,0.0,0.0,0.0,0.009770786935533304,0.0,0.0008053742559851601,9.89901386388269e-06,0.0005350230421410176,0.00035957786373187306,0.0,0.6540891444757851,0.4939826427083782,0.580754716981132,0.24485294117647063,0.39096260008043,0.13315370637257973,0.020202020202020204,0.29999999999999716,0.0,0.0,0.0,0.6,0.0,0.0,0.0,0.0,0.0,1.8069400229625938e-07,0.003635446780266422,0.0,0.00013254620123203287,0.00019142993531341248,0.0010831365273106935,0.03312156029362849,0,0
569,0.6000000000000227,1.0,0.0,0.03861003861003861,0.537037037037037,0.6000000000000001,0.5,0.0,0.0,0.0,0.0,1.0,0.0,0.0,0.0,0.0,0.009770786935533304,0.0,0.0008043294090493882,9.89901386388269e-06,0.006448112163965764,0.0014821056620425135,0.0,0.6541162241745335,0.49401244019375523,0.47547169811320755,0.241421568627451,0.3994747681546205,0.13171251331537065,0.020202020202020204,0.14999999999999858,0.0,1.0,0.0,0.85,0.0,0.0,2.117058196417635e-06,0.0,0.0,7.589148096442893e-07,0.003648746204594964,0.0,0.0,0.00010534658206877357,0.0010951349896475197,0.03312156029362849,0,0
10314,0.8000000000000114,0.0,0.0,0.10231660231660232,0.0,0.6000000000000001,0.0,0.0,0.0,0.0,0.0,0.0,0.0,0.0,0.0,0.0,0.009770786935533304,0.0,0.0008043294090493882,9.89901386388269e-06,0.0,0.0,0.0,0.6533306876138877,0.4930859970396012,0.5556603773584906,0.2421568627450981,0.4020643683203549,0.13202581615389436,0.020202020202020204,0.14999999999999858,0.0,1.0,0.0,0.35000000000000003,4.993901513459695e-05,0.0,0.0,0.0,8.25618831834967e-05,0.0,0.0036486382260383712,0.0,0.0,0.01203102479865705,0.0011338301050359842,0.03312156029362849,1,2
9010,0.4000000000000341,0.0,0.0,0.03474903474903475,0.0,0.6000000000000001,0.0,0.0,0.0,0.0,0.0,0.0,0.0,0.0,0.0,0.0,0.009770786935533304,0.0,0.0014889224782053897,9.89901386388269e-06,0.007245585698400281,0.001665592586729358,0.0,0.653834226947047,0.49369759408551445,0.580754716981132,0.21323529411764708,0.4012235099135988,0.11742590387868916,0.020202020202020204,0.3999999999999986,0.0,1.0,0.0,0.35000000000000003,0.0,0.0,0.0,0.0,0.0,0.00039698472304488185,0.0036440092834795694,0.0,0.0,0.0034307733789852245,0.0011013754689205074,0.03312156029362849,1,2
2654,0.6000000000000227,1.0,0.0,0.06756756756756757,0.0,0.6000000000000001,0.1764705882352941,0.0,0.0,0.0,0.0,0.0,0.0,0.0,0.0,0.0,0.009770786935533304,0.0,0.0008043294090493882,9.89901386388269e-06,0.0,0.0,1.0765454478667207e-05,0.654111742753256,0.49400743972208755,0.3039622641509434,0.13700980392156864,0.39393607038837913,0.0785136913340435,0.25252525252525254,0.29999999999999716,0.0,0.0,0.0,0.05,0.0,0.00011543291865091088,0.0,0.0,0.0,0.0,0.0036431607683493996,0.005750958473770077,0.0,4.0035794302484374e-05,0.001086006918771492,0.03312156029362849,0,3
1738,0.0,0.0,0.0,0.0,0.0,0.0,0.7941176470588235,0.3333333333333333,0.0,0.0,0.0,0.0,0.0,0.0,0.0,0.0,0.009770786935533304,0.0,0.0008043294090493882,9.89901386388269e-06,0.0,0.0,0.0,0.654103427639416,0.49399780405152344,0.20339622641509433,0.2410539215686275,0.39068840712170516,0.13215113728930386,0.020202020202020204,0.6999999999999957,0.0,1.0,0.0,0.35000000000000003,0.0,0.0,0.0,0.0,0.0,0.0,0.0036354330375410375,0.0,0.0,6.139674525620606e-07,0.0010825576210823542,0.03312156029362849,0,2
442,0.4000000000000341,0.0,0.0,0.02316602316602317,0.0,1.0,0.029411764705882346,0.0,0.0,0.0,0.0,0.0,0.0,0.0,0.0,0.0,0.009770786935533304,0.0,0.0008043294090493882,9.89901386388269e-06,0.0,0.0,0.0,0.6540106715621696,0.49400430753718716,0.580754716981132,0.2450980392156863,0.3979514739394826,0.13334168807569396,0.020202020202020204,0.0,0.0,0.0,0.0,0.25000000000000006,0.0,0.0,0.00010635697129621929,0.0,0.0,3.812643448451073e-05,0.0036543406717743526,0.0,0.0,0.0,0.0011239638655194542,0.03312156029362849,0,2
6149,0.6000000000000227,0.0,1.0,0.03861003861003861,0.0,0.6000000000000001,0.23529411764705882,0.0,0.0,0.0,0.0,0.0,0.0,0.0,0.0,0.0,0.009770786935533304,0.0,0.0008043294090493882,9.89901386388269e-06,0.0,0.0,0.00030004082825796526,0.6541080008360664,0.4940379720229332,0.4615094339622642,0.16887254901960785,0.3987496801082149,0.09499342064039101,0.020202020202020204,0.9499999999999957,0.0,1.0,0.0,0.45,5.528186517686554e-05,0.0,4.899477540280813e-05,0.0002135991456034176,0.0,1.7274346619522395e-05,0.003712521088663649,0.0,0.0,0.00037897141009393193,0.0012517780233767418,0.03312156029362849,0,4
4741,0.4000000000000341,0.0,0.0,0.02316602316602317,0.0,0.6000000000000001,0.47058823529411764,0.0,0.0,0.0,0.0,0.0,0.0,0.0,0.0,0.0,0.009770786935533304,0.0,0.0008043294090493882,9.89901386388269e-06,0.0,4.545622636037314e-05,0.0,0.6540964533737136,0.49398963296562026,0.20339622641509433,0.2450980392156863,0.39068840712170516,0.1342189360235604,0.25252525252525254,0.3500000000000014,0.0,0.0,0.0,0.35000000000000003,0.0,0.0,0.0,0.0,0.0,0.0,0.0036354330375410375,7.275588077211136e-05,0.0,0.0001223074329458005,0.0010825576210823542,0.03312156029362849,0,2
10430,0.6000000000000227,0.0,1.0,0.0694980694980695,0.0,0.6000000000000001,0.2647058823529412,0.0,0.0,0.0,0.0,0.0,0.0,0.0,0.0,0.0,0.1948084628834781,0.0007716888498703289,0.0008370783428571652,9.89901386388269e-06,0.0,0.0010552160188738906,0.008983347668786505,0.6513406645537714,0.4929894691487399,0.580754716981132,0.24497549019607845,0.39943211591659666,0.13227645842471336,0.030303030303030304,0.14999999999999858,0.0,1.0,0.0,0.10000000000000002,0.00025277722804806723,0.0,0.0,0.0,0.0031464138036957643,0.0,0.004364536448896818,0.0,0.0,0.0,0.0023657881616244627,0.03894083135584402,1,4
8561,0.6000000000000227,1.0,0.0,0.06756756756756757,0.2962962962962963,0.6000000000000001,0.5,0.0,0.0,0.0,0.0,1.0,0.0,0.0,0.0,0.0,0.009770786935533304,0.0,0.0008043294090493882,9.89901386388269e-06,0.0003018542163430741,0.00018174180447922496,0.0,0.6541162480295041,0.4940123349983025,0.3960377358490566,0.22034313725490198,0.3969095406963283,0.11930572090983146,0.24242424242424243,0.14999999999999858,0.0,0.0,1.0,0.55,0.0,0.0013666921151747188,0.0,0.0,0.0,0.0,0.003636328670586811,0.006825073159436481,0.0,5.4771013163973825e-05,0.0010880316778788817,0.03312156029362849,0,0
5189,0.6000000000000227,1.0,1.0,0.19305019305019305,0.0,0.6000000000000001,0.23529411764705882,0.0,0.0,0.0,0.0,0.0,0.0,0.0,0.0,0.0,0.010507141984811633,0.0,0.0008043294090493882,9.945573642792567e-05,0.0,0.00221297862518599,0.0,0.6539900956560929,0.49416271636197984,0.580754716981132,0.2450980392156863,0.39333284587918455,0.1312112287737327,0.020202020202020204,0.44999999999999574,0.0,1.0,0.0,0.25000000000000006,1.841823654977726e-05,0.0,0.0,0.0,0.0002735106935794511,0.0,0.0038260285400031208,0.0,0.0,0.002431643677849231,0.0011341160140286258,0.03312156029362849,0,4
6390,1.0,1.0,0.0,0.08687258687258688,0.0,0.6000000000000001,0.1764705882352941,0.0,0.0,0.0,0.0,0.0,0.0,0.0,0.0,0.0,0.009770786935533304,0.0038948031804418456,0.0008620299114726144,1.1164225247303279e-05,0.007230041110013751,0.002050100739141509,0.0,0.6460741602914352,0.4959341941996608,0.580754716981132,0.2450980392156863,0.3908163638357767,0.12174948305031646,0.030303030303030304,0.5,1.0,1.0,0.0,0.10000000000000002,0.02098855475302146,0.0,0.01598963649606706,0.0697089162260635,0.0,0.00041671650809563336,0.004264803920184192,0.0,0.0,0.0008281397655974594,0.0026865483600564607,0.0331877224204231,0,3
8087,0.6000000000000227,0.0,1.0,0.0694980694980695,0.0,0.4,0.23529411764705882,0.0,0.0,0.0,0.0,0.0,0.0,0.0,0.0,0.0,0.009937399511930949,0.0,0.0015151684094427654,9.89901386388269e-06,0.0,0.0026409485808640922,0.0006839869562708761,0.6540560009760447,0.49370614946476893,0.5783018867924529,0.2450980392156863,0.40330737639990744,0.1322137978570086,0.020202020202020204,0.5,0.0,1.0,0.0,0.4,0.0,0.0,0.0,0.0,0.0,0.0001629498512707667,0.0038830082353431073,0.0,0.0,0.0016826033857235173,0.0017319967255071088,0.03678407400126241,0,4
336,0.6000000000000227,0.0,0.0,0.10231660231660232,0.0,0.4,0.5294117647058824,0.0,0.0,0.0,0.0,1.0,0.0,0.0,0.0,0.0,0.010609177326513019,0.0,0.0008043294090493882,9.89901386388269e-06,0.0,0.0,0.0,0.6540782387784047,0.4941651727340271,0.5715094339622642,0.2422794117647059,0.3960504027589905,0.12619838335735323,0.24242424242424243,0.5,0.0,1.0,0.0,0.25000000000000006,0.00023877855360441053,0.0,0.0,0.0,0.0,0.0,0.0036509807717424866,0.0,0.0,0.00040769997047839835,0.0011350937950253054,0.03312156029362849,0,1
10990,0.6000000000000227,1.0,1.0,0.33976833976833976,0.0,0.8,0.23529411764705882,0.0,0.0,0.0,0.0,0.0,0.0,0.0,0.0,0.0,0.016641046214409812,0.0,0.000985852070726781,9.89901386388269e-06,0.06493914474397701,0.1312704350460026,2.066097324188656e-06,0.6496285956349485,0.4955338552423666,0.580754716981132,0.2450980392156863,0.39455148125129486,0.11798984898803185,0.030303030303030304,0.3999999999999986,1.0,1.0,0.0,0.5,0.0011671785178107097,0.0,0.00974300425679916,0.028654808837554776,0.001583278669019177,0.0,0.003874390761228422,0.0,0.03290623716632444,0.00864026163199712,0.0026961234363582233,0.03312284008285574,1,4
462,1.0,0.0,0.0,0.03474903474903475,0.0,0.6000000000000001,0.029411764705882346,0.0,0.0,0.0,0.0,0.0,0.0,0.0,0.0,0.0,0.009770786935533304,1.91506374739805e-05,0.0008043294090493882,9.89901386388269e-06,0.004917150958920352,0.0062153702708800515,0.0,0.6536834996467977,0.49363723324528364,0.580754716981132,0.2450980392156863,0.394155424755359,0.08346387618271824,0.020202020202020204,0.5,0.0,1.0,0.0,0.10000000000000002,0.0,0.0,0.0,0.0,0.0,0.00016833453253919521,0.003687308292023918,0.0,0.0,0.0075258083776882185,0.0012043353221031505,0.03325172180263213,0,2
10428,0.8000000000000114,1.0,0.0,0.06756756756756757,0.0,0.6000000000000001,0.6470588235294117,0.0,0.0,0.0,0.0,1.0,0.0,0.0,0.0,0.0,0.009770786935533304,0.0,0.0008043294090493882,9.89901386388269e-06,0.0,0.00019445625170616662,0.0,0.6541014271350782,0.493994140454908,0.580754716981132,0.2450980392156863,0.39068840712170516,0.1342189360235604,0.24242424242424243,0.14999999999999858,0.0,0.0,0.0,0.55,0.0,0.0,0.0,0.0,0.0,0.0,0.0036354330375410375,0.0024197123022393595,9.168377823408625e-05,0.0,0.0010827598590660535,0.033138425733057315,1,0
5878,0.8000000000000114,0.0,0.0,0.03474903474903475,0.0,0.6000000000000001,0.0,0.0,0.0,0.0,0.0,0.0,0.0,0.0,0.0,0.0,0.009770786935533304,0.0,0.0008043294090493882,9.89901386388269e-06,0.0,0.0,0.0,0.6539634970325845,0.49383386062612233,0.580754716981132,0.15490196078431376,0.40287476084280827,0.08810075819286925,0.04040404040404041,0.25,0.0,1.0,0.0,0.35000000000000003,8.350324716633258e-07,0.0,0.0011225449055766842,0.0,0.0,0.0007601073900594447,0.0036354330375410375,0.0,0.0013520277207392198,0.0,0.0010831524386814698,0.03312156029362849,0,2
1142,0.8000000000000114,1.0,0.0,0.10231660231660232,0.0,0.6000000000000001,0.029411764705882346,0.0,0.0,0.0,0.0,0.0,0.0,0.0,0.0,0.0,0.009770786935533304,0.0,0.0008043294090493882,9.89901386388269e-06,0.0,0.0,4.4366721487840615e-06,0.6540628095822292,0.4939586519343564,0.580754716981132,0.2450980392156863,0.4022654431567531,0.13390563318503665,0.25252525252525254,0.6499999999999986,0.0,1.0,0.0,0.8,0.0005465932470815394,0.0,0.0,0.0,0.0,0.0,0.0036354330375410375,0.0,0.0,0.0006330004435914845,0.0011098961814597047,0.03312156029362849,0,3
5054,0.0,0.0,0.0,0.06756756756756757,0.0,0.8,0.5588235294117647,0.0,0.0,0.0,0.0,0.0,0.0,0.0,0.0,0.0,0.009770786935533304,0.0,0.0008043294090493882,9.89901386388269e-06,0.0006047929388526503,0.001451607608890307,0.0,0.6541051276373884,0.49399979577797326,0.3920754716981132,0.1959558823529412,0.3967815839822567,0.10909204837395829,0.24242424242424243,0.6499999999999986,0.0,0.0,0.0,0.55,0.0,0.004265761481948415,0.0,0.0,0.0,0.0,0.0036354330375410375,0.0024868299884293434,0.0,0.0004223328614311275,0.001083480084042316,0.03312156029362849,0,2
10594,0.4000000000000341,1.0,0.0,0.06756756756756757,0.2962962962962963,0.6000000000000001,0.5,0.0,0.0,0.0,0.0,1.0,0.0,0.0,0.0,0.0,0.009770786935533304,0.0,0.0008043294090493882,9.89901386388269e-06,0.0,0.0,0.0,0.6540981821964421,0.49399147175107977,0.20339622641509433,0.2450980392156863,0.39068840712170516,0.13058462309668528,0.23232323232323235,0.10000000000000142,0.0,0.0,1.0,0.75,0.0,0.0,0.0,0.0,0.0,0.0,0.0036354330375410375,7.4146120532088e-05,0.0,8.163208921356398e-05,0.0010825576210823542,0.03312156029362849,1,0
6298,0.6000000000000227,0.0,0.0,0.0694980694980695,0.0,0.6000000000000001,0.5588235294117647,0.0,0.0,0.0,0.0,0.0,0.0,0.0,0.0,0.0,0.009907135047010376,3.470030038020399e-06,0.0008043294090493882,9.89901386388269e-06,0.0,0.0002967535362575731,0.0,0.6537715566261602,0.4942917360616031,0.580754716981132,0.24497549019607845,0.3979027285245982,0.09894103640578984,0.030303030303030304,0.14999999999999858,1.0,1.0,0.0,0.45,0.0,0.0,0.0,0.0,0.0,0.0010834773765688304,0.0038803743438608406,0.0,0.0,0.002332667008100789,0.0017603877164898277,0.03312156029362849,0,2
576,1.0,1.0,0.0,0.03861003861003861,0.537037037037037,0.6000000000000001,0.5,0.0,0.0,0.0,0.0,1.0,0.0,0.0,0.0,0.0,0.009770786935533304,0.0,0.0008043294090493882,9.89901386388269e-06,0.0016701394964131766,0.0114371023359265,0.0,0.6541106225635962,0.4940062336620447,0.3392452830188679,0.13651960784313727,0.3950754944613023,0.07870167303715773,0.020202020202020204,0.5,0.0,1.0,0.0,0.75,3.8560849097948706e-06,0.0,0.0,0.0,0.0,0.0,0.0036354330375410375,0.0,0.0,0.003625528971333348,0.0010975420677667405,0.03312156029362849,0,0
6798,0.8000000000000114,0.0,0.0,0.06756756756756757,0.0,0.4,0.029411764705882346,0.0,0.0,0.0,0.0,0.0,0.0,0.0,0.0,0.0,0.009770786935533304,0.0,0.0008043294090493882,9.89901386388269e-06,0.0004197038864362983,0.00047724882630278417,0.0,0.6540705674174511,0.49395930484487843,0.5809433962264151,0.2450980392156863,0.40288085401966883,0.1342189360235604,0.020202020202020204,0.9499999999999957,0.0,1.0,0.0,0.55,0.0,0.0,0.0,0.0,0.0,0.0,0.0036354330375410375,0.0,0.0,0.0006549753619977683,0.0010828986498391804,0.03312156029362849,0,2
5841,0.6000000000000227,1.0,0.0,0.15830115830115832,0.4444444444444444,0.6000000000000001,0.5,0.0,0.0,0.0,0.0,1.0,0.0,0.0,0.0,0.0,0.009873875739464645,0.0,0.0008043294090493882,9.89901386388269e-06,0.14940120799526865,0.03434363328210159,0.0,0.6535656527789745,0.493366264121555,0.3330188679245283,0.16372549019607843,0.3948744196249041,0.09217369509367755,0.020202020202020204,0.44999999999999574,0.0,1.0,0.0,0.75,0.00016718300526163464,0.0,0.0,0.0,0.0,0.0026442398908030004,0.0036746724450068,0.0,0.0,0.010519897406038677,0.0012432635564223352,0.03312156029362849,0,0
2385,0.20000000000004547,0.0,0.0,0.0,0.0,0.0,0.7941176470588235,0.4444444444444444,0.0,0.0,0.0,0.0,0.0,0.0,0.0,0.0,0.013705393117114224,0.0,0.0009855401761190877,1.0091325994162619e-05,0.0,0.0,0.0,0.6538574434658385,0.4945135183535954,0.580754716981132,0.24497549019607845,0.396641440914464,0.10859076383232034,0.020202020202020204,0.44999999999999574,1.0,1.0,0.0,0.25000000000000006,0.0,0.0,0.0,0.0,0.0,0.0022488452749783255,0.004077925628613973,0.0,0.0,0.0028113569652816754,0.0014023980332335863,0.03319111535000231,0,2
10444,0.4000000000000341,0.0,1.0,0.10231660231660232,0.0,0.4,0.2647058823529412,0.0,0.0,0.0,0.0,0.0,0.0,0.0,0.0,0.0,0.009770786935533304,0.0,0.0008043294090493882,9.89901386388269e-06,0.0,0.015498412563868283,0.0,0.6539585839026034,0.4938274631122615,0.580754716981132,0.2450980392156863,0.40287476084280827,0.13434425715896986,0.020202020202020204,0.14999999999999858,0.0,1.0,0.0,0.8,0.0,0.0,0.0013549172457072865,0.0,0.0,0.000486536670582908,0.0036354330375410375,0.0,0.0,0.0070080547413380705,0.0009341804701192417,0.03312156029362849,1,4
6074,1.0,0.0,0.0,0.05791505791505792,0.0,0.4,0.0,0.0,0.0,0.0,0.0,0.0,0.0,0.0,0.0,0.0,0.023911831833115328,0.00096547584183638,0.0024732306706240896,0.0018495872171948907,0.06773102511860882,0.015569796290456146,0.0,0.6519751176462044,0.4944631483641473,0.580377358490566,0.2386029411764706,0.39492316503978847,0.13014599912275207,0.24242424242424243,0.29999999999999716,0.0,1.0,0.0,0.25000000000000006,0.0,0.0,0.0,0.0,0.0,0.0,0.004124964621709393,0.0,0.0,0.017208433252272577,0.0017162370332185416,0.03401493254102012,0,2
6528,0.20000000000004547,1.0,0.0,0.06756756756756757,0.0,0.4,0.1764705882352941,0.0,0.0,0.0,0.0,0.0,0.0,0.0,0.0,0.0,0.009770786935533304,0.0,0.0008043294090493882,9.89901386388269e-06,0.0,0.0,1.976928913355251e-05,0.6541039607317445,0.493998428625263,0.5086792452830189,0.2450980392156863,0.40054716728207757,0.1342189360235604,0.24242424242424243,0.6000000000000014,0.0,0.0,0.0,0.35000000000000003,0.0,0.0,0.0,0.0,0.0,0.0,0.0036354330375410375,0.0023997855323463608,0.0,2.205166433785401e-05,0.0010841526244743827,0.03312156029362849,0,3
8547,0.6000000000000227,1.0,0.0,0.06756756756756757,0.0,0.6000000000000001,0.029411764705882346,0.0,0.0,0.0,0.0,0.0,0.0,0.0,0.0,0.0,0.009770786935533304,0.0,0.0008043294090493882,9.89901386388269e-06,0.0003513799979466683,0.000170107669761762,0.0,0.6539070614733122,0.49375493181804864,0.580754716981132,0.2450980392156863,0.40287476084280827,0.1285794849301335,0.020202020202020204,0.7999999999999972,0.0,1.0,0.0,0.25000000000000006,0.0,0.0,0.0,0.0,0.0,0.0,0.0036354330375410375,0.0,0.0028234086242299797,0.00024648235022647723,0.0010888112359106557,0.03312156029362849,0,3
11045,0.20000000000004547,0.0,1.0,0.04247104247104247,0.0,0.6000000000000001,0.2647058823529412,0.0,0.0,0.0,0.0,0.0,0.0,0.0,0.0,0.0,0.009770786935533304,0.0,0.0008043294090493882,9.89901386388269e-06,0.0,0.0,0.0,0.6540602660459918,0.4939472357045981,0.20339622641509433,0.2450980392156863,0.39068840712170516,0.1342189360235604,0.020202020202020204,0.3999999999999986,0.0,1.0,0.0,0.10000000000000002,0.0,0.0,0.0,0.0,0.0,0.0,0.0036354330375410375,0.0,0.0,0.0006671523831402491,0.0010825576210823542,0.03312156029362849,1,4
223,0.4000000000000341,1.0,0.0,0.10424710424710425,0.5,0.2,0.5,0.0,0.0,0.0,0.0,1.0,0.0,0.0,0.0,0.0,0.04656129987607521,0.13682746371205176,0.025294590304990042,9.89901386388269e-06,0.0,0.0,0.009884709811954913,0.6296913875101631,0.501602161292514,0.580754716981132,0.2450980392156863,0.3968425157508622,0.1325271006955323,0.030303030303030304,0.3999999999999986,0.0,1.0,0.0,0.45,0.037254254101779634,0.0,0.0,0.0,0.0,0.02820817683726951,0.007011702618586484,0.0,0.0,0.048368816388428555,0.011705509315903443,0.04058033064356691,0,0
287,0.20000000000004547,0.0,0.0,0.10231660231660232,0.0,0.6000000000000001,0.5588235294117647,0.0,0.0,0.0,0.0,0.0,0.0,0.0,0.0,0.0,0.009770786935533304,0.0,0.0008043294090493882,9.89901386388269e-06,0.0,0.0,0.0,0.6540821486743454,0.49397688335438555,0.580754716981132,0.2450980392156863,0.40233856127907974,0.1336549909142177,0.020202020202020204,0.0,0.0,1.0,0.0,0.8,9.368656999149509e-07,0.0,0.0,0.0,8.82746959535396e-06,0.0,0.0036387693786151015,0.0,0.0,0.00016973641865621967,0.0010982496528690218,0.03312156029362849,0,2
4593,0.0,0.0,0.0,0.02316602316602317,0.0,0.6000000000000001,0.029411764705882346,0.0,0.0,0.0,0.0,0.0,0.0,0.0,0.0,0.0,0.009770786935533304,0.0,0.0008043294090493882,9.89901386388269e-06,0.0,0.0002900223583138981,0.0,0.6541001644782329,0.493993980914941,0.580754716981132,0.2450980392156863,0.40287476084280827,0.1342189360235604,0.25252525252525254,0.14999999999999858,0.0,0.0,0.0,0.85,0.0,7.04372090128509e-05,0.0,0.0,0.0,0.0,0.0036354330375410375,0.0021419732924129135,0.0,0.00015113832123902726,0.0010835985518808065,0.03312156029362849,0,2
3203,0.8000000000000114,1.0,0.0,0.03861003861003861,0.537037037037037,0.6000000000000001,0.5,0.0,0.0,0.0,0.0,1.0,0.0,0.0,0.0,0.0,0.009770786935533304,0.0,0.0008043294090493882,9.89901386388269e-06,0.0022221531351627266,0.0005108216150588916,6.763750187607074e-06,0.6541388343794896,0.49403759626943416,0.43150943396226416,0.2450980392156863,0.39809771018413587,0.13378031204962718,0.24242424242424243,0.25,0.0,1.0,0.0,0.35000000000000003,0.0003824312942580363,0.0,0.0,0.0,0.0,0.0,0.0036573872376674515,0.0,0.0,0.00047723178448105173,0.0011104421744475596,0.033136441563712746,0,0
10779,0.20000000000004547,0.0,0.0,0.04247104247104247,0.0,0.6000000000000001,0.0,0.0,0.0,0.0,0.0,0.0,0.0,0.0,0.0,0.0,0.009770786935533304,0.0,0.0008043294090493882,9.89901386388269e-06,0.00013845528725676333,0.00477498129189587,0.0,0.6540813992306866,0.49397199545349757,0.20339622641509433,0.23982843137254906,0.39068840712170516,0.1315245316122564,0.37373737373737376,0.5,0.0,1.0,0.0,0.55,0.0,0.0,0.0,0.0,0.0,4.336656055110225e-07,0.0036354330375410375,0.0,0.0,0.000926323394053009,0.0010825576210823542,0.03312156029362849,1,2
7888,0.4000000000000341,1.0,0.0,0.03861003861003861,0.537037037037037,0.6000000000000001,0.5,0.0,0.0,0.0,0.0,1.0,0.0,0.0,0.0,0.0,0.009770786935533304,0.0,0.0008043294090493882,9.89901386388269e-06,0.00018689656269385547,0.00013179812615640181,9.743280013015978e-06,0.6541308509160044,0.49401530725506076,0.2788679245283019,0.05723039215686275,0.3931256778659258,0.036719092674979636,0.24242424242424243,0.9499999999999957,0.0,1.0,1.0,0.45,7.866956326532211e-05,0.0,0.0,0.0,0.0,0.0,0.0036354330375410375,0.0,0.0,7.730873506843947e-05,0.001123884159961173,0.03312156029362849,0,0
10037,0.6000000000000227,0.0,0.0,0.03861003861003861,0.0,0.4,0.5588235294117647,0.0,0.16,0.17507171375074515,0.0,0.0,0.0,0.0,0.0,0.0,0.009770786935533304,0.0,0.0008043294090493882,9.89901386388269e-06,0.0,0.0,0.0,0.6528367890020306,0.49251369495929265,0.580754716981132,0.24473039215686276,0.40287476084280827,0.13403095432044615,0.020202020202020204,0.14999999999999858,0.0,1.0,0.0,0.75,0.0,0.0,6.361255818759657e-05,0.00020876459704037727,0.00010724436465844917,0.0,0.0036354330375410375,0.0,0.010266940451745381,0.009291220623576044,0.0011121749772500498,0.03312156029362849,1,2
10205,0.4000000000000341,0.0,1.0,0.33976833976833976,0.0,0.6000000000000001,0.32352941176470584,0.0,0.0,0.0,0.0,0.0,0.0,0.0,0.0,0.0,0.009770786935533304,0.0,0.0008043294090493882,9.89901386388269e-06,0.0,0.0,0.0,0.6540947822004973,0.4939876750104043,0.20339622641509433,0.2450980392156863,0.39068840712170516,0.1342189360235604,0.020202020202020204,0.14999999999999858,0.0,1.0,0.0,0.35000000000000003,1.5682317150750264e-06,0.0,0.0,0.0,2.034700438645416e-06,0.0,0.0036354330375410375,0.0,0.0,0.00013412630640762015,0.0010825576210823542,0.03312156029362849,1,4
7048,0.20000000000004547,0.0,1.0,0.03474903474903475,0.0,0.6000000000000001,0.23529411764705882,0.0,0.0,0.0,0.0,0.0,0.0,0.0,0.0,0.0,0.009770786935533304,0.0,0.0008043294090493882,9.89901386388269e-06,0.0,0.0,0.0,0.6548261772548744,0.49493382853172724,0.2788679245283019,0.1959558823529412,0.39300381432871473,0.10846544269691086,0.25252525252525254,0.6000000000000014,0.0,1.0,0.0,0.10000000000000002,0.000475296409541635,0.0,0.0,0.0,0.0,0.0,0.0036354330375410375,0.0,0.0,0.005536400339524001,0.001337762030121293,0.03312156029362849,0,4
8304,0.4000000000000341,1.0,1.0,0.10424710424710425,0.0,0.6000000000000001,0.2941176470588235,0.0,0.0,0.0,0.0,0.0,0.0,0.0,0.0,0.0,0.03169712840493102,4.9376999754850015e-05,0.0008043294090493882,1.7105657903846364e-05,0.0,0.0023063841067747642,0.011473973622113713,0.6506278959242647,0.4936535199080504,0.580754716981132,0.24411764705882358,0.39980989288195085,0.13340434864339873,0.030303030303030304,0.14999999999999858,0.0,1.0,0.0,0.10000000000000002,0.017401200943700745,0.0,0.0,0.0,0.0,0.0076845906684557775,0.004449441754867439,0.0,0.0,0.021223601318188123,0.003280405527021993,0.03325558101200732,0,4
6820,0.8000000000000114,0.0,0.0,0.06756756756756757,0.0,0.6000000000000001,0.5588235294117647,0.0,0.0,0.0,0.0,0.0,0.0,0.0,0.0,0.0,0.009770786935533304,0.0,0.0008043294090493882,9.89901386388269e-06,0.0,0.0,0.0,0.6540985463160625,0.49399200976177154,0.3920754716981132,0.2212009803921569,0.3967815839822567,0.12137351964408799,0.25252525252525254,0.3999999999999986,0.0,0.0,0.0,0.55,0.0,0.0,0.0,0.0,0.0,0.0,0.003639090958389099,0.0035125179891232275,0.0,0.00011670497994117169,0.0010838330587192577,0.03312156029362849,0,2
3631,0.6000000000000227,1.0,0.0,0.15830115830115832,0.0,0.6000000000000001,0.029411764705882346,0.0,0.0,0.0,0.0,0.0,0.0,0.0,0.0,0.0,0.009770786935533304,0.0,0.0008043294090493882,9.89901386388269e-06,0.08168572746504636,0.018777576534947486,0.00025797943641606147,0.6538227262006783,0.49432534038020826,0.580754716981132,0.241421568627451,0.39470381067280863,0.13215113728930386,0.030303030303030304,0.29999999999999716,0.0,1.0,0.0,0.25000000000000006,2.827569304453457e-05,0.0,0.0,0.0,0.0,0.001756923923126989,0.003704047716840853,0.0,0.0,9.291374115439184e-05,0.0012160384079338829,0.03312156029362849,0,3
3023,0.8000000000000114,1.0,0.0,0.10231660231660232,0.0,0.6000000000000001,0.029411764705882346,0.0,0.0,0.0,0.0,0.0,0.0,0.0,0.0,0.0,0.009770786935533304,0.0,0.0008043294090493882,9.89901386388269e-06,0.0,9.62309143058722e-05,0.0,0.6541054009755929,0.49399987418934393,0.38660377358490566,0.17205882352941176,0.39660488185330073,0.09662259540071434,0.25252525252525254,0.6000000000000014,0.0,0.0,0.0,0.35000000000000003,0.0,0.0,0.0,0.0,0.0,0.0,0.003648487056059142,0.016042053825912787,0.0,0.0002458683827739152,0.001094243457202712,0.03312156029362849,0,3
10832,1.0,0.0,0.0,0.15830115830115832,0.0,1.0,0.029411764705882346,0.0,0.0,0.0,0.0,0.0,0.0,0.0,0.0,0.0,0.011846543962897662,0.0,0.0016788974837512658,9.89901386388269e-06,0.02205993993281846,0.005071070020455302,0.0,0.6539359614388429,0.4937105742727599,0.580754716981132,0.24387254901960786,0.4023933998708247,0.11679929820164171,0.020202020202020204,0.29999999999999716,0.0,1.0,0.0,0.5,1.7841181589684716e-05,0.0,4.244197622342021e-05,0.0,0.0010179293263706303,0.0,0.00366464653786485,0.0,0.0,0.0025372972436442857,0.001166310318308223,0.03312156029362849,1,2
2850,0.6000000000000227,0.0,0.0,0.05791505791505792,0.0,0.6000000000000001,0.029411764705882346,0.0,0.0,0.0,0.0,0.0,0.0,0.0,0.0,0.0,0.01132301838299116,4.7358271588077144e-05,0.0008043294090493882,9.89901386388269e-06,0.027188208092151212,0.0064309341670021865,0.0,0.6540527166104434,0.4939209919622825,0.580754716981132,0.24473039215686276,0.40259447470722287,0.12970737514881886,0.020202020202020204,0.9499999999999957,0.0,1.0,0.0,0.8,0.0,0.0,0.0,0.0,0.0003457738622350349,0.0,0.004161038490545156,0.0,0.0,0.00039953931975476094,0.0012791007715195826,0.03315181887613315,0,2
1028,0.6000000000000227,1.0,0.0,0.06756756756756757,0.2962962962962963,0.6000000000000001,0.5,0.0,0.0,0.0,0.0,1.0,0.0,0.0,0.0,0.0,0.009889241238561563,0.0,0.0008043294090493882,9.89901386388269e-06,0.0,1.736810111392685e-05,1.5419610556313233e-05,0.654101573246773,0.4939952793606581,0.580754716981132,0.24375000000000005,0.40287476084280827,0.1319004950184849,0.24242424242424243,0.14999999999999858,0.0,0.0,1.0,0.4,0.0,0.00291231576727462,0.0,0.0,0.0,0.0,0.0036354330375410375,0.006206879879500197,0.0,5.0575568904799744e-05,0.0010863261375496842,0.03312156029362849,0,0
3760,0.0,0.0,0.0,0.06216216216216217,0.0,0.0,0.7941176470588235,0.3333333333333333,0.0,0.0,0.0,0.0,0.0,0.0,0.0,0.0,0.010336962686292568,0.0,0.0008043294090493882,9.89901386388269e-06,0.0,0.0,0.0,0.6540585511386627,0.49394487831720185,0.580754716981132,0.2450980392156863,0.40287476084280827,0.13359233034651294,0.020202020202020204,0.29999999999999716,0.0,1.0,0.0,0.85,0.0,0.0,0.0,0.0,0.0,2.1321892270958605e-06,0.0036354330375410375,0.0,0.0,0.000693629729531988,0.0010851070093121635,0.03312156029362849,0,2
10272,0.0,0.0,0.0,0.03474903474903475,0.0,0.6000000000000001,0.5588235294117647,0.0,0.0,0.0,0.0,0.0,0.0,0.0,0.0,0.0,0.010066493783481758,0.0,0.0008043294090493882,9.89901386388269e-06,0.0,0.0028548504577408755,0.0,0.6540879689558463,0.49397172140187534,0.580754716981132,0.2450980392156863,0.40287476084280827,0.13340434864339873,0.020202020202020204,0.14999999999999858,0.0,1.0,0.0,0.45,0.0,0.0,0.0,0.0,1.954877575283173e-05,0.0,0.0036354330375410375,0.0,0.0,0.001118188222978653,0.0012658907648696244,0.03312156029362849,1,2
250,0.20000000000004547,1.0,0.0,0.02316602316602317,0.0,0.6000000000000001,0.5588235294117647,0.0,0.0,0.0,0.0,0.0,0.0,0.0,0.0,0.0,0.009770786935533304,0.0,0.0008043294090493882,9.89901386388269e-06,0.0003839151829417302,0.004301305806970592,0.0,0.6540800742858627,0.49396450095679767,0.580754716981132,0.24497549019607845,0.40287476084280827,0.13039664139357104,0.020202020202020204,0.7999999999999972,0.0,1.0,0.0,0.35000000000000003,0.0,0.0,1.4113721309450902e-06,6.153061807505857e-06,0.0,1.915356424340349e-06,0.0036354330375410375,0.0,0.0,0.0016573795562140926,0.0011077849259597773,0.03312156029362849,0,3
12171,0.4000000000000341,0.0,0.0,0.03474903474903475,0.0,0.8,0.029411764705882346,0.0,0.0,0.0,0.0,0.0,0.0,0.0,0.0,0.0,0.009770786935533304,0.0,0.0008043294090493882,9.89901386388269e-06,0.0,0.0,0.0,0.5893471300552394,0.4177931397505185,0.580754716981132,0.2450980392156863,0.4271256047478035,0.1342189360235604,0.020202020202020204,0.7999999999999972,0.0,1.0,0.0,0.75,0.0,0.0,0.0,0.0,0.0,0.0,0.0036354330375410375,0.0,0.0,1.0,0.0011598839089673784,0.03741332850677526,1,2
1150,0.8000000000000114,1.0,0.0,0.05791505791505792,0.7037037037037037,0.6000000000000001,0.5,0.0,0.0,0.0,0.0,1.0,0.0,0.0,0.0,0.0,0.009770786935533304,0.002794847306565958,0.0008043294090493882,9.89901386388269e-06,0.03132017658652407,0.007199784269901953,0.0,0.6542757986869941,0.49427355044623594,0.39641509433962263,0.14142156862745098,0.3968364225740017,0.08102011404223323,0.030303030303030304,0.10000000000000142,0.0,1.0,0.0,0.45,0.0,0.0,0.00040949954256421113,0.0,0.0,0.0014689338222672109,0.0038635575671324557,0.0,0.0,0.0026084151402327245,0.001978157775609761,0.03312156029362849,0,0
3490,0.20000000000004547,0.0,1.0,0.03861003861003861,0.0,0.6000000000000001,0.6176470588235294,0.0,0.0,0.0,0.0,0.0,0.0,0.0,0.0,0.0,0.015308898076250048,0.0,0.0016749676116943326,9.89901386388269e-06,0.010444517387525866,0.006149886712613188,0.0,0.6541210223368091,0.49398897345612147,0.5469811320754717,0.23700980392156865,0.401777989007909,0.1277648975499718,0.020202020202020204,0.29999999999999716,0.0,1.0,0.0,0.85,0.0,0.0,0.0,0.0,0.0,0.0,0.0036979062891911605,0.0,0.0,0.0010563821660874056,0.001317407768424624,0.03339849576947317,0,4
265,0.20000000000004547,0.0,0.0,0.04247104247104247,0.0,0.6000000000000001,0.5588235294117647,0.0,0.0,0.0,0.0,0.0,0.0,0.0,0.0,0.0,0.009770786935533304,0.0,0.0008043294090493882,0.0001190108435700743,0.0003340278992826353,0.000273319064898112,0.0,0.6540853780409869,0.4939698554441586,0.3920754716981132,0.22561274509803925,0.39570918485479967,0.09981828435365626,0.25252525252525254,0.5,0.0,0.0,0.0,0.55,0.0,0.0006648431489511479,0.0,0.0,0.0,0.0,0.0036423032222854057,0.010996024145993094,0.00013257186858316224,8.805316548827553e-05,0.001085842303000937,0.03312156029362849,0,2
10238,0.4000000000000341,0.0,0.0,0.02316602316602317,0.0,0.8,0.0,0.0,0.0,0.0,0.0,0.0,0.0,0.0,0.0,0.0,0.019861796290052164,0.0,0.0008043294090493882,9.89901386388269e-06,0.0004619996269298787,0.005463306562358339,0.0,0.6537185170870043,0.49354682066498384,0.4271698113207547,0.24031862745098043,0.3979149148783193,0.13177517388307539,0.020202020202020204,0.14999999999999858,0.0,1.0,0.0,0.75,0.0,0.0,0.00020142296554487787,0.0,0.0,7.220532331758525e-05,0.0036354330375410375,0.0,0.0,0.007644764571622118,0.0010872594063626965,0.03312156029362849,1,2
4687,0.4000000000000341,0.0,0.0,0.06756756756756757,0.0,0.0,0.4411764705882353,0.0,0.0,0.0,0.0,0.0,0.0,0.0,0.0,0.0,0.009770786935533304,0.0,0.0008043294090493882,9.89901386388269e-06,7.338491726663957e-05,4.8281659077471283e-05,0.0,0.6540867301539717,0.4939773087942977,0.20339622641509433,0.2450980392156863,0.39068840712170516,0.12851682436242873,0.25252525252525254,0.9499999999999957,0.0,0.0,1.0,0.55,0.0,0.0,0.0,0.0,0.0,0.0,0.0036354330375410375,0.00041120202678420473,0.0,0.00026815028490647996,0.0010825576210823542,0.03312156029362849,0,2
289,0.20000000000004547,0.0,0.0,0.02316602316602317,0.0,0.6000000000000001,0.029411764705882346,0.0,0.0,0.0,0.0,0.0,0.0,0.0,0.0,0.0,0.01744692977086519,0.0007070568124011628,0.0010902431959216663,2.2095651600057166e-05,0.13069022310460857,0.034455985783087374,0.0,0.6532656370970481,0.49478510816931265,0.580754716981132,0.24436274509803926,0.39427119511570946,0.09236167679679179,0.020202020202020204,0.0,1.0,1.0,0.0,0.25000000000000006,0.0,0.0,0.007664456357097312,0.03341420214566056,0.0,0.0025206813320328182,0.004321773013993168,0.0,0.0,0.008361008768990142,0.0016289020965701325,0.033293205823203685,0,2
8105,0.8000000000000114,1.0,0.0,0.08687258687258688,0.0,0.6000000000000001,0.029411764705882346,0.0,0.0,0.0,0.0,0.0,0.0,0.0,0.0,0.0,0.01564006145296671,0.0005759486020023731,0.0016482538385454173,0.0022554872723783504,0.1867002670777186,0.060931786159617835,0.0,0.6473765293675922,0.5000921205507499,0.580377358490566,0.24117647058823533,0.39316833010394964,0.0884767215990977,0.030303030303030304,0.3500000000000014,1.0,1.0,0.0,0.2,0.017436122952109168,0.0,0.0,0.0,0.01031702683186076,0.0,0.008374713975208793,0.0,0.0,0.03942481994125355,0.004644271276184872,0.0337312905727908,0,3
3329,0.6000000000000227,1.0,0.0,0.10231660231660232,0.4444444444444444,0.2,0.5,0.0,0.0,0.0,0.0,1.0,0.0,0.0,0.0,0.0,0.009770786935533304,0.0,0.0008043294090493882,9.89901386388269e-06,0.0,0.0,0.0,0.6540587340267705,0.49394519894983635,0.3983018867924528,0.23799019607843142,0.3969826588186549,0.13052196252898052,0.020202020202020204,0.14999999999999858,0.0,1.0,0.0,0.55,0.0,0.0,0.0,0.0,0.0,0.0,0.003649094877170434,0.0,0.0017967145790554417,7.093882274810809e-05,0.0011105458214142054,0.03312156029362849,0,0
9886,0.4000000000000341,0.0,0.0,0.03474903474903475,0.0,0.6000000000000001,0.029411764705882346,0.0,0.0,0.0,0.0,0.0,0.0,0.0,0.0,0.0,0.009770786935533304,0.0,0.0008043294090493882,9.89901386388269e-06,0.0,0.004306458066631182,0.0,0.6540653524558285,0.4939531949687684,0.20339622641509433,0.2373774509803922,0.39068840712170516,0.13027132025816157,0.05050505050505051,0.7999999999999972,0.0,1.0,0.0,0.85,0.0,0.0,6.1495499991178925e-06,2.6809769304132662e-05,0.0,2.7826876353623944e-06,0.0036354330375410375,0.0,0.0,0.001895880329557263,0.0010825576210823542,0.03312156029362849,1,2
1658,0.4000000000000341,0.0,0.0,0.10424710424710425,0.0,0.6000000000000001,0.5588235294117647,0.4444444444444444,0.0,0.0,0.0,0.0,0.0,0.0,0.0,0.0,0.03716349876778781,1.3159925238530191e-05,0.0008731645489672585,0.00011146006203382021,0.1867002670777186,0.07889887900956949,0.0,0.6531235658379266,0.4974265085372037,0.58,0.2442401960784314,0.39302818703615694,0.050003133028385244,0.030303030303030304,0.3999999999999986,1.0,1.0,0.0,0.25000000000000006,0.0,0.0,0.06545500369225031,0.0,0.0,0.023466549384212908,0.004734690867389327,0.0,0.0,0.01205855100611358,0.003309247934994307,0.0354629495661455,0,2
9738,0.6000000000000227,1.0,1.0,0.31660231660231664,0.0,0.8,0.23529411764705882,0.0,0.0,0.0,0.0,0.0,0.0,0.0,0.0,0.0,0.009770786935533304,0.0,0.0009524793477036176,9.89901386388269e-06,0.0,0.0,0.0,0.6533739174590333,0.4941779704789745,0.580754716981132,0.2450980392156863,0.4010346214309217,0.13340434864339873,0.020202020202020204,0.3999999999999986,0.0,1.0,0.0,0.2,0.0005109651949572375,0.0,9.617492949440114e-05,0.0,0.00023638523634509015,0.0,0.003700485995070483,0.0,0.0,0.008624093822412984,0.0021514360731334477,0.03312156029362849,1,4
5668,0.0,1.0,0.0,0.06756756756756757,0.2962962962962963,0.6000000000000001,0.5,0.0,0.0,0.0,0.0,1.0,0.0,0.0,0.0,0.0,0.009861715775438875,0.0,0.0008043294090493882,9.89901386388269e-06,0.0,0.00043079538839519994,0.0,0.6541007724486636,0.49399469321625367,0.39264150943396225,0.19399509803921572,0.39679986351283836,0.1080894792906824,0.24242424242424243,0.5,0.0,0.0,0.0,0.55,0.0,0.0016831339049190191,0.0,0.0,0.0,0.0,0.0036354330375410375,0.0027203902681054207,0.0,0.00018557166253688282,0.0010832915268633963,0.03312156029362849,0,0
6290,0.0,1.0,0.0,0.03861003861003861,0.0,0.6000000000000001,1.0,0.0,0.0,0.0,0.0,1.0,0.0,0.0,0.0,0.0,0.009770786935533304,0.0,0.0008043294090493882,9.89901386388269e-06,0.0020385100909683773,0.00046395267233996935,0.0,0.6540664991510112,0.4939535513135123,0.27999999999999997,0.10232843137254903,0.39316223692708907,0.06096873237671534,0.25252525252525254,0.6999999999999957,0.0,1.0,0.0,0.45,0.0,0.0,0.0,0.0,0.0,0.0,0.0036354330375410375,0.0,0.0005236139630390144,0.00016531073660233482,0.0011031031662052718,0.03312156029362849,0,0
125,0.20000000000004547,0.0,0.0,0.03581081081081081,0.0,0.0,0.7941176470588235,0.3333333333333333,0.0,0.0,0.0,0.0,0.0,0.0,0.0,0.0,0.00997597127900774,0.0,0.0008043294090493882,9.89901386388269e-06,0.0026892137908696148,0.0006181880583086212,0.0,0.6541047456265402,0.4939991432556263,0.3956603773584906,0.18394607843137256,0.3968973543426072,0.10270067046807446,0.020202020202020204,0.3999999999999986,0.0,1.0,0.0,0.55,0.0,0.0,1.0081229506750644e-07,0.0,0.0,0.0,0.0036467275945606266,0.0,0.0,0.00012258883469489144,0.001093848993998232,0.03313436810674768,0,2
7707,0.6000000000000227,1.0,0.0,0.03861003861003861,0.0,0.6000000000000001,0.5588235294117647,0.0,0.0,0.0,0.0,0.0,0.0,0.0,0.0,0.0,0.009770786935533304,0.0,0.0008043294090493882,9.89901386388269e-06,0.0011069192939431054,0.000734280102596448,0.0,0.6541059599108062,0.49399995609429054,0.3920754716981132,0.19718137254901963,0.3967815839822567,0.10821480042609187,0.25252525252525254,0.0,0.0,1.0,0.0,0.55,6.674149779611508e-05,0.0,0.0,0.0,0.0,0.0,0.003639453373689954,0.0,0.0,0.0003460729874274815,0.001090586419467083,0.03312156029362849,0,3
7675,0.6000000000000227,0.0,0.0,0.31660231660231664,0.0,0.2,0.0,0.0,0.0,0.0,0.0,0.0,0.0,0.0,0.0,0.0,0.010459344898492519,0.0,0.0008074951393174733,1.975754096349592e-05,0.11819851957678232,0.027171106127823405,0.0,0.6542150751967614,0.49414842142566295,0.3950943396226415,0.18161764705882355,0.3965866023227191,0.09787580675480921,0.020202020202020204,0.6000000000000014,0.0,1.0,0.0,0.05,0.0,0.0,3.2663183601872084e-05,0.0,0.0,1.2287192156145636e-05,0.004098808681458988,0.0,0.0,0.005839009547705527,0.00142337660556866,0.03312156029362849,0,2
1266,0.0,1.0,0.0,0.06756756756756757,0.2962962962962963,0.6000000000000001,0.5,0.0,0.0,0.0,0.0,1.0,0.0,0.0,0.0,0.0,0.009770786935533304,0.0,0.0008043294090493882,9.89901386388269e-06,0.0,0.0004757530089819675,0.0,0.6541137843411543,0.4940099380170459,0.4011320754716981,0.2450980392156863,0.3970740564715632,0.1342189360235604,0.24242424242424243,0.10000000000000142,0.0,0.0,0.0,0.35000000000000003,0.0,0.0,0.0,0.0,0.0,0.0,0.0036354330375410375,0.00398365479667087,0.0,0.0001708108616982033,0.0010866868944235477,0.03312156029362849,0,0
4120,0.0,1.0,0.0,0.31660231660231664,0.6666666666666666,0.6000000000000001,0.5,0.0,0.0,0.0,0.0,1.0,0.0,0.0,0.0,0.0,0.013693759884203432,1.2003248559190059e-05,0.0008043294090493882,0.0012049974432608364,0.022251174520178323,0.0051150304294948585,0.0,0.6539015016085734,0.49483449335852625,0.580754716981132,0.23713235294117652,0.3924676147649862,0.04499028761200577,0.030303030303030304,0.3999999999999986,1.0,1.0,0.0,0.25000000000000006,4.887994956078004e-07,0.0,0.0,0.0,0.0,0.00015492703756881277,0.004459628255571739,0.0,0.0,0.0027305434993381943,0.0015036811451724559,0.03312156029362849,0,0
8614,0.6000000000000227,1.0,0.0,0.06756756756756757,0.0,0.6000000000000001,0.0,0.0,0.0,0.0,0.0,0.0,0.0,0.0,0.0,0.0,0.009811119489480163,0.0,0.0008043294090493882,9.89901386388269e-06,0.0,0.0004768333214914462,0.0,0.6541058734365378,0.4940006121102134,0.3920754716981132,0.17046568627450984,0.3967815839822567,0.09587066858825743,0.24242424242424243,0.6000000000000014,0.0,0.0,1.0,0.5,0.0,0.002060551189032653,0.0,0.0,0.0,0.0,0.0036354330375410375,0.006376489130217348,0.0,0.00019800450345126456,0.0010867592143299735,0.03312156029362849,0,3
1124,0.20000000000004547,1.0,0.0,0.05791505791505792,0.7037037037037037,0.6000000000000001,0.5,0.0,0.0,0.0,0.0,1.0,0.0,0.0,0.0,0.0,0.009770786935533304,0.0,0.0008336163127117716,9.89901386388269e-06,0.0,0.0,0.0,0.6538677849269011,0.4961493414146297,0.55,0.23149509803921572,0.39247370794184677,0.07312488251143556,0.030303030303030304,0.3500000000000014,1.0,1.0,0.0,0.6,0.00013414830601680747,0.0,0.01971485242340156,0.0,0.00012461757609611386,0.0,0.005451623328495281,0.0,0.0,0.0,0.001577899659806501,0.03315998869340941,0,0
2877,0.0,0.0,0.0,0.33783783783783783,0.0,0.0,0.7941176470588235,0.3333333333333333,0.0,0.0,0.0,0.0,0.0,0.0,0.0,0.0,0.009770786935533304,0.0,0.0008043294090493882,9.89901386388269e-06,0.022594962974959474,0.005194059444611339,0.0,0.6540924126067538,0.49571763092191873,0.20339622641509433,0.2450980392156863,0.39068840712170516,0.011780186728491761,0.030303030303030304,1.0,1.0,1.0,0.0,0.6,0.0,0.0,0.0002915491573352286,0.00027117422394507955,0.0,0.0005181219821842942,0.0036354330375410375,0.0,0.0,0.00017070853378944295,0.0013747794129033188,0.03312156029362849,0,2
2234,0.0,1.0,0.0,0.10424710424710425,0.2962962962962963,0.6000000000000001,0.5,0.0,0.0,0.0,0.0,1.0,0.0,0.0,0.0,0.0,0.009770786935533304,0.0,0.0008043294090493882,9.89901386388269e-06,0.0012475435935328729,0.0003760318542608564,0.0,0.6541055623279632,0.49400030506370746,0.3920754716981132,0.18590686274509807,0.3967815839822567,0.10395388182216933,0.25252525252525254,0.10000000000000142,0.0,1.0,0.0,0.55,0.0,0.0,0.0,0.0,0.0,0.0,0.0036354330375410375,0.0,0.0,0.00013584029887935592,0.001086702607521791,0.03312156029362849,0,0
4988,0.6000000000000227,1.0,1.0,0.03861003861003861,0.0,0.6000000000000001,0.23529411764705882,0.0,0.0,0.0,0.0,0.0,0.0,0.0,0.0,0.0,0.009770786935533304,0.0,0.0008043294090493882,0.037622882390403345,0.02148876668512737,0.0049397705000725056,0.0,0.6538506494376916,0.4942523871396592,0.580754716981132,0.24117647058823533,0.3907066866522868,0.03953881822169309,0.24242424242424243,0.14999999999999858,0.0,1.0,1.0,0.25000000000000006,0.00012191474086284557,0.0,0.0,0.0,0.0,0.0,0.0037378453977036435,0.0,0.0,0.0010734197628960026,0.0012681692632511698,0.03312156029362849,0,4
7363,0.6000000000000227,0.0,0.0,0.10424710424710425,0.0,0.6000000000000001,0.029411764705882346,0.0,0.0,0.0,0.0,0.0,0.0,0.0,0.0,0.0,0.009770786935533304,0.0,0.0008043294090493882,9.89901386388269e-06,0.004471418924488005,0.0025749664168236235,0.0,0.6540684539333221,0.49392616711274623,0.580754716981132,0.2450980392156863,0.40287476084280827,0.10526975374396894,0.020202020202020204,0.6000000000000014,0.0,1.0,0.0,0.5,0.0,0.0,0.0,0.0,0.0,0.0,0.0036470527081782947,0.0,0.0,0.001016960339237483,0.0010919235694298948,0.03312156029362849,0,2
3393,0.6000000000000227,1.0,1.0,0.03474903474903475,0.0,0.6000000000000001,0.23529411764705882,0.0,0.0,0.0,0.0,0.0,0.0,0.0,0.0,0.0,0.009849691256556955,0.0,0.0012953762794014276,9.89901386388269e-06,0.0,0.0010084301771172359,5.795946704171335e-05,0.6541031612589112,0.49406277757649475,0.5747169811320755,0.2450980392156863,0.39484395374060133,0.055517262986402666,0.25252525252525254,0.14999999999999858,0.0,1.0,1.0,0.4,0.00018631407440917327,0.0,0.0,0.0,0.0,0.0,0.0036421057196891655,0.0,0.0,0.0005323097813713065,0.0012250335866446412,0.033257971936067526,0,4
11500,0.6000000000000227,1.0,0.0,0.015444015444015444,0.0,0.6000000000000001,0.029411764705882346,0.0,0.0,0.0,0.0,0.0,0.0,0.0,0.0,0.0,0.009770786935533304,0.0,0.0008043294090493882,9.89901386388269e-06,0.005538211490270534,0.00155747823481922,0.0,0.6537857854534691,0.49361737770062647,0.39358490566037735,0.17058823529411768,0.39683032939714113,0.09436681496334359,0.020202020202020204,0.6000000000000014,0.0,1.0,0.0,0.55,0.0,0.0,3.1251811470926994e-06,0.0,0.0,1.1203028142368081e-06,0.00364335709299775,0.0,0.0025667351129363453,0.0010350467971108738,0.001087600484687656,0.03312156029362849,1,3
4100,0.6000000000000227,1.0,0.0,0.03861003861003861,0.537037037037037,0.4,0.5,0.0,0.0,0.0,0.0,1.0,0.0,0.0,0.0,0.0,0.009770786935533304,0.0,0.0008043294090493882,9.89901386388269e-06,0.0019289749681516688,0.0009637218594172711,0.0,0.6541049951097742,0.4939996405079324,0.3022641509433962,0.1655637254901961,0.3938812317966342,0.09355222758318192,0.24242424242424243,0.29999999999999716,0.0,1.0,1.0,0.5,0.0,0.0,0.0,0.0,0.0,0.0,0.0036878152022659584,0.0,0.0008270020533880904,0.00020818613037291872,0.0011044639105995153,0.03312156029362849,0,0
1504,0.0,0.0,0.0,0.15405405405405406,0.0,0.0,0.7941176470588235,0.3333333333333333,0.0,0.0,0.0,0.0,0.0,0.0,0.0,0.0,0.009770786935533304,0.0,0.0008043294090493882,9.89901386388269e-06,0.0,0.00021888793461283886,0.0002948647107510505,0.654077852460409,0.49405930263297904,0.580754716981132,0.24497549019607845,0.39970630887532144,0.13340434864339873,0.24242424242424243,0.10000000000000142,0.0,1.0,0.0,0.45,0.00034763827460539777,0.0,0.0,0.0,0.0,0.0,0.0036354330375410375,0.0,0.0,0.0008028391901564645,0.0011402392150983212,0.033643828388082254,0,2
2789,0.6000000000000227,1.0,0.0,0.10231660231660232,0.2962962962962963,0.6000000000000001,0.5,0.0,0.0,0.0,0.0,1.0,0.0,0.0,0.00033879633151035697,0.0,0.009770786935533304,0.0,0.0008043294090493882,9.89901386388269e-06,0.00016809845580781973,0.00027356836778491474,0.0,0.6540983389103461,0.4939917271702971,0.40773584905660376,0.21115196078431375,0.3972873176616825,0.11636067422770852,0.24242424242424243,0.5,0.0,0.0,0.0,0.55,0.0,0.00262825406764369,0.0,0.0,0.0,0.0,0.0036354330375410375,0.007254425538642603,0.0,0.0002308517621633348,0.001085589555089446,0.03312156029362849,0,0
11479,0.8000000000000114,0.0,0.0,0.0501930501930502,0.0,0.6000000000000001,0.5588235294117647,0.0,0.0,0.0,0.0,0.0,0.0,0.0,0.004357647344896889,0.0,0.009770786935533304,0.0,0.0008043294090493882,9.89901386388269e-06,0.017661544423541592,0.008907924549312319,0.0,0.6540322526902007,0.49395155182356043,0.5079245283018868,0.24497549019607845,0.3953253147125849,0.07469139670405416,0.020202020202020204,0.6000000000000014,1.0,1.0,0.0,0.45,0.0003251670755712058,0.0,0.0,0.0,0.0002401729094693378,0.0,0.0036731403274510746,0.0,0.0,0.0039056772035419786,0.0012332585261326783,0.03312156029362849,1,2
8792,0.8000000000000114,1.0,1.0,0.10231660231660232,0.0,0.6000000000000001,0.23529411764705882,0.0,0.0,0.0,0.0,0.0,0.0,0.0,0.0,0.0,0.009770786935533304,0.0,0.0008043294090493882,9.89901386388269e-06,0.0,6.789348617262314e-05,3.0882717898398856e-05,0.6541022620590483,0.49409350357671644,0.580754716981132,0.2410539215686275,0.39218732862940087,0.08409048185976566,0.020202020202020204,0.9499999999999957,1.0,1.0,0.0,0.2,1.3367308428496655e-05,0.0,0.0002931621540563087,0.001278078838301931,0.0,1.0480252133183042e-06,0.0037110753539531982,0.0,0.0,7.226908556199256e-05,0.001098613582103414,0.03312156029362849,0,4
4967,0.6000000000000227,1.0,0.0,0.03861003861003861,0.537037037037037,0.4,0.5,0.0,0.0,0.0,0.0,1.0,0.0,0.0,0.0,0.0,0.009770786935533304,0.0,0.0008043294090493882,9.89901386388269e-06,0.0027268100046416864,0.0013768167428494739,0.0,0.6541588655970716,0.4940612586473195,0.3920754716981132,0.17524509803921573,0.3967815839822567,0.09768782505169499,0.24242424242424243,0.0,0.0,1.0,1.0,0.55,0.00018270917812906575,0.0,0.0,0.0,0.0,0.0,0.003698073950440852,0.0,0.0,0.00026638512848036405,0.0011146297399134664,0.03312156029362849,0,0
8846,0.0,0.0,0.0,0.03581081081081081,0.0,0.0,0.7941176470588235,0.3333333333333333,0.0,0.0,0.0,0.0,0.0,0.0,0.0,0.0,0.009770786935533304,0.0,0.0008043294090493882,9.89901386388269e-06,0.0,0.0006083821447610452,0.0,0.6541044769268022,0.4939990334020724,0.3920754716981132,0.14546568627450981,0.3967815839822567,0.083275894479604,0.24242424242424243,0.6999999999999957,0.0,1.0,0.0,0.05,6.388337852318614e-05,0.0,0.0,0.0,0.0,0.0,0.0036354330375410375,0.0,0.0,0.0001944741905990327,0.0010844320896097005,0.03312156029362849,0,2
11467,0.20000000000004547,1.0,1.0,0.03474903474903475,0.0,0.6000000000000001,0.23529411764705882,0.0,0.0,0.0,0.0,0.0,0.0,0.0,0.0,0.0,0.009770786935533304,0.0,0.0008043294090493882,9.89901386388269e-06,0.0,0.013928136780859853,0.0,0.6531244531103044,0.492850686457119,0.20339622641509433,0.2450980392156863,0.39068840712170516,0.1342189360235604,0.020202020202020204,0.6000000000000014,0.0,1.0,0.0,0.35000000000000003,0.0,0.0,0.0,0.0,0.0,0.0,0.0036354330375410375,0.0,0.0,0.010022353531668698,0.0010825576210823542,0.03312156029362849,1,4
8578,0.6000000000000227,0.0,0.0,0.06756756756756757,0.0,0.6000000000000001,0.5294117647058824,0.0,0.0,0.0,0.0,1.0,0.0,0.0,0.0,0.0,0.009770786935533304,0.0,0.0011655033647580146,9.89901386388269e-06,0.00047899022353841103,0.009660653065532172,0.0,0.6541029959307124,0.4940061265257165,0.5788679245283018,0.24485294117647063,0.390907761488685,0.13409361488815089,0.020202020202020204,0.44999999999999574,0.0,1.0,0.0,0.35000000000000003,0.0,0.0,9.476355736345605e-05,0.0,0.0,4.05477341152806e-05,0.0036354330375410375,0.0,0.002957186858316222,0.0,0.001083730403115277,0.0331236287901702,0,1
792,0.6000000000000227,1.0,0.0,0.015444015444015444,0.35185185185185186,0.6000000000000001,0.5,0.0,0.0,0.0,0.0,1.0,0.0,0.0,0.0,0.0,0.009770786935533304,0.0,0.0008043294090493882,9.89901386388269e-06,0.0,0.0,3.6994016299420044e-05,0.654113726029004,0.49400984796042213,0.3920754716981132,0.17634803921568631,0.3967815839822567,0.09906635754119934,0.24242424242424243,0.9499999999999957,0.0,0.0,1.0,0.55,0.0,0.0012867931915183507,0.0,0.0,0.0,0.0,0.003641821834247651,0.011427770827008065,0.0,9.693011157323532e-05,0.0010907170314982222,0.03312156029362849,0,0
9109,0.6000000000000227,0.0,0.0,0.02316602316602317,0.0,0.6000000000000001,0.0,0.0,0.0,0.0,0.0,0.0,0.0,0.0,0.0,0.0,0.009770786935533304,0.0,0.0008043294090493882,9.89901386388269e-06,0.003045293315537792,0.0012307252511830462,0.0,0.6536437758196884,0.4934586831789585,0.20339622641509433,0.24497549019607845,0.39068840712170516,0.13403095432044615,0.020202020202020204,1.0,0.0,1.0,0.0,0.10000000000000002,0.0,0.0,0.0,0.0,0.0,0.0,0.0036354330375410375,0.0,0.0,0.003711075103056995,0.0010825576210823542,0.03312156029362849,1,2
5985,0.4000000000000341,1.0,0.0,0.05791505791505792,0.7037037037037037,0.6000000000000001,0.5,0.0,0.0,0.0,0.0,1.0,0.0,0.0,0.0,0.0,0.013665873234030472,0.0,0.000809413291154786,0.16721000241705983,0.037400279657990136,0.019526233104016227,0.0,0.6534685690124832,0.49421445311596307,0.580754716981132,0.2087009803921569,0.3911636749168282,0.02550285105583057,0.030303030303030304,0.29999999999999716,0.0,1.0,0.0,0.25000000000000006,0.000114589537310612,0.0,3.8006235240449924e-05,0.00016569316438783628,0.0,0.0,0.0039472425190889325,0.0,0.0,0.005587896859607645,0.001941960051479316,0.03312156029362849,0,0
275,0.6000000000000227,0.0,0.0,0.05791505791505792,0.0,0.6000000000000001,0.5294117647058824,0.0,0.0,0.0,0.0,1.0,0.0,0.0,0.0,0.0,0.009770786935533304,0.00011113916961395523,0.0008043294090493882,9.89901386388269e-06,0.0,3.324038490703703e-07,0.000630703393699695,0.6540173287555547,0.4955815658441889,0.58,0.23627450980392162,0.3950511217538601,0.12049627169622158,0.020202020202020204,0.29999999999999716,0.0,1.0,0.0,0.25000000000000006,0.0,0.0,0.0,0.0,0.00037903338863596957,0.0,0.004929534049943115,0.0,0.0,0.0008291630446850629,0.0014615204737471442,0.033133812539331196,0,1
6199,0.8000000000000114,1.0,0.0,0.03861003861003861,0.0,0.6000000000000001,0.5588235294117647,0.0,0.0,0.0,0.0,0.0,0.0,0.0,0.0,0.0,0.009770786935533304,0.0,0.5201088512180849,9.89901386388269e-06,0.006453534694798275,0.0014835183784010627,2.2618328601644234e-06,0.6540819551840286,0.5068987962007666,0.580754716981132,0.2450980392156863,0.39068840712170516,0.13384297261733194,0.020202020202020204,0.6999999999999957,0.0,1.0,0.0,0.9,0.050771332053506896,0.0,0.0,0.0,0.0,0.002589381191705856,0.003732409953489419,0.0,0.0,0.0003348680814182239,0.002733207389143217,0.03312156029362849,0,3
7760,0.4000000000000341,1.0,0.0,0.06756756756756757,0.2962962962962963,0.6000000000000001,0.5,0.0,0.0,0.0,0.0,1.0,0.0,0.0,0.0,0.0,0.009770786935533304,0.0,0.0008043294090493882,9.89901386388269e-06,0.0,5.168879853044258e-05,0.0,0.6541195436599526,0.4940166076416534,0.41471698113207545,0.2082107843137255,0.3975127652055229,0.1151701234413184,0.25252525252525254,0.14999999999999858,0.0,1.0,1.0,0.55,6.857449590464435e-05,0.0,0.0,0.0,0.0,0.0,0.0036354330375410375,0.0,0.0,3.0314642970251742e-05,0.0010909366678966954,0.03312156029362849,0,0
965,0.8000000000000114,0.0,0.0,0.03474903474903475,0.0,0.6000000000000001,0.5294117647058824,0.0,0.0,0.0,0.0,1.0,0.0,0.0,0.0,0.0,0.010697427362462417,0.00029521444229120715,0.0008043294090493882,9.89901386388269e-06,0.0,0.0027083434612631095,0.00032039732399944505,0.6544166834926487,0.4945164327722634,0.45830188679245276,0.19840686274509808,0.3981830146601836,0.10877874553543457,0.030303030303030304,0.3999999999999986,0.0,1.0,0.0,0.25000000000000006,9.375445881032951e-06,0.0,0.00017440527046678613,0.0007603426376417952,0.0,0.0002638493821529979,0.003943512743419575,0.0,0.0,0.0004095418728360845,0.0013604077274822878,0.03313358435985657,0,1
10564,0.20000000000004547,0.0,1.0,0.06756756756756757,0.0,0.6000000000000001,0.2647058823529412,0.0,0.0,0.0,0.0,0.0,0.0,0.0,0.0,0.0,0.009770786935533304,0.0,0.0008043294090493882,9.89901386388269e-06,0.0,0.0,0.0,0.6538396903979463,0.49368880813024923,0.580754716981132,0.2450980392156863,0.40287476084280827,0.1342189360235604,0.020202020202020204,0.10000000000000142,0.0,1.0,0.0,0.75,5.634771963256588e-07,0.0,0.0,0.0,4.695462550720191e-07,0.0,0.0036354330375410375,0.0,0.0020538501026694045,5.671524343042035e-05,0.001084646570922315,0.03312156029362849,1,4
8473,0.8000000000000114,0.0,0.0,0.06756756756756757,0.0,0.6000000000000001,0.029411764705882346,0.0,0.0,0.0,0.0,0.0,0.0,0.0,0.0,0.0,0.009770786935533304,0.0,0.0008043294090493882,9.89901386388269e-06,0.0,0.0026222508643538836,0.0,0.6540916982829127,0.4939840618765522,0.20339622641509433,0.2175245098039216,0.39068840712170516,0.12012030828999312,0.020202020202020204,0.6499999999999986,0.0,1.0,0.0,0.0,0.0,0.0,0.0,0.0,0.0,0.0,0.0036354330375410375,0.0,0.0,0.0009685848203710309,0.0010825576210823542,0.03312156029362849,0,2
8983,0.4000000000000341,0.0,0.0,0.07335907335907337,0.0,0.6000000000000001,0.5588235294117647,0.0,0.0,0.0,0.0,0.0,0.0,0.0,0.004829886432800822,0.0,0.009770786935533304,0.0,0.0008043294090493882,9.89901386388269e-06,0.0014138345390631891,0.00032500786342855455,1.2614067873993899e-05,0.6541124782815154,0.49400835930890485,0.3920754716981132,0.20490196078431375,0.3967815839822567,0.11360360924869982,0.020202020202020204,0.5499999999999972,0.0,1.0,0.0,0.55,1.1541099201850844e-07,0.0,0.0,0.0,2.9816187197073215e-05,0.0,0.00366580917243238,0.0,0.0,0.0002623431760843305,0.0010941061534735829,0.03312156029362849,0,2
4102,0.6000000000000227,1.0,0.0,0.015444015444015444,0.35185185185185186,0.6000000000000001,0.5,0.0,0.0,0.0,0.0,1.0,0.0,0.0,0.0,0.0,0.009770786935533304,0.0,0.0008043294090493882,9.89901386388269e-06,0.0,0.00040603130163945734,0.0,0.654108979883817,0.49400872729890183,0.39094339622641505,0.16127450980392158,0.3962149185342254,0.0913591077135159,0.020202020202020204,0.14999999999999858,0.0,1.0,0.0,0.45,2.3319809269622145e-05,0.0,0.0,0.0,2.2240840948577973e-05,0.0,0.0036354330375410375,0.0,0.0,0.00013415188838481024,0.001089604524315343,0.03312156029362849,0,0
8001,0.6000000000000227,1.0,1.0,0.15830115830115832,0.0,0.6000000000000001,0.23529411764705882,0.0,0.0,0.0,0.0,0.0,0.0,0.0,0.0,0.0,0.009770786935533304,0.0,0.0008043294090493882,9.89901386388269e-06,0.0,0.0005876069041941471,0.0,0.6541091001526269,0.4941378292916468,0.3922641509433962,0.13333333333333336,0.39392997721151857,0.07644589259978696,0.23232323232323235,0.9499999999999957,0.0,1.0,0.0,0.5,0.0004180457686185713,0.0,0.0,0.0,0.0,0.0,0.0036354330375410375,0.0,0.0,0.00022118177478548234,0.0011212158577796735,0.03312156029362849,0,4
8809,0.6000000000000227,0.0,0.0,0.15830115830115832,0.0,0.6000000000000001,0.5294117647058824,0.0,0.0,0.0,0.0,1.0,0.0,0.0,0.0,0.0,0.010787242542296321,0.0,0.0009602767128959454,9.89901386388269e-06,0.015823306471320596,0.003637329118452527,2.6794020035793938e-05,0.6538063865397926,0.4941870627043954,0.580754716981132,0.2388480392156863,0.39606258911271164,0.1275769158468576,0.020202020202020204,0.14999999999999858,0.0,1.0,0.0,0.25000000000000006,0.0002043521335734778,0.0,0.0,0.0,5.7096824616757524e-05,0.0,0.003719326878923359,0.0,0.0,0.001577973099016066,0.0012222937080787152,0.03317215661191497,0,1
4447,0.6000000000000227,0.0,0.0,0.06756756756756757,0.0,0.6000000000000001,0.5588235294117647,0.0,0.0,0.0,0.0,0.0,0.0,0.0,0.0,0.0,0.009770786935533304,0.0,0.0008043294090493882,9.89901386388269e-06,0.0,1.6038485717645366e-05,0.0,0.6540944667847753,0.4939873054677069,0.3920754716981132,0.1337009803921569,0.3967815839822567,0.07726047997994863,0.24242424242424243,0.29999999999999716,0.0,0.0,0.0,0.5,0.0,0.0,0.0,0.0,0.0,0.0,0.0036354330375410375,0.003042385243624457,0.0,8.370422936596093e-05,0.0010832348704870806,0.03312156029362849,0,2
9211,0.6000000000000227,0.0,1.0,0.03474903474903475,0.0,0.6000000000000001,0.23529411764705882,0.0,0.0,0.0,0.0,0.0,0.0,0.0,0.0,0.0,0.015021513579918242,0.0,0.0009299605570281747,0.00010783649663170365,0.012191656821760688,0.0028025799524745596,4.915136792280382e-06,0.652746163968822,0.4934549008007618,0.5769811320754716,0.23872549019607847,0.3926382237170817,0.12450654802932516,0.020202020202020204,0.0,0.0,1.0,0.0,0.25000000000000006,5.542443169641782e-05,0.0,0.0,0.0,0.0,0.0,0.003982414472490175,0.0,0.002233598562628337,0.0008628033446900257,0.0013810492365111961,0.044925775597907606,1,4
6545,0.4000000000000341,0.0,0.0,0.06756756756756757,0.0,0.6000000000000001,0.5588235294117647,0.0,0.0,0.0,0.0,0.0,0.0,0.0,0.0,0.0,0.009770786935533304,0.0,0.0008043294090493882,9.89901386388269e-06,0.0,0.0,0.0,0.6541021629946566,0.4939953220599194,0.580754716981132,0.2450980392156863,0.40287476084280827,0.1302086596904568,0.020202020202020204,0.8999999999999986,0.0,1.0,0.0,0.5,0.0,0.0,0.0,0.0,0.0,0.0,0.003640504495857221,0.0,0.0,2.0133016048597572e-05,0.0010869604609510077,0.03312156029362849,0,2
7169,0.6000000000000227,1.0,0.0,0.06756756756756757,0.0,0.6000000000000001,0.0,0.0,0.0,0.0,0.0,0.0,0.0,0.0,0.0,0.0,0.009780945321322159,0.0,0.0008043294090493882,9.89901386388269e-06,0.0,0.0,0.0,0.6540946629256444,0.4939872856707767,0.3920754716981132,0.21164215686274512,0.3967815839822567,0.11598471082148006,0.25252525252525254,0.29999999999999716,0.0,0.0,1.0,0.55,0.0,0.0,0.0,0.0,0.0,0.0,0.0036370896249238167,0.00606438030410259,0.0,0.000184139071814238,0.0010845157606186426,0.03312156029362849,0,3
9873,0.0,0.0,1.0,0.02316602316602317,0.0,0.6000000000000001,0.32352941176470584,0.0,0.0,0.0,0.0,0.0,0.0,0.0,0.0,0.0,0.009770786935533304,0.0,0.0008647277998291599,9.89901386388269e-06,0.00011206563720521315,0.0002395800742174694,0.0,0.6527414164983588,0.49237349698124877,0.20339622641509433,0.2450980392156863,0.39068840712170516,0.1319004950184849,0.020202020202020204,0.7999999999999972,0.0,1.0,0.0,0.10000000000000002,0.0,0.0,0.00017339714751611108,0.0,0.0,7.928852820759861e-05,0.0036354330375410375,0.0,0.012593275154004107,0.0085479362763181,0.0010827495984624689,0.03312156029362849,1,4
8448,0.4000000000000341,0.0,0.0,0.10231660231660232,0.0,0.0,0.4411764705882353,0.0,0.0,0.0,0.0,0.0,0.0,0.0,0.0,0.0,0.009770786935533304,0.0,0.0008043294090493882,9.89901386388269e-06,0.0,6.689627462541203e-05,0.0,0.6541014973747138,0.4939949711496269,0.580754716981132,0.2450980392156863,0.40287476084280827,0.1332163669402845,0.27272727272727276,0.6000000000000014,0.0,0.0,1.0,0.8,0.0,0.0,0.0,0.0,0.0,0.0,0.0036367016874186767,0.021694691454435627,0.0,5.0805806699510515e-05,0.0010933800298894626,0.03312156029362849,0,2
11563,0.20000000000004547,0.0,0.0,0.10231660231660232,0.0,0.8,0.0,0.0,0.0,0.0,0.0,0.0,0.0,0.0,0.0,0.0,0.009770786935533304,0.0,0.0008043294090493882,9.89901386388269e-06,0.0,0.0,0.0,0.6522313143977396,0.4918044264586668,0.580754716981132,0.2450980392156863,0.40287476084280827,0.1342189360235604,0.030303030303030304,0.6000000000000014,0.0,1.0,0.0,0.7,0.0010859834904847472,0.0,0.0,0.0,0.0008428981340216173,0.0,0.0036354330375410375,0.0,0.0,0.014931151224788324,0.0011703823404555017,0.03312156029362849,1,2
4036,0.6000000000000227,0.0,0.0,0.15830115830115832,0.0,0.6000000000000001,0.5294117647058824,0.0,0.0,0.0,0.0,1.0,0.0,0.0,0.0,0.0,0.009770786935533304,0.0,0.0008043294090493882,9.89901386388269e-06,0.0,0.0007243079871243369,0.0,0.6540716876071109,0.49394711653484163,0.2869811320754717,0.10661764705882354,0.39344861623953503,0.06341249451720032,0.04040404040404041,0.0,0.0,1.0,0.0,0.0,1.3428408365447629e-05,0.0,0.0,0.0,0.0,1.7960983828248182e-05,0.0036640999700438426,0.0,0.0012833675564681726,0.0009316444453085468,0.0011666911007079234,0.03329351336945209,0,1
1313,0.20000000000004547,0.0,1.0,0.10424710424710425,0.0,0.4,0.23529411764705882,0.0,0.0,0.0,0.0,0.0,0.0,0.0,0.0,0.0,0.009770786935533304,0.0,0.002131534533165898,0.000310078005848718,0.1867002670777186,0.5344915114444567,0.0,0.6292999413584524,0.46989526316063607,0.580754716981132,0.2450980392156863,0.4024177725782669,0.13390563318503665,0.030303030303030304,0.6000000000000014,0.0,1.0,0.0,0.8,0.05632318461343913,0.0,0.014594696769217975,0.0,0.0,0.02825700035668996,0.007871673684636753,0.0,0.0,0.2437904866766505,0.022672071771612286,0.03312156029362849,0,4
2106,0.20000000000004547,1.0,0.0,0.03861003861003861,0.537037037037037,0.6000000000000001,0.5,0.0,0.0,0.0,0.0,1.0,0.0,0.0,0.0,0.0,0.010278059098177639,0.0,0.0008043294090493882,9.89901386388269e-06,0.0,0.0,0.000514523478901634,0.6540996684936364,0.49398877044054296,0.580754716981132,0.2450980392156863,0.40287476084280827,0.1332163669402845,0.020202020202020204,0.6000000000000014,0.0,1.0,0.0,0.5,0.00016120878920420598,0.0,0.0,0.0,0.0,0.0008198809660190472,0.0036635314138622204,0.0,0.0,0.0003461241513818617,0.0011588040671843174,0.03312156029362849,0,0
2857,0.6000000000000227,1.0,0.0,0.10424710424710425,0.2962962962962963,0.6000000000000001,0.5,0.0,0.0,0.0,0.0,1.0,0.0,0.0,0.0,0.0,0.009770786935533304,0.0,0.0008043294090493882,9.89901386388269e-06,5.784032888011001e-05,0.0008143063292601397,0.0,0.654099487924762,0.4939931882613821,0.580754716981132,0.2450980392156863,0.40287476084280827,0.1342189360235604,0.25252525252525254,1.0,0.0,0.0,0.0,0.5,0.0,0.01983196415313764,0.0,0.0,0.0,0.0,0.0036354330375410375,0.013063387904620593,0.0,0.00031215128567342766,0.001086759115193707,0.03312156029362849,0,0
1756,0.20000000000004547,0.0,0.0,0.02316602316602317,0.0,0.6000000000000001,0.5294117647058824,0.0,0.0,0.0,0.0,1.0,0.0,0.0,0.0,0.0,0.009770786935533304,0.0,0.0008043294090493882,9.89901386388269e-06,0.00040054427749476183,0.0020677181431422386,0.0,0.6540595417825796,0.4939463824957232,0.36377358490566036,0.2126225490196079,0.395867607453174,0.11755122501409865,0.24242424242424243,0.5499999999999972,0.0,1.0,0.0,0.35000000000000003,5.2165768392365814e-05,0.0,0.0,0.0,0.0,0.0,0.0036354330375410375,0.0,0.0006846252566735113,0.0001098234280770386,0.0010905760597272316,0.03312156029362849,0,1
7606,0.8000000000000114,1.0,0.0,0.03861003861003861,0.537037037037037,0.6000000000000001,0.5,0.0,0.0,0.0,0.0,1.0,0.0,0.0,0.0,0.0,0.0129513700012935,0.0,0.008416741099015232,9.89901386388269e-06,0.002323373710702919,0.0032992744039479606,0.0,0.6541603585206467,0.4942539883619561,0.46188679245283015,0.19387254901960788,0.39776867863366605,0.10802681872297765,0.07070707070707072,0.3999999999999986,0.0,1.0,0.0,0.35000000000000003,2.097764501983477e-06,0.0,0.0,0.0,0.0,3.733138087440719e-05,0.003635659596185234,0.0,0.0,0.0016437699443489669,0.001260892463016123,0.03312156029362849,0,0
5931,0.20000000000004547,0.0,0.0,0.10231660231660232,0.0,0.0,0.4411764705882353,0.0,0.0,0.0,0.0,0.0,0.0,0.0,0.0,0.0,0.009860602115367207,0.0,0.0008043294090493882,9.89901386388269e-06,0.00010375108992869733,0.0002058410835368268,0.0,0.6540801524771551,0.4939686357979872,0.580754716981132,0.2450980392156863,0.40287476084280827,0.13002067798734257,0.020202020202020204,0.5,0.0,1.0,0.0,0.45,1.90767580924711e-06,0.0,0.0,0.0,0.0,0.0,0.0036354330375410375,0.0,0.0,0.0004160908589967465,0.0010867963904299183,0.03312156029362849,0,2
6956,0.6000000000000227,1.0,1.0,0.10231660231660232,0.0,0.6000000000000001,0.23529411764705882,0.0,0.0,0.0,0.0,0.0,0.0,0.0,0.0,0.0,0.009858149053317455,0.0,0.0008043294090493882,1.994985309377585e-05,0.00532094875491462,0.0027146591343954465,0.0,0.6539383462732622,0.493802870278656,0.580754716981132,0.24497549019607845,0.4028686676659477,0.13403095432044615,0.020202020202020204,0.9499999999999957,0.0,1.0,0.0,0.45,1.794301481793634e-05,0.0,0.0,0.0,4.900497748768306e-05,0.0,0.003718301278960377,0.0,0.0,0.0030022496790740962,0.0013041784797708281,0.03312156029362849,0,4
3084,0.4000000000000341,1.0,0.0,0.03861003861003861,0.537037037037037,0.6000000000000001,0.5,0.0,0.0,0.0,0.0,1.0,0.0,0.0,0.0,0.0,0.009770786935533304,0.0,0.0008043294090493882,9.89901386388269e-06,0.0003868071993857357,0.00020002401617809533,0.0,0.6541031711984824,0.49399750360399425,0.580754716981132,0.24448529411764708,0.40287476084280827,0.13384297261733194,0.25252525252525254,0.9499999999999957,0.0,1.0,0.0,0.5,0.00011256645050934639,0.0,0.0,0.0,0.0,0.0,0.0036354330375410375,0.0,0.0,5.154768403802301e-05,0.001096149599767211,0.03312156029362849,0,0
4460,0.8000000000000114,1.0,1.0,0.10231660231660232,0.0,0.6000000000000001,0.23529411764705882,0.0,0.0,0.0,0.0,0.0,0.0,0.0,0.0,0.0,0.010163758446227487,0.0,0.0008043294090493882,9.89901386388269e-06,0.0018190783432794598,0.00041816404213052585,0.0,0.6540447454057624,0.49392020668405057,0.30566037735849055,0.2450980392156863,0.3939909089801241,0.12507049313866783,0.24242424242424243,0.3500000000000014,0.0,1.0,0.0,0.35000000000000003,0.0,0.0,0.0,0.0,0.0,0.0,0.003709599385246901,0.0,0.0,0.001113736958947578,0.0010884668365207678,0.03312156029362849,0,4
5283,0.6000000000000227,0.0,0.0,0.08687258687258688,0.0,0.4,0.5294117647058824,0.0,0.0,0.0,0.0,1.0,0.0,0.0,0.0,0.0,0.009942230388728315,0.0005682556108803468,0.0010850345559731912,0.001997161472957068,0.026127561061312195,0.006039445533759558,0.0,0.652939130138981,0.4942600244847967,0.580754716981132,0.24497549019607845,0.3918400175483494,0.03847358857071245,0.020202020202020204,0.3500000000000014,1.0,1.0,0.0,0.45,7.379514607301099e-06,0.0,0.0,0.0,0.0006906242835017615,0.0,0.0037255315231098196,0.0,0.0,0.01212396412178863,0.002392328179375001,0.033238130242621844,0,1
2446,0.8000000000000114,1.0,1.0,0.05791505791505792,0.0,0.6000000000000001,0.23529411764705882,0.0,0.0,0.0,0.0,0.0,0.0,0.0,0.0,0.0,0.011006919516162858,0.0,0.001788871522423858,9.89901386388269e-06,0.18583555416096095,0.056517130640114245,0.0,0.6553765823282774,0.49542529237063393,0.28830188679245283,0.22279411764705884,0.39341815035523225,0.1186164546650793,0.020202020202020204,0.6000000000000014,0.0,1.0,0.0,0.35000000000000003,0.0002432863711750158,0.0,0.0,0.0,0.0004822866101263066,0.0,0.0046651648490718695,0.0,0.0,0.019687659407695367,0.0015838508594537854,0.033156779299494565,0,4
6755,0.6000000000000227,0.0,0.0,0.10424710424710425,0.0,0.6000000000000001,0.5294117647058824,0.0,0.0,0.0,0.0,1.0,0.0,0.0,0.0,0.0,0.018051556893017826,0.0004987458896784917,0.0010729798293858525,9.89901386388269e-06,0.2483801092893014,0.0760928088166797,0.0,0.6520647374574585,0.5005350120391072,0.580754716981132,0.24387254901960786,0.3923335648740541,0.06767341312112289,0.020202020202020204,0.3999999999999986,1.0,0.0,0.0,0.2,0.0,0.0,2.2783578685256454e-05,0.0,0.0,1.0155002929049776e-05,0.008067587229173348,0.0,0.0,0.025355909257657072,0.003219321675475351,0.03348678634488308,0,1
2402,0.0,0.0,0.0,0.1783783783783784,0.0,0.0,0.7941176470588235,0.3333333333333333,0.0,0.0,0.0,0.0,0.0,0.0,0.0,0.0,0.009770786935533304,0.0,0.0008043294090493882,9.89901386388269e-06,0.011219216292463838,0.0034657256313699483,0.0,0.6541376280468805,0.49403772514356814,0.39811320754716983,0.13909313725490197,0.39697656564179434,0.08001754495895734,0.04040404040404041,0.10000000000000142,0.0,1.0,0.0,0.0,8.221335960847866e-06,0.0,0.0,0.0,0.0,0.0,0.0036607538127373614,0.0,0.0006628080082135524,0.00034875909503244055,0.0012883144465617494,0.03312156029362849,0,2
10404,0.0,1.0,1.0,0.0637065637065637,0.0,0.6000000000000001,0.2647058823529412,0.0,0.0,0.0,0.0,0.0,0.0,0.0,0.0,0.0,0.009770786935533304,0.0,0.0008043294090493882,9.89901386388269e-06,0.0006347976094592074,0.0004899632735297258,0.0,0.651988174266765,0.49150864712327536,0.4167924528301887,0.2450980392156863,0.397579790150989,0.13371765148192244,0.020202020202020204,0.14999999999999858,0.0,1.0,0.0,0.35000000000000003,0.00032587311928708375,0.0,0.0,0.0,0.0003039059878244465,0.0,0.0036354330375410375,0.0,0.01590728952772074,0.012450262240848177,0.0011028588944445685,0.03312156029362849,1,4
6167,0.20000000000004547,0.0,0.0,0.06756756756756757,0.0,0.6000000000000001,0.029411764705882346,0.0,0.0,0.0,0.0,0.0,0.0,0.0,0.0,0.0,0.009770786935533304,0.0,0.0008043294090493882,9.89901386388269e-06,0.0,0.0,0.0,0.6540664444833703,0.4939544522679247,0.580754716981132,0.24473039215686276,0.40287476084280827,0.1339682937527414,0.020202020202020204,0.7999999999999972,0.0,1.0,0.0,0.8,4.3068666668553974e-05,0.0,0.0,0.0,0.0,0.0,0.0036354330375410375,0.0,0.0,0.00029478112316135935,0.0010829876742065147,0.03312156029362849,0,2
6324,0.4000000000000341,0.0,0.0,0.03474903474903475,0.0,0.6000000000000001,0.5294117647058824,0.0,0.0,0.0,0.0,1.0,0.0,0.0,0.0,0.0,0.009770786935533304,9.788103597812258e-06,0.0008043294090493882,9.89901386388269e-06,0.0029527487893296163,0.0006787686598016962,0.0,0.6540639976922914,0.49433490307385314,0.580754716981132,0.2450980392156863,0.3914987996441585,0.05883827307475406,0.020202020202020204,0.0,1.0,1.0,0.0,0.10000000000000002,0.0,0.0,0.0,0.0,0.00012525928931137896,0.0,0.0038433907066046224,0.0,0.0,0.00029224850741954084,0.001152944172038497,0.03312902573078743,0,1
1568,0.20000000000004547,0.0,0.0,0.008783783783783784,0.0,0.0,0.7941176470588235,0.2222222222222222,0.0,0.0,0.0,0.0,0.0,0.0,0.0,0.0,0.009770786935533304,0.0,0.0010823366676166457,9.89901386388269e-06,0.0020869513664054694,0.0005548651250607157,0.0,0.6541068832969588,0.49400789932140865,0.39301886792452834,0.21813725490196081,0.3955385759027042,0.11623535309229903,0.24242424242424243,0.3500000000000014,0.0,1.0,0.0,0.55,0.0,0.0,0.0,0.0,0.0,0.0,0.0036354330375410375,0.0,0.0,2.811459293190436e-05,0.0010871360808471465,0.03312156029362849,0,2
9958,0.0,0.0,0.0,0.06756756756756757,0.0,0.6000000000000001,0.5588235294117647,0.0,0.0,0.0,0.0,0.0,0.0,0.0,0.0,0.0,0.009770786935533304,0.0,0.0008043294090493882,9.89901386388269e-06,0.0,0.0,0.0,0.6527081056825054,0.4923630376031176,0.20339622641509433,0.2450980392156863,0.39068840712170516,0.1342189360235604,0.020202020202020204,0.14999999999999858,0.0,1.0,0.0,0.35000000000000003,0.0,0.0,0.0,0.0,0.0,1.445552018370075e-07,0.0036354330375410375,0.0,0.02120972792607803,0.00040869766758881167,0.0010825576210823542,0.03312156029362849,1,2
6622,0.6000000000000227,0.0,0.0,0.03861003861003861,0.0,0.2,0.5294117647058824,0.0,0.0,0.0,0.0,1.0,0.0,0.0,0.0,0.0,0.009770786935533304,0.0,0.0008504586215271998,9.89901386388269e-06,0.00095689594091032,0.0012933002757705432,0.0,0.6541335899304729,0.494025630383731,0.5520754716981132,0.24289215686274512,0.4019912501980283,0.13227645842471336,0.020202020202020204,0.8999999999999986,0.0,1.0,0.0,0.30000000000000004,7.010878321030216e-05,0.0,0.0,0.0,1.0580442280956164e-05,0.0,0.0037518515907662463,0.0,0.0,0.0005264003446403967,0.0011952695088024972,0.03317407629575584,0,1
186,0.20000000000004547,0.0,0.0,0.21891891891891893,0.0,0.0,0.7941176470588235,0.3333333333333333,0.0,0.0,0.0,0.0,0.0,0.0,0.0,0.0,0.009770786935533304,0.0,0.0008043294090493882,9.89901386388269e-06,0.011946558428131223,0.002746071298132597,0.0,0.6542364919905508,0.494152208850136,0.2994339622641509,0.18125000000000002,0.3937898341437259,0.10119681684316062,0.24242424242424243,0.44999999999999574,0.0,1.0,0.0,0.35000000000000003,0.00020434534469159437,0.0,0.0,0.0,0.0,0.0,0.0036354330375410375,0.0,0.0,0.0015788173042633389,0.0011475492259826522,0.03312156029362849,0,2
8543,0.8000000000000114,1.0,0.0,0.06756756756756757,0.0,0.6000000000000001,0.029411764705882346,0.0,0.0,0.0,0.0,0.0,0.0,0.0,0.0,0.0,0.009770786935533304,0.0,0.0008043294090493882,9.89901386388269e-06,0.004925465506196868,0.0011187051540463312,0.0,0.654092415257306,0.4939863431816284,0.580754716981132,0.24497549019607845,0.402076554674076,0.13371765148192244,0.020202020202020204,0.5,0.0,1.0,0.0,0.5,0.0,0.0,0.0,0.0,0.0,5.532850350311462e-05,0.0036422918354558015,0.0,0.0,0.0003035813233147489,0.0010861881894348225,0.03312156029362849,0,3
10327,0.0,0.0,0.0,0.05791505791505792,0.0,0.6000000000000001,0.5588235294117647,0.0,0.0,0.0,0.0,0.0,0.0,0.0,0.0,0.0,0.009770786935533304,0.0,0.0008043294090493882,9.89901386388269e-06,0.0,0.0,0.0,0.6539356337643166,0.493794240757957,0.580754716981132,0.2450980392156863,0.40287476084280827,0.13409361488815089,0.020202020202020204,0.14999999999999858,0.0,1.0,0.0,0.45,0.0010416249362583394,0.0,0.0,0.0,0.0015167909193009792,0.0,0.0036357726791826834,0.0,0.0,0.002591582199241648,0.002409621906251687,0.03312156029362849,1,2
4194,0.4000000000000341,0.0,0.0,0.15830115830115832,0.0,1.0,0.5588235294117647,0.0,0.0,0.0,0.0,0.0,0.0,0.0,0.0,0.0,0.009770786935533304,0.0,0.0008397762312137107,1.4251341022849516e-05,0.0,0.0,0.0014643192930276021,0.6540648892718165,0.49430900946547984,0.580754716981132,0.24375000000000005,0.39767118780389726,0.12619838335735323,0.020202020202020204,0.0,1.0,1.0,0.0,0.2,0.0003555608997633742,0.0,0.0,0.0,0.0,8.452865427419013e-05,0.003758251381653167,0.0,0.0,0.0022681748436045824,0.001213314044193667,0.03312771121859665,0,2
8591,0.8000000000000114,1.0,0.0,0.06756756756756757,0.0,0.4,0.029411764705882346,0.0,0.0,0.0,0.0,0.0,0.0,0.0,0.0,0.0,0.009770786935533304,0.0,0.0008043294090493882,9.89901386388269e-06,0.0,2.1024543453700922e-05,0.0,0.6540995190687513,0.49399322474984175,0.4030188679245283,0.12132352941176472,0.3971349882401687,0.07093176264176955,0.25252525252525254,0.14999999999999858,0.0,0.0,0.0,0.55,0.0,0.0,0.0,0.0,0.0,0.0,0.0036354330375410375,0.002922283975470919,0.0,3.320540639273144e-05,0.001083637066320349,0.03312156029362849,0,3
8393,0.6000000000000227,0.0,0.0,0.015444015444015444,0.0,0.6000000000000001,0.5588235294117647,0.0,0.0,0.0,0.0,0.0,0.0,0.0,0.0,0.0,0.009770786935533304,0.0,0.0008043294090493882,9.89901386388269e-06,0.0,0.0002408265886514833,0.0,0.6540982391833163,0.4939916673913313,0.3920754716981132,0.12683823529411767,0.3967815839822567,0.07362616705307351,0.25252525252525254,0.6499999999999986,0.0,0.0,1.0,0.5,0.0,0.0002102603254114952,0.0,0.0,0.0,0.0,0.0036354330375410375,0.0054118172078779945,0.0,0.00012041436663373414,0.0010852660734517938,0.03312156029362849,0,2
10432,0.8000000000000114,0.0,0.0,0.20463320463320464,0.0,0.8,0.029411764705882346,0.0,0.0,0.0,0.0,0.0,0.0,0.0,0.0,0.0,0.011118571463077691,0.0,0.0008045009510836194,9.89901386388269e-06,0.0,0.0,0.00016089461057208082,0.6541463947485663,0.49403477346009034,0.3924528301886792,0.12610294117647058,0.39679986351283836,0.07318754307914031,0.020202020202020204,0.14999999999999858,0.0,1.0,0.0,0.45,5.054322562222326e-05,0.0,0.0022924715898350965,0.0099943303930488,4.114790348614461e-05,0.0,0.003704343774410565,0.0,0.0,0.0005894087544595782,0.0018661805867607917,0.03312600483296032,1,2
4136,0.6000000000000227,1.0,0.0,0.015444015444015444,0.35185185185185186,0.4,0.5,0.0,0.0,0.0,0.0,1.0,0.0,0.0,0.0,0.0,0.009770786935533304,0.0,0.0008043294090493882,9.89901386388269e-06,0.0,0.00028113055535126567,0.0,0.6541019108608703,0.4940151143320349,0.580754716981132,0.24460784313725495,0.40287476084280827,0.23090419199197945,0.24242424242424243,0.29999999999999716,0.0,0.0,1.0,0.5,0.0,0.06384554781120053,0.0,0.0,0.0,0.0,0.003654991291658985,0.0327508048522766,0.0,0.00010990017400860885,0.0010884958338787248,0.03312156029362849,0,0
5340,0.4000000000000341,1.0,1.0,0.10424710424710425,0.0,0.6000000000000001,0.32352941176470584,0.0,0.0,0.0,0.0,0.0,0.0,0.0,0.0,0.0,0.009770786935533304,0.0,0.0008043294090493882,9.89901386388269e-06,0.0,0.0,1.4440932876434396e-05,0.6541090030761495,0.4940038192129085,0.2875471698113207,0.11691176470588235,0.3934364298858139,0.06836267936587506,0.24242424242424243,0.6499999999999986,0.0,0.0,1.0,0.05,0.0,0.0,0.0,0.0,0.0,0.0,0.0036354330375410375,0.0047318354941649704,0.0,9.595799644001206e-05,0.0010873374266044471,0.03312623797285831,0,4
7919,0.0,1.0,0.0,0.06756756756756757,0.2962962962962963,0.6000000000000001,0.5,0.0,0.0,0.0,0.0,1.0,0.0,0.0,0.0,0.0,0.009770786935533304,0.0,0.0008043294090493882,9.89901386388269e-06,0.00020714067780189398,5.576074568155462e-05,0.0,0.6540923463429466,0.4939848211470523,0.579622641509434,0.24375000000000005,0.402838201781645,0.1335296697788082,0.24242424242424243,0.7999999999999972,0.0,0.0,0.0,0.5,0.0,0.0004337670513239146,0.0,0.0,0.0,0.0,0.0036354330375410375,0.0036733996235694144,0.0,0.00017321556755407137,0.0010832702621342278,0.03312156029362849,0,0
9030,0.0,0.0,0.0,0.03861003861003861,0.0,1.0,0.0,0.0,0.0,0.0,0.0,0.0,0.0,0.0,0.0,0.0,0.009856373216986958,0.0,0.0008043294090493882,9.89901386388269e-06,0.02215682248369264,0.006565142221064349,0.0,0.653845258545661,0.4936924247576773,0.5735849056603773,0.24044117647058827,0.4026432201221073,0.13158719217996115,0.020202020202020204,0.3999999999999986,0.0,1.0,0.0,0.75,0.0003294169156302403,0.0,0.0,0.0,9.865166819063122e-05,0.0,0.0036385856187442457,0.0,0.0,0.004365820227260053,0.0012441019518282886,0.03312156029362849,1,2
8280,0.8000000000000114,1.0,0.0,0.10231660231660232,0.4444444444444444,0.6000000000000001,0.5,0.0,0.0,0.0,0.0,1.0,0.0,0.0,0.0,0.0,0.009770786935533304,0.0,0.0008043294090493882,9.89901386388269e-06,0.0,0.0,0.0001849918298899864,0.6540954315858074,0.4940447910949551,0.580754716981132,0.24473039215686276,0.3948195810331591,0.13371765148192244,0.020202020202020204,0.5,0.0,1.0,0.0,0.10000000000000002,3.1704078395672613e-06,0.0,0.0,0.0,3.1130916711274864e-05,0.0,0.0036520739073845005,0.0,0.0,0.0002588640271864788,0.0010941992919959777,0.03312156029362849,0,0
12317,0.20000000000004547,0.0,1.0,0.02316602316602317,0.0,0.6000000000000001,0.23529411764705882,0.0,0.0,0.0,0.0,0.0,0.0,0.0,0.0,0.0,0.009770786935533304,0.0,0.0008043294090493882,9.89901386388269e-06,0.0009319522990807725,0.0,0.0,0.6537300622301238,0.4935444935552456,0.580754716981132,0.24497549019607845,0.4072618481824054,0.13415627545585562,0.020202020202020204,0.9499999999999957,0.0,1.0,0.0,0.8,0.0,0.0,0.0,0.0,0.0,0.0,0.0036565179121245566,0.0,0.0029515657084188914,0.0,0.0010917464129216248,0.033324401925723654,1,4
10184,0.8000000000000114,0.0,0.0,0.04247104247104247,0.0,0.8,0.5588235294117647,0.0,0.0,0.0,0.0,0.0,0.0,0.0,0.0,0.0,0.009770786935533304,0.0,0.0008043294090493882,9.89901386388269e-06,0.0,0.0,0.0,0.6537039181763324,0.493529736690557,0.20339622641509433,0.2450980392156863,0.39068840712170516,0.1342189360235604,0.020202020202020204,0.14999999999999858,0.0,1.0,0.0,0.25000000000000006,0.0,0.0,0.0,0.0,0.0,0.0,0.0036354330375410375,0.0,0.0,0.006170040332545239,0.0010825576210823542,0.03312156029362849,1,2
10299,0.4000000000000341,0.0,0.0,0.06756756756756757,0.0,0.6000000000000001,0.5588235294117647,0.0,0.0,0.0,0.0,0.0,0.0,0.0,0.0,0.0,0.009770786935533304,0.0,0.0008043294090493882,9.89901386388269e-06,0.006283628728712951,0.0,0.0,0.653767179570379,0.4936038540682378,0.580754716981132,0.2450980392156863,0.40287476084280827,0.1342189360235604,0.25252525252525254,0.14999999999999858,0.0,0.0,1.0,0.35000000000000003,0.0,0.0,0.0,0.0,0.0,0.0,0.003656605080268424,0.00443115752829891,0.0,0.005193141369587429,0.001086002507207632,0.03312156029362849,1,2
12374,0.8000000000000114,0.0,1.0,0.06756756756756757,0.0,0.6000000000000001,0.23529411764705882,0.0,0.0,0.0,0.0,0.0,0.0,0.0,0.0,0.0,0.009770786935533304,0.0,0.0008043294090493882,9.89901386388269e-06,0.003527175555520209,0.005166719228025301,0.0,0.6540916714460707,0.4939840304343689,0.20339622641509433,0.2450980392156863,0.39068840712170516,0.1342189360235604,0.030303030303030304,0.9499999999999957,0.0,1.0,0.0,0.8,0.0,0.0,3.3268057372277125e-06,0.0,0.0,1.2287192156145636e-06,0.0036452818598501757,0.0,0.0,0.001523099757943332,0.0010825576210823542,0.03312156029362849,1,4
8167,0.6000000000000227,0.0,0.0,0.06756756756756757,0.0,0.4,0.5588235294117647,0.0,0.0,0.0,0.0,0.0,0.0,0.0,0.0,0.0,0.010106329705234497,0.0,0.0008043294090493882,9.89901386388269e-06,0.0020334490621913676,0.0007443353190308267,0.0,0.6540981391249675,0.4939896861456093,0.580754716981132,0.23982843137254906,0.40287476084280827,0.12488251143555364,0.25252525252525254,0.04999999999999716,0.0,0.0,1.0,0.25000000000000006,0.0,0.0022800629687622542,0.0,0.0,0.0,0.0,0.0036377088328647133,0.005802783522600317,0.0,0.00015807103705754052,0.0010867544062210474,0.03312156029362849,0,2
4166,0.6000000000000227,1.0,0.0,0.015444015444015444,0.0,0.6000000000000001,0.1764705882352941,0.0,0.0,0.0,0.0,0.0,0.0,0.0,0.0,0.0,0.009770786935533304,0.0,0.0008043294090493882,9.89901386388269e-06,0.042099806379499075,0.00979810205712277,0.0,0.654345189483202,0.4942374284239174,0.4190566037735849,0.2229166666666667,0.39768337415761834,0.11892975750360299,0.020202020202020204,0.5,0.0,1.0,0.0,0.85,0.0,0.0,1.4113721309450902e-06,0.0,0.0,3.758435247762195e-05,0.004081692313317221,0.0,0.0,0.0015641332493562296,0.001275389803654967,0.033188560731971184,0,3
10587,0.6000000000000227,1.0,0.0,0.03861003861003861,0.0,0.6000000000000001,0.0,0.0,0.0,0.0,0.0,0.0,0.0,0.0,0.0,0.0,0.009770786935533304,0.0,0.001002647595351055,9.89901386388269e-06,0.0032950912358887673,0.019247096971759383,0.0,0.6539903398382222,0.49387016974884024,0.20339622641509433,0.13651960784313727,0.39068840712170516,0.07870167303715773,0.04040404040404041,0.10000000000000142,0.0,1.0,0.0,0.35000000000000003,4.564165290237837e-05,0.0,0.0,0.0,0.0,3.837940608772549e-05,0.0036354754436650812,0.0,0.004129825462012321,0.002549013789197345,0.001083187979033017,0.03312156029362849,1,3
12444,0.4000000000000341,0.0,0.0,0.04247104247104247,0.0,0.6000000000000001,0.029411764705882346,0.0,0.0,0.0,0.0,0.0,0.0,0.0,0.0,0.0,0.009770786935533304,0.0,0.0008043294090493882,9.89901386388269e-06,3.18121808840605e-05,0.002954073006688381,0.0,0.6539378085424672,0.4938037638577415,0.3920754716981132,0.2450980392156863,0.3967815839822567,0.1342189360235604,0.04040404040404041,0.9499999999999957,0.0,1.0,0.0,0.4,0.0,0.0,1.3408035243978355e-05,0.0,0.0,4.806460461080499e-06,0.0036354330375410375,0.0,0.0,0.0034653346301690307,0.0010825630735770127,0.03312156029362849,1,2
8822,0.4000000000000341,1.0,0.0,0.10424710424710425,0.2962962962962963,0.6000000000000001,0.5,0.0,0.0,0.0,0.0,1.0,0.0,0.0,0.0,0.0,0.009770786935533304,0.0,0.0008043294090493882,9.89901386388269e-06,0.0,3.157836566168518e-06,2.6750523250021546e-06,0.6541031344220694,0.4939974605165579,0.580566037735849,0.24117647058823533,0.4028686676659477,0.1322137978570086,0.24242424242424243,0.5,0.0,0.0,0.0,0.85,0.0,0.0005820005807390188,0.0,0.0,0.0,0.0,0.0036354330375410375,0.0009160135307401706,0.0,8.825782130579621e-06,0.0010828256855470223,0.03312156029362849,0,0
3743,0.20000000000004547,1.0,0.0,0.06756756756756757,0.2962962962962963,0.6000000000000001,0.5,0.0,0.0,0.0,0.0,1.0,0.0,0.0,0.0,0.0,0.0099634501279317,0.0,0.0008043294090493882,9.89901386388269e-06,0.0012930928525259594,0.0008013425791463953,0.0,0.654121605458312,0.4940148068973539,0.3054716981132075,0.12340686274509806,0.39398481580326356,0.06616955949620905,0.24242424242424243,0.0,0.0,1.0,0.0,0.05,0.00015570300599673478,0.0,0.0,0.0,0.0,0.0,0.0036354330375410375,0.0,0.0,0.00015310813348266386,0.0010911040594827133,0.03312156029362849,0,0
3000,0.20000000000004547,0.0,0.0,0.02316602316602317,0.0,0.4,0.47058823529411764,0.0,0.0,0.0,0.0,0.0,0.0,0.0,0.0,0.0,0.009770786935533304,0.0,0.0008043294090493882,9.89901386388269e-06,0.00022196226207742216,0.0005730642357973184,0.0,0.6539952983589111,0.49387111922514043,0.20339622641509433,0.2450980392156863,0.39068840712170516,0.1342189360235604,0.24242424242424243,1.0,0.0,1.0,0.0,0.55,0.0,0.0,0.0,0.0,0.0,0.0,0.0036354330375410375,0.0,0.0009341632443531828,1.4760800838679542e-05,0.0010825576210823542,0.03312156029362849,0,2
7311,0.6000000000000227,1.0,0.0,0.13706563706563707,0.4444444444444444,0.4,0.5,0.0,0.0,0.0,0.0,1.0,0.0,0.0,0.0,0.0,0.009770786935533304,0.0,0.0008043294090493882,9.89901386388269e-06,0.0007436097281649143,0.00017093867938443793,0.0,0.6541001114671873,0.4939933474131741,0.5809433962264151,0.2431372549019608,0.40288085401966883,0.12049627169622158,0.24242424242424243,0.04999999999999716,0.0,0.0,0.0,0.5,0.0,0.0,0.0,0.0,0.0,0.0,0.0036354330375410375,0.026685497721667357,0.0,5.1266282288932064e-05,0.0010827243682826396,0.03312156029362849,0,0
12235,0.6000000000000227,0.0,0.0,0.03474903474903475,0.0,1.0,0.5588235294117647,0.0,0.0,0.0,0.0,0.0,0.0,0.0,0.0,0.0,0.009770786935533304,0.0,0.0008043294090493882,9.89901386388269e-06,0.0,0.0,0.0,0.6537390171210218,0.4935708587963682,0.20339622641509433,0.2450980392156863,0.39068840712170516,0.1342189360235604,0.020202020202020204,0.7999999999999972,0.0,1.0,0.0,0.25000000000000006,0.0,0.0,0.0,0.0,0.0,0.0,0.0036354330375410375,0.0,0.0,0.005628034981818889,0.0010825576210823542,0.03312156029362849,1,2
2255,0.8000000000000114,1.0,0.0,0.03861003861003861,0.537037037037037,0.6000000000000001,0.5,0.0,0.0,0.0,0.0,1.0,0.0,0.0,0.0,0.0,0.009770786935533304,0.0,0.0008043294090493882,9.89901386388269e-06,0.0006608257574552569,0.00015190855902515922,0.0,0.6541073716612175,0.4940015600338132,0.2792452830188679,0.07549019607843138,0.39313786421964686,0.04749671032019551,0.25252525252525254,0.9499999999999957,0.0,1.0,0.0,0.45,0.0001963684084785504,0.0,0.0,0.0,0.0,0.0,0.0036354330375410375,0.0,0.0007325205338809035,0.0,0.0011528848885511186,0.03312850488633448,0,0
3588,0.4000000000000341,1.0,0.0,0.06756756756756757,0.0,0.6000000000000001,0.1764705882352941,0.0,0.0,0.0,0.0,0.0,0.0,0.0,0.0,0.0,0.009770786935533304,0.0,0.0008043294090493882,9.89901386388269e-06,0.0,0.0,0.0,0.6541098061934921,0.4940051615224122,0.33264150943396226,0.2450980392156863,0.39486223327118297,0.13096058650291373,0.24242424242424243,0.6999999999999957,0.0,0.0,1.0,0.35000000000000003,0.0,0.002007775847354368,0.0,0.0,0.0,0.0,0.0036354330375410375,0.0017208078806822092,0.0,3.862878555702965e-06,0.0010841588204910401,0.03312156029362849,0,3
1652,0.0,0.0,1.0,0.07335907335907337,0.0,0.6000000000000001,0.5882352941176471,0.0,0.0,0.0,0.0,0.0,0.0,0.0,0.0,0.0,0.010026477268203883,0.0,0.0008043294090493882,9.89901386388269e-06,0.0,1.0470721245716664e-05,0.0,0.6539914169564074,0.49386649178974606,0.31245283018867925,0.13933823529411765,0.39421026334710396,0.08014286609436683,0.020202020202020204,0.44999999999999574,0.0,1.0,0.0,0.45,0.0,0.0,0.0,0.0,0.0,0.0,0.0036503580299579196,0.0,0.0023211242299794664,0.0,0.0011311979380236314,0.03312194224622732,0,4
11705,0.8000000000000114,0.0,0.0,0.12162162162162163,0.0,0.6000000000000001,0.5588235294117647,0.0,0.0,0.0,0.0,0.0,0.0,0.0,3.706743233154891e-05,0.0,0.009770786935533304,2.6974573125743478e-05,0.0008043294090493882,9.89901386388269e-06,0.0,0.00012149360683522035,0.0,0.6539308054520088,0.49411826837189227,0.580754716981132,0.2450980392156863,0.40091885107057124,0.13409361488815089,0.020202020202020204,0.6000000000000014,0.0,1.0,0.0,0.45,0.0012392017657121425,0.0,0.0,0.0,0.0015040662157885273,0.0,0.0036354330375410375,0.0,0.0,0.0027037335872429845,0.0013835598624607965,0.03312156029362849,1,2
10808,0.4000000000000341,0.0,0.0,0.02316602316602317,0.0,0.6000000000000001,0.5588235294117647,0.0,0.0,0.0,0.0,0.0,0.0,0.0,0.0,0.0,0.0097823148222211,0.0,0.0008043294090493882,9.89901386388269e-06,0.0,0.0,0.0,0.6540976447969662,0.49399226207558805,0.580754716981132,0.2450980392156863,0.39126116574659703,0.018296885769785075,0.0,0.5,0.0,0.0,0.0,0.4,0.0,0.0,2.4194950816201545e-06,0.0,0.0,1.001044772721277e-05,0.0036354330375410375,0.04623041509392576,0.0,8.99206498231518e-05,0.0011115433305279223,0.03312156029362849,1,2
2478,0.4000000000000341,1.0,0.0,0.06756756756756757,0.0,0.6000000000000001,0.0,0.0,0.0,0.0,0.0,0.0,0.0,0.0,0.0,0.0,0.009770786935533304,0.0,0.0008043294090493882,9.89901386388269e-06,0.00025811246762749094,5.9334087059061096e-05,0.0,0.6541044958119873,0.49399905552805323,0.3920754716981132,0.2450980392156863,0.3967815839822567,0.1342189360235604,0.24242424242424243,0.6000000000000014,0.0,0.0,0.0,0.35000000000000003,0.0,0.022803993852829125,0.0,0.0,0.0,0.0,0.003637267887704519,0.00964888181857572,0.0,1.7395744489258384e-05,0.001083266445387967,0.03312156029362849,0,3
2987,0.20000000000004547,0.0,1.0,0.33976833976833976,0.0,0.6000000000000001,0.23529411764705882,0.0,0.0,0.0,0.0,0.0,0.0,0.0,0.0,0.0,0.019136352099584086,1.990356851996606e-05,0.000884876191486135,2.081019683450185e-05,0.0,0.01866248170220687,0.0,0.6545810111079962,0.4979537726012692,0.4062264150943396,0.17941176470588238,0.39396044309582134,0.061094053512124824,0.030303030303030304,0.14999999999999858,1.0,1.0,0.0,0.05,0.0063461110070036075,0.0,0.031865455911002906,0.1389211924633783,0.0,0.011955799355934297,0.005045192826779208,0.0,0.0,0.013961108231717458,0.004359075271572128,0.03342129387524226,0,4
8056,0.6000000000000227,1.0,0.0,0.015444015444015444,0.35185185185185186,0.6000000000000001,0.5,0.0,0.0,0.0,0.0,1.0,0.0,0.0,0.0,0.0,0.010515855622399406,0.0,0.0008043294090493882,9.89901386388269e-06,0.05505965506919872,0.021133904320045072,0.0,0.6537039539587882,0.49415367265844673,0.5784905660377359,0.21948529411764708,0.3992736933182223,0.11855379409737454,0.24242424242424243,0.8999999999999986,0.0,1.0,1.0,0.05,0.0,0.0,0.0,0.0,0.0,0.0,0.004205131043318137,0.0,0.0,0.004998283449330546,0.0014190477709229632,0.03312156029362849,0,0
4674,0.0,1.0,0.0,0.06756756756756757,0.0,0.6000000000000001,0.1764705882352941,0.0,0.0,0.0,0.0,0.0,0.0,0.0,0.0,0.0,0.009770786935533304,0.0,0.0008043294090493882,9.89901386388269e-06,0.0,0.0,0.0,0.6540993901856464,0.49399307374972695,0.580566037735849,0.2450980392156863,0.4028686676659477,0.1342189360235604,0.24242424242424243,0.6000000000000014,0.0,1.0,0.0,0.8,1.6924682535420092e-05,0.0,0.0,0.0,0.0,0.0,0.0036354330375410375,0.0,0.0,6.298282784199138e-05,0.0010831540744298675,0.03312156029362849,0,3
2551,0.20000000000004547,0.0,1.0,0.02316602316602317,0.0,0.6000000000000001,0.32352941176470584,0.0,0.0,0.0,0.0,0.0,0.0,0.0,0.0,0.0,0.009770786935533304,0.0,0.0008043294090493882,9.89901386388269e-06,0.0002971546896215652,0.0002893575506157574,0.0,0.6540831512457476,0.49396683971178895,0.580754716981132,0.2450980392156863,0.3974883924980807,0.09499342064039101,0.24242424242424243,0.44999999999999574,0.0,0.0,0.0,0.6,0.0,0.0,0.0,0.0,0.0,0.0,0.0036354330375410375,0.0030377511110912018,0.00018483059548254623,1.2970062435373531e-05,0.0010866933878490048,0.033259901540755116,0,4
1642,0.6000000000000227,1.0,0.0,0.10231660231660232,0.0,0.6000000000000001,0.1764705882352941,0.0,0.0,0.0,0.0,0.0,0.0,0.0,0.0,0.0,0.009864063491265632,0.0,0.0008043294090493882,9.89901386388269e-06,0.0006738398314532816,0.00015490019366679256,8.003408582120268e-06,0.6541241937226192,0.4940221045892769,0.3920754716981132,0.20183823529411765,0.3967815839822567,0.11203709505608123,0.24242424242424243,0.14999999999999858,0.0,0.0,1.0,0.55,0.0,0.0028227448686493233,0.0,0.0,0.0,0.0,0.003663243994577036,0.015019995895703287,0.0,1.8546933462812247e-05,0.0010915445219148584,0.03312156029362849,0,3
4097,0.8000000000000114,1.0,0.0,0.03861003861003861,0.537037037037037,0.4,0.5,0.0,0.0,0.0,0.0,1.0,0.0,0.0,0.0,0.0,0.009770786935533304,0.0,0.0008043294090493882,9.89901386388269e-06,0.005474225626446912,0.04121616596259376,0.0,0.6538990508416661,0.4937583279620186,0.31018867924528304,0.22046568627450983,0.39413714522477733,0.12162416191490696,0.020202020202020204,0.6999999999999957,0.0,1.0,0.0,0.35000000000000003,0.0,0.0,7.35929753992797e-06,0.0,0.0,7.300037692768878e-06,0.0036354330375410375,0.0,0.012320328542094456,0.007504549754643257,0.00115965872093798,0.03312156029362849,0,0
6975,0.6000000000000227,1.0,0.0,0.05791505791505792,0.7037037037037037,0.6000000000000001,0.5,0.0,0.0,0.0,0.0,1.0,0.0,0.0,0.0,0.0,0.009770786935533304,0.0,0.0008043294090493882,9.89901386388269e-06,0.0,0.000552953802928561,0.0,0.6540788474114734,0.496316955423798,0.580754716981132,0.20857843137254903,0.39070059347542624,0.011717526160787018,0.030303030303030304,0.9499999999999957,1.0,1.0,0.0,0.6,0.008599239070889646,0.0,0.024855775410369048,0.0,0.0,0.008910635612836356,0.0045729083629684215,0.0,0.0,0.0004861598945203917,0.0015361277512503447,0.03312156029362849,0,0
7900,0.8000000000000114,1.0,0.0,0.15830115830115832,0.4444444444444444,0.6000000000000001,0.5,0.0,0.0,0.0,0.0,1.0,0.0,0.0,0.0,0.0,0.009770786935533304,0.0,0.0008043294090493882,9.89901386388269e-06,0.0,0.00017417961691287403,0.0,0.6541157069855187,0.49401541089781303,0.400377358490566,0.24497549019607845,0.39681814304342,0.13390563318503665,0.020202020202020204,0.5,0.0,1.0,0.0,0.35000000000000003,1.968096858009741e-05,0.0,0.0,0.0,0.0,3.241650401194893e-05,0.0036489181849869187,0.0,0.0,0.0004238677800625326,0.0010955148798208216,0.03312156029362849,0,0
11760,0.8000000000000114,0.0,0.0,0.03861003861003861,0.0,0.6000000000000001,0.029411764705882346,0.0,0.0,0.0,0.0,0.0,0.0,0.0,0.0,0.0,0.009770786935533304,0.0,0.0008043294090493882,9.89901386388269e-06,0.02926395289483616,0.01468975710004234,0.0,0.6417020232726482,0.4794682543146355,0.580754716981132,0.2394607843137255,0.40287476084280827,0.13133654990914218,0.020202020202020204,0.6000000000000014,0.0,1.0,0.0,0.75,0.0,0.0,8.498476474190793e-05,0.0,0.0,0.003148845961615534,0.0036354330375410375,0.0,0.012320328542094456,0.1772003186491079,0.001140195991686119,0.03312156029362849,1,2
5757,0.6000000000000227,1.0,0.0,0.15830115830115832,0.4444444444444444,0.6000000000000001,0.5,0.0,0.0,0.0,0.0,1.0,0.0,0.0,0.0,0.0,0.009770786935533304,0.0,0.0008043294090493882,9.89901386388269e-06,0.0,0.0,0.0,0.6541315943959206,0.4940306859762632,0.4162264150943396,0.2450980392156863,0.3975615106204073,0.13409361488815089,0.24242424242424243,0.6999999999999957,0.0,1.0,0.0,0.35000000000000003,0.00013365950652119966,0.0,0.0,0.0,0.0,0.0,0.0036354330375410375,0.0,0.0,0.0003605523865170701,0.0011022105432615325,0.03312156029362849,0,0
11403,1.0,0.0,1.0,0.02316602316602317,0.0,0.6000000000000001,0.23529411764705882,0.0,0.0,0.0,0.0,0.0,0.0,0.0,0.0,0.0,0.011008559907349502,4.190224951571802e-06,0.016675148900435054,0.005746853267464067,0.0,0.0,0.017274791966291555,0.6502620421801509,0.49013226981988317,0.5794339622641509,0.24093137254901964,0.3979819398237854,0.11711260104016544,0.030303030303030304,0.6999999999999957,1.0,1.0,0.0,0.25000000000000006,0.0,0.0,0.000524324746646101,0.0,0.0,0.00019392080326434554,0.007280547628790819,0.0,0.0,0.06413951694064111,0.0016505435435512873,0.033121565254051855,1,4
11229,0.6000000000000227,0.0,0.0,0.06756756756756757,0.0,0.4,0.029411764705882346,0.0,0.0,0.0,0.0,0.0,0.0,0.0,0.0,0.0,0.009770786935533304,0.0,0.0008043294090493882,9.89901386388269e-06,0.00013881678931226403,7.520637085217128e-05,0.0,0.6540492626094957,0.49393434402127595,0.20339622641509433,0.24485294117647063,0.39068840712170516,0.13409361488815089,0.020202020202020204,0.3999999999999986,0.0,1.0,0.0,0.85,0.0,0.0,0.0,0.0,0.0,0.0,0.0036354330375410375,0.0,0.0,0.0005420053507263491,0.0010825576210823542,0.03312156029362849,1,2
9303,0.0,0.0,0.0,0.10424710424710425,0.0,0.6000000000000001,0.029411764705882346,0.0,0.0,0.0,0.0,0.0,0.0,0.0,0.0,0.0,0.009833753877963775,0.0,0.0008043294090493882,9.89901386388269e-06,0.0,0.0,0.0,0.65401110095164,0.49388961149883837,0.580754716981132,0.2450980392156863,0.40287476084280827,0.1342189360235604,0.020202020202020204,0.29999999999999716,0.0,1.0,0.0,0.8,1.473187368706843e-05,0.0,0.0,0.0,2.5355497773889033e-05,0.0,0.0036354330375410375,0.0,0.0,0.0,0.0010874545561033397,0.03312156029362849,1,2
5443,0.20000000000004547,1.0,0.0,0.15830115830115832,0.4444444444444444,0.6000000000000001,0.5,0.0,0.0,0.0,0.0,1.0,0.0,0.0,0.0,0.0,0.01034174841470865,0.0,0.0008043294090493882,9.89901386388269e-06,0.005385657622849244,0.0012380381358625943,8.164346689478121e-05,0.6541016375226659,0.4939957067414458,0.580754716981132,0.24485294117647063,0.40287476084280827,0.13409361488815089,0.020202020202020204,0.6499999999999986,0.0,1.0,0.0,0.25000000000000006,0.0,0.0,0.0,0.0,1.6825407473414018e-05,0.0,0.0037112214194915706,0.0,0.0,6.073161384926383e-05,0.0011379148166253774,0.03312156029362849,0,0
3269,0.6000000000000227,0.0,1.0,0.09266409266409267,0.0,0.4,0.2647058823529412,0.0,0.0,0.0,0.0,0.0,0.0,0.0,0.0,0.0,0.010675394952395924,0.00025961935429113625,0.0008355188698186996,9.520462617963248e-05,0.01974704978172506,0.004588253429680589,0.0003032813387980085,0.6541175444808909,0.4939761582432945,0.46377358490566034,0.2442401960784314,0.39907871165868464,0.13227645842471336,0.030303030303030304,0.6499999999999986,0.0,1.0,0.0,0.2,2.7311671817085852e-05,0.0,0.0,0.0,0.0008793036203315344,0.0,0.004066082147877596,0.0,0.0,0.006202836427302928,0.0016359964365066507,0.03323579884364198,0,4
1849,0.4000000000000341,0.0,0.0,0.03474903474903475,0.0,0.6000000000000001,0.5294117647058824,0.0,0.0,0.0,0.0,1.0,0.0,0.0,0.0,0.0,0.009834506350985171,0.0,0.0008698272766649422,9.89901386388269e-06,0.001773890586341874,0.0012042991451819516,0.0,0.6540740270508223,0.4939480073967014,0.580754716981132,0.24448529411764708,0.4021009273815182,0.12093489567015478,0.24242424242424243,0.14999999999999858,1.0,0.0,1.0,0.45,0.0,0.002171778901175334,0.0,0.0,0.0,0.0,0.003650034486937438,0.0647290998112595,0.0,0.0006869272515081855,0.0011210573388895093,0.033142394071746455,0,1
8560,0.8000000000000114,1.0,0.0,0.05791505791505792,0.7037037037037037,0.6000000000000001,0.5,0.0,0.0,0.0,0.0,1.0,0.0,0.0,0.0,0.0,0.010793819156503327,0.0,0.0008043294090493882,9.89901386388269e-06,0.0,0.0047396633829321425,0.003038141744237203,0.6544430074526765,0.4946549782888968,0.5183018867924528,0.23406862745098045,0.4002242289084683,0.12763957641456233,0.020202020202020204,0.8999999999999986,0.0,1.0,0.0,0.35000000000000003,0.0003006184786806807,0.0,0.00036121045322687556,0.0013813623757850649,0.0,0.0,0.004545669103308419,0.0,0.0,0.006841592815762182,0.001794758160955789,0.036175687996831046,0,0
8647,0.6000000000000227,0.0,0.0,0.10424710424710425,0.0,0.0,0.4411764705882353,0.0,0.0,0.0,0.0,0.0,0.0,0.0,0.0,0.0,0.00977584355423709,0.0,0.0008043294090493882,9.89901386388269e-06,0.0,0.000763448540352373,0.0,0.6541251041873295,0.4940231414049751,0.3920754716981132,0.22990196078431377,0.3967876771591173,0.12638636506046746,0.25252525252525254,0.3999999999999986,0.0,1.0,1.0,0.55,0.00014342191866958877,0.0,0.0,0.0,0.0,0.0,0.0036377916818663173,0.0,0.0,0.00033798908263541437,0.0010926911815415533,0.03312201665257774,0,2
5232,0.6000000000000227,0.0,0.0,0.10231660231660232,0.0,0.6000000000000001,0.029411764705882346,0.0,0.0,0.0,0.0,0.0,0.0,0.0,0.0,0.0,0.010088496094627395,0.0,0.0008043294090493882,9.89901386388269e-06,0.0,0.0002196358432732472,0.0,0.6540964411149093,0.4939869079764022,0.3932075471698113,0.20808823529411768,0.39681814304342,0.1132903064101761,0.020202020202020204,0.6000000000000014,0.0,1.0,0.0,0.55,6.93009062661726e-05,0.0,0.0,0.0,5.093011713347834e-05,0.0,0.003639144751342747,0.0,0.0,0.0007724733832318326,0.0011014493254390644,0.03312156029362849,0,2
9603,0.20000000000004547,0.0,0.0,0.04247104247104247,0.0,0.8,0.5588235294117647,0.0,0.0,0.0,0.0,0.0,0.0,0.0,0.0,0.0,0.009770786935533304,0.0,0.0008043294090493882,9.89901386388269e-06,0.0,0.0,0.0,0.6540537251455881,0.4939395723517287,0.20339622641509433,0.2450980392156863,0.39068840712170516,0.1342189360235604,0.020202020202020204,0.3999999999999986,0.0,1.0,0.0,0.2,0.0,0.0,0.0,0.0,0.0,0.0,0.0036354330375410375,0.0,0.0,0.0007681500290867081,0.0010825576210823542,0.03312156029362849,1,2
1085,0.20000000000004547,0.0,0.0,0.15405405405405406,0.0,0.0,0.7941176470588235,0.3333333333333333,0.0,0.0,0.0,0.0,0.0,0.0,0.0,0.0,0.009770786935533304,0.0,0.0008043294090493882,9.89901386388269e-06,0.013242543297101186,0.0030441544497864514,6.818121169822564e-05,0.6541922519536653,0.49409597392306737,0.42150943396226415,0.2450980392156863,0.3985668848023983,0.13334168807569396,0.24242424242424243,0.25,0.0,1.0,0.0,0.35000000000000003,0.00035831039692616807,0.0,0.0,0.0,0.0,0.0,0.0036354330375410375,0.0,0.0,0.00018917872132068493,0.0011321138579900027,0.033174592179785425,0,2
11055,0.20000000000004547,0.0,1.0,0.04247104247104247,0.0,0.6000000000000001,0.2647058823529412,0.0,0.0,0.0,0.0,0.0,0.0,0.0,0.0,0.0,0.009770786935533304,0.0,0.0008043294090493882,9.89901386388269e-06,0.0,0.0,0.0,0.6540633138498015,0.493950806527364,0.20339622641509433,0.2450980392156863,0.39068840712170516,0.1342189360235604,0.020202020202020204,0.3999999999999986,0.0,1.0,0.0,0.2,0.0,0.0,0.0,0.0,0.0,0.0,0.0036354330375410375,0.0,0.0,0.0006200815451104911,0.0010825576210823542,0.03312156029362849,1,4
10702,0.20000000000004547,0.0,0.0,0.03474903474903475,0.0,0.6000000000000001,0.029411764705882346,0.0,0.0,0.0,0.0,0.0,0.0,0.0,0.0,0.0,0.009770786935533304,0.0,0.0008043294090493882,9.89901386388269e-06,0.009124311880837354,0.0020974682876340367,0.0,0.6540172426126055,0.4938968292266903,0.2788679245283019,0.12365196078431374,0.3931256778659258,0.07212231342815967,0.020202020202020204,0.5,0.0,1.0,0.0,0.75,0.004288502741360688,0.0,0.00020979038603548088,0.0,0.0,7.527712135662166e-05,0.0036354330375410375,0.0,0.0,0.002507264002423125,0.0011433177927188103,0.03312156029362849,1,2
12135,0.0,0.0,1.0,0.03474903474903475,0.0,0.6000000000000001,0.6176470588235294,0.0,0.0,0.0,0.0,0.0,0.0,0.0,0.0,0.0,0.009770786935533304,0.0,0.0008043294090493882,9.89901386388269e-06,0.00011206563720521315,0.0,0.0,0.6537979972104885,0.4936393402597389,0.2788679245283019,0.16531862745098042,0.3931256778659258,0.09330158531236295,0.020202020202020204,0.7999999999999972,0.0,1.0,0.0,0.35000000000000003,2.4847307693396523e-05,0.0,0.0,0.0,3.562290921813052e-05,0.0,0.0036354330375410375,0.0,0.0033803131416837782,0.0003794574676605436,0.0010945702599052928,0.03312156029362849,1,4
6408,0.8000000000000114,1.0,0.0,0.15830115830115832,0.4444444444444444,0.6000000000000001,0.5,0.0,0.0,0.0,0.0,1.0,0.0,0.0,0.0,0.0,0.009770786935533304,0.0,0.0008044853563532348,9.89901386388269e-06,0.02060597866559469,0.0047368379502150445,0.0,0.654317945781531,0.4942474398479805,0.33169811320754716,0.1692401960784314,0.3948317673868802,0.09518140234350525,0.020202020202020204,0.44999999999999574,0.0,1.0,0.0,0.35000000000000003,0.00011779388955959646,0.0,0.0014486726801200675,0.00631567844098994,0.0,0.0002686197038136192,0.003713931877586694,0.0,0.0,0.0012962643661988407,0.0011883155458193703,0.03312165950209572,0,0
10074,0.0,0.0,0.0,0.33976833976833976,0.0,1.0,0.0,0.0,0.0,0.0,0.0,0.0,0.0,0.0,0.0,0.0,0.009786257780853218,0.0,0.0008043294090493882,9.89901386388269e-06,0.0,0.0,0.0,0.654148098391048,0.49404990336105226,0.4966037735849056,0.2450980392156863,0.40015720396300225,0.13409361488815089,0.020202020202020204,0.14999999999999858,0.0,1.0,0.0,0.35000000000000003,0.0,0.0,0.0,0.0,1.4508979281725391e-05,0.0,0.003687307114076028,0.0,0.0,0.0002353286081715998,0.0011289512128155052,0.03312156029362849,1,2
7583,0.6000000000000227,1.0,1.0,0.03861003861003861,0.0,0.6000000000000001,0.2647058823529412,0.0,0.0,0.0,0.0,0.0,0.0,0.0,0.0,0.0,0.009770786935533304,0.0,0.0008043294090493882,9.89901386388269e-06,0.0005975628977426366,0.0002547875503124388,0.0,0.6541552157865739,0.49405777438760135,0.3630188679245283,0.18370098039215688,0.39583714156887123,0.10194874365561753,0.020202020202020204,0.5,0.0,1.0,0.0,0.55,4.120851303249095e-06,0.0,0.0,0.0,3.2383040058133586e-05,0.0,0.0036530351128628235,0.0,0.0,0.0001582756928750612,0.001105840368092002,0.03312519132352905,0,4
7525,0.6000000000000227,0.0,0.0,0.03474903474903475,0.0,0.6000000000000001,0.5588235294117647,0.0,0.0,0.0,0.0,0.0,0.0,0.0,0.0,0.0,0.009804723468798293,0.0,0.0008043294090493882,9.89901386388269e-06,0.0,6.099610630441295e-05,0.0,0.6540949319567015,0.4939807829614632,0.580754716981132,0.2450980392156863,0.4029235062576927,0.11943104204524095,0.25252525252525254,0.5,0.0,0.0,0.0,0.4,0.0,0.0034861161953225906,0.0,0.0,0.0,0.0,0.0036354330375410375,0.025882016375943076,0.0,0.00017017131226845114,0.0010889349579712717,0.033123673433980455,0,2
5162,0.8000000000000114,0.0,0.0,0.03861003861003861,0.0,0.4,0.5294117647058824,0.0,0.0,0.0,0.0,1.0,0.0,0.0,0.0,0.0,0.009770786935533304,0.0,0.0008043294090493882,9.89901386388269e-06,0.00014966185097728467,0.0008293476034305739,0.0,0.6541332675570511,0.494032764653936,0.3920754716981132,0.19154411764705886,0.3967815839822567,0.10683626793658753,0.24242424242424243,0.44999999999999574,0.0,1.0,0.0,0.55,0.0002970611045737573,0.0,0.0,0.0,0.0,0.0,0.003651808476459931,0.0,0.0,0.0003108977687911134,0.0010986766327689204,0.03312156029362849,0,1
6673,0.0,0.0,0.0,0.13706563706563707,0.0,0.6000000000000001,0.5588235294117647,0.0,0.0,0.0,0.0,0.0,0.0,0.0,0.0006374857012379781,0.0,0.009770786935533304,0.0,0.0008043294090493882,9.89901386388269e-06,0.00030076971017657206,0.0008743883249796091,0.0,0.6541164541099442,0.4940130659320201,0.3920754716981132,0.2144607843137255,0.3967815839822567,0.11855379409737454,0.24242424242424243,0.6499999999999986,0.0,1.0,0.0,0.55,3.281066614267361e-05,0.0,0.0,0.0,0.0,0.0,0.0036354330375410375,0.0,0.0,0.00027398297570581956,0.0010882876477190343,0.03312156029362849,0,2
12190,0.4000000000000341,0.0,0.0,0.02316602316602317,0.0,0.2,0.0,0.0,0.0,0.0,0.0,0.0,0.0,0.0,0.0,0.0,0.009770786935533304,0.0,0.0008043294090493882,9.89901386388269e-06,7.230041110013751e-06,1.578918283084259e-06,0.0,0.653729887624992,0.4935601626314246,0.2788679245283019,0.2450980392156863,0.3931256778659258,0.1342189360235604,0.020202020202020204,0.7999999999999972,0.0,1.0,0.0,0.55,0.0,0.0,0.0,0.0,0.0,1.1311444543745836e-05,0.0036354330375410375,0.0,0.005646817248459959,0.00015049877180927512,0.0010826840693902995,0.03312156029362849,1,2
3594,0.8000000000000114,0.0,0.0,0.0694980694980695,0.0,0.2,0.5294117647058824,0.0,0.0,0.0,0.0,1.0,0.0,0.0,0.0,0.0,0.009770786935533304,0.0015844506339013772,0.0008043294090493882,9.89901386388269e-06,0.017514413086952813,0.004026158520902593,0.0009616704366418315,0.6537165112815619,0.49446781927515315,0.580754716981132,0.24497549019607845,0.39890200952972865,0.13302838523717025,0.020202020202020204,0.3999999999999986,0.0,1.0,0.0,0.45,0.0009178500417594308,0.0,0.0,0.0,0.0,0.00018662076557157667,0.003816727070813583,0.0,0.0,0.001721897302687489,0.0015026126544919111,0.03312156029362849,0,1
10515,0.20000000000004547,1.0,0.0,0.02316602316602317,0.14814814814814814,0.2,0.5,0.0,0.0,0.0,0.0,1.0,0.0,0.0,0.0,0.0,0.009770786935533304,0.0,0.0008043294090493882,9.89901386388269e-06,0.0,1.2963750113744442e-05,0.0,0.6539141579957388,0.4937760547544148,0.20339622641509433,0.2450980392156863,0.39068840712170516,0.1342189360235604,0.020202020202020204,0.19999999999999574,0.0,1.0,0.0,0.75,1.3788219105270037e-05,0.0,1.2702349178505811e-05,5.537755626755271e-05,0.0,0.00013758041334837188,0.0036354330375410375,0.0,0.0013692248459958934,3.351239011901247e-05,0.0010825576210823542,0.03312156029362849,1,0
9757,0.0,1.0,0.0,0.06756756756756757,0.0,0.6000000000000001,0.5294117647058824,0.0,0.0,0.0,0.0,1.0,0.0,0.0,0.0,0.0,0.009770786935533304,0.0,0.0008043294090493882,9.89901386388269e-06,0.0,0.0,0.0,0.6540450946160261,0.49316195980171834,0.20339622641509433,0.2450980392156863,0.39068840712170516,0.019174133717651483,0.030303030303030304,0.5499999999999972,0.0,1.0,0.0,0.8,0.0,0.0,0.0,0.0,0.0,6.609786603997167e-05,0.0036354330375410375,0.0,0.0,0.0009014321302470554,0.0010825576210823542,0.03312156029362849,1,0
12039,0.8000000000000114,1.0,0.0,0.03474903474903475,0.1111111111111111,0.6000000000000001,0.5,0.0,0.0,0.0,0.0,1.0,0.0,0.0,0.0,0.0,0.009770786935533304,0.0,0.0008043294090493882,9.89901386388269e-06,4.771827132609076e-05,3.880814937896573e-05,0.0,0.6540596696717275,0.49394653698941393,0.20339622641509433,0.2450980392156863,0.39068840712170516,0.1342189360235604,0.020202020202020204,0.6499999999999986,0.0,1.0,0.0,0.55,6.788881883441673e-09,0.0,0.0,0.0,0.0,0.0,0.0036354330375410375,0.0,0.0006673511293634497,1.9800450345126455e-05,0.0010825576210823542,0.03312156029362849,1,0
7741,0.8000000000000114,1.0,0.0,0.03861003861003861,0.537037037037037,0.4,0.5,0.0,0.0,0.0,0.0,1.0,0.0,0.0,0.0,0.0,0.01037451109006026,0.0,0.0008043294090493882,9.89901386388269e-06,0.004179325263643449,0.0009607302247756378,0.0,0.6541106454246096,0.49415252366014395,0.2792452830188679,0.06973039215686276,0.39274180772371103,0.0443010213672536,0.020202020202020204,0.5,0.0,1.0,0.0,0.45,6.971502806106254e-05,0.0,4.919639999294314e-05,0.0002144781544330613,0.0,2.7140239144898157e-05,0.0037127963358206365,0.0,0.0,0.00024886147410515527,0.0012077598357256587,0.03312180831479656,0,0
8691,0.6000000000000227,0.0,0.0,0.10231660231660232,0.0,0.6000000000000001,0.029411764705882346,0.0,0.0,0.0,0.0,0.0,0.0,0.0,0.0,0.0,0.009770786935533304,0.0,0.0008043294090493882,9.89901386388269e-06,0.0,0.0011541892649345933,0.0,0.6541784882982825,0.4940853344316887,0.2811320754716981,0.17598039215686276,0.3931987959882524,0.09825177016103767,0.24242424242424243,0.6000000000000014,0.0,1.0,1.0,0.35000000000000003,0.0,0.0,0.0,0.0,0.0,0.0,0.0036354330375410375,0.0,0.0,0.0005116651257789073,0.0011020305613696668,0.03312156029362849,0,2
11366,0.6000000000000227,1.0,1.0,0.2895752895752896,0.0,0.6000000000000001,0.23529411764705882,0.0,0.0,0.0,0.0,0.0,1.0,0.0,0.0,0.0,0.009770786935533304,0.0,0.0011990008456242553,9.89901386388269e-06,0.0,0.0,0.0,0.6539728203502503,0.49411630420587466,0.580754716981132,0.2450980392156863,0.4007299625878941,0.13359233034651294,0.020202020202020204,0.6999999999999957,0.0,1.0,0.0,0.4,0.0018115045084862755,0.0,0.0,0.0,0.001481668859421592,0.0,0.0036509960850650575,0.0,0.0,0.0,0.001313394484515258,0.03312225475289909,1,4
2519,0.6000000000000227,0.0,0.0,0.23166023166023167,0.0,0.6000000000000001,0.5588235294117647,0.0,0.0,0.0,0.0,0.0,1.0,0.0,0.0,0.0,0.009770786935533304,0.0,0.0008043294090493882,9.89901386388269e-06,0.0,0.002761278774227566,0.0,0.6541133536264078,0.4940087214762753,0.4677358490566037,0.23075980392156864,0.3992249479033379,0.1263237044927627,0.020202020202020204,0.6000000000000014,0.0,1.0,0.0,0.35000000000000003,7.040070513129015e-06,0.0,0.0,0.0,0.0,0.0,0.0036354330375410375,0.0,0.0,0.0012098740292279205,0.0011056529509801472,0.03312156029362849,0,2
8540,0.8000000000000114,1.0,0.0,0.03474903474903475,0.0,0.6000000000000001,0.1176470588235294,0.0,0.0,0.0,0.0,0.0,0.0,0.0,0.0,0.0,0.009770786935533304,0.0,0.0008043294090493882,9.89901386388269e-06,0.0,0.0004969437543602036,0.0,0.6541063873123623,0.49400173742983494,0.2788679245283019,0.2121323529411765,0.3931256778659258,0.12582241995112478,0.04040404040404041,1.0,0.0,1.0,0.0,0.35000000000000003,1.038698928166576e-05,0.0,0.0,0.0,0.0,0.0,0.0036354330375410375,0.0,0.00023100616016427105,9.004855970910223e-06,0.0010843997711868151,0.03312156029362849,0,3
5044,0.6000000000000227,1.0,0.0,0.06756756756756757,0.2962962962962963,0.6000000000000001,0.5,0.0,0.0,0.0,0.0,1.0,0.0,0.0,0.0,0.0,0.009770786935533304,0.0,0.0008043294090493882,9.89901386388269e-06,0.00026353499846000126,0.00018706026606435088,0.0,0.6541043672602014,0.49399890491611353,0.2788679245283019,0.13823529411764707,0.3931256778659258,0.07957892098502413,0.25252525252525254,0.75,0.0,0.0,1.0,0.35000000000000003,0.0,0.0021026032541149524,0.0,0.0,0.0,0.0,0.0036354330375410375,0.00959806083179435,0.0,0.00028416460262747375,0.0010895624409702055,0.03312156029362849,0,0
1029,0.0,0.0,0.0,0.03474903474903475,0.0,0.6000000000000001,0.029411764705882346,0.0,0.0,0.0,0.0,0.0,0.0,0.0,0.0,0.0,0.009770786935533304,0.0,0.0008043294090493882,9.89901386388269e-06,0.00263932650721052,0.0006885745733492721,0.0,0.6528735001451479,0.49255468353286863,0.580754716981132,0.2450980392156863,0.40287476084280827,0.13403095432044615,0.020202020202020204,0.14999999999999858,0.0,1.0,0.0,0.35000000000000003,7.460981189902399e-06,0.0,6.048737704050386e-07,2.6370264889310813e-06,0.0,0.0,0.0036354330375410375,0.0,0.0,0.01901858837626586,0.0010857407874640213,0.03312156029362849,0,2
2927,0.20000000000004547,1.0,0.0,0.06756756756756757,0.2962962962962963,0.6000000000000001,0.5,0.0,0.0,0.0,0.0,1.0,0.0,0.0,0.0,0.0,0.009772878810532787,0.0,0.0008043294090493882,9.89901386388269e-06,0.0,0.00019412384785709626,0.0,0.6541030466225249,0.4940090762683188,0.580754716981132,0.2450980392156863,0.39788444899401654,0.12494517200325836,0.24242424242424243,0.5,0.0,0.0,0.0,0.45,0.0,0.0,0.0,0.0,0.0,0.0,0.0036354330375410375,0.002992800025518623,3.43429158110883e-05,0.0,0.0010871904075211991,0.03312181823564329,0,0
4806,0.20000000000004547,0.0,1.0,0.03474903474903475,0.0,0.4,0.32352941176470584,0.0,0.0,0.0,0.0,0.0,0.0,0.0,0.0,0.0,0.009770786935533304,0.0,0.0009529627843455419,9.89901386388269e-06,0.0,2.2021755000912034e-05,6.052577740228452e-05,0.6540952646010134,0.4943367282731841,0.580754716981132,0.2450980392156863,0.3914439610524136,0.13202581615389436,0.25252525252525254,0.75,0.0,0.0,0.0,0.4,0.0,0.01772137100665705,0.0,0.0,0.0,0.0,0.0036424218023730095,0.09039941356597503,0.0,6.825271514314907e-05,0.0011306639405240253,0.03312156029362849,0,4
1739,0.4000000000000341,0.0,0.0,0.0,0.0,0.0,0.4411764705882353,0.3333333333333333,0.0,0.0,0.0,0.0,0.0,0.0,0.0,0.0,0.009770786935533304,0.0,0.0008043294090493882,9.89901386388269e-06,0.0,0.0,0.0,0.6536656014611678,0.4934848446281524,0.3920754716981132,0.17107843137254905,0.3967815839822567,0.09637195312989538,0.07070707070707072,0.0,0.0,1.0,0.0,0.35000000000000003,0.0,0.0,0.0,0.0,0.0,0.0,0.0036354330375410375,0.0,0.004106776180698152,0.0015713729489010239,0.0011332938274022483,0.03312156029362849,0,2
12081,0.20000000000004547,0.0,0.0,0.03861003861003861,0.0,0.8,0.029411764705882346,0.0,0.0,0.0,0.0,0.0,0.0,0.0,0.0,0.0,0.009770786935533304,0.0,0.0008059356662790078,9.89901386388269e-06,0.0,0.0,0.0,0.6536694520510012,0.49357051215600184,0.580754716981132,0.24473039215686276,0.396166173119341,0.1325271006955323,0.020202020202020204,0.7999999999999972,0.0,1.0,0.0,0.25000000000000006,0.0,0.0,0.0,0.0,0.0,8.998561314353716e-06,0.0036585977754491792,0.0,0.003247741273100616,8.454843461323377e-05,0.0011051296601973255,0.0331425676865641,1,2
11249,0.6000000000000227,0.0,0.0,0.05791505791505792,0.0,0.6000000000000001,0.029411764705882346,0.0,0.0,0.0,0.0,0.0,0.0,0.0,0.0,0.0,0.009790637173837748,0.0,0.0008242594744809782,9.89901386388269e-06,0.02368055364762804,0.006220854934389713,0.0004577819218615476,0.6539359925828323,0.4938482130123544,0.580754716981132,0.2450980392156863,0.40233856127907974,0.1297700357165236,0.020202020202020204,0.29999999999999716,0.0,1.0,0.0,0.4,0.0003424040466732642,0.0,0.0,0.0,0.0,0.001130638511168154,0.003675497008529871,0.0,0.0,0.003362725319659596,0.0019722236769684504,0.03312156029362849,1,2
3318,0.4000000000000341,1.0,1.0,0.10231660231660232,0.0,0.6000000000000001,0.32352941176470584,0.0,0.0,0.0,0.0,1.0,0.0,0.0,0.0,0.0,0.009818162636960436,4.51758627591335e-06,0.0008043294090493882,4.340181129685989e-05,0.0,0.0,0.0,0.6541011799710775,0.49419496090320164,0.580754716981132,0.23982843137254906,0.39513033305304723,0.13102324707061846,0.24242424242424243,0.14999999999999858,0.0,1.0,1.0,0.25000000000000006,0.000891631379925579,0.0,0.0,0.0,0.0,0.0,0.0036354330375410375,0.0,0.0,0.0,0.0011258180606802974,0.03313191765760713,0,0
10162,0.4000000000000341,0.0,1.0,0.06756756756756757,0.0,0.8,0.23529411764705882,0.0,0.0,0.0,0.0,0.0,0.0,0.0,0.0,0.0,0.009770786935533304,0.0,0.0008043294090493882,9.89901386388269e-06,0.0,0.0,3.9321094338243053e-05,0.6537690233608129,0.4936060142626821,0.41056603773584904,0.24007352941176474,0.3973787153145908,0.1316498527476659,0.020202020202020204,0.8999999999999986,0.0,0.0,0.0,0.35000000000000003,4.141217948899421e-06,0.0,0.0,0.0,2.271038720364999e-05,0.0,0.003655808394845419,0.0,0.0,0.005567635933673097,0.001094087268014811,0.03312156029362849,1,4
1549,0.8000000000000114,1.0,0.0,0.06756756756756757,0.0,0.6000000000000001,0.1764705882352941,0.0,0.0,0.0,0.0,0.0,0.0,0.0,0.0,0.0,0.009770786935533304,0.0,0.0008043294090493882,9.89901386388269e-06,0.0003101687636195899,0.00023708704534944162,0.0,0.6541056405192557,0.49400039667303164,0.2871698113207547,0.22218137254901962,0.39339377764779004,0.12250140986277337,0.24242424242424243,0.9499999999999957,0.0,0.0,0.0,0.05,0.0,0.0,0.0,0.0,0.0,0.0,0.0036354330375410375,0.0006854654372107095,0.0,6.190838480000778e-05,0.001083167755234647,0.03312156029362849,0,3
6075,0.0,0.0,0.0,0.10231660231660232,0.0,0.6000000000000001,0.47058823529411764,0.0,0.0,0.0,0.0,0.0,0.0,0.0,0.0,0.0,0.009770786935533304,0.0,0.0008043294090493882,9.89901386388269e-06,0.008041613224612795,0.017629204337371623,0.0,0.654105392029979,0.4939997705465916,0.28830188679245283,0.21335784313725492,0.3934303367089534,0.11623535309229903,0.020202020202020204,0.6000000000000014,0.0,1.0,0.0,0.5,0.0,0.0,0.0004633333081302596,0.0020199622905212084,0.0,7.805980899198404e-06,0.003643210634810081,0.0,0.0049047484599589325,0.00013683799598976926,0.0010855885141586477,0.03312156029362849,0,2
10629,1.0,1.0,0.0,0.06756756756756757,0.0,0.4,0.0,0.0,0.0,0.0,0.0,0.0,0.0,0.0,0.0,0.0,0.009770786935533304,0.0,0.0008043294090493882,9.89901386388269e-06,6.253985560161895e-05,0.0004137596911303434,0.00018048991256254375,0.6540463701943137,0.4939275241729038,0.580754716981132,0.17647058823529416,0.40287476084280827,0.09674791653612383,0.020202020202020204,0.10000000000000142,0.0,1.0,0.0,0.8,9.241026019740806e-05,0.0,4.778502786199805e-05,0.0001845918542251757,0.0,1.951495224799601e-06,0.00364409370307836,0.0,0.0,0.0007521612933429044,0.0010915200848251613,0.03312156029362849,1,3
3047,0.6000000000000227,1.0,0.0,0.10231660231660232,0.4444444444444444,0.6000000000000001,0.5,0.0,0.0,0.0,0.0,1.0,0.0,0.0,0.0,0.0,0.009961508747536497,0.0,0.0008043294090493882,9.89901386388269e-06,0.0,0.0022121476155633145,0.0,0.6541336035145533,0.4940331582634897,0.3920754716981132,0.1769607843137255,0.3967815839822567,0.09937966037972305,0.020202020202020204,0.5499999999999972,0.0,1.0,0.0,0.55,0.0,0.0,1.0081229506750644e-07,0.0,0.0,0.0,0.0036679294786345624,0.0,0.0,0.0011228697248044386,0.001119887134399516,0.03312156029362849,0,0
5651,0.4000000000000341,0.0,1.0,0.03474903474903475,0.0,0.6000000000000001,0.23529411764705882,0.0,0.0,0.0,0.0,0.0,0.0,0.0,0.0,0.0,0.009989124507421754,0.0,0.0008450316553533396,9.89901386388269e-06,0.006324478460984529,0.002116997013766921,0.0,0.6541442000912735,0.4940458651754631,0.39075471698113207,0.2263480392156863,0.39675111809795394,0.12431856632621094,0.24242424242424243,1.0,0.0,1.0,1.0,0.25000000000000006,0.0002314465611702935,0.0,0.0,0.0,0.0,0.0,0.0036354330375410375,0.0,0.000513347022587269,0.0006106162135501594,0.0011203263576283296,0.03312280039946885,0,4
9468,1.0,0.0,0.0,0.10231660231660232,0.0,0.6000000000000001,0.029411764705882346,0.0,0.0,0.0,0.0,0.0,0.0,0.0,0.0,0.0,0.009770786935533304,0.0,0.0008043294090493882,9.89901386388269e-06,0.011925952810967684,0.00394721260674838,0.0,0.653946658073912,0.49403099845722054,0.580754716981132,0.24485294117647063,0.3909321341961272,0.08979259352089732,0.020202020202020204,0.5,1.0,1.0,0.0,0.10000000000000002,3.382899842518986e-05,0.0,0.0,0.0,0.0,7.097660410197068e-05,0.003656007468038846,0.0,0.0,0.000889383018990525,0.001124537517525668,0.03312156029362849,1,2
1846,0.20000000000004547,0.0,0.0,0.04247104247104247,0.0,0.8,0.5588235294117647,0.0,0.0,0.0,0.0,0.0,0.0,0.0,0.0,0.0,0.009770786935533304,0.0,0.0008043294090493882,9.89901386388269e-06,2.1690123330041255e-06,0.0,0.0,0.6541020990500827,0.49399624746936327,0.580754716981132,0.2450980392156863,0.40287476084280827,0.1342189360235604,0.030303030303030304,0.3999999999999986,0.0,1.0,0.0,0.8,4.887994956078004e-07,0.0,3.024368852025193e-07,0.0,2.8172775304321146e-07,0.0,0.0036354330375410375,0.0,0.0,1.0923504260166662e-05,0.0010838478300229692,0.03312156029362849,0,2
5772,0.0,1.0,0.0,0.15830115830115832,0.4444444444444444,0.6000000000000001,0.5,0.0,0.0,0.0,0.0,1.0,0.0,0.0,0.0,0.0,0.009770786935533304,0.0,0.0008043294090493882,1.3927446908693845e-05,0.0,0.0,0.00013216498356941538,0.6540893730859199,0.4940214035450422,0.580754716981132,0.24497549019607845,0.3984876735032111,0.11642333479541327,0.020202020202020204,0.3999999999999986,1.0,1.0,0.0,0.25000000000000006,1.4052985498724264e-06,0.0,0.0,0.0,0.0,8.275785305168678e-06,0.003658458777598147,0.0,0.0,0.00037206427625260875,0.0011067927702044524,0.03312156029362849,0,0
9183,0.0,0.0,1.0,0.03861003861003861,0.0,0.6000000000000001,0.2941176470588235,0.0,0.0,0.0,0.0,0.0,0.0,0.0,0.0,0.0,0.009770786935533304,0.0,0.0008043294090493882,9.89901386388269e-06,0.0002324458216869421,0.0002026832469706583,0.0,0.6538603193150687,0.4937129770766431,0.20339622641509433,0.2241421568627451,0.39068840712170516,0.12350397894604927,0.25252525252525254,0.8999999999999986,0.0,1.0,0.0,0.0,0.003775256482090614,0.0,0.0,0.0,0.0,0.0,0.0036354330375410375,0.0,0.0033803131416837782,0.0001099769199401791,0.0010825576210823542,0.03312156029362849,1,4
3264,0.0,0.0,1.0,0.06756756756756757,0.0,0.6000000000000001,0.23529411764705882,0.0,0.0,0.0,0.0,0.0,0.0,0.0,0.0,0.0,0.00999381993907527,0.0,0.0008043294090493882,9.89901386388269e-06,0.0,0.0,0.0,0.6541046147555211,0.4939990322375471,0.39301886792452834,0.19779411764705884,0.3968120498665595,0.10946801178018675,0.24242424242424243,0.3999999999999986,0.0,0.0,0.0,0.55,0.0,0.0,0.0,0.0,0.0,0.0,0.00363964420124815,0.00706048709212586,0.00010605749486652978,3.27449308033099e-06,0.0010868716348562063,0.03312156029362849,0,4
6081,0.4000000000000341,1.0,1.0,0.10231660231660232,0.0,0.6000000000000001,0.23529411764705882,0.0,0.0,0.0,0.0,0.0,0.0,0.0,0.0,0.0,0.00999526468727635,0.0,0.0008043294090493882,9.89901386388269e-06,0.003550311687072253,0.017486935489969505,0.0,0.6540717760692935,0.49396067937291566,0.5777358490566038,0.2450980392156863,0.4027772700130394,0.13415627545585562,0.24242424242424243,0.75,0.0,1.0,0.0,0.35000000000000003,4.8723805277460885e-05,0.0,0.0,0.0,0.0,0.0,0.0036354330375410375,0.0,0.0,0.005633688598777898,0.001100039310320361,0.03312156029362849,0,4
815,0.4000000000000341,0.0,0.0,0.02316602316602317,0.0,0.6000000000000001,0.5588235294117647,0.0,0.0,0.0,0.0,0.0,0.0,0.0,0.0,0.0,0.009770786935533304,0.0,0.001693509746121688,9.89901386388269e-06,0.008541209065314746,0.007666479273996753,0.0008037118591093872,0.6540572437537477,0.493883561013519,0.57,0.2450980392156863,0.4022715363336137,0.12883012720095247,0.020202020202020204,0.9499999999999957,0.0,1.0,0.0,0.4,9.435866929795581e-05,0.0,0.0,0.0,0.00023367751960750818,0.0,0.003754331956373503,0.0,0.0,0.004369273794180714,0.0014762479096605795,0.03317635313007873,0,2
8530,0.0,0.0,0.0,0.13378378378378378,0.0,0.0,0.7941176470588235,0.3333333333333333,0.0,0.0,0.0,0.0,0.0,0.0,0.0,0.0,0.01013287695342937,0.0,0.0008043294090493882,9.89901386388269e-06,0.0,0.003600266089281181,0.0,0.6541193670669065,0.49401352359046574,0.3039622641509434,0.1280637254901961,0.39393607038837913,0.07381414875618773,0.020202020202020204,0.3999999999999986,0.0,1.0,0.0,0.35000000000000003,0.0,0.0,2.8529879504104322e-05,0.00012437974939458267,5.396651624961073e-05,0.0,0.003649906875916011,0.0,0.001988424024640657,0.00015674077424365605,0.0011286831979189704,0.03312156029362849,0,2
10837,0.4000000000000341,0.0,1.0,0.015444015444015444,0.0,1.0,0.23529411764705882,0.0,0.0,0.0,0.0,0.0,0.0,0.0,0.0,0.0,0.009886216297015549,0.0,0.0008043294090493882,9.89901386388269e-06,0.0,0.0,0.0,0.6539754576497747,0.4938433320986182,0.580754716981132,0.2450980392156863,0.40287476084280827,0.13058462309668528,0.020202020202020204,0.29999999999999716,0.0,1.0,0.0,0.8,6.802459647208557e-06,0.0,0.0,0.0,0.0,0.0,0.0036354330375410375,0.0,0.0017967145790554417,0.00018605772010349446,0.0010829760256951988,0.03312156029362849,1,4
6512,0.6000000000000227,1.0,0.0,0.05791505791505792,0.7037037037037037,0.4,0.5,0.0,0.0,0.0,0.0,1.0,0.0,0.0,0.0,0.0,0.011314545536770235,0.0,0.0008043294090493882,9.89901386388269e-06,0.008302256206628791,0.008503056661144608,0.0,0.6539365495301314,0.4937877912286325,0.42339622641509433,0.1448529411764706,0.39779914451796883,0.08289993107337554,0.04040404040404041,0.5499999999999972,0.0,1.0,0.0,0.45,0.0,0.0,0.0005787633859825544,0.0014965125324683888,0.0,0.00011401791544893967,0.0036354330375410375,0.0,0.0,0.004609002502429009,0.002500210495167258,0.03316620410388126,0,0
8977,0.6000000000000227,0.0,0.0,0.10231660231660232,0.0,0.6000000000000001,0.5294117647058824,0.0,0.0,0.0,0.0,1.0,0.0,0.0,0.0,0.0,0.009770786935533304,0.0,0.0008043294090493882,9.89901386388269e-06,0.0,0.0,0.0,0.6538491525382881,0.4936995004134418,0.3920754716981132,0.16286764705882353,0.3967815839822567,0.09211103452597282,0.07070707070707072,0.3999999999999986,0.0,1.0,0.0,0.35000000000000003,0.0,0.0,0.0,0.0,6.972761887819484e-05,0.0,0.0036354330375410375,0.0,0.0,0.0,0.0012905784710483831,0.03312156029362849,0,1
2285,0.4000000000000341,1.0,0.0,0.03861003861003861,0.0,0.6000000000000001,0.5588235294117647,0.0,0.0,0.0,0.0,0.0,0.0,0.0,0.0,0.0,0.009770786935533304,0.0,0.0008043294090493882,9.89901386388269e-06,0.0,0.0,0.0,0.6540697311682049,0.4939582820034839,0.580754716981132,0.2450980392156863,0.40281992225106333,0.13371765148192244,0.020202020202020204,0.0,0.0,0.0,0.0,0.45,0.0,0.0,0.0,0.0,9.688304396319328e-06,0.0,0.0036358657370660014,0.0,0.0,0.0005206955637270076,0.0011110427915182665,0.03312156029362849,0,3
9101,0.20000000000004547,0.0,1.0,0.03474903474903475,0.0,0.8,0.23529411764705882,0.0,0.0,0.0,0.0,0.0,0.0,0.0,0.0,0.0,0.016215357176745302,3.1317566695341335e-06,0.0008043294090493882,9.89901386388269e-06,0.09043949973899551,0.013798665481646944,0.0,0.6500079032511467,0.4914009471647951,0.580754716981132,0.24497549019607845,0.3940640271024507,0.1325271006955323,0.030303030303030304,1.0,0.0,1.0,0.0,0.2,0.0014239068751149399,0.0,9.637655408453615e-05,0.0,0.0,3.454869323904479e-05,0.004347545335880698,0.0,0.0,0.016048827808223174,0.0015068664925519863,0.03312156029362849,1,4
8611,0.6000000000000227,1.0,0.0,0.10231660231660232,0.4444444444444444,0.6000000000000001,0.5,0.0,0.0,0.0,0.0,1.0,0.0,0.0,0.0,0.0,0.009770786935533304,0.0,0.0008043294090493882,9.89901386388269e-06,0.0,0.0,0.0,0.6540917224692022,0.49398409021333467,0.2788679245283019,0.13676470588235295,0.3931256778659258,0.07882699417256722,0.020202020202020204,0.0,0.0,1.0,0.0,0.75,4.378828814819879e-05,0.0,0.0,0.0,3.42768766202574e-05,0.0,0.0036354330375410375,0.0,0.0,0.0009477355089611109,0.0011063859149666574,0.03312156029362849,0,0
627,0.20000000000004547,0.0,0.0,0.10231660231660232,0.0,0.6000000000000001,0.5588235294117647,0.0,0.0,0.0,0.0,0.0,0.0,0.0,0.0,0.0,0.010112770874297652,0.0,0.0008043294090493882,9.89901386388269e-06,0.0,0.0,3.1317685756122784e-05,0.6540901695768817,0.49396324521034174,0.580754716981132,0.2442401960784314,0.40287476084280827,0.12945673287799989,0.020202020202020204,0.6000000000000014,0.0,1.0,0.0,0.45,0.00024435222563071613,0.0,0.0,0.0,0.0,0.0,0.0036661562744106633,0.0,0.0,0.00011330257697489028,0.001161144277891771,0.03312156029362849,0,2
7578,0.6000000000000227,0.0,0.0,0.02316602316602317,0.0,0.6000000000000001,0.5588235294117647,0.0,0.0,0.0,0.0,0.0,0.0,0.0,0.0,0.0,0.009770786935533304,0.0,0.0008043294090493882,9.89901386388269e-06,0.0,5.9417188021328694e-05,0.0,0.6541029558411091,0.4939972512901778,0.580754716981132,0.2450980392156863,0.40287476084280827,0.1342189360235604,0.020202020202020204,0.6000000000000014,0.0,1.0,0.0,0.8,0.0,0.0,9.637655408453615e-05,0.0,0.0,3.454869323904479e-05,0.0036456191455960414,0.0,0.0,2.619594464264792e-05,0.0010886446374147702,0.03312156029362849,0,2
7905,0.20000000000004547,1.0,0.0,0.02316602316602317,0.14814814814814814,0.2,0.5,0.0,0.0,0.0,0.0,1.0,0.0,0.0,0.0,0.0,0.009770786935533304,0.0,0.0008043294090493882,9.89901386388269e-06,0.0,7.229783717280554e-06,9.156073405088675e-06,0.6541038404629346,0.4939982877177009,0.4962264150943396,0.2450980392156863,0.4001450176092812,0.1342189360235604,0.24242424242424243,0.5,0.0,0.0,0.0,0.35000000000000003,0.0,0.0,0.0,0.0,0.0,0.0,0.0036354330375410375,0.000509831814200326,0.0,9.056019925290394e-06,0.001082993622382506,0.03312156029362849,0,0
12406,0.0,0.0,1.0,0.10231660231660232,0.0,0.6000000000000001,0.2941176470588235,0.0,0.0,0.0,0.0,0.0,0.0,0.0,0.0,0.0,0.009770786935533304,0.0,0.0008043294090493882,9.89901386388269e-06,0.0,0.0028065687986634042,0.0,0.6539095046198818,0.49374621185255085,0.580754716981132,0.2450980392156863,0.5097917352149064,0.13202581615389436,0.25252525252525254,0.9499999999999957,0.0,1.0,0.0,0.25000000000000006,0.0,0.0,0.0,0.0,0.0,0.0,0.0036354330375410375,0.0,0.00371170431211499,0.00015988735743803663,0.0010859731628727423,0.03337725523663958,1,4
2732,0.6000000000000227,1.0,0.0,0.05791505791505792,0.7037037037037037,0.4,0.5,0.0,0.0,0.0,0.0,1.0,0.0,0.0,0.0,0.0,0.014830520877627346,9.89176801718708e-05,0.0009446819825112897,0.00044610341210303236,0.0,0.0,0.00015332616984768446,0.653951006304937,0.49517989466994367,0.580754716981132,0.24362745098039218,0.3983962758503029,0.1270129707375149,0.030303030303030304,0.0,0.0,1.0,0.0,0.25000000000000006,0.0008182843000568751,0.0,0.0034295334659015016,0.0,0.0007688193865130884,0.0,0.0051533751683568284,0.0,0.0,0.002311843278668059,0.0016749451920330047,0.03316620410388126,0,0
3568,0.4000000000000341,0.0,0.0,0.05791505791505792,0.0,0.6000000000000001,0.0,0.0,0.0,0.0,0.0,0.0,0.0,0.0,0.0,0.0,0.010122748666561371,0.01119170892410322,0.0008043294090493882,3.1771988260457834e-05,0.0,0.0006462761835550675,0.0,0.6533064416868521,0.4943428028253598,0.580754716981132,0.23394607843137258,0.39998050183404626,0.1270129707375149,0.030303030303030304,0.5,0.0,1.0,0.0,0.25000000000000006,0.001211591383092185,0.0,0.0,0.0,0.0008730899582227481,0.0,0.003960447707586266,0.0,0.0,0.0030165500043233544,0.0019157699351814578,0.03312156029362849,0,2
7459,0.6000000000000227,1.0,0.0,0.06756756756756757,0.2962962962962963,0.6000000000000001,0.5,0.0,0.0,0.0,0.0,1.0,0.0,0.0,0.0,0.0,0.009770786935533304,0.0,0.0008043294090493882,9.89901386388269e-06,0.00042874143782381546,0.00022570221351878145,0.0,0.6541032841782736,0.4939964073975054,0.3920754716981132,0.20833333333333337,0.3967815839822567,0.10013158719217997,0.25252525252525254,1.0,0.0,0.0,0.0,0.55,0.0,0.00023128635795264475,0.0,0.0,0.0,0.0,0.0036374308371626496,0.002491618592047041,0.0,7.444355362314985e-05,0.0010835588478060655,0.03312156029362849,0,0
7521,0.6000000000000227,1.0,0.0,0.15830115830115832,0.4444444444444444,0.6000000000000001,0.5,0.0,0.0,0.0,0.0,1.0,0.0,0.0,0.0,0.0,0.009770786935533304,0.0,0.0008058888820878538,9.89901386388269e-06,0.028051113498631354,0.006448302268116114,0.0004078041150090683,0.6542550412180859,0.4941697469894325,0.3077358490566038,0.1513480392156863,0.3940579339255902,0.08534369321386052,0.020202020202020204,0.44999999999999574,0.0,1.0,0.0,0.35000000000000003,0.000109409620433546,0.0,0.0,0.0,0.0,0.000776369850266108,0.003660639159142725,0.0,0.0,0.0012921968318256169,0.001169109182952728,0.033122056335964635,0,0
8434,0.6000000000000227,1.0,0.0,0.05791505791505792,0.7037037037037037,0.6000000000000001,0.5,0.0,0.0,0.0,0.0,1.0,0.0,0.0,0.0,0.0,0.009939596733153427,3.392554524592899e-05,0.0017977761134734963,9.89901386388269e-06,0.0,0.008605603248582817,0.0,0.6539726318297189,0.4958853082036287,0.580754716981132,0.24325980392156868,0.39410058616361404,0.06980387242308417,0.030303030303030304,0.5499999999999972,1.0,1.0,0.0,0.2,0.010077681034174274,0.0,0.0,0.0,0.0,0.001031762753111641,0.004640203347982026,0.0,0.0,0.004307058425654426,0.0017753380602985314,0.033130563462029465,0,0
135,0.4000000000000341,1.0,0.0,0.20463320463320464,0.0,0.6000000000000001,0.47058823529411764,0.0,0.0,0.0,0.0,0.0,0.0,0.0,0.0,0.0,0.009770786935533304,3.3499975524284984e-06,0.0008043294090493882,1.5273631820653353e-05,0.1771360071953369,0.04071947151112036,0.0,0.6531742967460414,0.49479136904553744,0.5779245283018868,0.2422794117647059,0.3913891224606686,0.041293314117425914,0.030303030303030304,0.9499999999999957,1.0,1.0,0.0,0.2,0.0012869887052896884,0.0,0.0,0.0,0.0,0.013138911405369285,0.004181087948933277,0.0,0.0,0.011864921020761822,0.0019046005990096654,0.03312156029362849,0,3
7244,0.20000000000004547,0.0,0.0,0.03474903474903475,0.0,0.6000000000000001,0.5588235294117647,0.0,0.0,0.0,0.0,0.0,0.0,0.0,0.0,0.0,0.009770786935533304,0.0,0.0008043294090493882,9.89901386388269e-06,0.005092117953782685,0.001170560154501309,0.0,0.6540959020588382,0.49398898704225,0.5773584905660377,0.24276960784313728,0.40276508365931835,0.13302838523717025,0.020202020202020204,0.14999999999999858,0.0,0.0,0.0,0.5,0.0,0.0,0.0,0.0,0.0,0.0,0.0036354330375410375,0.0,0.0,5.901762137752808e-05,0.0011198427709202487,0.03312156029362849,0,2
3229,0.8000000000000114,1.0,0.0,0.02316602316602317,0.0,0.6000000000000001,0.029411764705882346,0.0,0.0,0.0,0.0,0.0,0.0,0.0,0.0,0.0,0.011644986539386356,0.00013971781322897229,0.0008246025585494407,0.00038888549249921963,0.0,0.007751990164170106,0.0,0.6534642764430562,0.4957588663748598,0.580754716981132,0.24350490196078436,0.3951486125836289,0.10338993671282663,0.030303030303030304,0.29999999999999716,1.0,1.0,0.0,0.2,0.0013371924868177394,0.0,0.0,0.0,0.0,0.0012536911267319068,0.004925768935837054,0.0,0.0,0.006264847140011696,0.001810207160185085,0.03312800884399834,0,3
5774,0.4000000000000341,1.0,0.0,0.10424710424710425,0.2962962962962963,0.6000000000000001,0.5,0.0,0.0,0.0,0.0,1.0,0.0,0.0,0.0,0.0,0.009770786935533304,0.0,0.0008043294090493882,9.89901386388269e-06,0.0,0.00010761574613653238,1.8072914488429192e-05,0.6541026331363683,0.4939959481863594,0.580754716981132,0.2450980392156863,0.40287476084280827,0.12682498903440068,0.25252525252525254,0.6999999999999957,0.0,0.0,1.0,0.5,0.0,0.00819678852584173,0.0,0.0,0.0,0.0,0.003639299847814944,0.007012523820406665,0.0,6.702478023802495e-05,0.0010846767579154699,0.03312156029362849,0,0
5832,0.4000000000000341,0.0,0.0,0.02316602316602317,0.0,0.6000000000000001,0.5294117647058824,0.0,0.0,0.0,0.0,1.0,0.0,0.0,0.0,0.0,0.009905299012838167,6.765467369725306e-07,0.000874505695780339,5.285547075377852e-05,0.014478518824858039,0.0033282766397793504,0.0,0.6538645250789085,0.4947971412093085,0.580754716981132,0.24497549019607845,0.39074933889031066,0.033210100883514004,0.030303030303030304,0.14999999999999858,1.0,1.0,0.0,0.2,0.0,0.0,0.00028953291143387846,0.0012622566793683444,0.0,3.5560579651903846e-05,0.004347587349355445,0.0,0.0,0.0006863132840556235,0.0013771572953920497,0.03314413021992295,0,1
3294,0.6000000000000227,0.0,0.0,0.21235521235521235,0.0,0.8,0.5294117647058824,0.0,0.0,0.0,0.0,1.0,1.0,0.0,0.0,0.0,0.00994686562254012,0.0,0.00086358938451108,9.89901386388269e-06,0.0,0.0,2.690276200022492e-05,0.6541048721904118,0.4939938601924842,0.580754716981132,0.2450980392156863,0.40287476084280827,0.13083526536750426,0.020202020202020204,0.0,0.0,1.0,0.0,0.45,7.126289313048725e-05,0.0,0.0012305148735939837,0.005244606182069099,0.0,0.0007547227087910161,0.0036430743855041256,0.0,0.0,0.00010828850944563344,0.001114485149668748,0.033140409902401885,0,1
8816,1.0,0.0,0.0,0.03474903474903475,0.0,0.6000000000000001,0.5294117647058824,0.0,0.0,0.0,0.0,1.0,0.0,0.0,0.0,0.0,0.009854597380656463,0.0,0.0008043294090493882,9.89901386388269e-06,0.054472575731065606,0.01252198539832992,0.0,0.6542032636731372,0.49410941992043556,0.3924528301886792,0.2431372549019608,0.39679377033597785,0.13227645842471336,0.020202020202020204,0.5,0.0,1.0,0.0,0.55,0.0008542314296296988,0.0,0.0022143420611577787,0.0,0.0,0.0010015868547281657,0.0037896652886356894,0.0,0.0,0.003948168867654711,0.00120332467743412,0.03312453654764534,0,1
5174,0.6000000000000227,1.0,0.0,0.03861003861003861,0.537037037037037,0.6000000000000001,0.5,0.0,0.0,0.0,0.0,1.0,0.0,0.0,0.0,0.0,0.015880792621971927,0.0,0.0008297488195763771,9.89901386388269e-06,0.0,0.0,0.0,0.653867032501371,0.4937209882344041,0.38943396226415095,0.1843137254901961,0.3966658136219062,0.10301397330659817,0.020202020202020204,0.10000000000000142,0.0,1.0,0.0,0.35000000000000003,0.0,0.0,0.00014980707047031457,0.0006531035604252645,0.0,0.0,0.0036354330375410375,0.0,0.0,0.003156764821302215,0.001099592205758359,0.03312156029362849,0,0
7013,0.20000000000004547,0.0,0.0,0.02316602316602317,0.0,0.4,0.47058823529411764,0.0,0.0,0.0,0.0,0.0,0.0,0.0,0.0,0.0,0.009770786935533304,0.0,0.0010584611353977379,9.89901386388269e-06,0.019829110748323716,0.012192573183901182,0.0,0.6537060313291424,0.4945698728385955,0.580188679245283,0.24497549019607845,0.4010224350772006,0.13346700921110347,0.020202020202020204,0.3999999999999986,0.0,1.0,0.0,0.45,0.000151833343323173,0.0,1.1694226227830746e-05,5.0543007704512396e-05,0.0,2.7826876353623944e-06,0.004365635866927579,0.0,0.0,0.008522482209013964,0.0021502771206097044,0.03328158851169124,0,2
6439,0.6000000000000227,0.0,0.0,0.05791505791505792,0.0,0.6000000000000001,0.5294117647058824,0.0,0.0,0.0,0.0,1.0,0.0,0.0,0.0,0.0,0.013492307806915122,0.0,0.0012930682593044985,9.89901386388269e-06,0.09485741635926942,0.021805526297091756,0.0,0.6542913534530842,0.49434207965514426,0.5347169811320754,0.2394607843137255,0.4010833668458061,0.1298953568519331,0.030303030303030304,0.44999999999999574,0.0,1.0,0.0,0.35000000000000003,0.002076264113058617,0.0,0.0,0.0,0.0,0.007121764990103389,0.004388927430558555,0.0,0.0,0.006312301707699306,0.002160429863936475,0.03315441813797453,0,1
2908,0.4000000000000341,1.0,0.0,0.15830115830115832,0.4444444444444444,0.6000000000000001,0.5,0.0,0.0,0.0,0.0,1.0,0.0,0.0,0.0,0.0,0.009770786935533304,0.0,0.0008043294090493882,9.89901386388269e-06,0.004062921601772227,0.000933971714925473,0.0004982121842369866,0.6540910323316508,0.49407089082430766,0.580754716981132,0.2442401960784314,0.3993955568554333,0.12206278588884016,0.24242424242424243,0.44999999999999574,1.0,1.0,1.0,0.10000000000000002,0.00011131729624279312,0.0,0.0,0.0,0.0,0.0,0.0036354330375410375,0.0,0.0,0.0007636987650556331,0.0011440754416356838,0.03312156029362849,0,0
1673,0.20000000000004547,0.0,0.0,0.015444015444015444,0.0,0.8,0.5588235294117647,0.0,0.0,0.0,0.0,0.0,0.0,0.0,0.0,0.0,0.009770786935533304,0.0,0.0008043294090493882,9.89901386388269e-06,0.0,0.0,0.0,0.6540624534142657,0.4939495666960873,0.5783018867924529,0.2450980392156863,0.4027955495436211,0.13390563318503665,0.020202020202020204,0.6999999999999957,0.0,1.0,0.0,0.8,5.3102634092280765e-05,0.0,0.0,0.0,4.407474180942686e-05,0.0,0.0036354330375410375,0.0,0.0,0.0003254539138122723,0.001088295776892889,0.03312156029362849,0,2
3598,0.8000000000000114,1.0,0.0,0.015444015444015444,0.35185185185185186,0.6000000000000001,0.5,0.0,0.0,0.0,0.0,1.0,0.0,0.0,0.0,0.0,0.009770786935533304,0.0,0.0008043294090493882,9.89901386388269e-06,0.0032159222857341165,0.0009917268837014498,0.0,0.6540895023003438,0.49398148905197425,0.580754716981132,0.24485294117647063,0.40287476084280827,0.13409361488815089,0.020202020202020204,0.10000000000000142,0.0,1.0,0.0,0.4,0.000178839515455504,0.0,0.0,0.0,0.0,0.0,0.0036369078282994446,0.0,0.0,0.00029296480278086326,0.0010864054961310329,0.03312156029362849,0,0
11777,0.4000000000000341,0.0,0.0,0.04247104247104247,0.0,1.0,0.029411764705882346,0.0,0.0,0.0,0.0,0.0,0.0,0.0,0.0,0.0,0.009770786935533304,0.0,0.0008288755146748364,9.89901386388269e-06,0.010997977034497418,0.0027717494954732826,0.0,0.6535598530392538,0.4933612915984947,0.32716981132075473,0.22279411764705884,0.394685531142227,0.12275205213359236,0.020202020202020204,0.6000000000000014,0.0,1.0,0.0,0.35000000000000003,0.00018048242487129687,0.0,0.0,0.0,0.0005318863462037475,0.0,0.0037017467919621882,0.0,0.0,0.01715655300253108,0.0012507245022724417,0.03312156029362849,1,2
8498,0.20000000000004547,0.0,0.0,0.03474903474903475,0.0,0.6000000000000001,0.5588235294117647,0.0,0.0,0.0,0.0,0.0,0.0,0.0,0.0,0.0,0.012507305572446486,0.0,0.0008043294090493882,9.89901386388269e-06,0.0,0.003724003422097626,0.0,0.6539948129765237,0.49399257028661925,0.580754716981132,0.2450980392156863,0.39506330810758117,0.1287674666332477,0.020202020202020204,0.0,0.0,1.0,0.0,0.6,0.0,0.0,0.0013129793309592038,0.001754501623968813,0.0,0.0003296219989888363,0.0036354330375410375,0.0,0.0,0.0014586331754243155,0.0011105736787050974,0.03312156029362849,0,2
1695,0.8000000000000114,0.0,0.0,0.03474903474903475,0.0,0.8,0.5588235294117647,0.0,0.0,0.0,0.0,0.0,0.0,0.0,0.0,0.0,0.011498585388343426,0.00019192103241730434,0.0008043294090493882,9.89901386388269e-06,0.001803895256948431,0.00041467380171528694,0.00023977603157031508,0.6539239014259419,0.4938758774755443,0.580754716981132,0.2416666666666667,0.39544108507293535,0.0817093802869854,0.020202020202020204,0.3999999999999986,1.0,1.0,0.0,0.25000000000000006,0.0,0.0,2.0162459013501287e-07,0.0,0.0,7.227760091850375e-08,0.00383004612760696,0.0,0.0,0.002464644428424442,0.001178099107441361,0.03312156029362849,0,2
3553,0.6000000000000227,1.0,1.0,0.05791505791505792,0.0,0.6000000000000001,0.23529411764705882,0.0,0.0,0.0,0.0,0.0,0.0,0.0,0.0,0.0,0.03871150131686541,0.0,0.0008043294090493882,9.89901386388269e-06,0.06883143737555292,0.012014737124648534,0.0,0.6537978249245899,0.49361900609518056,0.40471698113207544,0.2231617647058824,0.3971898268319137,0.12200012532113544,0.020202020202020204,0.6000000000000014,0.0,1.0,0.0,0.55,0.00010695204519174012,0.0,0.0031462509167618086,0.00652268502037103,0.0,0.0005915198859170347,0.004034502542891867,0.0,0.0,0.012608077458133816,0.0013519530396965925,0.03312156029362849,0,4
7528,0.6000000000000227,0.0,1.0,0.06756756756756757,0.0,0.6000000000000001,0.23529411764705882,0.0,0.0,0.0,0.0,0.0,0.0,0.0,0.0,0.0,0.009770786935533304,0.0,0.0008043294090493882,9.89901386388269e-06,0.0,0.00015689461676121478,0.0,0.6541019651971922,0.4939949494118212,0.319622641509434,0.08627450980392158,0.39444180406780494,0.051131023247070626,0.24242424242424243,0.6499999999999986,0.0,0.0,0.0,0.5,0.0,0.0013666921151747188,0.0,0.0,0.0,0.0,0.0036354330375410375,0.005792897373196038,0.0,7.009461750083525e-05,0.0010857659185075838,0.03312156029362849,0,4
8178,0.8000000000000114,0.0,0.0,0.03474903474903475,0.0,0.4,0.5294117647058824,0.0,0.0,0.0,0.0,1.0,0.0,0.0,0.0,0.0,0.00984827660727673,0.0,0.000866396435980318,0.00010201652426796894,0.02553216717590256,0.010097514824172907,0.0,0.6535999148117796,0.49413153386783787,0.580754716981132,0.24485294117647063,0.39731778354598524,0.1292060906071809,0.020202020202020204,0.0,0.0,1.0,0.0,0.2,2.8289270808301453e-05,0.0,0.0,0.0,0.0007570337755107806,0.0,0.0038272194453200133,0.0,0.0,0.00899817907486361,0.0013269248004423402,0.03313396135203204,0,1
6509,0.4000000000000341,0.0,0.0,0.02316602316602317,0.0,0.6000000000000001,0.0,0.0,0.0,0.0,0.0,0.0,0.0,0.0,0.0,0.0,0.009770786935533304,0.0,0.0008043294090493882,9.89901386388269e-06,0.0,0.0016339311201054051,0.0,0.6541023210338366,0.4939964202072838,0.580566037735849,0.2450980392156863,0.4028686676659477,0.130897925935209,0.020202020202020204,0.14999999999999858,0.0,1.0,0.0,0.5,0.0,0.0,0.0,0.0,0.0,0.0,0.003637465782950056,0.0,9.843429158110884e-05,0.0004226142631802184,0.0010828417456221985,0.03312156029362849,0,2
11866,0.0,0.0,0.0,0.04247104247104247,0.0,0.6000000000000001,0.5588235294117647,0.0,0.0,0.0,0.0,0.0,0.0,0.0,0.0,0.0,0.009770786935533304,0.0,0.0008043294090493882,9.89901386388269e-06,9.326753031917739e-05,0.0030848739212975718,0.0,0.6537145303250472,0.4935421699390833,0.20339622641509433,0.2450980392156863,0.39068840712170516,0.1342189360235604,0.24242424242424243,0.6499999999999986,0.0,0.0,0.0,0.55,0.0,0.0,0.0,0.0,0.0,0.0,0.0036354330375410375,0.00013083700852224698,0.0,0.006949216193800873,0.0010825576210823542,0.03312156029362849,1,2
4319,0.4000000000000341,1.0,0.0,0.06756756756756757,0.2962962962962963,0.6000000000000001,0.5,0.0,0.0,0.0,0.0,1.0,0.0,0.0,0.0,0.0,0.009770786935533304,0.0,0.0008043294090493882,9.89901386388269e-06,0.0,0.0005891858224772314,0.0,0.6541010620215008,0.49399496299794976,0.4016981132075471,0.2126225490196079,0.39709233600214483,0.11723792217557492,0.25252525252525254,0.29999999999999716,0.0,0.0,1.0,0.55,0.0,0.0010616043830026394,0.0,0.0,0.0,0.0,0.0036354330375410375,0.00455226285850132,0.0,0.0002899717114496232,0.0010849482921494662,0.03312156029362849,0,0
10910,0.4000000000000341,1.0,0.0,0.06756756756756757,0.0,0.4,0.029411764705882346,0.0,0.0,0.0,0.0,0.0,0.0,0.0,0.0,0.0,0.009770786935533304,0.0,0.0008043294090493882,9.89901386388269e-06,0.0009333983073027753,0.000985743614418183,0.0,0.6540501982544527,0.49393539675215337,0.20339622641509433,0.18786764705882356,0.39068840712170516,0.10483112977003574,0.020202020202020204,0.5,0.0,1.0,0.0,0.55,0.0,0.0,0.0,0.0,0.0,8.167368903790924e-06,0.0036354330375410375,0.0,0.0,0.0008677150843105222,0.0010825576210823542,0.03312156029362849,1,3
3690,0.0,1.0,0.0,0.06756756756756757,0.2962962962962963,0.4,0.5,0.0,0.0,0.0,0.0,1.0,0.0,0.0,0.0,0.0,0.009770786935533304,0.0,0.0008043294090493882,9.89901386388269e-06,0.0004504315611538567,0.00038600396973296753,0.0,0.6541088278083795,0.49400413091751566,0.2888679245283019,0.1442401960784314,0.39344861623953503,0.08264928880255656,0.24242424242424243,1.0,0.0,0.0,0.0,0.05,0.0,0.0007113106808670883,0.0,0.0,0.0,0.0,0.0036354330375410375,0.0022523428822466152,0.0,0.00011041181355241058,0.0010845749945378878,0.03312156029362849,0,0
9578,0.20000000000004547,1.0,1.0,0.04247104247104247,0.0,0.8,0.23529411764705882,0.0,0.0,0.0,0.0,0.0,0.0,0.0,0.0,0.0,0.009770786935533304,0.0,0.0008043294090493882,9.89901386388269e-06,0.0,0.0,0.0,0.6540503470166997,0.49393561451838575,0.20339622641509433,0.2450980392156863,0.39068840712170516,0.1342189360235604,0.020202020202020204,0.3999999999999986,0.0,1.0,0.0,0.2,0.0,0.0,0.0,0.0,0.0,0.0,0.0036354330375410375,0.0,0.0,0.0008203116805772932,0.0010825576210823542,0.03312156029362849,1,4
9212,0.8000000000000114,0.0,1.0,0.03474903474903475,0.0,0.6000000000000001,0.23529411764705882,0.0,0.0,0.0,0.0,0.0,0.0,0.0,0.0,0.0,0.01337940675478477,0.0,0.0012247009612981678,3.888753708081523e-05,0.01219237982587169,0.0028027461543990947,0.0005263328562388385,0.6530182627087967,0.49452530606692663,0.580754716981132,0.23786764705882357,0.3921568627450981,0.1287674666332477,0.020202020202020204,0.0,0.0,1.0,0.0,0.25000000000000006,0.00021962711781122157,0.0,0.0,0.0,0.0,0.0,0.003965849383960975,0.0,0.0,0.0042956488638276474,0.0013536355804119574,0.03314223037777553,1,4
10423,0.8000000000000114,0.0,0.0,0.20463320463320464,0.0,0.8,0.029411764705882346,0.0,0.0,0.0,0.0,0.0,0.0,0.0,0.0,0.0,0.013191062757529189,0.0,0.0008043294090493882,9.89901386388269e-06,0.0,0.0,0.00011998588355314543,0.654041496491298,0.49391963567847513,0.580754716981132,0.2450980392156863,0.4028321086047844,0.13346700921110347,0.020202020202020204,0.14999999999999858,0.0,1.0,0.0,0.35000000000000003,0.00036231583723739865,0.0,0.0005148483909097553,0.002244549046495172,0.0,0.0,0.0038771310606700946,0.0,0.0,0.0010979272970441049,0.0014060411423237693,0.033124124832506346,1,2
2087,0.6000000000000227,0.0,0.0,0.10424710424710425,0.0,0.6000000000000001,0.5588235294117647,0.0,0.0,0.0,0.0,0.0,0.0,0.0,0.0,0.0,0.009770786935533304,0.0,0.0008043294090493882,9.89901386388269e-06,0.00036620158222219653,0.0007182416168788026,0.0,0.6541073756370459,0.4940022090625842,0.3920754716981132,0.17426470588235296,0.3967815839822567,0.09718654051005704,0.25252525252525254,0.9499999999999957,0.0,1.0,0.0,0.55,7.763765321903897e-05,0.0,0.0,0.0,0.0,0.0,0.0036354330375410375,0.0,0.0,0.00022959824528102058,0.0010864624994842815,0.03312156029362849,0,2
4932,0.6000000000000227,0.0,1.0,0.10231660231660232,0.0,0.6000000000000001,0.23529411764705882,0.0,0.0,0.0,0.0,0.0,0.0,0.0,0.0,0.0,0.009770786935533304,0.0,0.0008043294090493882,9.89901386388269e-06,0.022395413840323095,0.007072972201481607,0.0,0.6539011596873285,0.49407638311382995,0.5452830188679245,0.23051470588235295,0.3987496801082149,0.1267623284666959,0.020202020202020204,0.7999999999999972,0.0,1.0,0.0,0.45,0.0003363415751513508,0.0,0.0,0.0,0.0,0.0001888613712000503,0.0036665167264650343,0.0,0.0,0.003919721709019336,0.0012517961157453815,0.03312459607272568,0,4
10292,0.0,0.0,0.0,0.03861003861003861,0.0,0.6000000000000001,0.8235294117647058,1.0,0.0,0.0,0.0,0.0,0.0,0.0,0.0,0.0,0.009770786935533304,0.0,0.0008043294090493882,9.89901386388269e-06,0.0,4.321250037914814e-06,0.0,0.6532513801076212,0.4929995407399439,0.580754716981132,0.2450980392156863,0.40287476084280827,0.1342189360235604,0.020202020202020204,0.14999999999999858,0.0,1.0,0.0,0.8,1.4100507671908354e-05,0.0,0.0,0.0,2.6388499535047474e-05,0.0,0.0036354330375410375,0.0,0.012725847022587269,0.0004761829234162582,0.0010890214047956767,0.03312156029362849,1,2
7278,0.4000000000000341,0.0,0.0,0.03648648648648648,0.0,0.0,0.7941176470588235,0.3333333333333333,0.0,0.0,0.0,0.0,0.0,0.0,0.0,0.0,0.009910686719671368,0.0,0.0008043294090493882,9.89901386388269e-06,0.00048441275437092134,0.012037257485423052,0.0,0.6538188106723138,0.4936636481728193,0.20339622641509433,0.2297794117647059,0.39068840712170516,0.12619838335735323,0.25252525252525254,0.0,0.0,1.0,0.0,0.55,0.0,0.0,0.0,0.0,0.0,0.0,0.0036354330375410375,0.0,0.0,0.007793472605028087,0.0010825576210823542,0.03312156029362849,0,2
7156,0.8000000000000114,1.0,0.0,0.04247104247104247,0.14814814814814814,0.6000000000000001,0.5,0.0,0.0,0.0,0.0,1.0,0.0,0.0,0.0,0.0,0.009874884053313316,0.0,0.0008043294090493882,9.89901386388269e-06,0.00038319217883072884,0.0012480102513347054,0.0,0.654101527856065,0.4939950658643519,0.3509433962264151,0.15514705882352944,0.3954532714266565,0.08528103264615579,0.24242424242424243,0.0,0.0,0.0,0.0,0.5,0.0,0.0009831772816241515,0.0,0.0,0.0,0.0,0.0036354330375410375,0.0030081698984205873,0.0,0.00041161401298848147,0.0010840947784628687,0.03312156029362849,0,0
6097,0.0,1.0,0.0,0.03861003861003861,0.0,0.8,0.5588235294117647,0.0,0.0,0.0,0.0,0.0,0.0,0.0,0.0,0.0,0.009770786935533304,0.0,0.0008043294090493882,9.89901386388269e-06,0.0,0.0009152739984152646,0.0,0.654171633638752,0.4940719784909443,0.3932075471698113,0.1959558823529412,0.39681814304342,0.10583369885331163,0.25252525252525254,0.25,0.0,1.0,0.0,0.55,0.0,0.0,0.0,0.0,0.0,0.0,0.0036354330375410375,0.0,0.0,0.0004156815473617051,0.0011176918113455802,0.03312156029362849,0,3
2301,0.8000000000000114,1.0,0.0,0.03861003861003861,0.537037037037037,0.8,0.5,0.0,0.0,0.0,0.0,1.0,0.0,0.0,0.0,0.0,0.009770786935533304,0.0,0.0008043294090493882,9.89901386388269e-06,0.004358991785227291,0.0005338405816070147,0.0,0.6539543012727475,0.49382308682615833,0.27867924528301885,0.09522058823529413,0.3931195846890652,0.05758506172065919,0.020202020202020204,0.6499999999999986,0.0,1.0,0.0,0.45,0.0006193293275807335,0.0,0.00015474687292862238,0.000674639276751535,0.00010591398360241177,0.0,0.0036615489275631796,0.0,0.0016683778234086242,0.0002120234269514316,0.0011641645633875468,0.03312156029362849,0,0
10931,0.8000000000000114,0.0,0.0,0.03861003861003861,0.0,0.8,0.029411764705882346,0.0,0.0,0.0,0.0,0.0,0.0,0.0,0.0,0.0,0.010288428176412484,0.0,0.0008043294090493882,9.89901386388269e-06,0.0006185300169616765,0.00030140719014455826,0.0,0.6540708569902883,0.4939587621760854,0.580754716981132,0.2450980392156863,0.40287476084280827,0.13403095432044615,0.020202020202020204,0.29999999999999716,1.0,1.0,0.0,0.45,1.4351696301595697e-05,0.0,0.0,0.0,0.0,0.0,0.0036383869382001152,0.0,0.0,0.0005522125596251934,0.0011759941470943576,0.03312156029362849,1,2
8171,0.6000000000000227,1.0,0.0,0.06756756756756757,0.2962962962962963,0.4,0.5,0.0,0.0,0.0,0.0,1.0,0.0,0.0,0.0,0.0,0.009770786935533304,0.0,0.0008043294090493882,9.89901386388269e-06,0.0,0.00031071449791852864,0.0,0.6540324113920188,0.49391223162657405,0.580754716981132,0.24473039215686276,0.40287476084280827,0.13114856820602797,0.25252525252525254,0.10000000000000142,0.0,0.0,1.0,0.85,0.0,0.0,0.0,0.0,0.0,0.0,0.0036354330375410375,0.004715538794756355,0.0009240246406570842,0.00026971078551507523,0.001085477679812679,0.03312156029362849,0,0
2969,0.6000000000000227,1.0,0.0,0.03474903474903475,0.1111111111111111,0.6000000000000001,0.5,0.0,0.0,0.0,0.0,1.0,0.0,0.0,0.0,0.0,0.009770786935533304,0.0,0.0008043294090493882,9.89901386388269e-06,0.0005259854907535004,0.000589684428250837,0.0,0.6540936013794539,0.49398629155433976,0.4883018867924528,0.22659313725490196,0.39987082465055634,0.12475719030014412,0.020202020202020204,0.5,0.0,1.0,0.0,0.55,2.0556734343061387e-05,0.0,3.931679507632751e-06,0.0,0.0,1.698523621584838e-06,0.0036354330375410375,0.0,0.00010266940451745381,0.000185622826491263,0.0010827363637708884,0.03312156029362849,0,0
5334,0.0,0.0,0.0,0.03861003861003861,0.0,0.8,0.5588235294117647,0.0,0.0,0.0,0.0,0.0,0.0,0.0,0.0,0.0,0.009770786935533304,0.0,0.0008043294090493882,9.89901386388269e-06,0.0003958447507732529,0.000647190294140011,0.0,0.6540986039655746,0.49418349731608086,0.580754716981132,0.2450980392156863,0.3917668994260228,0.12895544833636194,0.020202020202020204,0.9499999999999957,0.0,1.0,0.0,0.4,0.0,0.0,0.0,0.0,0.0,6.3604288808283295e-06,0.003647525457931522,0.0,0.0,0.0002463032763861467,0.0011099820830346436,0.03312156029362849,0,2
10851,0.6000000000000227,1.0,0.0,0.2953667953667954,0.0,0.8,0.1764705882352941,0.0,0.0,0.0,0.0,0.0,1.0,0.0,0.0,0.0,0.009770786935533304,0.0,0.0008043294090493882,9.89901386388269e-06,1.2652571942524064e-05,2.90853367936574e-06,0.0,0.6541028461745083,0.49399679207903174,0.20339622641509433,0.24485294117647063,0.39068840712170516,0.09499342064039101,0.020202020202020204,0.5,0.0,1.0,0.0,0.8,0.0,0.0,0.0,0.0,0.0,0.0,0.0036354330375410375,0.0,0.0,9.593241446282197e-06,0.0010825576210823542,0.03312156029362849,1,3
9800,1.0,1.0,0.0,0.03861003861003861,0.0,0.6000000000000001,0.029411764705882346,0.0,0.0,0.0,0.0,0.0,0.0,0.0,0.0,0.0,0.009770786935533304,0.0,0.0012028995282204191,9.89901386388269e-06,0.0,0.001015576859872249,0.0,0.6540925050447647,0.4940105971383696,0.5769811320754716,0.2450980392156863,0.4020948342046577,0.13384297261733194,0.020202020202020204,0.6999999999999957,0.0,1.0,0.0,0.4,0.00017761072783460105,0.0,0.0,0.0,0.0001659063434587801,0.0,0.0036401589644761245,0.0,0.0,0.0005437449251752749,0.0011578918648279405,0.03312156029362849,1,3
8206,0.4000000000000341,0.0,0.0,0.015444015444015444,0.0,0.6000000000000001,0.5294117647058824,0.0,0.0,0.0,0.0,1.0,0.0,0.0,0.0,0.0,0.009770786935533304,0.0,0.0008043294090493882,9.89901386388269e-06,0.0,0.00029426050738954533,0.0,0.6541430706246807,0.49404330787788925,0.3920754716981132,0.20428921568627456,0.3967815839822567,0.11216241619149071,0.24242424242424243,0.29999999999999716,0.0,1.0,1.0,0.55,0.00038851413242560007,0.0,0.0,0.0,0.0,0.0,0.0036354330375410375,0.0,0.0,0.00012893316503803274,0.0011000657301353882,0.03312156029362849,0,1
1139,0.4000000000000341,0.0,0.0,0.06756756756756757,0.0,0.2,0.5294117647058824,0.0,0.0,0.0,0.0,1.0,0.0,0.0,0.0,0.0,0.009770786935533304,0.0,0.0008043294090493882,9.89901386388269e-06,0.00028377911356803975,0.0001511606503647509,9.30831215529205e-06,0.6541032354743753,0.4939975789099641,0.5347169811320754,0.20772058823529413,0.4013880256888337,0.11510746287361365,0.24242424242424243,0.44999999999999574,0.0,0.0,1.0,0.5,0.0,0.001358702222809082,0.0,0.0,0.0,0.0,0.0036354330375410375,0.002379240878115595,0.0,3.76310884466163e-05,0.0010835842762584277,0.03312156029362849,0,1
3496,0.6000000000000227,1.0,0.0,0.015444015444015444,0.35185185185185186,0.6000000000000001,0.5,0.0,0.0,0.0,0.0,1.0,0.0,0.0,0.0,0.0,0.010253332834694545,0.0,0.0008043294090493882,9.89901386388269e-06,0.010122057554019253,0.0028735481742510837,0.0,0.6541033100211583,0.4942831209033829,0.5579245283018868,0.2450980392156863,0.3986948415164699,0.13114856820602797,0.020202020202020204,0.14999999999999858,0.0,1.0,0.0,0.35000000000000003,0.0,0.0,0.0,0.0,0.0,0.0034473163146084953,0.0038567278252656474,0.0,0.0,0.0007345353110589353,0.0012282694935200965,0.03312156029362849,0,0
536,0.8000000000000114,1.0,0.0,0.10231660231660232,0.4444444444444444,0.6000000000000001,0.5,0.0,0.0,0.0,0.0,1.0,0.0,0.0,0.0,0.0,0.010169386944427535,0.0,0.0008043294090493882,9.89901386388269e-06,0.013887101462058913,0.0030503870219565207,0.0,0.6540811066759781,0.49401999602212127,0.20339622641509433,0.2450980392156863,0.39068840712170516,0.0242496397017357,0.020202020202020204,0.5,1.0,1.0,0.0,0.25000000000000006,3.43245868026811e-05,0.0,7.651653195623738e-05,0.00033314434643495994,0.0,3.613880045925187e-08,0.003635469161276334,0.0,0.0,0.0003465846269712832,0.0011127033735505974,0.03312156029362849,0,0
9916,0.4000000000000341,0.0,1.0,0.02316602316602317,0.0,1.0,0.32352941176470584,0.0,0.0,0.0,0.0,0.0,0.0,0.0,0.0,0.0,0.009770786935533304,0.0,0.0008043294090493882,9.89901386388269e-06,0.0,0.0,0.0,0.6534173500714288,0.4931939920111592,0.580754716981132,0.2450980392156863,0.40287476084280827,0.1342189360235604,0.020202020202020204,0.8500000000000014,0.0,1.0,0.0,0.8,0.0,0.0,0.0,0.0,0.0,0.0,0.0036354330375410375,0.0,0.010266940451745381,0.000362598944692277,0.0010827063254821331,0.03312156029362849,1,4
1634,0.8000000000000114,1.0,0.0,0.03861003861003861,0.537037037037037,0.4,0.5,0.0,0.0,0.0,0.0,1.0,0.0,0.0,0.0,0.0,0.009770786935533304,0.0,0.0008043294090493882,9.89901386388269e-06,0.0014217875842842042,0.0003010747862954879,0.0,0.6542442919032903,0.4941721913280516,0.4235849056603773,0.21593137254901965,0.3976346287427339,0.11755122501409865,0.020202020202020204,0.5499999999999972,0.0,1.0,0.0,0.35000000000000003,5.205714628223075e-05,0.0,0.0,0.0,0.00018021185269664094,0.0,0.003769977852899127,0.0,0.0,0.0018134551990508065,0.0012208700617233653,0.03312156029362849,0,0
8484,0.6000000000000227,1.0,0.0,0.015444015444015444,0.35185185185185186,0.6000000000000001,0.5,0.0,0.0,0.0,0.0,1.0,0.0,0.0,0.0,0.0,0.009770786935533304,0.0,0.0008043294090493882,9.89901386388269e-06,0.004746521988724028,0.005220485550612433,0.0,0.6540702891094611,0.49395912473163095,0.580754716981132,0.2450980392156863,0.40276508365931835,0.13371765148192244,0.25252525252525254,0.6499999999999986,0.0,1.0,1.0,0.25000000000000006,0.0,0.0,0.0,0.0,0.0,0.0,0.0036550847421915997,0.0,0.0,0.0017836010316699762,0.0010911114947027023,0.03312428852647727,0,0
793,0.20000000000004547,1.0,0.0,0.06756756756756757,0.2962962962962963,0.6000000000000001,0.5,0.0,0.0,0.0,0.0,1.0,0.0,0.0,0.0,0.0,0.009770786935533304,0.0,0.0008043294090493882,2.0132043532988415e-05,0.0007783139254929803,0.00017891637176212683,1.9138585739852814e-06,0.6541003006503566,0.49403676635106547,0.580754716981132,0.24497549019607845,0.39336331176348727,0.12243874929506864,0.24242424242424243,0.5,0.0,1.0,0.0,0.25000000000000006,0.0003150176971554605,0.0,0.0,0.0,0.0,0.0,0.0036354330375410375,0.0,0.0,2.640060046016861e-05,0.0010901260802135008,0.03312156029362849,0,0
6568,0.8000000000000114,0.0,0.0,0.10231660231660232,0.0,0.0,0.4411764705882353,0.0,0.0,0.0,0.0,0.0,0.0,0.0,0.0,0.0,0.009789433217003513,0.0,0.0008043294090493882,9.89901386388269e-06,0.0018628200919950432,0.00042821925856490454,0.0,0.6540984359868235,0.4940641031944691,0.20339622641509433,0.2450980392156863,0.39068840712170516,0.08785011592205026,0.020202020202020204,0.5,0.0,1.0,0.0,0.8,0.0,0.0,0.0,0.0,0.0003178671631419212,0.0,0.003817176261609008,0.0,0.0,7.771804670348084e-05,0.0010922123533742654,0.03312156029362849,0,2
4739,0.6000000000000227,1.0,0.0,0.05791505791505792,0.7037037037037037,0.6000000000000001,0.5,0.0,0.0,0.0,0.0,1.0,0.0,0.0,0.0,0.0,0.018436040508030653,4.1040198028285285e-05,0.0008054054454459294,5.4292750885344315e-05,0.023497633607544692,0.008408820169933157,0.0,0.6537009820270376,0.4948004391449775,0.580754716981132,0.24350490196078436,0.3922726331054486,0.061845980324581745,0.020202020202020204,0.3999999999999986,1.0,1.0,0.0,0.2,0.0,0.0,0.0035026223798254436,0.015270141388570248,0.0,0.0004690093523601708,0.004463460512707536,0.0,0.0,0.004516012015343047,0.0014435249612397682,0.03312850488633448,0,0
1763,0.4000000000000341,0.0,0.0,0.21235521235521235,0.0,0.6000000000000001,0.5588235294117647,0.0,0.0,0.0,0.0,0.0,1.0,0.0,0.0,0.0,0.009770786935533304,0.0,0.0008043294090493882,9.89901386388269e-06,0.0,0.0,0.0,0.6540216716854753,0.49397466066374984,0.580754716981132,0.2450980392156863,0.3930342802130175,0.13384297261733194,0.020202020202020204,0.3999999999999986,0.0,1.0,0.0,0.45,9.728467738971918e-06,0.0,0.0,0.0,1.7905363860079662e-05,0.0,0.0036354330375410375,0.0,0.0012320328542094457,3.522638259074823e-05,0.0010945428487276001,0.03312156029362849,0,2
7065,0.6000000000000227,1.0,0.0,0.15830115830115832,0.4444444444444444,0.6000000000000001,0.5,0.0,0.0,0.0,0.0,1.0,0.0,0.0,0.0,0.0,0.009775647911251526,0.0,0.0008043294090493882,9.89901386388269e-06,0.0,0.0006361378661584212,0.0,0.6541148193818219,0.49401065070653366,0.32547169811320753,0.21433823529411766,0.3946489720810637,0.11830315182655557,0.24242424242424243,0.0,0.0,1.0,0.0,0.35000000000000003,0.00015317754193609447,0.0,0.0,0.0,0.0,0.0,0.0036354330375410375,0.0,0.000564681724845996,0.00011181882229786529,0.0010943915667848917,0.03312652071698991,0,0
2917,0.6000000000000227,1.0,0.0,0.06756756756756757,0.0,0.4,0.1764705882352941,0.0,0.0,0.0,0.0,0.0,0.0,0.0,0.0,0.0,0.009770786935533304,0.0,0.0008043294090493882,9.89901386388269e-06,0.0,0.00077873911740961,0.0,0.6541008867537309,0.4939947506661688,0.4456603773584905,0.2450980392156863,0.39851204621065334,0.1339682937527414,0.25252525252525254,0.10000000000000142,0.0,0.0,0.0,0.35000000000000003,0.0,0.0025494064456143793,0.0,0.0,0.0,0.0,0.0036354408905269714,0.008483706428630845,0.0,0.0004434379926129483,0.0010875440265838733,0.03312156029362849,0,3
493,1.0,0.0,0.0,0.10231660231660232,0.0,0.6000000000000001,0.0,0.0,0.0,0.0,0.0,0.0,0.0,0.0,0.0,0.0,0.009770786935533304,0.0,0.0059415298976322915,9.89901386388269e-06,0.004311635015956701,0.0026284003355616856,0.0,0.6540913914814855,0.49412254839057007,0.579622641509434,0.2450980392156863,0.3982926918436735,0.09461745723416255,0.25252525252525254,0.9499999999999957,0.0,1.0,0.0,0.4,0.0006268785642351206,0.0,0.0,0.0,0.0,0.0,0.0036753124633604217,0.0,0.0,0.0007320538592714969,0.0013296145656255406,0.03312156029362849,0,2
3555,0.6000000000000227,0.0,0.0,0.06756756756756757,0.0,0.4,0.029411764705882346,0.0,0.0,0.0,0.0,0.0,0.0,0.0,0.0,0.0,0.009770786935533304,0.0,0.0008043294090493882,9.89901386388269e-06,0.0015602428715409675,0.0,1.7007243237005568e-05,0.6540952761971797,0.4939882537794818,0.580754716981132,0.2450980392156863,0.40287476084280827,0.1342189360235604,0.25252525252525254,0.6499999999999986,0.0,0.0,1.0,0.4,0.0,0.04974002362064495,0.0,0.0,0.0,0.0,0.0036478603877816078,0.03575333655611506,0.0,3.609616981521115e-05,0.0010928266016816187,0.03312156029362849,0,2
29,0.4000000000000341,1.0,0.0,0.15830115830115832,0.0,0.6000000000000001,0.029411764705882346,0.0,0.0,0.0,0.0,0.0,0.0,0.0,0.0,0.0,0.009770786935533304,0.0,0.0008043294090493882,9.89901386388269e-06,0.0,0.0075063437197071025,0.0,0.653360575241464,0.493127474325631,0.3920754716981132,0.11764705882352942,0.3967815839822567,0.06905194561062723,0.04040404040404041,0.14999999999999858,0.0,1.0,0.0,0.35000000000000003,0.0,0.0,0.0,0.0,0.0,1.0950056539153317e-05,0.0036354330375410375,0.0,0.0,0.007770090677876348,0.0011070655932099134,0.03312156029362849,0,3
8577,0.6000000000000227,0.0,1.0,0.02316602316602317,0.0,0.4,0.2941176470588235,0.0,0.0,0.0,0.0,1.0,0.0,0.0,0.0,0.0,0.010027711323958974,0.0,0.0008043294090493882,9.89901386388269e-06,0.003698889031883035,0.0008502890459220072,0.0,0.6540410949326266,0.4939194136423166,0.3562264150943396,0.15747549019607845,0.3956238803787519,0.08785011592205026,0.24242424242424243,0.29999999999999716,0.0,1.0,0.0,0.05,0.0,0.0,0.0,0.0,0.0,0.0,0.0036354330375410375,0.0,0.0008213552361396305,0.0004182653270579038,0.0011097668582000304,0.03312160989786211,0,1
917,0.4000000000000341,0.0,0.0,0.06756756756756757,0.0,0.6000000000000001,0.5588235294117647,0.0,0.0,0.0,0.0,0.0,0.0,0.0,0.0,0.0,0.009770786935533304,0.0,0.0008043294090493882,9.89901386388269e-06,0.0,0.0005707374088538258,0.0,0.6541026434072584,0.49399684331814525,0.580754716981132,0.2450980392156863,0.40287476084280827,0.13384297261733194,0.24242424242424243,0.8999999999999986,0.0,0.0,0.0,0.5,0.0,0.02598838648118622,0.0,0.0,0.0,0.0,0.0036354330375410375,0.01171300168442994,0.0,0.00018841126200498236,0.0010844648045776517,0.03312156029362849,0,2
6426,0.8000000000000114,1.0,0.0,0.03861003861003861,0.0,0.4,0.1764705882352941,0.0,0.0,0.0,0.0,0.0,0.0,0.0,0.0,0.0,0.009770786935533304,0.0,0.0008043294090493882,9.89901386388269e-06,0.0,0.0007072722898594804,0.0,0.6545900935567229,0.4945598777178867,0.32867924528301884,0.18333333333333338,0.3947342765571114,0.10138479854627484,0.020202020202020204,0.29999999999999716,0.0,1.0,0.0,0.75,1.590635025290384e-05,0.0,0.0009304974834730844,0.0,0.00029690974862387344,0.0,0.0036354330375410375,0.0,0.0,0.0010253000638014511,0.0012422972256644388,0.03312156029362849,0,3
1381,0.8000000000000114,1.0,0.0,0.06756756756756757,0.0,0.6000000000000001,0.0,0.0,0.0,0.0,0.0,0.0,0.0,0.0,0.0,0.0,0.009770786935533304,0.0,0.0008043294090493882,9.89901386388269e-06,0.0,0.00011617514525009443,0.0,0.6541024220861426,0.493996625940088,0.580754716981132,0.2450980392156863,0.40287476084280827,0.1342189360235604,0.0,0.10000000000000142,0.0,0.0,0.0,0.25000000000000006,0.0,0.0,0.00011351464424601225,0.0,0.0,4.069228931711761e-05,0.0036355983428949484,0.0014648492937620638,0.0,1.6167809584134262e-05,0.0010835290573579764,0.03312156029362849,0,3
2194,0.0,1.0,0.0,0.06756756756756757,0.2962962962962963,0.6000000000000001,0.5,0.0,0.0,0.0,0.0,1.0,0.0,0.0,0.0,0.0,0.009770786935533304,0.0,0.0008043294090493882,9.89901386388269e-06,0.0,0.000776910896239723,0.0,0.6541039222987364,0.49399838359695114,0.3920754716981132,0.2259803921568628,0.3967815839822567,0.12444388746162043,0.24242424242424243,0.3999999999999986,0.0,0.0,0.0,0.55,0.0,0.001055927354216529,0.0,0.0,0.0,0.0,0.0036354330375410375,0.0017207306451399883,0.0,0.00026566883311904163,0.001083390365721116,0.03312156029362849,0,0
594,0.4000000000000341,1.0,0.0,0.10231660231660232,0.4444444444444444,0.6000000000000001,0.5,0.0,0.0,0.0,0.0,1.0,0.0,0.0,0.0,0.0,0.009770786935533304,0.0,0.0008043294090493882,9.89901386388269e-06,0.001065708059616027,0.002900639087950319,4.92383614943486e-05,0.6540137511726068,0.4940428925305298,0.580754716981132,0.2450980392156863,0.39552029637212255,0.13371765148192244,0.020202020202020204,0.5,0.0,1.0,0.0,0.25000000000000006,4.835720565575504e-05,0.0,0.0,0.0,5.734724928612927e-05,0.0,0.0036354330375410375,0.0,0.0018058778234086243,0.0,0.0011170286888588328,0.03312156029362849,0,0
6908,0.4000000000000341,0.0,1.0,0.15830115830115832,0.0,0.6000000000000001,0.23529411764705882,0.0,0.0,0.0,0.0,0.0,0.0,0.0,0.0,0.0,0.009770786935533304,0.0,0.0008043294090493882,9.89901386388269e-06,0.0,0.0013581190263392655,0.0,0.6541216409094488,0.49401891611898674,0.3920754716981132,0.16531862745098042,0.3967815839822567,0.09317626417695345,0.25252525252525254,0.9499999999999957,0.0,1.0,1.0,0.55,1.2681631358269045e-05,0.0,0.0,0.0,0.0,0.0,0.0036354330375410375,0.0,0.0,0.00045346612767146197,0.0010962701990354317,0.03312156029362849,0,4
566,0.4000000000000341,0.0,0.0,0.015444015444015444,0.0,0.6000000000000001,0.0,0.0,0.0,0.0,0.0,0.0,0.0,0.0,0.0,0.0,0.009770786935533304,0.0,0.0008043294090493882,9.89901386388269e-06,0.0,0.0,0.0,0.6540681501137663,0.49395647271933213,0.580754716981132,0.2450980392156863,0.40287476084280827,0.1342189360235604,0.020202020202020204,0.5,0.0,1.0,0.0,0.5,0.0,0.0,0.0,0.0,0.0,0.0,0.0036354330375410375,0.0,0.0,0.0005452798438066801,0.0010858609406190426,0.03312156029362849,0,2
4808,1.0,1.0,0.0,0.15830115830115832,0.0,0.6000000000000001,0.0,0.0,0.0,0.0,0.0,0.0,0.0,0.0,0.0,0.0,0.009770786935533304,0.0,0.0008043294090493882,9.89901386388269e-06,0.0,0.0,0.0,0.6540744435188502,0.49396256512756254,0.4713207547169811,0.24436274509803926,0.39960881804555265,0.13384297261733194,0.24242424242424243,0.5499999999999972,0.0,1.0,0.0,0.35000000000000003,0.00015113408848917853,0.0,0.0,0.0,0.0,0.0,0.0036511441138499137,0.0,0.0,0.0006086975652609029,0.001088791606929885,0.03313792969072118,0,3
3427,0.6000000000000227,0.0,0.0,0.06756756756756757,0.0,0.6000000000000001,0.5294117647058824,0.0,0.0,0.0,0.0,1.0,0.0,0.0,0.0,0.0,0.009770786935533304,0.0,0.0008043294090493882,9.89901386388269e-06,0.0,9.997045760791386e-05,0.0,0.6541113647182363,0.49400635865442766,0.3920754716981132,0.1916666666666667,0.3967815839822567,0.10445516636380728,0.25252525252525254,0.10000000000000142,0.0,1.0,1.0,0.55,0.0006084874832128772,0.0,0.0,0.0,0.0,0.0,0.0036354330375410375,0.0,0.0,7.799944845257179e-05,0.0010879473624842068,0.03312156029362849,0,1
2964,0.8000000000000114,1.0,0.0,0.03474903474903475,0.1111111111111111,0.6000000000000001,0.5,0.0,0.0,0.0,0.0,1.0,0.0,0.0,0.0,0.0,0.009770786935533304,0.0,0.0008043294090493882,9.89901386388269e-06,0.00032065232322910987,0.00031761187778673884,0.0,0.6539306126243299,0.4937948664962219,0.39584905660377356,0.21887254901960787,0.39690344751946777,0.12062159283163107,0.020202020202020204,0.9499999999999957,0.0,1.0,0.0,0.55,0.0,0.0,0.0,0.0,0.0,0.0,0.0036523440501006303,0.0,0.0026113963039014376,0.00019112295158713144,0.0010918786111330282,0.03312156029362849,0,0
2884,0.0,1.0,0.0,0.05791505791505792,0.7037037037037037,0.4,0.5,0.0,0.0,0.0,0.0,1.0,0.0,0.0,0.0,0.0,0.009770786935533304,0.0,0.0009642221796832633,9.89901386388269e-06,0.0,0.006653977149728405,0.0032212414639460904,0.6540649045124922,0.49414808177244846,0.5794339622641509,0.2450980392156863,0.4022410704493109,0.13384297261733194,0.020202020202020204,0.25,0.0,1.0,0.0,0.4,0.0,0.0,2.318682786552648e-06,1.0108601540902478e-05,0.0,8.564895708842694e-06,0.0039126018201861255,0.0,0.0,0.00660833634774298,0.001729923439197258,0.03312156029362849,0,0
1762,0.6000000000000227,0.0,0.0,0.015444015444015444,0.0,0.6000000000000001,0.029411764705882346,0.0,0.0,0.0,0.0,0.0,0.0,0.0,0.0,0.0,0.009770786935533304,0.0,0.0008043294090493882,9.89901386388269e-06,0.01036824045381522,0.0026696184128464115,0.0,0.6540224632066517,0.4937449137950088,0.580754716981132,0.24497549019607845,0.39293069620638815,0.04411303966413936,0.020202020202020204,0.9499999999999957,0.0,1.0,0.0,0.8,0.0,0.0,0.0,0.0,9.807256114270906e-05,0.0,0.003704021409337974,0.0,0.0,0.001338449046585292,0.001116244818399465,0.03323387915980111,0,2
4977,0.6000000000000227,1.0,0.0,0.05791505791505792,0.7037037037037037,0.6000000000000001,0.5,0.0,0.0,0.0,0.0,1.0,0.0,0.0,0.0,0.0,0.009770786935533304,0.0,0.0008043294090493882,9.89901386388269e-06,0.015955254721578348,0.003998319698542949,0.00019895429812292448,0.6541471206685736,0.4940481689946952,0.29,0.06544117647058824,0.3934851753006983,0.042358543768406545,0.24242424242424243,0.6999999999999957,0.0,1.0,1.0,0.45,0.0003558731883300125,0.0,0.0,0.0,0.0,0.0,0.0036656132404333263,0.0,0.0,0.0011714498994884117,0.0013595309167730584,0.03312280039946885,0,0
1833,0.6000000000000227,0.0,1.0,0.03474903474903475,0.0,0.6000000000000001,0.23529411764705882,0.0,0.0,0.0,0.0,0.0,0.0,0.0,0.0,0.0,0.013602198966959888,5.9034158822925654e-05,0.0008043294090493882,0.0007326181211469253,0.012273356286303844,0.004475485423883466,0.000715195900062568,0.6537676490494526,0.4941292129689013,0.580754716981132,0.24497549019607845,0.39796366029320374,0.1179271884203271,0.020202020202020204,0.14999999999999858,1.0,1.0,0.0,0.25000000000000006,2.4480708071690673e-05,0.0,0.0,0.0,0.0,0.0,0.003758416687007078,0.0,0.0,0.0020297508161929824,0.001346597549874822,0.03312156029362849,0,4
10312,0.0,0.0,1.0,0.05405405405405406,0.0,0.8,0.23529411764705882,0.0,0.0,0.0,0.0,0.0,0.0,0.0,0.0,0.0,0.012225323832408305,1.5440542464776303e-05,0.0008043294090493882,9.89901386388269e-06,0.0018671581166610513,0.00076976421348471,0.0,0.6539633973055548,0.49417113044549704,0.580754716981132,0.2421568627450981,0.3979758466469248,0.12964471458111412,0.030303030303030304,0.14999999999999858,0.0,1.0,0.0,0.25000000000000006,0.0,0.0,6.048737704050386e-07,2.6370264889310813e-06,0.0,1.0841640137775562e-07,0.003936032381668134,0.0,0.0,0.0013886920497866208,0.0012087595754053722,0.0331236932756739,1,4
8453,0.0,1.0,0.0,0.07335907335907337,0.0,0.4,0.5588235294117647,0.0,0.0,0.0,0.0,0.0,0.0,0.0,0.0006302130710145282,0.0,0.010022910546082463,0.0,0.0008043294090493882,9.89901386388269e-06,0.0030611994059798224,0.000703698948481974,7.8076730461445e-06,0.6540589606489909,0.4941157200023457,0.580754716981132,0.2368872549019608,0.39282101902289823,0.12206278588884016,0.25252525252525254,0.5,0.0,1.0,0.0,0.25000000000000006,0.0,0.0,0.0,0.0,0.0,0.0,0.0036354330375410375,0.0,0.0,0.0,0.0011107946038750355,0.03312156029362849,0,3
4333,0.0,0.0,1.0,0.02316602316602317,0.0,0.6000000000000001,0.32352941176470584,0.0,0.0,0.0,0.0,0.0,0.0,0.0,0.0,0.0,0.009770786935533304,0.0,0.0008043294090493882,9.89901386388269e-06,0.00263932650721052,0.002913436636139528,0.0,0.6539564863217882,0.49382561656329993,0.20339622641509433,0.241421568627451,0.39068840712170516,0.13233911899241807,0.020202020202020204,0.0,0.0,1.0,0.0,0.35000000000000003,0.0,0.0,0.0,0.0,0.0,0.0,0.0036354330375410375,0.0,0.002955492813141684,0.0,0.0010825576210823542,0.03312156029362849,0,4
835,0.20000000000004547,0.0,0.0,0.03474903474903475,0.0,1.0,0.5588235294117647,0.0,0.0,0.0,0.0,0.0,0.0,0.0,0.0,0.0,0.009770786935533304,0.0,0.0008799014724934299,9.89901386388269e-06,0.0,0.0,0.00019517007776072631,0.6540736311245746,0.49395124128347856,0.580754716981132,0.2450980392156863,0.39247370794184677,0.03408734883138041,0.020202020202020204,0.3999999999999986,0.0,1.0,0.0,0.4,0.0,0.0,0.0,0.0,0.0,1.1275305743286584e-05,0.0036434183462880354,0.0,0.0,0.0003565104341210365,0.0011439884991299464,0.03312156029362849,0,2
3383,0.20000000000004547,0.0,0.0,0.06756756756756757,0.0,0.6000000000000001,0.5294117647058824,0.0,0.0,0.0,0.0,1.0,0.0,0.0,0.0,0.0,0.009770786935533304,0.0,0.0008043294090493882,9.89901386388269e-06,0.0,6.473564960645462e-05,0.0,0.6540875693850893,0.4939748795945076,0.580754716981132,0.2439950980392157,0.40266149965268894,0.12005764772228837,0.020202020202020204,0.14999999999999858,0.0,1.0,0.0,0.45,0.0,0.0,0.00010413910080473415,0.0,0.0,3.733138087440719e-05,0.0036354330375410375,0.0,0.0,9.242768358778021e-05,0.0010856126538395451,0.03312156029362849,0,1
79,0.6000000000000227,0.0,0.0,0.20463320463320464,0.0,0.8,0.5294117647058824,0.0,0.0,0.0,0.0,1.0,0.0,0.0,0.0,0.0,0.010991779758972357,0.0,0.0014554094026087646,2.2095651600057166e-05,0.1867002670777186,0.03999217188935439,0.0,0.6519889482280324,0.4961455314760007,0.580566037735849,0.2433823529411765,0.3953679669506088,0.1325271006955323,0.020202020202020204,0.3999999999999986,0.0,1.0,0.0,0.25000000000000006,0.0021537999330494047,0.0,0.0007145575474384856,0.003115207292257251,0.0016552444583798817,0.0,0.00514186151302968,0.0,0.003169686858316222,0.013211991193660172,0.0021254561257206105,0.033310234956603436,0,1
2979,0.6000000000000227,0.0,1.0,0.03861003861003861,0.0,1.0,0.5882352941176471,0.0,0.0,0.0,0.0,0.0,0.0,0.0,0.0,0.0,0.009770786935533304,0.0,0.0008183646663955784,9.89901386388269e-06,0.0,0.0,0.0,0.6541032788771689,0.49394533131754625,0.580754716981132,0.2450980392156863,0.399005593536358,0.08396516072435618,0.020202020202020204,0.8500000000000014,0.0,1.0,0.0,0.4,1.2321820618446637e-05,0.0,0.0,0.0,2.3712085881136966e-05,0.0,0.00364173505875308,0.0,0.0,2.941927376859874e-06,0.0011368342313203175,0.03312156029362849,0,4
8938,0.4000000000000341,1.0,0.0,0.06756756756756757,0.2962962962962963,0.6000000000000001,0.5,0.0,0.0,0.0,0.0,1.0,0.0,0.0,0.0,0.0,0.009770786935533304,0.0,0.0008043294090493882,9.89901386388269e-06,0.0,0.0,0.0,0.6541018270371544,0.4939952222989181,0.3924528301886792,0.21507352941176475,0.39679377033597785,0.09499342064039101,0.25252525252525254,0.6499999999999986,0.0,0.0,0.0,0.55,0.0,1.619004505668513e-05,0.0,0.0,0.0,0.0,0.0036354330375410375,0.00041336462196639066,0.0,2.5326157418185e-05,0.0010826452575419573,0.03312156029362849,0,0
1517,0.20000000000004547,0.0,1.0,0.31660231660231664,0.0,0.6000000000000001,0.32352941176470584,0.0,0.0,0.0,0.0,0.0,0.0,0.0,0.0,0.0,0.010330942902121394,0.0006844143208008725,0.0008066842133374713,9.89901386388269e-06,0.0,0.0018840650165308588,0.0006182415645759044,0.6536608271538628,0.4943178691740145,0.580754716981132,0.24448529411764708,0.39575793026968403,0.10194874365561753,0.020202020202020204,0.5,1.0,1.0,0.0,0.10000000000000002,4.584531935888162e-05,0.0,0.009051532724931134,0.039461343389194346,0.0,0.002656274111355931,0.003947312803313042,0.0,0.0,0.0008108719309941515,0.0014020200266493482,0.03318207249821445,0,4
11518,0.0,0.0,1.0,0.02316602316602317,0.0,0.4,0.2647058823529412,0.0,0.0,0.0,0.0,0.0,0.0,0.0,0.0,0.0,0.009770786935533304,0.0,0.0008043294090493882,9.89901386388269e-06,0.0,2.8836033906854625e-05,0.0,0.6537935131386587,0.49363442208119285,0.20339622641509433,0.2450980392156863,0.39068840712170516,0.13409361488815089,0.020202020202020204,0.6000000000000014,0.0,1.0,0.0,0.8,0.0,0.0,0.0,0.0,0.0,0.0,0.0036354330375410375,0.0,0.00477217659137577,3.903809719207102e-05,0.0010825576210823542,0.03312156029362849,1,4
4879,0.4000000000000341,0.0,0.0,0.03474903474903475,0.0,0.6000000000000001,0.5294117647058824,0.0,0.0,0.0,0.0,1.0,0.0,0.0,0.0,0.0,0.010078142065852978,5.017357897741445e-05,0.0008276591257048332,9.89901386388269e-06,0.0,0.0,0.0,0.654317694973021,0.49430555742429516,0.4560377358490566,0.19779411764705884,0.3984876735032111,0.10859076383232034,0.020202020202020204,0.14999999999999858,0.0,1.0,0.0,0.85,7.006126103711807e-06,0.0,0.000321490408970278,0.0,0.0,0.00013400267210290595,0.00431896674946965,0.0,0.0,0.0,0.001354430108019976,0.03469361270490616,0,1
2315,0.6000000000000227,1.0,0.0,0.015444015444015444,0.35185185185185186,0.6000000000000001,0.5,0.0,0.0,0.0,0.0,1.0,0.0,0.0,0.0,0.0,0.009770786935533304,0.0,0.0008043294090493882,9.89901386388269e-06,0.0007634923412174521,0.0005163893795308203,0.0,0.654110342599011,0.4940041111205854,0.3920754716981132,0.19901960784313727,0.3967815839822567,0.10389122125446458,0.25252525252525254,0.0,0.0,0.0,0.0,0.55,0.0,0.003826737922489213,0.0,0.0,0.0,0.0,0.0036354330375410375,0.006834959308840758,0.0,0.00015622913469985435,0.0010872569775241669,0.03312156029362849,0,0
2104,0.4000000000000341,0.0,0.0,0.02316602316602317,0.0,0.6000000000000001,0.5294117647058824,0.0,0.0,0.0,0.0,1.0,0.0,0.0,0.0,0.0,0.009770786935533304,0.0,0.0008043294090493882,9.89901386388269e-06,0.0,0.0,1.4201700554686236e-05,0.654106820677661,0.494001733936259,0.3920754716981132,0.17818627450980393,0.3967815839822567,0.10019424775988472,0.24242424242424243,0.0,0.0,0.0,1.0,0.55,0.0,0.0002491584856126218,0.0,0.0,0.0,0.0,0.0036354330375410375,0.003368859880592307,0.0,3.236120114545861e-05,0.0010850276507308148,0.03312156029362849,0,1
6978,0.0,0.0,0.0,0.06756756756756757,0.0,0.6000000000000001,0.8235294117647058,1.0,0.0,0.0,0.0,0.0,0.0,0.0,0.0,0.0,0.009770786935533304,0.0,0.0008043294090493882,9.89901386388269e-06,0.0,2.4930288680277773e-07,0.0,0.6540963241592896,0.49398948157733036,0.5837735849056603,0.1718137254901961,0.4029722516725771,0.09674791653612383,0.04040404040404041,0.14999999999999858,0.0,1.0,0.0,0.0,8.826904224850864e-05,0.0,0.0,0.0,0.0,0.0,0.0036354330375410375,0.0,0.0,4.3642853086286474e-05,0.0010825729872036647,0.03312156029362849,0,2
6709,0.4000000000000341,1.0,0.0,0.03474903474903475,0.2222222222222222,0.6000000000000001,0.5,0.0,0.0,0.0,0.0,1.0,0.0,0.0,0.0,0.0,0.009770786935533304,0.0,0.0008043294090493882,9.89901386388269e-06,0.0021328621274540565,0.0004902125764165286,0.0,0.6540615628286977,0.4940089590394379,0.580754716981132,0.24485294117647063,0.39316223692708907,0.044739645341186796,0.24242424242424243,0.44999999999999574,1.0,1.0,1.0,0.10000000000000002,0.0,0.0,0.0,0.0,0.0,0.0,0.0036354330375410375,0.0,0.0,7.986693278744806e-05,0.0011667806207565903,0.03318515292112189,0,0
5631,0.4000000000000341,0.0,0.0,0.03474903474903475,0.0,0.6000000000000001,0.5588235294117647,0.0,0.0,0.0,0.0,0.0,0.0,0.0,0.0,0.0,0.009770786935533304,0.0,0.0008043294090493882,9.89901386388269e-06,0.00015327687153229153,3.5234808001459254e-05,6.855093437729099e-05,0.654143982083348,0.4940311440228839,0.37075471698113205,0.19546568627450983,0.395337501066306,0.08189736199009964,0.020202020202020204,0.10000000000000142,0.0,1.0,0.0,0.55,0.0,0.0,0.0,0.0,0.0,0.0,0.0036537768273842905,0.0,0.0,0.00029480670513854943,0.0011069766184107126,0.03312156029362849,0,2
7987,0.8000000000000114,1.0,0.0,0.15830115830115832,0.4444444444444444,0.6000000000000001,0.5,0.0,0.0,0.0,0.0,1.0,0.0,0.0,0.0,0.0,0.009770786935533304,0.0,0.0008121267742417161,9.89901386388269e-06,0.030566083298749637,0.007026435662611755,0.0,0.654223145797153,0.4941372916691301,0.2922641509433962,0.24485294117647063,0.39355829342302495,0.13390563318503665,0.020202020202020204,0.44999999999999574,0.0,1.0,0.0,0.35000000000000003,5.6015064420277243e-05,0.0,0.0,0.0,3.6327228600738545e-05,0.0,0.0037413910208528487,0.0,0.0,0.0038910443125892494,0.001158771005239433,0.0331240405053092,0,0
8325,0.6000000000000227,0.0,0.0,0.03861003861003861,0.0,0.6000000000000001,0.5588235294117647,0.0,0.0,0.0,0.0,0.0,0.0,0.0,0.0,0.0,0.009770786935533304,0.0,0.0009955052088348828,9.89901386388269e-06,0.0,0.0,0.0,0.6540566301508935,0.49395981413061263,0.580754716981132,0.2450980392156863,0.39940774320915445,0.10382856068675984,0.020202020202020204,0.14999999999999858,0.0,1.0,0.0,0.4,6.991190563568235e-05,0.0,0.0,0.0,8.674084485363766e-05,0.0,0.003639350892223515,0.0,0.0,0.0007217954864182725,0.0011738041773988138,0.03312156029362849,0,2
5348,0.8000000000000114,1.0,0.0,0.06756756756756757,0.2962962962962963,0.6000000000000001,0.5,0.0,0.0,0.0,0.0,1.0,0.0,0.0,0.0,0.0,0.009770786935533304,0.0,0.0008043294090493882,9.89901386388269e-06,0.00041175084121528315,0.0005168048843421583,0.0,0.654111427337534,0.4940069545032097,0.3920754716981132,0.18872549019607845,0.3967815839822567,0.10483112977003574,0.25252525252525254,0.10000000000000142,0.0,0.0,0.0,0.55,0.0,0.0010513016270574762,0.0,0.0,0.0,0.0,0.0036369879287559714,0.008653470150432437,0.0,0.0001930415998763879,0.0010887805036680347,0.03312156029362849,0,0
5063,0.20000000000004547,0.0,0.0,0.03581081081081081,0.0,0.0,0.7941176470588235,0.3333333333333333,0.0,0.0,0.0,0.0,0.0,0.0,0.0,0.0,0.00995318639591985,1.0126376966298523e-05,0.0008043294090493882,9.89901386388269e-06,0.0,0.0,0.0006103034011724428,0.653894313310774,0.49409482376023933,0.580754716981132,0.24485294117647063,0.39597728463666393,0.11717526160787019,0.020202020202020204,0.29999999999999716,0.0,1.0,0.0,0.45,0.0011433155979904122,0.0,0.0,0.0,0.00015543546197067405,0.0,0.0036401935176142344,0.0,0.0,0.0001339216505900995,0.0011885329020837139,0.03312156029362849,0,2
2677,0.4000000000000341,0.0,0.0,0.03861003861003861,0.0,0.6000000000000001,0.029411764705882346,0.0,0.0,0.0,0.0,0.0,0.0,0.0,0.0,0.0,0.009770786935533304,0.0,0.0008043294090493882,9.89901386388269e-06,0.0025955847584949367,0.0005270263027010721,0.0,0.6541023896168771,0.4939965490814177,0.580754716981132,0.2450980392156863,0.40287476084280827,0.1342189360235604,0.020202020202020204,0.7999999999999972,0.0,1.0,0.0,0.45,0.0,0.0,0.00011079271227918957,0.0004518105384368586,0.0,2.5297160321476313e-06,0.003643507870327683,0.0,0.0,0.0,0.0011246607934730847,0.03312156029362849,0,2
6388,0.6000000000000227,0.0,0.0,0.015444015444015444,0.0,0.6000000000000001,0.5588235294117647,0.0,0.0,0.0,0.0,0.0,0.0,0.0,0.0,0.0,0.009770786935533304,0.0,0.0008043294090493882,9.89901386388269e-06,0.0,0.0,0.0010454017492536876,0.654087270866638,0.49397887469266033,0.580754716981132,0.24497549019607845,0.40287476084280827,0.13415627545585562,0.24242424242424243,0.9499999999999957,0.0,0.0,0.0,0.45,0.0,0.0006518070087756352,0.0,0.0,0.0,0.0,0.0036354330375410375,0.06972786133933999,0.0,0.0014657705470603494,0.0011331651980964396,0.03312156029362849,0,2
7522,0.20000000000004547,0.0,1.0,0.10231660231660232,0.0,0.6000000000000001,0.5882352941176471,0.0,0.0,0.0,0.0,0.0,0.0,0.0,0.0,0.0,0.009882649574894129,0.0,0.0008123762899278706,1.056704547432876e-05,0.0025099087713412738,0.0005769699810238952,0.0,0.6541029449075809,0.494041147683445,0.5747169811320755,0.2422794117647059,0.3971106155327265,0.12713829187292439,0.020202020202020204,0.5,0.0,1.0,0.0,0.8,0.0,0.0,0.00012087394178594022,0.0,0.0,4.3330421750642995e-05,0.003685913209072741,0.0,0.0,1.4811964793059713e-05,0.001096703622792654,0.03312411987208298,0,4
8972,0.0,1.0,1.0,0.02316602316602317,0.0,0.8,0.2647058823529412,0.0,0.0,0.0,0.0,0.0,0.0,0.0,0.0,0.0,0.009770786935533304,0.0,0.0008083528494886294,9.89901386388269e-06,0.06035276816583979,0.021499465453060213,0.0,0.6539441632415728,0.49377918732749027,0.31169811320754715,0.09460784313725491,0.3942285428776856,0.05727175888213548,0.020202020202020204,0.29999999999999716,0.0,1.0,0.0,0.35000000000000003,0.0,0.0,0.0,0.0,0.0,2.854965236280898e-06,0.003747863059210363,0.0,0.0023553901437371664,0.004299051266793929,0.0014285302043836638,0.033532040287209304,0,4
524,0.8000000000000114,1.0,0.0,0.10231660231660232,0.4444444444444444,0.6000000000000001,0.5,0.0,0.0,0.0,0.0,1.0,0.0,0.0,0.0,0.0,0.009770786935533304,0.0,0.0008043294090493882,9.89901386388269e-06,0.0,0.0,0.0,0.6541019383603504,0.49399558291358814,0.580754716981132,0.24497549019607845,0.40287476084280827,0.13371765148192244,0.25252525252525254,0.9499999999999957,0.0,0.0,0.0,0.5,0.0,0.05771645932545544,0.0,0.0,0.0,0.0,0.003647151263151767,0.04975420947221324,0.0,2.2870287607936757e-05,0.001102392805287528,0.03312156029362849,0,0
5033,0.0,0.0,0.0,0.06756756756756757,0.0,0.6000000000000001,0.5294117647058824,0.0,0.0,0.0,0.0,1.0,0.0,0.0,0.0,0.0,0.009770786935533304,0.0,0.0008043294090493882,9.89901386388269e-06,0.0,0.004456206000637384,0.0,0.6540940221546293,0.49398644177810436,0.3920754716981132,0.21727941176470592,0.3967815839822567,0.11899241807130774,0.25252525252525254,0.6999999999999957,0.0,0.0,0.0,0.55,0.0,0.004126358886200594,0.0,0.0,0.0,0.0,0.0036354330375410375,0.008082853964504245,0.0014581622176591377,0.00018549491660531256,0.0010863535982955101,0.03312156029362849,0,1
3125,0.6000000000000227,0.0,1.0,0.03861003861003861,0.0,0.2,0.23529411764705882,0.0,0.0,0.0,0.0,0.0,0.0,0.0,0.0,0.0,0.009770786935533304,0.0,0.0008043294090493882,9.89901386388269e-06,0.0017330408540702962,0.0004092722391678934,0.0,0.654122940342707,0.49401661618150566,0.28094339622641507,0.1471813725490196,0.393204889165113,0.0822733253963281,0.020202020202020204,0.6499999999999986,0.0,1.0,0.0,0.05,0.0,0.0,0.00010827240490250192,0.0,0.0,0.0001580711132087677,0.003648264816557209,0.0,0.0,0.00010826292746844336,0.0011022391936425565,0.03313230953105269,0,4
461,0.6000000000000227,1.0,0.0,0.05791505791505792,0.7037037037037037,0.6000000000000001,0.5,0.0,0.0,0.0,0.0,1.0,0.0,0.0,0.0,0.0,0.011108157236461563,3.830127494796101e-06,0.0008043294090493882,9.89901386388269e-06,0.0,0.0017849255685456209,0.0,0.6536672514299658,0.4945566391730083,0.580754716981132,0.24203431372549022,0.3950876808150234,0.09618397142678115,0.020202020202020204,0.3999999999999986,1.0,1.0,0.0,0.25000000000000006,0.0005177744434863295,0.0,2.4699012291539075e-05,0.00010767858163135249,0.0,7.227760091850375e-08,0.004109288491187924,0.0,0.0,0.002908824298375903,0.0014427340521054777,0.03313924916333531,0,0
12291,0.0,1.0,0.0,0.06756756756756757,0.0,0.8,0.029411764705882346,0.0,0.0,0.0,0.0,0.0,0.0,0.0,0.0,0.0,0.009770786935533304,0.0,0.0008043294090493882,9.89901386388269e-06,0.0,0.0,0.0,0.6540633224640965,0.4939508166199167,0.20339622641509433,0.04901960784313726,0.39068840712170516,0.033962027695970926,0.020202020202020204,0.8999999999999986,0.0,1.0,0.0,0.35000000000000003,0.0,0.0,0.0,0.0,0.0,0.0,0.0036354330375410375,0.0,0.0,0.00012399584344034617,0.0010825576210823542,0.03312156029362849,1,3
6476,0.20000000000004547,1.0,0.0,0.06756756756756757,0.0,0.6000000000000001,0.5588235294117647,0.0,0.0,0.0,0.0,0.0,0.0,0.0,0.0,0.0,0.009770786935533304,0.0,0.0008043294090493882,9.89901386388269e-06,0.0,4.986057736055555e-06,2.812067200185192e-05,0.6540999391812887,0.4939937169558714,0.4313207547169811,0.15710784313725493,0.39804896476925145,0.08922864841155463,0.020202020202020204,0.6000000000000014,0.0,1.0,0.0,0.55,1.1425688209832337e-05,0.0,0.00032794239585459846,0.0007911079466793244,0.0,6.790480606293427e-05,0.0036382165284053474,0.0,0.0,4.30544676109145e-05,0.0010866714291659708,0.03312156029362849,0,3
4784,0.20000000000004547,1.0,1.0,0.03861003861003861,0.0,0.6000000000000001,0.23529411764705882,0.0,0.0,0.0,0.0,0.0,0.0,0.0,0.0,0.0,0.009770786935533304,0.0,0.0008043294090493882,9.89901386388269e-06,8.242246865415676e-05,1.8947019397011107e-05,0.0,0.6540669132998059,0.49395502366167526,0.3920754716981132,0.1621323529411765,0.3967815839822567,0.0917977316874491,0.020202020202020204,0.9499999999999957,0.0,1.0,0.0,0.55,0.00013356446217483147,0.0,2.6211196717551672e-06,1.142711478536802e-05,0.0002446649019761934,0.0,0.0036874194117748845,0.0,0.0,0.00032842142316632226,0.0010998593779966285,0.03312156029362849,0,4
1338,0.4000000000000341,0.0,0.0,0.10231660231660232,0.0,0.6000000000000001,0.029411764705882346,0.0,0.0,0.0,0.0,0.0,0.0,0.0,0.0,0.0,0.0101379034732123,0.0,0.0008043294090493882,9.89901386388269e-06,0.009034659371073183,0.0025240255269535893,0.0,0.6540459063476637,0.49393041180748976,0.5558490566037736,0.2450980392156863,0.4020704614972155,0.1342189360235604,0.04040404040404041,0.6499999999999986,0.0,1.0,0.0,0.35000000000000003,0.0,0.0,0.0,0.0,0.0,0.0,0.0036521869903819505,0.0,0.0,0.001049705270040793,0.001086615516311654,0.03312156029362849,0,2
9574,0.20000000000004547,1.0,1.0,0.04247104247104247,0.0,0.8,0.23529411764705882,0.0,0.0,0.0,0.0,0.0,0.0,0.0,0.0,0.0,0.009770786935533304,0.0,0.0008043294090493882,9.89901386388269e-06,0.0,0.0,0.0,0.6540421289793372,0.49392598622314854,0.20339622641509433,0.2450980392156863,0.39068840712170516,0.1342189360235604,0.020202020202020204,0.3999999999999986,0.0,1.0,0.0,0.25000000000000006,0.0,0.0,0.0,0.0,0.0,0.0,0.0036354330375410375,0.0,0.0,0.0009472238694173092,0.0010825576210823542,0.03312156029362849,1,4
4439,0.20000000000004547,1.0,0.0,0.10424710424710425,0.0,0.4,0.1764705882352941,0.0,0.0,0.0,0.0,0.0,0.0,0.0,0.0,0.0,0.009770786935533304,0.0,0.0008043294090493882,9.89901386388269e-06,0.0,1.745120207619444e-06,0.0,0.6541061232510909,0.494000952151603,0.2792452830188679,0.06850490196078432,0.3931439573965074,0.043925057961025124,0.25252525252525254,1.0,0.0,0.0,0.0,0.5,0.0,0.00019806522653762848,0.0,0.0,0.0,0.0,0.0036354330375410375,0.002240294137660151,0.0,2.0721401523969548e-06,0.0010844771966109666,0.033121689264635885,0,3
6457,0.8000000000000114,1.0,0.0,0.06756756756756757,0.0,0.6000000000000001,0.0,0.0,0.0,0.0,0.0,0.0,0.0,0.0,0.0,0.0,0.009770786935533304,0.0,0.0008043294090493882,9.89901386388269e-06,0.0028724953330084633,0.0006600709432914878,0.0,0.6540959086852188,0.49398876190069074,0.39358490566037735,0.20735294117647063,0.39688516798888607,0.11491948117049944,0.020202020202020204,0.5,0.0,1.0,0.0,0.55,0.0,0.0,0.0,0.0,0.0,2.8911040367401497e-05,0.00364502074806787,0.0,0.0,0.0002261190963831689,0.0010865285738059164,0.03312453654764534,0,3
8375,0.8000000000000114,1.0,0.0,0.06756756756756757,0.0,0.6000000000000001,0.1764705882352941,0.0,0.0,0.0,0.0,0.0,0.0,0.0,0.0,0.0,0.009770786935533304,0.0,0.000919075435219685,9.89901386388269e-06,0.0007009524856158332,0.000161132765836862,9.873770370333157e-06,0.654112669452599,0.494011467815124,0.40056603773584903,0.21004901960784317,0.39654395008469523,0.1166113164985275,0.24242424242424243,0.6999999999999957,0.0,0.0,0.0,0.55,0.0,0.0012596696095402678,0.0,0.0,0.0,0.0,0.0036435604853334407,0.007557497806317513,0.0,1.545151422281186e-05,0.0010875549315731905,0.03312156029362849,0,3
10716,0.0,0.0,0.0,0.06756756756756757,0.0,0.6000000000000001,0.029411764705882346,0.0,0.0012080959999999999,0.0,0.0,0.0,0.0,0.0,0.0,0.0,0.009770786935533304,0.0,0.0008043294090493882,9.89901386388269e-06,0.0011868112482087572,0.006298305031223109,0.0,0.6540984644802605,0.49399198918849113,0.20339622641509433,0.2450980392156863,0.39068840712170516,0.1342189360235604,0.020202020202020204,0.5,0.0,1.0,0.0,0.75,0.0,0.0,0.007509205422693352,0.006364023926620343,0.0,0.0021975643171266474,0.0036354330375410375,0.0,0.0,0.0019321555732128048,0.0010825576210823542,0.03312156029362849,1,2
439,0.0,0.0,0.0,0.05405405405405406,0.0,0.6000000000000001,0.5294117647058824,0.0,0.0,0.0,0.0,1.0,0.0,0.0,0.0,0.0,0.010610200689822118,0.0,0.0008043294090493882,9.89901386388269e-06,0.0,0.00026708649272804254,0.0,0.6541314138270461,0.49403011962878896,0.4088679245283019,0.2129901960784314,0.3973238767228458,0.11698727990475595,0.020202020202020204,0.25,0.0,1.0,0.0,0.55,1.98099573358828e-05,0.0,3.2360746716669565e-05,0.0,6.182359025114918e-05,0.0,0.00365346035205115,0.0,0.0,0.00016925036108960805,0.0010963265084348148,0.03312156029362849,0,1
6998,0.6000000000000227,1.0,1.0,0.015444015444015444,0.0,0.6000000000000001,0.2941176470588235,0.0,0.0,0.0,0.0,0.0,0.0,0.0,0.0,0.0,0.009770786935533304,0.0,0.0008043294090493882,9.89901386388269e-06,0.0020695992677414363,0.003098668681033992,0.0,0.6540461767039969,0.49393770406496135,0.3915094339622641,0.23995098039215687,0.3948317673868802,0.13158719217996115,0.25252525252525254,0.0,0.0,0.0,0.0,0.45,0.0,0.0,0.0,0.0,0.0,0.0,0.0036354330375410375,0.005999734155263676,0.0,0.0017237392050451752,0.0010848024131332832,0.03312156029362849,0,4
10250,0.6000000000000227,0.0,0.0,0.06756756756756757,0.0,0.6000000000000001,1.0,0.0,0.0,0.0,0.0,1.0,0.0,0.0,0.0,0.0,0.009770786935533304,0.0,0.0008788254360968886,9.89901386388269e-06,0.0,0.0,0.0,0.6540092210474311,0.4938892854317525,0.20339622641509433,0.12659313725490198,0.39068840712170516,0.07362616705307351,0.020202020202020204,0.14999999999999858,0.0,1.0,0.0,0.75,0.0,0.0,0.0,0.0,0.0,1.2648580160738157e-06,0.0036354330375410375,0.0,0.0,0.0007519054735710036,0.0010827944080549355,0.03312156029362849,1,1
2077,0.6000000000000227,1.0,0.0,0.10231660231660232,0.4444444444444444,0.6000000000000001,0.5,0.0,0.0,0.0,0.0,1.0,0.0,0.0,0.0,0.0,0.009770786935533304,0.0,0.0008043294090493882,9.89901386388269e-06,0.010435118334082847,0.010662518266630268,0.0,0.6539595699080538,0.49423380131576156,0.58,0.1993872549019608,0.3956238803787519,0.11078388370198637,0.24242424242424243,0.29999999999999716,0.0,1.0,1.0,0.05,0.0016595829096986176,0.0,0.0,0.0,0.0,0.0,0.0036354330375410375,0.0,0.0,0.0036268592341472325,0.0011771050680969724,0.03312156029362849,0,0
9195,0.8000000000000114,0.0,1.0,0.05791505791505792,0.0,0.6000000000000001,0.23529411764705882,0.0,0.0,0.0,0.0,0.0,0.0,0.0,0.0,0.0,0.011368422605102233,0.0,0.0009831853718310047,9.89901386388269e-06,0.0,0.0,0.0,0.6541712622301129,0.4939508193371424,0.5005660377358491,0.24485294117647063,0.4002790675002133,0.13171251331537065,0.030303030303030304,0.8999999999999986,0.0,0.0,0.0,0.30000000000000004,0.0005747535291340555,0.0,0.0003930671384682076,0.0017136277133903812,0.0,0.00012395608557523393,0.0040643882588116305,0.0,0.0,0.0,0.0020947399431748156,0.03312156029362849,1,4
4086,0.20000000000004547,0.0,0.0,0.03474903474903475,0.0,0.0,0.4411764705882353,0.0,0.0,0.0,0.0,0.0,0.0,0.0,0.0,0.0,0.009770786935533304,0.0,0.0008043294090493882,9.89901386388269e-06,0.0,0.00026941331967153515,2.8903614145754987e-05,0.6541373832021131,0.494029189949419,0.4611320754716981,0.22769607843137254,0.39901168671321857,0.1198070054514694,0.020202020202020204,0.7999999999999972,0.0,1.0,0.0,0.35000000000000003,0.0002749089829880871,0.0,0.0,0.0,0.00016210301879269673,0.0,0.003682821095861225,0.0,0.0,0.00016060365279935902,0.0011129970647401608,0.03312156029362849,0,2
7896,0.4000000000000341,1.0,0.0,0.06756756756756757,0.0,0.6000000000000001,0.5588235294117647,0.0,0.0,0.0,0.0,0.0,0.0,0.0,0.0,0.0,0.009770786935533304,0.0,0.0008043294090493882,9.89901386388269e-06,0.0004150043597147893,0.0008098188772976897,1.1069931979073958e-05,0.6541038914860661,0.49399546684923257,0.40735849056603773,0.1558823529411765,0.3972751313079614,0.08208534369321387,0.24242424242424243,0.5,0.0,0.0,0.0,0.05,0.0,0.0020512997347145474,0.0,0.0,0.0,0.0,0.0036374987654909786,0.00812008149585473,0.0,0.0002701456791273067,0.0010872092434118378,0.03312156029362849,0,3
3951,0.8000000000000114,0.0,1.0,0.03474903474903475,0.0,0.6000000000000001,0.2647058823529412,0.0,0.0,0.0,0.0,0.0,0.0,0.0,0.0,0.0,0.010568965168249582,0.0,0.0008043294090493882,9.89901386388269e-06,0.023487511549990674,0.005399235720450025,0.00048561986475587895,0.6542157000644628,0.4941269572833819,0.3767924528301887,0.19975490196078435,0.39628803665655205,0.11065856256657686,0.25252525252525254,0.5499999999999972,0.0,1.0,0.0,0.35000000000000003,0.0002173053202070845,0.0,0.0,0.0,0.0,0.0,0.003794362552172117,0.0,0.0,0.003079993307754767,0.0011993113439566208,0.03312156029362849,0,4
1516,0.20000000000004547,1.0,0.0,0.03474903474903475,0.1111111111111111,0.6000000000000001,0.5,0.0,0.0,0.0,0.0,1.0,0.0,0.0,0.0,0.0,0.009770786935533304,0.0,0.0008043294090493882,9.89901386388269e-06,0.0,0.00017492752557328236,0.0,0.6541048486667603,0.4939994638882608,0.3922641509433962,0.21789215686274513,0.39679377033597785,0.12024562942540261,0.25252525252525254,0.10000000000000142,0.0,0.0,0.0,0.55,0.0,0.0,0.0,0.0,0.0,0.0,0.0036354330375410375,0.0008086561270530849,0.0,3.0314642970251742e-05,0.0010832102846929838,0.03312160989786211,0,0
5405,0.8000000000000114,1.0,0.0,0.05791505791505792,0.7037037037037037,0.6000000000000001,0.5,0.0,0.0,0.0,0.0,1.0,0.0,0.0,0.0,0.0,0.012066401530289334,4.0298179026444446e-05,0.00131474493453917,1.0131812758432077e-05,0.009507142557612583,0.003027534257332933,0.0,0.6537542899346125,0.4948718687982501,0.580754716981132,0.24387254901960786,0.39359485248418824,0.08559433548467951,0.020202020202020204,0.0,1.0,1.0,0.0,0.2,0.0058054851870976126,0.0,0.007450935916144333,0.032483331795067884,0.0026044165614661327,0.0,0.003929109974567304,0.0,0.0,0.0016256834864755761,0.0014207680329877386,0.03331016551067638,0,0
621,0.20000000000004547,0.0,0.0,0.03581081081081081,0.0,0.0,0.7941176470588235,0.3333333333333333,0.0,0.0,0.0,0.0,0.0,0.0,0.0,0.0,0.009770786935533304,0.0,0.0008623106166195382,9.89901386388269e-06,0.0,4.454211577542962e-05,2.949082075368229e-05,0.6541221113824796,0.4940171126574615,0.3920754716981132,0.17573529411764707,0.3967815839822567,0.09524406291120999,0.24242424242424243,0.29999999999999716,0.0,1.0,0.0,0.55,0.00022384301346083885,0.0,0.0,0.0,0.0,0.0,0.0036354330375410375,0.0,0.0,4.4717296128270084e-05,0.001094744244053034,0.033140003147686246,0,2
2526,0.20000000000004547,1.0,0.0,0.05791505791505792,0.7037037037037037,0.6000000000000001,0.5,0.0,0.0,0.0,0.0,1.0,0.0,0.0,0.0,0.0,0.01292924729446444,4.946429610800776e-05,0.000823089869702129,9.89901386388269e-06,0.018274290407615256,0.004200836743589073,0.0,0.6540407798482236,0.494648793106817,0.5628301886792453,0.2450980392156863,0.3933998708246506,0.05407606992919356,0.030303030303030304,0.10000000000000142,1.0,0.0,0.0,0.25000000000000006,0.0003639723244169584,0.0,0.0,0.0,0.0005491186937648906,0.0,0.003961102253963866,0.0,0.0,0.001242158484441809,0.001405875733463082,0.03313616378000451,0,0
6777,0.0,1.0,0.0,0.06756756756756757,0.0,0.6000000000000001,0.5588235294117647,0.0,0.0,0.0,0.0,0.0,0.0,0.0,0.0,0.0,0.009770786935533304,0.0,0.0008043294090493882,9.89901386388269e-06,0.00032752086228362296,0.0,0.0,0.6541077738825268,0.4940026123765155,0.3920754716981132,0.16139705882352942,0.3967815839822567,0.09060718090105897,0.25252525252525254,0.0,0.0,0.0,0.0,0.55,0.0,0.00041105893617947314,0.0,0.0,0.0,0.0,0.003636015729097341,0.005988612237183863,0.0,2.4123804490250966e-05,0.0010871167492751753,0.03312156029362849,0,3
9472,0.4000000000000341,0.0,0.0,0.10424710424710425,0.0,0.6000000000000001,0.029411764705882346,0.0,0.0,0.0,0.0,0.0,0.0,0.0,0.0,0.0,0.009770786935533304,0.0,0.0008043294090493882,9.89901386388269e-06,0.0002917321587890549,0.0012161825827862174,0.0,0.6540876098060115,0.49397927179578993,0.20339622641509433,0.2450980392156863,0.39068840712170516,0.1342189360235604,0.020202020202020204,0.3999999999999986,0.0,1.0,0.0,0.75,1.3170430853876846e-06,0.0,0.0,0.0,1.2521233468587176e-07,0.0,0.0036354330375410375,0.0,0.0,0.0005986694302023893,0.0010825576210823542,0.03312156029362849,1,2
9824,0.0,0.0,0.0,0.10231660231660232,0.0,0.6000000000000001,0.5588235294117647,0.0,0.0,0.0,0.0,0.0,0.0,0.0,0.0,0.0,0.009770786935533304,0.0,0.0008043294090493882,9.89901386388269e-06,0.0019134303797651393,0.0032923770240797503,0.0,0.6540504490629627,0.49393573407631725,0.580754716981132,0.2450980392156863,0.40287476084280827,0.1342189360235604,0.25252525252525254,0.6499999999999986,0.0,1.0,0.0,0.45,0.0,0.0,0.0,0.0,0.0,0.0,0.0036354330375410375,0.0,0.0,0.0017170111450441827,0.0011149986259611847,0.03312156029362849,1,2
9122,0.0,0.0,1.0,0.03861003861003861,0.0,0.6000000000000001,0.2941176470588235,0.0,0.0,0.0,0.0,0.0,0.0,0.0,0.0,0.0,0.009770786935533304,0.0,0.0008043294090493882,9.89901386388269e-06,0.0,3.324038490703703e-06,0.0,0.6538546935178419,0.4937056537651633,0.20339622641509433,0.2450980392156863,0.39068840712170516,0.13390563318503665,0.020202020202020204,0.8999999999999986,0.0,1.0,0.0,0.10000000000000002,0.0,0.0,0.0,0.0,0.0,0.0,0.0036354330375410375,0.0,0.003446586242299795,0.0004076232245468281,0.0010825576210823542,0.03312156029362849,1,4
10108,0.20000000000004547,0.0,0.0,0.03474903474903475,0.0,0.6000000000000001,0.5588235294117647,0.0,0.0,0.0,0.0,0.0,0.0,0.0,0.0,0.0,0.009770786935533304,0.0,0.0008043294090493882,9.89901386388269e-06,0.000824947690652569,0.0,0.0,0.6515281831763446,0.49098063426943755,0.580754716981132,0.2450980392156863,0.40287476084280827,0.1342189360235604,0.25252525252525254,0.14999999999999858,0.0,0.0,0.0,0.35000000000000003,0.0,0.0,0.0,0.0,0.0,0.0,0.00560438746386957,0.39220563623279936,0.0,0.019221248799565722,0.0011894723669133836,0.03312156029362849,1,2
9785,0.0,0.0,1.0,0.04247104247104247,0.0,0.2,0.2647058823529412,0.0,0.0,0.0,0.0,0.0,0.0,0.0,0.0,0.0,0.009770786935533304,0.0,0.0008043294090493882,9.89901386388269e-06,8.242246865415676e-05,1.8947019397011107e-05,0.0,0.6540716070965853,0.4939605229383494,0.20339622641509433,0.15257352941176472,0.39068840712170516,0.08691020740647912,0.24242424242424243,0.6999999999999957,0.0,0.0,0.0,0.55,0.0,0.0,0.0,0.0,0.0,0.0,0.0036354330375410375,0.0011080210887013902,0.0,0.00030634417685127815,0.0010825576210823542,0.03312156029362849,1,4
4803,0.6000000000000227,1.0,0.0,0.10231660231660232,0.0,0.6000000000000001,0.029411764705882346,0.0,0.0,0.0,0.0,0.0,0.0,0.0,0.0,0.0,0.009770786935533304,0.0,0.0008043294090493882,9.89901386388269e-06,0.004443583266214452,0.0010166571723817276,0.0,0.6541348194554145,0.494034476117962,0.3449056603773585,0.2450980392156863,0.39525828976711885,0.13384297261733194,0.020202020202020204,0.9499999999999957,0.0,1.0,0.0,0.35000000000000003,2.7814049076460535e-05,0.0,0.0,0.0,6.439044311220955e-05,0.0,0.0036591997068210207,0.0,0.0,0.00013000760808001634,0.001092794778940066,0.03312156029362849,0,3
1095,0.6000000000000227,0.0,0.0,0.03474903474903475,0.0,0.6000000000000001,0.5588235294117647,0.0,0.0,0.0,0.0,0.0,0.0,0.0,0.0,0.0,0.009770786935533304,0.0,0.0015333050808801199,9.89901386388269e-06,0.0,0.00014135473681717498,5.350104650004309e-05,0.6540868832233662,0.49399339360601124,0.580754716981132,0.24436274509803926,0.39583714156887123,0.07049313866783634,0.020202020202020204,0.6000000000000014,0.0,1.0,0.0,0.4,2.423630832388677e-06,0.0,0.00015736799260037754,0.0,0.0,0.0003587137333585341,0.0036414971132792797,0.0,0.0,0.0003073418739616915,0.0011165952155334773,0.03312156029362849,0,2
2373,0.8000000000000114,0.0,0.0,0.10424710424710425,0.0,0.4,0.0,0.0,0.0,0.0,0.0,0.0,0.0,0.0,0.0,0.0,0.012452043953755116,0.0013244930062417547,0.0011857141353365285,2.4929725098919287e-05,0.0,0.00760548316769234,0.0,0.6531106891236026,0.49684324827375753,0.580566037735849,0.24264705882352944,0.3940823066330324,0.055893226392631126,0.030303030303030304,0.3999999999999986,1.0,1.0,1.0,0.2,0.0,0.0,0.008337075989787715,0.03634657560135192,0.00038404188202340446,0.0,0.006253974680851942,0.0,0.0,0.006687077673534063,0.004090288351361784,0.03312156029362849,0,2
7661,0.4000000000000341,0.0,0.0,0.03474903474903475,0.0,0.6000000000000001,0.5588235294117647,0.0,0.0,0.0,0.0,0.0,0.0,0.0,0.0,0.0,0.009770786935533304,0.0,0.0008043294090493882,2.9190957038279832e-05,0.019370003137837842,0.0028290891594379215,0.0,0.6533333987975573,0.49519203989254407,0.580754716981132,0.21029411764705885,0.39394825674210027,0.09825177016103767,0.04040404040404041,0.5,0.0,1.0,0.0,0.25000000000000006,0.00038970218675520236,0.0,0.0,0.0,1.458723699090406e-05,0.0,0.004718218444094148,0.0,0.0,0.0011192626660206366,0.0015383715519386083,0.033486875632503584,0,2
3525,0.20000000000004547,0.0,0.0,0.015444015444015444,0.0,0.6000000000000001,0.5588235294117647,0.0,0.0,0.0,0.0,0.0,0.0,0.0,0.0,0.0,0.009770786935533304,0.0,0.0008043294090493882,9.89901386388269e-06,0.0009944921546823915,0.0015209138114214793,0.0,0.6540992566640751,0.4939927372019133,0.580754716981132,0.24460784313725495,0.40287476084280827,0.13296572466946552,0.25252525252525254,0.14999999999999858,0.0,0.0,0.0,0.5,0.0,0.03922280214356196,0.0,0.0,0.0,0.0,0.0036354868304946854,0.0184579043510411,0.0,0.00022890753189688828,0.001085072361187015,0.03312156029362849,0,2
3614,0.4000000000000341,0.0,0.0,0.03474903474903475,0.0,0.8,0.029411764705882346,0.0,0.0,0.0,0.0,0.0,0.0,0.0,0.0,0.0,0.009770786935533304,0.0,0.0008043294090493882,9.89901386388269e-06,0.034520915785927156,0.007935477088856951,0.0006766359994753418,0.6542109297329862,0.49412284806174905,0.4641509433962264,0.24485294117647063,0.399060432128103,0.13390563318503665,0.24242424242424243,0.0,0.0,1.0,1.0,0.35000000000000003,0.000442587576627213,0.0,0.0,0.0,0.0,0.0,0.0036354330375410375,0.0,0.0,0.0012945503737271048,0.0011943359425806853,0.03312159005616866,0,2
11837,0.8000000000000114,0.0,1.0,0.03861003861003861,0.0,0.8,0.23529411764705882,0.0,0.0,0.0,0.0,0.0,0.0,0.0,0.0,0.0,0.009770786935533304,0.0,0.0008043294090493882,9.89901386388269e-06,0.0004077743186047756,0.00014127163585490738,4.045201076832527e-06,0.654069843816677,0.49395762482303573,0.580754716981132,0.2450980392156863,0.40287476084280827,0.13371765148192244,0.020202020202020204,0.6499999999999986,0.0,1.0,0.0,0.45,0.00011560108071124481,0.0,0.0,0.0,0.0,3.975268050517706e-05,0.0036378823838538552,0.0,0.0,0.0005386029477600677,0.0011079308545440937,0.03312156029362849,1,4
8930,0.20000000000004547,0.0,1.0,0.02316602316602317,0.0,1.0,0.2941176470588235,0.0,0.0,0.0,0.0,0.0,0.0,0.0,0.0,0.0,0.009770786935533304,0.0,0.0008043294090493882,9.89901386388269e-06,0.000686130901340305,0.002675435480205143,0.0,0.6540938621275351,0.49398659704814524,0.40735849056603773,0.24301470588235294,0.3972385722467981,0.13315370637257973,0.020202020202020204,0.29999999999999716,0.0,1.0,0.0,0.45,0.0,0.0,0.0,0.0,0.0,0.0,0.0036354330375410375,0.0,0.0003183778234086243,0.0001608338905940698,0.0010826455053826235,0.03312156029362849,0,4
178,0.6000000000000227,0.0,0.0,0.015444015444015444,0.0,0.2,1.0,0.0,0.0,0.0,0.0,1.0,0.0,0.0,0.0,0.0,0.009770786935533304,0.0,0.0008043294090493882,9.89901386388269e-06,0.0,0.0005214585382291434,0.0,0.6540839374658194,0.4939749692629562,0.580754716981132,0.2450980392156863,0.40287476084280827,0.1342189360235604,0.020202020202020204,0.9499999999999957,0.0,1.0,0.0,0.4,0.0,0.0,0.0,0.0,0.0,1.15644161469606e-06,0.0036518873989685677,0.0,0.0,0.00046213841793890106,0.001089244857940411,0.03312156029362849,0,1
560,0.0,0.0,1.0,0.03474903474903475,0.0,0.6000000000000001,0.6176470588235294,0.0,0.0,0.0,0.0,0.0,0.0,0.0,0.0,0.0,0.009770786935533304,0.0,0.0009009699532430997,9.89901386388269e-06,0.02473758565791205,0.00568659884797136,0.0,0.6539569703788993,0.4941266727510319,0.580754716981132,0.2450980392156863,0.39245542841126513,0.06873864277210352,0.25252525252525254,0.14999999999999858,1.0,1.0,0.0,0.5,0.0008110066186778257,0.0,0.0,0.0,0.0,0.0,0.0036354330375410375,0.0,0.003976822381930185,0.001000229726155167,0.0012697710079093215,0.03312160989786211,0,4
2152,0.8000000000000114,1.0,0.0,0.10231660231660232,0.4444444444444444,0.6000000000000001,0.5,0.0,0.0,0.0,0.0,1.0,0.0,0.0,0.0,0.0,0.009910430878844093,0.0,0.0008043294090493882,9.89901386388269e-06,0.0014460082220027503,0.0003575003396751833,3.760297130023354e-05,0.6541727120822133,0.49407750532805067,0.31660377358490566,0.085171568627451,0.3943443132380361,0.052384234601165494,0.020202020202020204,0.10000000000000142,0.0,1.0,0.0,0.45,0.0,0.0,0.0,0.0,0.0,0.0005145081021383689,0.0037453665949819413,0.0,0.0,0.00030711163616698074,0.001218000909465898,0.03312156029362849,0,0
11898,0.4000000000000341,0.0,0.0,0.03861003861003861,0.0,0.8,0.1176470588235294,0.0,0.0,0.0,0.0,0.0,0.0,0.0,0.0,0.0,0.009770786935533304,0.0,0.0008043294090493882,9.89901386388269e-06,0.0,7.321194775774906e-05,0.0,0.6541112384856836,0.4940069552795599,0.37056603773584906,0.2450980392156863,0.3943930586529205,0.1342189360235604,0.020202020202020204,0.75,0.0,1.0,0.0,0.5,0.00017141926755690225,0.0,0.0,0.0,0.0001422725152868218,0.0,0.0036354330375410375,0.0,0.0,0.00034111008385260486,0.0010895450921235646,0.03312156029362849,1,2
8813,0.6000000000000227,1.0,0.0,0.06756756756756757,0.2962962962962963,0.4,0.5,0.0,0.0,0.0,0.0,1.0,0.0,0.0,0.0,0.0,0.009770786935533304,0.0,0.0008043294090493882,9.89901386388269e-06,0.00044284001798834227,0.00010179867877780091,0.0003003018089725996,0.654094723557028,0.4939876458972716,0.2967924528301887,0.06580882352941178,0.39370452966767816,0.04254652547152078,0.25252525252525254,0.29999999999999716,0.0,1.0,1.0,0.35000000000000003,0.000610945058454683,0.0,0.0,0.0,0.0,0.0,0.0036354330375410375,0.0,0.0,0.0004826551636453499,0.0011276530729735688,0.03312156029362849,0,0
4233,0.0,1.0,1.0,0.0694980694980695,0.0,0.6000000000000001,0.2941176470588235,0.0,0.0,0.0,0.0,0.0,0.0,0.0,0.0,0.0,0.009770786935533304,0.0,0.0008043294090493882,9.89901386388269e-06,0.09334995278783155,0.021458995284435897,0.0,0.6512464954008376,0.492125300538071,0.580754716981132,0.2450980392156863,0.4000292472489307,0.1335296697788082,0.020202020202020204,0.8999999999999986,0.0,1.0,0.0,0.10000000000000002,0.0003614740158838519,0.0,0.0,0.0,0.0,0.002493830203291594,0.0043697044989399894,0.0,0.0,0.044118319714341415,0.0020421230227427845,0.03312156029362849,0,4
9940,0.0,0.0,1.0,0.02316602316602317,0.0,0.6000000000000001,0.23529411764705882,0.0,0.20658276,0.0,0.0,0.0,0.0,0.0,0.0,0.0,0.009770786935533304,0.0,0.0008043294090493882,9.89901386388269e-06,0.016180832004210777,0.0037259978451920483,0.0,0.6528022045958036,0.492444913824743,0.580754716981132,0.3919117647058824,0.40287476084280827,0.20565198320696787,0.020202020202020204,1.0,0.0,1.0,0.0,0.25000000000000006,3.3822209543306415e-05,0.0,0.0,0.0,0.0,0.0006233581691216356,0.003672442197001541,0.0,0.01325608316221766,0.020188861504803528,0.001084861399211862,0.03312156029362849,1,4
8778,0.6000000000000227,0.0,0.0,0.05791505791505792,0.0,0.4,0.5294117647058824,0.0,0.0,0.0,0.0,1.0,0.0,0.0,0.0,0.0,0.009770786935533304,0.0,0.0011929812796957781,9.89901386388269e-06,0.0923720897277022,0.021234290282464326,0.0016510074975627119,0.6535663922830622,0.4964301010907883,0.580754716981132,0.22009803921568633,0.39467334478850585,0.11999498715458363,0.020202020202020204,0.6499999999999986,0.0,1.0,0.0,0.25000000000000006,0.0,0.0,3.225993442160206e-06,0.4132536951333676,0.014716190044088672,0.0,0.006252020465302264,0.0,0.0,0.006525527487578672,0.0017068742076633966,0.03312156029362849,0,1
4177,0.6000000000000227,1.0,1.0,0.09266409266409267,0.0,0.6000000000000001,0.23529411764705882,0.0,0.0,0.0,0.0,0.0,0.0,0.0,0.0,0.0,0.011413721480990312,0.0,0.0008043294090493882,9.89901386388269e-06,0.04837656656915751,0.011120570770649239,0.0,0.6533858403058536,0.4945340143871714,0.580754716981132,0.23958333333333337,0.39604430958213,0.13096058650291373,0.020202020202020204,0.29999999999999716,0.0,1.0,0.0,0.25000000000000006,0.0006605242628494576,0.0,0.01147899197786162,0.0500441701936896,0.0,6.107457277613566e-06,0.003938322705015787,0.0,0.0,0.002890379692821851,0.001425587245175773,0.03312156029362849,0,4
8481,0.6000000000000227,1.0,0.0,0.015444015444015444,0.0,0.6000000000000001,0.0,0.0,0.0,0.0,0.0,0.0,0.0,0.0,0.0,0.0,0.009770786935533304,0.0,0.0008043294090493882,9.89901386388269e-06,0.001166205631045218,0.00028063194957766015,0.0,0.6540873775513676,0.4939789938624167,0.580754716981132,0.2450980392156863,0.40287476084280827,0.1342189360235604,0.25252525252525254,0.8500000000000014,0.0,1.0,0.0,0.10000000000000002,7.175848150797849e-06,0.0,0.0,0.0,0.0,0.0,0.0036426785950130513,0.0,0.0,0.0002524173689345772,0.001086333771042206,0.03312156029362849,0,3
4713,0.4000000000000341,1.0,1.0,0.13706563706563707,0.0,0.6000000000000001,0.2941176470588235,0.0,0.0,0.0,0.0,0.0,0.0,0.0,0.0,0.0,0.009855816386951124,0.0,0.0008043294090493882,9.89901386388269e-06,0.0,0.0005477184423057027,0.0,0.6540783033856167,0.49401537363300324,0.5786792452830188,0.2243872549019608,0.3974091811988935,0.12043361112851685,0.020202020202020204,0.5,0.0,1.0,0.0,0.0,3.9599548026115277e-05,0.0,0.00048510876386484095,0.0021144557397079055,6.198010566950652e-05,0.0,0.0036626950708602483,0.0,0.0,0.0004601174417408843,0.001098367079776714,0.03312156029362849,0,4
5104,0.8000000000000114,0.0,1.0,0.02316602316602317,0.0,0.6000000000000001,0.23529411764705882,0.0,0.0,0.0,0.0,0.0,0.0,0.0,0.0,0.0,0.011172358234647123,0.0,0.000809007828164785,9.89901386388269e-06,0.05122592577061393,0.011775157050431065,5.998206758012961e-05,0.6535970064932839,0.49427755253154054,0.580754716981132,0.24117647058823533,0.3941127725173351,0.11404223322263302,0.020202020202020204,0.0,1.0,1.0,0.0,0.25000000000000006,5.308905632851389e-06,0.0,0.0,0.0,2.9769232571566012e-05,0.0,0.0038966139261230755,0.0,0.0,0.0016067272413777226,0.0012982934040133118,0.035072494801674736,0,4
3487,0.6000000000000227,1.0,0.0,0.03474903474903475,0.0,0.6000000000000001,0.1176470588235294,0.0,0.0,0.0,0.0,0.0,0.0,0.0,0.0,0.0,0.009770786935533304,0.0,0.0008427860141779493,9.89901386388269e-06,0.027810714631723396,0.00923201830215593,0.0,0.6538524173560664,0.49379043120750316,0.580754716981132,0.24460784313725495,0.3975615106204073,0.09054452033335424,0.020202020202020204,0.6499999999999986,0.0,1.0,0.0,0.2,0.00037524186834347157,0.0,0.0,0.0,0.000963696733909812,0.0,0.003670539418509731,0.0,0.0,0.003168737186627175,0.0013350231924861653,0.03312156029362849,0,3
11694,0.0,0.0,1.0,0.10231660231660232,0.0,0.6000000000000001,0.32352941176470584,0.0,0.0,0.0,0.0,0.0,0.0,0.0,0.0,0.0,0.009770786935533304,0.0,0.0008043294090493882,9.89901386388269e-06,0.003839513331472803,0.00694341780130643,0.0,0.6536286159858888,0.4934413154485319,0.580754716981132,0.2450980392156863,0.40287476084280827,0.13415627545585562,0.020202020202020204,0.6000000000000014,0.0,1.0,0.0,0.35000000000000003,0.0,0.0,0.0003178611663478478,0.0,0.0,0.00011484910785950246,0.0036378682484791737,0.0,0.0,0.009198665030102313,0.0010948455613174167,0.03312156029362849,1,4
950,0.6000000000000227,1.0,0.0,0.15830115830115832,0.4444444444444444,0.6000000000000001,0.5,0.0,0.0,0.0,0.0,1.0,0.0,0.0,0.0,0.0,0.009770786935533304,0.0,0.0008043294090493882,9.89901386388269e-06,0.0,3.4071394529712956e-06,6.807246973379466e-06,0.6541088244951893,0.4940041216013132,0.3932075471698113,0.20232843137254908,0.39681814304342,0.11235039789460495,0.24242424242424243,0.14999999999999858,0.0,1.0,0.0,0.55,0.0013476405760363562,0.0,0.0,0.0,0.0,0.0,0.0036354330375410375,0.0,0.0,0.00032829351328037183,0.0010953626560835812,0.03312156029362849,0,0
68,0.0,0.0,1.0,0.015444015444015444,0.0,0.6000000000000001,0.23529411764705882,0.0,0.0,0.0,0.0,0.0,0.0,0.0,0.0,0.0,0.009770786935533304,0.0,0.0008043294090493882,9.89901386388269e-06,0.004000743248226109,0.000919678349415447,0.0,0.6541052860078875,0.49416783755610433,0.2949056603773585,0.06433823529411765,0.3920410923847476,0.028698540008772484,0.24242424242424243,0.9499999999999957,1.0,1.0,0.0,0.45,4.772583964059496e-06,0.0,0.0,0.0,0.0,0.0,0.0036354330375410375,0.0,0.0,8.019949849091917e-05,0.0011741701389266696,0.03312156029362849,0,4
7794,0.20000000000004547,0.0,0.0,0.0637065637065637,0.0,0.6000000000000001,0.5588235294117647,0.0,0.0,0.0,0.0,0.0,0.0,0.0,0.0,0.0,0.009770786935533304,0.0,0.0008043294090493882,9.89901386388269e-06,0.0,6.27412265120324e-05,0.0,0.6540786254277193,0.4940892452958443,0.580754716981132,0.2431372549019608,0.39106009091019883,0.024374960837145188,0.020202020202020204,0.6000000000000014,1.0,1.0,0.0,0.25000000000000006,0.0,0.0,5.1313458189360776e-05,0.0,0.0,2.50803275187208e-05,0.0036858543116782363,0.0,0.0,0.0002053721128820093,0.00113788383654209,0.03312156029362849,0,2
8429,0.6000000000000227,1.0,0.0,0.15830115830115832,0.4444444444444444,0.6000000000000001,0.5,0.0,0.0,0.0,0.0,1.0,0.0,0.0,0.0,0.0,0.009770786935533304,0.0,0.0008043294090493882,9.89901386388269e-06,0.0,0.0001275599770807546,7.524943938623947e-06,0.6541193922471532,0.4940164795438697,0.48754716981132074,0.22463235294117648,0.3998647314736958,0.1236919606491635,0.25252525252525254,0.6999999999999957,0.0,1.0,1.0,0.85,3.136463430150053e-05,0.0,0.0,0.0,0.0,0.0,0.0036354330375410375,0.0,0.0,0.00010460470473026108,0.0010979408433988143,0.03312156029362849,0,0
9425,0.20000000000004547,0.0,1.0,0.03474903474903475,0.0,0.6000000000000001,0.23529411764705882,0.0,0.0,0.0,0.0,0.0,0.0,0.0,0.0,0.0,0.1535601492695782,0.0,0.0008043294090493882,9.89901386388269e-06,0.0018671581166610513,0.0031387233448469717,0.0,0.6496175623797392,0.4948566500051898,0.580754716981132,0.2450980392156863,0.3908833887812428,0.1342189360235604,0.020202020202020204,0.5,0.0,1.0,0.0,0.75,0.02823039083572636,0.0,0.00045688132124593916,0.001679785873449099,0.002095303208633378,0.0,0.0036354330375410375,0.0,0.021293737166324437,0.0,0.0018787115099850931,0.03312156029362849,1,4
350,0.6000000000000227,1.0,0.0,0.10424710424710425,0.2962962962962963,0.6000000000000001,0.5,0.0,0.0,0.0,0.0,1.0,0.0,0.0,0.0,0.0,0.009770786935533304,0.0,0.0008043294090493882,9.89901386388269e-06,0.0,4.6204135020781475e-05,0.0,0.654084258182646,0.4939752809675633,0.580754716981132,0.24436274509803926,0.40287476084280827,0.13359233034651294,0.24242424242424243,0.3999999999999986,0.0,1.0,1.0,0.85,2.746781610040501e-05,0.0,0.0,0.0,0.0,0.0,0.0036354330375410375,0.0,0.0,0.00030823724316334455,0.0010845748458334881,0.03312156029362849,0,0
4345,0.20000000000004547,1.0,0.0,0.06756756756756757,0.2962962962962963,0.6000000000000001,0.5,0.0,0.0,0.0,0.0,1.0,0.0,0.0,0.0,0.0,0.009770786935533304,0.0,0.0008043294090493882,9.89901386388269e-06,0.0003625865616671896,0.0002196358432732472,0.0,0.6541016653534649,0.4939957393481544,0.20339622641509433,0.2450980392156863,0.39068840712170516,0.1342189360235604,0.020202020202020204,0.6499999999999986,0.0,1.0,0.0,0.45,0.0,0.0,0.0,0.0,0.0,0.0,0.0036354330375410375,0.0,0.0,4.013812221124471e-05,0.0010825576210823542,0.03312156029362849,0,0
10863,0.20000000000004547,1.0,1.0,0.20463320463320464,0.0,0.6000000000000001,0.23529411764705882,0.0,0.0,0.0,0.0,0.0,0.0,0.0,0.0,0.0,0.009770786935533304,4.255697216440112e-07,0.0008043294090493882,0.0008637547506157024,0.0,0.00049602964377526,0.00036500327780903384,0.6540692818995925,0.49494978835105785,0.5762264150943396,0.24497549019607845,0.3942529155851278,0.06103139294442009,0.020202020202020204,0.5,0.0,1.0,0.0,0.4,0.00022980365175450062,0.0,2.600957212741666e-05,0.0001133921390240365,0.00014100474039812735,0.0,0.00365934380911291,0.0,0.0,0.00062570958009231,0.0015728165468769924,0.03312156029362849,1,4
5996,1.0,1.0,0.0,0.15830115830115832,0.0,0.6000000000000001,0.0,0.0,0.0,0.0,0.0,0.0,0.0,0.0,0.0,0.0,0.009770786935533304,0.0,0.0008043294090493882,9.89901386388269e-06,0.0,0.0,0.0,0.654102843192637,0.493997035852996,0.580566037735849,0.24497549019607845,0.4028686676659477,0.13409361488815089,0.25252525252525254,0.0,0.0,0.0,0.0,0.45,0.0,0.031091404578923208,0.0,0.0,0.0,0.0,0.003639816181640105,0.04492637019906766,0.0,8.749036199009363e-06,0.0011063495319568449,0.03312156029362849,0,3
10221,0.0,0.0,0.0,0.06756756756756757,0.0,0.6000000000000001,0.029411764705882346,0.0,0.0,0.0,0.0,0.0,0.0,0.0,0.0,0.0,0.013970083027120708,0.0,0.0008043294090493882,9.89901386388269e-06,0.0,6.365533709697592e-05,0.0,0.6540079858900658,0.4938859840025075,0.20339622641509433,0.2450980392156863,0.39068840712170516,0.1342189360235604,0.020202020202020204,0.14999999999999858,0.0,1.0,0.0,0.75,0.0,0.0,0.0,0.0,0.0,0.0,0.0036354330375410375,0.0,0.0014324178644763862,6.643639476265297e-05,0.0010825576210823542,0.03312156029362849,1,2
6783,0.6000000000000227,1.0,0.0,0.10231660231660232,0.4444444444444444,0.6000000000000001,0.5,0.0,0.0,0.0,0.0,1.0,0.0,0.0,0.0,0.0,0.009770786935533304,0.0,0.0008043294090493882,9.89901386388269e-06,0.0,0.0,0.00018344769399506646,0.6540994355763543,0.4939888554508904,0.580754716981132,0.2450980392156863,0.40287476084280827,0.12964471458111412,0.24242424242424243,0.6999999999999957,0.0,1.0,0.0,0.5,3.704013955605777e-05,0.0,0.0,0.0,0.0,0.0,0.0036354330375410375,0.0,0.0,0.00027106663030614976,0.0010990727812899314,0.03312156029362849,0,0
7279,0.6000000000000227,1.0,0.0,0.10231660231660232,0.4444444444444444,0.6000000000000001,0.5,0.0,0.0,0.0,0.0,1.0,0.0,0.0,0.0,0.0,0.009770786935533304,0.0,0.0008043294090493882,9.89901386388269e-06,0.001712435236906757,0.001203218832672473,0.0,0.6541156606008537,0.49401138979192843,0.3920754716981132,0.18100490196078434,0.3967815839822567,0.099880944921361,0.24242424242424243,0.29999999999999716,0.0,0.0,1.0,0.55,0.0,0.001479181389269869,0.0,0.0,0.0,0.0,0.0036446296693683562,0.009559056882972783,0.0,0.0002899461294724331,0.0010905876091022813,0.03312156029362849,0,0
2770,1.0,1.0,0.0,0.05791505791505792,0.0,0.8,0.0,0.0,0.0,0.0,0.0,0.0,0.0,0.0,0.0,0.0,0.016888278750319896,0.0,0.0008043294090493882,0.11833811549497296,0.15163854421676243,0.03589221971395818,0.0,0.6506683363944484,0.4941848733968185,0.5743396226415094,0.2450980392156863,0.3925711987716156,0.13390563318503665,0.020202020202020204,0.14999999999999858,0.0,1.0,0.0,0.45,0.00010942998707919633,0.0,0.0,0.0,0.00024832736276575516,0.0,0.0038492490341113937,0.0,0.0,0.008967787685961789,0.0017854374683139147,0.03744208904142477,0,3
4999,0.20000000000004547,0.0,0.0,0.08687258687258688,0.0,0.0,0.4411764705882353,0.0,0.0,0.0,0.0,0.0,0.0,0.0,0.0,0.0,0.01000844801461122,0.0,0.003695124580453019,9.89901386388269e-06,0.03733990881472152,0.010905920985112047,0.0,0.6539229773771512,0.49411811620725216,0.40188679245283015,0.1392156862745098,0.3963611547788787,0.0793909392819099,0.020202020202020204,0.5,0.0,0.0,0.0,0.8,0.0,0.0,0.0,0.0,0.0,0.0,0.0036354330375410375,0.0,0.0,0.0038275498452034562,0.0015221139477514484,0.03312973507132811,0,2
7974,0.0,1.0,0.0,0.15830115830115832,0.4444444444444444,0.6000000000000001,0.5,0.0,0.0,0.0,0.0,1.0,0.0,0.0,0.0,0.0,0.009770786935533304,0.0,0.0008043294090493882,9.89901386388269e-06,0.043377716145694,0.009971533765375237,0.0,0.6536172418033919,0.4934463170847249,0.3920754716981132,0.1808823529411765,0.39670237268306957,0.10119681684316062,0.24242424242424243,0.3999999999999986,0.0,1.0,0.0,0.05,5.19349464083288e-06,0.0,0.0,0.0,0.0,0.0,0.0036354330375410375,0.0,0.0,0.011017645936226178,0.0013307858110463324,0.033121585095745296,0,0
4146,0.0,0.0,0.0,0.015444015444015444,0.0,0.6000000000000001,0.5588235294117647,0.0,0.0,0.0,0.0,0.0,0.0,0.0,0.0,0.0,0.009770786935533304,2.2969852924631886e-05,0.0008043294090493882,9.89901386388269e-06,0.0,4.2381490756472216e-05,0.0,0.6540496416384727,0.49393473413725375,0.580754716981132,0.2450980392156863,0.40287476084280827,0.13415627545585562,0.25252525252525254,0.9499999999999957,0.0,1.0,0.0,0.45,0.0,0.0,0.0,0.0,0.0,0.0,0.0036354330375410375,0.0,0.0,0.0007369144349376132,0.001091035258913749,0.03312156029362849,0,2
6071,0.0,0.0,0.0,0.10231660231660232,0.0,0.6000000000000001,0.5588235294117647,0.0,0.0,0.0,0.0,0.0,0.0,0.0,0.0,0.0,0.009770786935533304,0.0,0.0008043294090493882,9.89901386388269e-06,0.0,0.00035691863293931014,0.0,0.6541105496734083,0.49400583849979063,0.3920754716981132,0.1607843137254902,0.3967815839822567,0.09066984146876372,0.24242424242424243,0.6000000000000014,0.0,0.0,0.0,0.55,0.0,0.0002800667534481116,0.0,0.0,0.0,0.0,0.0036423892124813834,0.014005507048631436,0.0,0.00017104109949291405,0.00109163761086912,0.03312156029362849,0,2
971,0.20000000000004547,0.0,0.0,0.03474903474903475,0.0,0.0,0.4411764705882353,0.0,0.0,0.0,0.0,0.0,0.0,0.0,0.0,0.0,0.009770786935533304,0.004627677889289411,0.0009193405456362242,9.89901386388269e-06,0.14400904333542042,0.03316717295927928,0.0,0.6535995056327705,0.49261427695092225,0.580754716981132,0.24325980392156868,0.39817082830646244,0.10163544081709382,0.020202020202020204,0.29999999999999716,1.0,0.0,0.0,0.45,0.0,0.0,0.0009581200523215811,0.0,0.0,0.0005355408840056535,0.0045876248586087555,0.0,0.0,0.018180573967473027,0.0015156367310740124,0.03312156029362849,0,2
8995,0.6000000000000227,1.0,0.0,0.015444015444015444,0.35185185185185186,0.6000000000000001,0.5,0.0,0.0,0.0,0.0,1.0,0.0,0.0,0.0,0.0,0.009783277987688488,0.0,0.0008043294090493882,9.89901386388269e-06,0.005760535254403456,0.012840012780927997,0.0,0.6540670269422352,0.4939533809046424,0.3922641509433962,0.24497549019607845,0.3967876771591173,0.12933141174259039,0.020202020202020204,0.29999999999999716,0.0,1.0,0.0,0.35000000000000003,2.694507219538e-05,0.0,0.0,0.0,0.0,4.4270030562583546e-05,0.003641283119412578,0.0,0.0,0.004117265736881179,0.0010827658072420448,0.03312156029362849,0,0
5309,0.6000000000000227,1.0,0.0,0.31660231660231664,0.6666666666666666,0.6000000000000001,0.5,0.0,0.0,0.0,0.0,1.0,0.0,0.0,0.0,0.0,0.010961003612397234,0.0007631119831725804,0.0008043294090493882,9.89901386388269e-06,0.0,0.00956167981947147,0.0,0.6538212730353875,0.49411558647011056,0.580754716981132,0.24375000000000005,0.3936375047222121,0.06140735635064855,0.020202020202020204,0.29999999999999716,1.0,1.0,0.0,0.10000000000000002,6.43314447274933e-05,0.0,0.0,0.0,0.0,0.0007304374348823989,0.003946216133827357,0.0,0.0,0.00667428668493902,0.0013663678989616925,0.03312156029362849,0,0
3500,0.4000000000000341,1.0,0.0,0.06756756756756757,0.0,0.0,0.4411764705882353,0.0,0.0,0.0,0.0,0.0,0.0,0.0,0.0,0.0,0.009770786935533304,0.0,0.0008043294090493882,9.89901386388269e-06,0.0007248116212788786,0.0003319883442590323,0.0,0.6541130673667609,0.49400895205228607,0.4050943396226415,0.2410539215686275,0.39720201318563475,0.13139921047684694,0.24242424242424243,0.0,0.0,0.0,1.0,0.35000000000000003,0.0,0.0,0.0,0.0,0.0,0.0,0.003638301733302731,0.005842868769012977,0.0,0.00011059088739274117,0.0010874627844134608,0.03312156029362849,0,3
3290,0.6000000000000227,1.0,0.0,0.06756756756756757,0.0,0.0,0.4411764705882353,0.0,0.0,0.0,0.0,0.0,0.0,0.0,0.0,0.0,0.009770786935533304,0.0,0.0008043294090493882,9.89901386388269e-06,0.000536830552418521,0.00021797382402789534,0.0,0.6541078752661518,0.4940029923999406,0.3939622641509434,0.19705882352941176,0.3968425157508622,0.10953067234789148,0.24242424242424243,0.6000000000000014,0.0,0.0,1.0,0.55,0.0,0.0021141675720125846,0.0,0.0,0.0,0.0,0.0036354330375410375,0.005251862399938459,0.0,7.464820944067054e-05,0.0010861372333938316,0.03312156029362849,0,3
2672,0.4000000000000341,0.0,1.0,0.20463320463320464,0.0,0.6000000000000001,0.2941176470588235,0.0,0.0,0.0,0.0,0.0,0.0,0.0,0.0,0.0,0.009770786935533304,0.0,0.0008043294090493882,9.89901386388269e-06,0.08961599805656495,0.020600645445173933,0.0006316168262009153,0.6538651095256875,0.4937980728225668,0.5733962264150944,0.24497549019607845,0.40237512034024303,0.13334168807569396,0.030303030303030304,0.6000000000000014,0.0,1.0,0.0,0.5,0.0039043538599861406,0.0,0.0,0.0,0.0,0.0,0.003936341789313933,0.0,0.0,0.004443359200123203,0.0018834085367246424,0.03312156029362849,0,4
4122,0.6000000000000227,1.0,0.0,0.03861003861003861,0.537037037037037,0.4,0.5,0.0,0.0,0.0,0.0,1.0,0.0,0.0,0.0,0.0,0.009770786935533304,0.0,0.0008043294090493882,9.89901386388269e-06,0.020455232308450904,0.004702184848949458,0.0007982312641020657,0.6541788679898974,0.4940857330875188,0.4867924528301887,0.24068627450980395,0.39984035876625357,0.13183783445078015,0.020202020202020204,0.29999999999999716,0.0,1.0,0.0,0.85,0.0,0.0,0.0004995249220594944,0.0,0.0,0.0002053768030099284,0.003655262612323005,0.0,0.0,6.418518076992542e-05,0.0011952721854816932,0.03312156029362849,0,0
8834,0.20000000000004547,0.0,0.0,0.06756756756756757,0.0,0.6000000000000001,0.0,0.0,0.0,0.0,0.0,0.0,0.0,0.0,0.0,0.0,0.009869496346480116,0.0,0.0008043294090493882,9.89901386388269e-06,0.0,0.0,0.0,0.6540978392812401,0.4939926063869038,0.580754716981132,0.2450980392156863,0.40251526340803573,0.1339682937527414,0.25252525252525254,0.6000000000000014,0.0,0.0,0.0,0.4,0.0,0.0,0.0,0.0,0.0,0.0,0.003637557270236187,0.010210152503895181,0.0,4.438473042479897e-05,0.001089623261069715,0.03312156029362849,0,2
6033,0.20000000000004547,1.0,0.0,0.015444015444015444,0.35185185185185186,0.4,0.5,0.0,0.0,0.0,0.0,1.0,0.0,0.0,0.0,0.0,0.009770786935533304,9.820839730246412e-08,0.0008043294090493882,9.89901386388269e-06,0.0,0.0,0.0,0.6541187488255858,0.4940101577241538,0.38905660377358486,0.24497549019607845,0.39668409315248787,0.10539507487937842,0.24242424242424243,0.3999999999999986,0.0,0.0,0.0,0.35000000000000003,0.0,0.0,0.0,0.0,0.0,0.0,0.003636413090185602,0.004715152617045251,0.0,1.3814267682646364e-05,0.001087705123016967,0.03312156029362849,0,0
8382,0.0,0.0,1.0,0.07722007722007722,0.0,0.6000000000000001,0.2941176470588235,0.0,0.0,0.0,0.0,0.0,0.0,0.0,0.0,0.0,0.014567847595318203,0.0,0.0008043294090493882,9.89901386388269e-06,0.02799724969236175,0.020280706740443702,0.0,0.6530958420549728,0.4953592808654391,0.580754716981132,0.24007352941176474,0.393095211981623,0.07362616705307351,0.030303030303030304,0.6999999999999957,1.0,1.0,0.0,0.10000000000000002,0.0,0.0,0.0,0.0,0.0,8.626331669623422e-05,0.004914345982497444,0.0,0.0,0.008905265333709219,0.001847081191925724,0.03315178911359298,0,4
7421,0.4000000000000341,0.0,1.0,0.02316602316602317,0.0,1.0,0.2647058823529412,0.0,0.0,0.0,0.0,0.0,0.0,0.0,0.0,0.0,0.009770786935533304,0.0,0.0008043294090493882,9.89901386388269e-06,0.1670815505256963,0.04070202030904417,0.0,0.6533601130514091,0.493091221876478,0.580754716981132,0.2450980392156863,0.40287476084280827,0.13371765148192244,0.020202020202020204,0.3500000000000014,0.0,1.0,0.0,0.45,0.0008177887116793839,0.0,0.0,0.0,0.0,0.0003056981130848116,0.0036645248165828727,0.0,0.0,0.012239390002870299,0.0023868463403815517,0.03312156029362849,0,4
457,0.8000000000000114,0.0,0.0,0.05791505791505792,0.0,0.6000000000000001,0.5294117647058824,0.0,0.0,0.0,0.0,1.0,0.0,0.0,0.0,0.0,0.01007767553257971,0.0005198497830543767,0.0008043294090493882,9.89901386388269e-06,0.02412700868617139,0.005546241322701396,0.0,0.6535659237979458,0.4944537653955748,0.580754716981132,0.2425245098039216,0.39676330445167507,0.13478288113290307,0.020202020202020204,0.0,0.0,1.0,0.0,0.25000000000000006,0.001245481481454326,0.0,0.0,0.0,0.0,9.269602317798105e-05,0.0038659931707198886,0.0,0.0,0.003161548651036761,0.00138010283214287,0.03316223576519213,0,1
2078,0.0,1.0,0.0,0.06756756756756757,0.2962962962962963,0.6000000000000001,0.5,0.0,0.0,0.0,0.0,1.0,0.0,0.0,0.0,0.0,0.009770786935533304,0.0,0.0008043294090493882,9.89901386388269e-06,0.0007754219090489749,0.0011241898175559924,0.0,0.6541233177150887,0.4940177088944186,0.2909433962264151,0.10772058823529412,0.39357047977674603,0.061156714079829574,0.24242424242424243,0.6499999999999986,0.0,0.0,0.0,0.05,0.0,0.0007745990388159483,0.0,0.0,0.0,0.0,0.0036409387659793718,0.010517704433018905,0.0,0.0003321563918360748,0.0010911401450837263,0.033136932645625526,0,0
11405,0.20000000000004547,0.0,1.0,0.02316602316602317,0.0,0.4,0.23529411764705882,0.0,0.0,0.0,0.0,0.0,0.0,0.0,0.0,0.0,0.009960154296097984,3.5900625236122996e-06,0.0008043294090493882,9.89901386388269e-06,0.00039367573844024874,9.049694790940831e-05,0.0,0.6529787737868837,0.4940496456127843,0.580754716981132,0.2450980392156863,0.3955081100184014,0.1335296697788082,0.020202020202020204,0.6999999999999957,0.0,1.0,0.0,0.45,0.00046404044337888865,0.0,0.0,0.0,0.0006130239390801924,0.0,0.0036525678601997498,0.0,0.0020538501026694045,0.0007670755860447245,0.001397661104146763,0.03312156029362849,1,4
1299,0.0,0.0,0.0,0.02316602316602317,0.0,0.6000000000000001,0.47058823529411764,0.0,0.0,0.0,0.0,0.0,0.0,0.0,0.0,0.0,0.009899730712479833,0.0,0.0008043294090493882,9.89901386388269e-06,0.014626011663502319,0.003362181832384528,0.0,0.654154995128096,0.49405764163171634,0.37377358490566037,0.2376225490196079,0.3961905458267832,0.12983269628422836,0.24242424242424243,0.29999999999999716,0.0,1.0,0.0,0.35000000000000003,0.00027916561192900503,0.0,0.0,0.0,0.0,0.0,0.0036354330375410375,0.0,0.0,0.000487157591630805,0.001108214632107005,0.03312156029362849,0,2
6438,0.4000000000000341,1.0,0.0,0.03861003861003861,0.537037037037037,0.4,0.5,0.0,0.0,0.0,0.0,1.0,0.0,0.0,0.0,0.0,0.009770786935533304,0.0,0.0008043294090493882,9.89901386388269e-06,0.0,1.7866706887532404e-05,4.74114964919081e-05,0.654102991954884,0.49399660497863246,0.5767924528301887,0.24301470588235294,0.4027468041287367,0.13277774296635128,0.24242424242424243,0.14999999999999858,0.0,1.0,1.0,0.5,0.0,0.0,0.0,0.0,0.0,0.0,0.0036354330375410375,0.0,0.0,7.411098791967874e-05,0.001118699630631015,0.03312156029362849,0,0
1492,0.6000000000000227,0.0,0.0,0.05791505791505792,0.0,1.0,0.5588235294117647,0.0,0.0,0.0,0.0,0.0,0.0,0.0,0.0,0.0,0.01000008051461329,0.0,0.0008043294090493882,9.89901386388269e-06,0.0,0.0017772802800170024,0.0,0.654067239317737,0.49395371279435485,0.580754716981132,0.2450980392156863,0.40272852459815506,0.1326524218309418,0.020202020202020204,0.14999999999999858,0.0,1.0,0.0,0.4,0.0,0.0,0.0017488916948311018,0.006886155171428697,0.00029346640942001193,0.0,0.003640559859408056,0.0,0.0,0.001102097159326089,0.0018510713275168575,0.033125989951690235,0,2
9075,0.6000000000000227,1.0,1.0,0.10231660231660232,0.0,0.4,0.23529411764705882,0.0,0.0,0.0,0.0,0.0,0.0,0.0,0.0,0.0,0.009770786935533304,0.0,0.0008043294090493882,9.89901386388269e-06,0.03456104251408774,0.007975116247858592,0.0,0.6526349368553329,0.4922819520941756,0.5779245283018868,0.23272058823529412,0.40272852459815506,0.12789021868538128,0.04040404040404041,0.9499999999999957,0.0,0.0,0.0,0.0,0.0,0.0,0.0,0.0,0.0,0.0,0.0036746194373517456,0.0,0.0,0.0015312348266897792,0.0012539116341047695,0.03312156029362849,1,4
6050,0.8000000000000114,1.0,0.0,0.06756756756756757,0.0,0.6000000000000001,0.1764705882352941,0.0,0.0,0.0,0.0,0.0,0.0,0.0,0.0,0.0,0.009770786935533304,0.0,0.0008043294090493882,9.89901386388269e-06,0.0,0.0010040258261170534,0.0,0.6541044739449309,0.4939988626050274,0.40452830188679245,0.22169117647058825,0.3971837336550531,0.1212481985086785,0.24242424242424243,0.14999999999999858,0.0,0.0,0.0,0.55,0.0,0.0019838061702574573,0.0,0.0,0.0,0.0,0.0036354330375410375,0.0050857287486212495,0.0,0.00039524154758682653,0.0010854504669075195,0.03312156029362849,0,3
1513,0.0,0.0,0.0,0.047972972972972976,0.0,0.0,0.7941176470588235,0.3333333333333333,0.0,0.0,0.0,0.0,0.0,0.0,0.0,0.0,0.011481504250757722,4.4532052154595116e-05,0.0008043294090493882,9.89901386388269e-06,0.07091405071729237,0.016301500263222298,0.0,0.6536851953376226,0.49396211756166963,0.580754716981132,0.24497549019607845,0.393326752702324,0.10301397330659817,0.020202020202020204,0.29999999999999716,1.0,1.0,0.0,0.25000000000000006,0.0,0.0,0.0,0.0,0.00014839226814459378,0.0,0.0037652829452584796,0.0,0.0,0.0022686353191940043,0.0011985262342939214,0.033185604319647774,0,2
12439,0.4000000000000341,0.0,0.0,0.0637065637065637,0.0,0.6000000000000001,0.0,0.0,0.0,0.0,0.0,0.0,0.0,0.0,0.0,0.0,0.009770786935533304,0.0,0.0008043294090493882,9.89901386388269e-06,0.00026245049229349916,0.16122517410690357,0.0,0.6539370759960792,0.4938029056025903,0.4864150943396226,0.2450980392156863,0.3998281724125325,0.1342189360235604,0.020202020202020204,0.9499999999999957,0.0,1.0,0.0,0.8,5.942308312576496e-05,0.0,4.0324918027002574e-07,0.0,0.0,1.445552018370075e-07,0.0036399147366135767,0.0,0.0,0.052213813142075655,0.0010836976881473258,0.03312156029362849,1,2
7032,0.0,1.0,1.0,0.1274131274131274,0.0,0.6000000000000001,0.2941176470588235,0.0,0.029934876,0.0,0.0,0.0,0.0,0.0,0.0,0.0,0.01201532366159693,0.0,0.0008055769874801607,9.89901386388269e-06,0.09334995278783155,0.04160682358621372,8.307886082527016e-05,0.6536287408931654,0.4948091622158762,0.5792452830188679,0.2450980392156863,0.4008091738870813,0.13384297261733194,0.030303030303030304,0.10000000000000142,0.0,1.0,0.0,0.4,0.0005875234159568093,0.0,0.0,0.0,0.0,0.0027242511950197838,0.004091494017710754,0.0,0.0019208675564681727,0.012029822445729116,0.002327750071842355,0.03312156029362849,0,4
4620,0.20000000000004547,0.0,0.0,0.10424710424710425,0.0,0.6000000000000001,0.5294117647058824,0.0,0.0,0.0,0.0,1.0,0.0,0.0,0.0,0.0,0.009770786935533304,2.1169365640753376e-05,0.0008043294090493882,9.89901386388269e-06,0.0,0.0,0.00033544721187669295,0.654784275336424,0.49477210003345984,0.2830188679245283,0.06213235294117648,0.3932597277568579,0.04060404787267373,0.030303030303030304,0.5,0.0,1.0,0.0,0.45,0.0006914340420647676,0.0,0.0,0.0,0.002046705171233424,0.0,0.003956208273129791,0.0,0.0,0.0022975685353959913,0.0027357375945054547,0.03312156029362849,0,1
9406,0.8000000000000114,1.0,0.0,0.05791505791505792,0.0,0.6000000000000001,0.029411764705882346,0.0,0.0,0.0,0.0,0.0,0.0,0.0,0.0,0.0,0.011111061782324154,0.0,0.0018571920362390347,9.89901386388269e-06,0.013195548029886098,0.004070949939564825,0.00010489249889012513,0.6532647673845793,0.4939507549000754,0.579811320754717,0.2450980392156863,0.39776258545680554,0.12688764960210538,0.020202020202020204,0.14999999999999858,0.0,1.0,0.0,0.4,0.0,0.0,0.0,0.0,0.0,0.0,0.0038080137902705025,0.0,0.0,0.010060393931750355,0.0014566074786509825,0.033373053758052454,1,3
5941,0.4000000000000341,0.0,0.0,0.10231660231660232,0.0,0.6000000000000001,0.5588235294117647,0.0,0.0,0.0,0.0,0.0,0.0,0.0,0.0,0.0,0.009770786935533304,0.0,0.0008043294090493882,9.89901386388269e-06,0.0,0.0017111319140519987,0.0,0.6540945721442287,0.4939756194562525,0.580754716981132,0.2450980392156863,0.40287476084280827,0.12575975938342002,0.020202020202020204,0.6000000000000014,0.0,1.0,0.0,0.5,0.0001925394790962893,0.0,9.87960491661563e-06,0.0,1.580805725409131e-06,0.0,0.0036398216787302587,0.0,0.0,0.0006117674025237133,0.0011058833932316714,0.03312156029362849,0,2
5534,0.6000000000000227,1.0,0.0,0.06756756756756757,0.0,0.6000000000000001,0.1764705882352941,0.0,0.0,0.0,0.0,0.0,0.0,0.0,0.0,0.0,0.009770786935533304,0.0,0.0008043294090493882,9.89901386388269e-06,0.0013643087574595949,0.0007427564007477424,0.0,0.6541042516298579,0.4939987694430028,0.3920754716981132,0.17843137254901964,0.3967815839822567,0.10013158719217997,0.25252525252525254,0.6499999999999986,0.0,0.0,0.0,0.55,0.0,0.007989892365636818,0.0,0.0,0.0,0.0,0.0036354330375410375,0.004724420882111762,0.0,0.00015382442884398628,0.0010839841919575665,0.03312156029362849,0,3
4275,0.8000000000000114,0.0,0.0,0.03861003861003861,0.0,0.6000000000000001,0.029411764705882346,0.0,0.0,0.0,0.0,0.0,0.0,0.0,0.0,0.0,0.009770786935533304,0.0,0.0009672943415690405,9.89901386388269e-06,0.1334372772243583,0.030674060990289236,0.0,0.6543403644840845,0.4942347096455009,0.3933962264150943,0.2283088235294118,0.39682423622028057,0.12074691396704057,0.020202020202020204,0.9499999999999957,0.0,1.0,0.0,0.6,0.0,0.0,0.00013397954014471606,0.0005841013672982345,0.0,1.0371835731805287e-05,0.004517998322071342,0.0,0.0,0.003424275556778943,0.001253219117714999,0.03317116452724268,0,2
3095,0.8000000000000114,0.0,0.0,0.02316602316602317,0.0,0.4,1.0,0.0,0.0,0.0,0.0,1.0,0.0,0.0,0.0,0.0,0.009770786935533304,0.0,0.0008043294090493882,9.89901386388269e-06,0.014972692134727478,0.01879203610238205,0.0,0.653992812472186,0.4938680774850389,0.20339622641509433,0.2450980392156863,0.39068840712170516,0.13409361488815089,0.030303030303030304,0.6499999999999986,0.0,1.0,0.0,0.25000000000000006,0.0,0.0,0.0,0.0,0.0,0.0,0.0036354330375410375,0.0,0.0,0.006434225410987255,0.0010825576210823542,0.03312156029362849,0,1
9907,0.4000000000000341,0.0,0.0,0.02316602316602317,0.0,0.6000000000000001,0.0,0.0,0.0,0.0,0.0,0.0,0.0,0.0,0.0,0.0,0.009770786935533304,0.0,0.0008043294090493882,9.89901386388269e-06,0.0019976603586967993,0.00045921591749071655,0.0,0.6539083668703131,0.4937684899980214,0.20339622641509433,0.2450980392156863,0.39068840712170516,0.13378031204962718,0.020202020202020204,0.8500000000000014,0.0,1.0,0.0,0.05,0.0,0.0,0.0,0.0,0.0,0.0,0.0036354330375410375,0.0,0.0,0.0030128406176307917,0.0010825576210823542,0.03312156029362849,1,2
12343,0.4000000000000341,0.0,0.0,0.03474903474903475,0.0,0.6000000000000001,0.029411764705882346,0.0,0.0,0.0,0.0,0.0,0.0,0.0,0.0,0.0,0.010808161292291146,0.0,0.0008043294090493882,9.89901386388269e-06,0.0,0.0,0.0,0.6538395813939836,0.4936886804206406,0.20339622641509433,0.24497549019607845,0.39068840712170516,0.13415627545585562,0.020202020202020204,0.9499999999999957,0.0,1.0,0.0,0.45,0.0,0.0,0.0,0.0,0.0,0.0,0.0036354330375410375,0.0,0.0,0.00407300891634233,0.0010825576210823542,0.03312156029362849,1,2
7641,0.20000000000004547,1.0,0.0,0.03861003861003861,0.537037037037037,0.6000000000000001,0.5,0.0,0.0,0.0,0.0,1.0,0.0,0.0,0.0,0.0,0.009770786935533304,0.0,0.0008043294090493882,9.89901386388269e-06,0.0,0.0,0.0,0.653897687132515,0.493800703485235,0.280188679245283,0.12830882352941178,0.39307693245104136,0.07437809386553043,0.020202020202020204,0.29999999999999716,0.0,1.0,0.0,0.45,0.00018594747478746743,0.0,0.0,0.0,0.0,0.0,0.00371109655701522,0.0,0.0,0.003520335881127715,0.0012508575431421105,0.03312156029362849,0,0
10274,0.0,0.0,1.0,0.03474903474903475,0.0,0.6000000000000001,0.2647058823529412,0.0,0.0,0.0,0.0,0.0,0.0,0.0,0.0,0.0,0.009843656422925355,0.0,0.0008043294090493882,9.89901386388269e-06,0.001618806204532079,0.012800955328662229,0.0,0.6541014768329335,0.49399451620840706,0.580377358490566,0.2450980392156863,0.39068840712170516,0.1342189360235604,0.020202020202020204,0.14999999999999858,0.0,1.0,0.0,0.45,0.0,0.0,0.0005919697966363978,0.002580769923833885,0.0,0.0,0.0036354330375410375,0.0,0.0036454312114989735,0.00022353531668697023,0.0010827111831591925,0.03313436810674768,1,4
7580,0.6000000000000227,0.0,0.0,0.10231660231660232,0.0,0.6000000000000001,0.029411764705882346,0.0,0.0,0.0,0.0,0.0,0.0,0.0,0.0,0.0,0.009770786935533304,0.0,0.0008043294090493882,9.89901386388269e-06,0.0,0.0,0.0,0.6541219139163342,0.4940193617440041,0.2788679245283019,0.08848039215686275,0.3931256778659258,0.05407606992919356,0.25252525252525254,0.6999999999999957,0.0,0.0,0.0,0.45,0.0,0.0,0.0,0.0,0.0,0.0,0.0036547592359246353,0.02276471265636432,0.0,0.0001753132896836584,0.0010999581177180816,0.03312156029362849,0,2
9161,0.8000000000000114,0.0,0.0,0.02316602316602317,0.0,0.4,0.5294117647058824,0.0,0.0,0.0,0.0,1.0,0.0,0.0,0.0,0.0,0.009770786935533304,0.0,0.0008043294090493882,9.89901386388269e-06,0.0015656654023734778,0.00853089548350425,0.0,0.6540494729970835,0.4939345905124659,0.20339622641509433,0.24473039215686276,0.39068840712170516,0.13403095432044615,0.020202020202020204,0.3999999999999986,0.0,1.0,0.0,0.75,0.0,0.0,0.0,0.0,0.0,0.0,0.0036354330375410375,0.0,0.0,0.003347887772889346,0.0010825576210823542,0.03312156029362849,1,1
6264,0.0,1.0,0.0,0.02316602316602317,0.0,0.2,0.5588235294117647,0.0,0.0,0.0,0.0,0.0,0.0,0.0,0.0,0.0,0.009770786935533304,0.0,0.0008043294090493882,9.89901386388269e-06,0.0031201242410264346,0.0008305110169023202,0.0,0.6541043228634505,0.49399872441469095,0.3920754716981132,0.20710784313725492,0.3967815839822567,0.11448085719656623,0.24242424242424243,0.5,0.0,0.0,0.0,0.55,0.0,0.0,0.0,0.0,0.0,0.0,0.00364080212402412,0.010898012242914739,0.0,0.00028715769395871375,0.001089438471068923,0.03312156029362849,0,3
5519,0.8000000000000114,0.0,0.0,0.06756756756756757,0.0,0.6000000000000001,0.0,0.0,0.0,0.0,0.0,0.0,0.0,0.0,0.0,0.0,0.009770786935533304,0.0,0.0008043294090493882,9.89901386388269e-06,0.0,0.0,9.85202197744696e-06,0.6541100169123989,0.4940023224097141,0.400377358490566,0.2084558823529412,0.397049683764121,0.09637195312989538,0.24242424242424243,0.6499999999999986,0.0,0.0,0.0,0.55,0.0,0.0009730847860043998,0.0,0.0,0.0,0.0,0.0036362564231162183,0.004627567512166722,0.0,2.2153992246614354e-05,0.0010857073785422043,0.03312156029362849,0,2
5058,0.0,1.0,0.0,0.06756756756756757,0.0,0.6000000000000001,0.5588235294117647,0.0,0.0,0.0,0.0,0.0,0.0,0.0,0.0,0.0,0.009927722708875788,0.0,0.0008043294090493882,9.89901386388269e-06,0.0,0.0009601485180397646,0.0,0.6540978247032025,0.4939912396223686,0.3920754716981132,0.1808823529411765,0.3967815839822567,0.10138479854627484,0.25252525252525254,0.0,0.0,0.0,0.0,0.55,0.0,0.0008795189411962845,0.0,0.0,0.0,0.0,0.0036354330375410375,0.006465001061602528,0.0,0.00043105631565294673,0.0010857484705246764,0.03312156029362849,0,3
1491,0.4000000000000341,0.0,0.0,0.10231660231660232,0.0,0.8,0.029411764705882346,0.0,0.0,0.0,0.0,0.0,0.0,0.0,0.0,0.0,0.009770786935533304,0.0,0.0008043294090493882,9.89901386388269e-06,0.0,0.0,0.0,0.6541028054222668,0.49399707505868135,0.580754716981132,0.2450980392156863,0.40287476084280827,0.1342189360235604,0.25252525252525254,0.6000000000000014,0.0,0.0,0.0,0.5,0.0,0.002302350563255873,0.0,0.0,0.0,0.0,0.0036354330375410375,0.019691201489224833,0.0,1.0232790876034343e-05,0.001096952206980951,0.03312156029362849,0,2
6761,0.6000000000000227,1.0,0.0,0.05791505791505792,0.7037037037037037,0.4,0.5,0.0,0.0,0.0,0.0,1.0,0.0,0.0,0.0,0.0,0.016040557693874864,0.0,0.0008043294090493882,4.118516095310701e-05,0.0,0.0018270577564152904,0.0,0.6543654658768704,0.4945531448207375,0.5033962264150943,0.236764705882353,0.39958444533811044,0.1290807694717714,0.030303030303030304,0.44999999999999574,0.0,1.0,0.0,0.35000000000000003,0.0005538098285236379,0.0,0.009468189940445137,0.04127781513565304,4.526425898894264e-05,0.0,0.004990990732564081,0.0,0.0,0.004729723852789024,0.0016282391723559182,0.03340517249931765,0,0
4857,0.0,0.0,0.0,0.02364864864864865,0.0,0.0,0.7941176470588235,0.2222222222222222,0.0,0.0,0.0,0.0,0.0,0.0,0.0,0.0,0.009770786935533304,0.0,0.0008043294090493882,9.89901386388269e-06,0.00023172281757594075,5.326771681352684e-05,1.9986773062414472e-05,0.654099942494479,0.4939929173151607,0.580754716981132,0.2450980392156863,0.4030575561486248,0.1342189360235604,0.24242424242424243,0.5,0.0,0.0,0.0,0.5,0.0,0.0058887609337997466,0.0,0.0,0.0,0.0,0.003635455025901653,0.012383251719823128,0.0,7.76157187947205e-05,0.0010907789420966634,0.033131808528293186,0,2
12187,0.6000000000000227,1.0,1.0,0.15830115830115832,0.0,0.2,0.32352941176470584,0.0,0.0,0.0,0.0,0.0,0.0,0.0,0.0,0.0,0.009770786935533304,0.0,0.0008043294090493882,9.89901386388269e-06,0.00027401855806952116,6.299052939883517e-05,0.0,0.6540793480345364,0.49396802092862524,0.580754716981132,0.2450980392156863,0.40287476084280827,0.12951939344570462,0.020202020202020204,0.7999999999999972,0.0,1.0,0.0,0.10000000000000002,0.0,0.0,0.0,0.0,0.0,0.0,0.0036354330375410375,0.0,0.0,0.00037247358788765014,0.0010844457704144801,0.03312156029362849,1,4
3364,0.0,0.0,1.0,0.03861003861003861,0.0,0.6000000000000001,0.2941176470588235,0.0,0.0,0.0,0.0,0.0,0.0,0.0,0.0,0.0,0.009887194511943365,0.0,0.000876813715877268,9.89901386388269e-06,0.0062709761567704275,0.001975642276949746,0.0,0.6541286622224542,0.4940237527807612,0.4162264150943396,0.18602941176470592,0.3975615106204073,0.10019424775988472,0.020202020202020204,0.10000000000000142,0.0,1.0,0.0,0.35000000000000003,2.0298756831490602e-06,0.0,0.0,0.0,1.2364718050229836e-06,0.0,0.0036496685377929135,0.0,0.0,0.0001669991470968805,0.0010992337785867587,0.033144616341412365,0,4
4983,0.8000000000000114,0.0,0.0,0.05791505791505792,0.0,0.4,0.0,0.0,0.0,0.0,0.0,0.0,0.0,0.0,0.0,0.0,0.014924625153683209,0.0,0.0010226556344345684,3.451496653971367e-05,0.0,0.0,0.0,0.6531124278859022,0.4954346070203885,0.580754716981132,0.2450980392156863,0.3923030989897513,0.1280155398207908,0.020202020202020204,0.3999999999999986,0.0,1.0,0.0,0.10000000000000002,0.004042494028550412,0.0,0.0017604851087638649,0.007675065596033912,0.0055156189944544865,0.0,0.0043595403792456005,0.0,0.0,0.011574412087791206,0.0014903456815772175,0.03339316827478301,0,2
9771,1.0,0.0,0.0,0.10231660231660232,0.0,0.6000000000000001,0.0,0.0,0.0,0.0,0.0,0.0,0.0,0.0,0.0,0.0,0.009770786935533304,0.0,0.0008043294090493882,9.89901386388269e-06,0.031006754304404974,0.00905152301211072,0.0,0.6539937507676952,0.4938691465192706,0.20339622641509433,0.24031862745098043,0.39068840712170516,0.1316498527476659,0.020202020202020204,0.5499999999999972,0.0,1.0,0.0,0.0,3.741352805964706e-05,0.0,0.0,0.0,0.0,8.817867312057457e-05,0.0036846021530710584,0.0,0.0,0.0022536186985834235,0.0010825576210823542,0.03312156029362849,1,2
1859,0.4000000000000341,0.0,0.0,0.03474903474903475,0.0,0.6000000000000001,0.47058823529411764,0.0,0.0,0.0,0.0,0.0,0.0,0.0,0.0,0.0,0.010881301669970901,0.0,0.0008043294090493882,0.00011328196642594586,0.0011098113103871108,0.0002551199541615092,2.9947537004292413e-05,0.6540692322017371,0.4940562282861689,0.580754716981132,0.2442401960784314,0.3951729852910711,0.08866470330221193,0.020202020202020204,0.3999999999999986,1.0,1.0,0.0,0.2,8.592687799872126e-05,0.0,0.0012644886170317332,0.005512264370695604,0.0,1.0697084935938555e-05,0.0036849127386647485,0.0,0.0,0.0003880530119964124,0.0011217416765372918,0.03312156029362849,0,2
4887,0.6000000000000227,0.0,0.0,0.03474903474903475,0.0,0.6000000000000001,0.5588235294117647,0.0,0.0,0.0,0.0,0.0,0.0,0.0,0.0,0.0,0.013289004645994177,3.2736132434154706e-07,0.0008043294090493882,1.1265442157976926e-05,0.01563713291273774,0.003581900776620043,0.0,0.653897306778262,0.4941706828796041,0.580754716981132,0.24350490196078436,0.3946489720810637,0.1246945297324394,0.020202020202020204,0.29999999999999716,1.0,1.0,0.0,0.2,0.0,0.0,0.004475864276407151,0.01951311700926036,0.0,0.000472334122002422,0.00404472320408498,0.0,0.0,0.0012330257185849483,0.0011741027262654365,0.03323837826378992,0,2
7990,0.0,0.0,0.0,0.13706563706563707,0.0,0.2,0.8235294117647058,1.0,0.0,0.0,0.0,0.0,0.0,0.0,0.0,0.0,0.009789297771859662,0.0,0.0008043294090493882,9.89901386388269e-06,0.0,0.000302487502654037,0.0,0.654114523513923,0.4940108040356991,0.3920754716981132,0.17316176470588238,0.3967815839822567,0.09743718278087601,0.24242424242424243,0.44999999999999574,0.0,1.0,0.0,0.55,0.0,0.0,0.0,0.0,0.0,0.0,0.0036354330375410375,0.0,0.0,9.790222670645859e-05,0.0010890285921749993,0.03312156029362849,0,2
3390,1.0,0.0,0.0,0.015444015444015444,0.0,0.0,0.4411764705882353,0.0,0.0,0.0,0.0,0.0,0.0,0.0,0.0,0.0,0.009770786935533304,0.0,0.0008043294090493882,9.89901386388269e-06,0.00058888684841062,0.0001353714675339083,0.0,0.6539793311006216,0.49385241190243584,0.580754716981132,0.2450980392156863,0.40287476084280827,0.1342189360235604,0.25252525252525254,0.3999999999999986,0.0,0.0,0.0,0.75,0.0,0.0,0.0,0.0,0.0,0.0,0.0036354330375410375,0.006224257876499904,0.0,0.00038206682933393234,0.001086983064019774,0.03312156029362849,0,2
3491,0.0,0.0,0.0,0.06756756756756757,0.0,0.6000000000000001,0.5588235294117647,0.0,0.0,0.0,0.0,0.0,0.0,0.0,0.0,0.0,0.009770786935533304,0.0,0.0008043294090493882,9.89901386388269e-06,5.82018309356107e-05,5.3018413926724066e-05,0.0,0.6541050626988574,0.49399968941799527,0.42698113207547167,0.22512254901960788,0.39790882170145875,0.12362930008145875,0.25252525252525254,0.6999999999999957,0.0,0.0,0.0,0.55,0.0,0.0006166935344319155,0.0,0.0,0.0,0.0,0.0036354330375410375,0.003338120134788379,0.0,3.2028635441987493e-05,0.0010839675370647912,0.03312156029362849,0,2
10277,0.0,0.0,1.0,0.08687258687258688,0.0,0.6000000000000001,0.23529411764705882,0.0,0.0,0.0,0.0,0.0,0.0,0.0,0.0,0.0,0.015132006718380124,0.009165560567311937,0.001214954254807758,9.89901386388269e-06,0.044802757248477716,0.010299117758634086,1.0874196443098189e-07,0.651423271666315,0.4941480348032611,0.580754716981132,0.2450980392156863,0.40112601908383,0.13334168807569396,0.030303030303030304,0.14999999999999858,0.0,1.0,0.0,0.2,0.00082255450676156,0.0,0.0,0.0,0.0,0.0025778167755588955,0.0038573097315233577,0.0,0.0,0.010229439637022443,0.0046853800126861475,0.03315998869340941,1,4
2347,0.6000000000000227,1.0,1.0,0.03861003861003861,0.0,0.6000000000000001,0.23529411764705882,0.0,0.0,0.0,0.0,0.0,0.0,0.0,0.0,0.0,0.009770786935533304,0.0,0.0008043294090493882,9.89901386388269e-06,0.000380661664442224,0.0010619471968175654,0.0,0.6541217005468752,0.49401921268476484,0.3924528301886792,0.23504901960784316,0.39679377033597785,0.1290807694717714,0.24242424242424243,0.9499999999999957,0.0,0.0,0.0,0.55,0.0,0.0004989477522014781,0.0,0.0,0.0,0.0,0.0036397486459610723,0.020066334517791863,0.0,0.0007151697543260403,0.0010985017068266471,0.03312156029362849,0,4
0,0.6000000000000227,1.0,0.0,0.08687258687258688,0.8888888888888888,0.6000000000000001,0.5,0.0,0.0,0.0,0.0,1.0,0.0,0.0,0.0,0.0,0.010488977286075118,0.0,0.003588768519229667,9.89901386388269e-06,0.14475373756975182,0.035351980358256554,0.0,0.6533514020113214,0.49605763854028984,0.580754716981132,0.24301470588235294,0.39293069620638815,0.05019111473149947,0.030303030303030304,0.5,1.0,1.0,0.0,0.25000000000000006,0.0,0.0,0.0010815143014842091,0.004715003362208774,0.0,0.002532570997383912,0.005010352662033679,0.0,0.0,0.011940259943586624,0.0024838995061005776,0.03323503989886768,0,0
3255,0.0,1.0,0.0,0.10231660231660232,0.0,0.6000000000000001,0.5588235294117647,0.0,0.0,0.0,0.0,0.0,0.0,0.0,0.0,0.0,0.010675665842683625,0.0,0.0008043294090493882,9.89901386388269e-06,0.0,0.0,0.0006275498767311965,0.6540806186430383,0.49417376110816524,0.580754716981132,0.24473039215686276,0.39753104473610457,0.13014599912275207,0.24242424242424243,0.5,0.0,1.0,0.0,0.25000000000000006,0.0,0.0,0.0,0.0,0.0,0.0,0.0036354330375410375,0.0,0.0,0.0010852642183350125,0.0011513382140890182,0.033123608948476754,0,3
8593,0.20000000000004547,1.0,0.0,0.10231660231660232,0.4444444444444444,0.6000000000000001,0.5,0.0,0.0,0.0,0.0,1.0,0.0,0.0,0.0,0.0,0.010179078796943124,0.0,0.0007883448104051161,9.89901386388269e-06,0.0035307905760752155,0.0008116470984675767,0.0,0.6540051093781976,0.4941258249766085,0.580754716981132,0.24264705882352944,0.39366797060651487,0.11303966413935712,0.25252525252525254,0.44999999999999574,0.0,1.0,0.0,0.25000000000000006,0.0,0.0,0.0,0.0,0.0,0.0,0.0036354330375410375,0.0,0.0005476899383983574,0.00022476325159209436,0.0011327818381538096,0.03312847512379431,0,0
1288,0.6000000000000227,1.0,0.0,0.06756756756756757,0.2962962962962963,0.6000000000000001,0.5,0.0,0.0,0.0,0.0,1.0,0.0,0.0,0.0,0.0,0.009770786935533304,0.0,0.0008043294090493882,9.89901386388269e-06,5.82018309356107e-05,0.0006543369768950239,0.0,0.6540888303853393,0.4939804995936385,0.5662264150943396,0.2394607843137255,0.4024055862245458,0.13083526536750426,0.24242424242424243,1.0,0.0,0.0,0.0,0.5,0.0,0.008415249003944273,0.0,0.0,0.0,0.0,0.0036354330375410375,0.013258253177643987,0.0,0.0004250957149676567,0.0010877923133633708,0.03312156029362849,0,0
3838,0.0,0.0,0.0,0.03581081081081081,0.0,0.0,0.7941176470588235,0.2222222222222222,0.0,0.0,0.0,0.0,0.0,0.0,0.0,0.0,0.009770786935533304,0.0,0.0008043294090493882,9.89901386388269e-06,0.0027730822677457744,0.0008359125794497138,0.0,0.6541104221155796,0.4940059949343568,0.3922641509433962,0.1991421568627451,0.3967876771591173,0.11072122313428161,0.24242424242424243,0.5499999999999972,0.0,1.0,0.0,0.55,0.0,0.0,0.0,0.0,0.0,0.0,0.0036354330375410375,0.0,0.0,0.0001383984965983645,0.0010874200566825909,0.03312314762910414,0,2
1366,0.0,0.0,0.0,0.03581081081081081,0.0,0.0,0.7941176470588235,0.2222222222222222,0.0,0.0,0.0,0.0,0.0,0.0,0.0,0.0,0.009770786935533304,0.0,0.0008043294090493882,9.89901386388269e-06,0.0,0.0,0.0,0.6541033653514373,0.4939977310746042,0.20339622641509433,0.2450980392156863,0.39068840712170516,0.1342189360235604,0.24242424242424243,0.6000000000000014,0.0,1.0,0.0,0.5,0.0,0.0,0.0,0.0,0.0,0.0,0.0036354330375410375,0.0,0.0,1.5860825857853234e-06,0.0010825576210823542,0.03312156029362849,0,2
1942,0.4000000000000341,1.0,0.0,0.06756756756756757,0.2962962962962963,0.4,0.5,0.0,0.0,0.0,0.0,1.0,0.0,0.0,0.0,0.0,0.009770786935533304,0.0,0.0008043294090493882,9.89901386388269e-06,0.0,0.0,2.4967155033353444e-05,0.654103482969695,0.49399783627005694,0.4132075471698113,0.13884803921568628,0.3974640197906385,0.07982956325584312,0.24242424242424243,0.8500000000000014,0.0,0.0,0.0,0.5,0.0,0.0038477639550303627,0.0,0.0,0.0,0.0,0.0036354585597453233,0.015843404011320568,0.0,3.867994951140982e-05,0.0010922931989996118,0.03312156029362849,0,0
9035,0.20000000000004547,0.0,1.0,0.08687258687258688,0.0,0.6000000000000001,0.2647058823529412,0.0,0.0,0.0,0.0,0.0,0.0,0.0,0.0,0.0,0.011450923747168162,0.0,0.0008043294090493882,9.89901386388269e-06,0.16863058683351673,0.0985844166582527,0.0,0.6533221299745136,0.4944239411261157,0.580754716981132,0.2450980392156863,0.4002486016159105,0.11711260104016544,0.030303030303030304,0.3999999999999986,1.0,1.0,0.0,0.45,0.0,0.0,0.005726642421309703,0.020236101771642298,0.0,0.002542292334707451,0.004086692309461404,0.0,0.0,0.014878963991320547,0.0034807532299594305,0.03312156029362849,1,4
8804,0.8000000000000114,0.0,0.0,0.05791505791505792,0.0,0.6000000000000001,0.5588235294117647,0.0,0.0,0.0,0.0,0.0,0.0,0.0,0.0,0.0,0.009770786935533304,0.0,0.0008043294090493882,9.89901386388269e-06,0.005963337907539342,0.0013161530403941312,0.0,0.6540561315157447,0.49398414805142493,0.580754716981132,0.2450980392156863,0.4026371269452468,0.1335296697788082,0.020202020202020204,0.9499999999999957,1.0,1.0,0.0,0.45,0.00018666709626711224,0.0,0.0,0.0,7.633256953287457e-05,0.0,0.0036458641587571823,0.0,0.0,0.0007271932836053806,0.0015498985717600023,0.03312156029362849,0,2
7259,0.6000000000000227,0.0,0.0,0.05791505791505792,0.0,0.4,0.38235294117647056,0.0,0.0,0.0,0.0,0.0,0.0,0.0,0.0,0.0,0.009770786935533304,0.0,0.0008043294090493882,9.89901386388269e-06,0.017304380392706913,0.003977793760862854,0.0,0.6542885210066477,0.4941876733038313,0.3956603773584906,0.22279411764705884,0.39689126116574663,0.11817783069114608,0.020202020202020204,0.6000000000000014,0.0,1.0,0.0,0.55,0.00034839184049445976,0.0,0.0,0.0,0.0,0.0008587663153132023,0.003892537833774028,0.0,0.0,0.0019051921692544542,0.0012027472582497787,0.03312156029362849,0,2
10952,0.20000000000004547,0.0,0.0,0.03474903474903475,0.0,0.6000000000000001,0.029411764705882346,0.0,0.0,0.0,0.0,0.0,0.0,0.0,0.0,0.0,0.009770786935533304,0.0,0.0008043294090493882,9.89901386388269e-06,0.0008780884928111701,0.0009169360176606165,0.0,0.6540231265073612,0.4939037228283319,0.20339622641509433,0.24485294117647063,0.39068840712170516,0.13409361488815089,0.020202020202020204,0.3999999999999986,0.0,1.0,0.0,0.75,0.0,0.0,2.207789261978391e-05,9.625146684598447e-05,0.0,1.951495224799601e-06,0.0036354330375410375,0.0,0.0006161447638603696,0.00013977992336662915,0.0010825576210823542,0.03312156029362849,1,2
7413,0.20000000000004547,1.0,0.0,0.20463320463320464,0.6666666666666666,0.6000000000000001,0.5,0.0,0.0,0.0,0.0,1.0,0.0,0.0,0.0,0.0,0.009770786935533304,0.000163429685155445,0.0008043294090493882,9.89901386388269e-06,0.06552224755949962,0.014950112414826707,0.0,0.6544453985821574,0.49399474173814145,0.2816981132075472,0.19583333333333336,0.39194360155497876,0.04285982831004449,0.030303030303030304,0.75,1.0,1.0,0.0,0.05,0.0,0.0,0.0015358753153534605,0.006695849759810838,0.0,0.004949425555697299,0.004056964045909618,0.0,0.0,0.0027305946632925748,0.0014155995141646237,0.03312156029362849,0,0
10337,0.20000000000004547,0.0,0.0,0.10231660231660232,0.0,0.6000000000000001,0.029411764705882346,0.0,0.0,0.0,0.0,0.0,0.0,0.0,0.0,0.0,0.009770786935533304,0.0,0.0008043294090493882,0.014587026907098666,0.0,0.0,0.0,0.6540955266743707,0.4939979795066697,0.580754716981132,0.2450980392156863,0.39859125750984054,0.09085782317187795,0.020202020202020204,0.14999999999999858,0.0,1.0,0.0,0.25000000000000006,3.912432629427436e-05,0.0,0.0,0.0,6.028973915124725e-05,0.0,0.0036386555103190585,0.0,0.0,6.331539354546251e-05,0.0013118376485858397,0.03312156029362849,1,2
9897,0.8000000000000114,0.0,0.0,0.10424710424710425,0.0,0.6000000000000001,0.5588235294117647,0.0,0.036,0.03939113559391766,0.0,0.0,0.0,0.0,0.0,0.0,0.009770786935533304,0.0,0.0008043294090493882,9.89901386388269e-06,0.00011206563720521315,0.0037669666195899714,0.0,0.6539882124386938,0.49386267641666565,0.20339622641509433,0.2421568627450981,0.39068840712170516,0.13258976126323704,0.020202020202020204,0.7999999999999972,0.0,1.0,0.0,0.9,0.0,0.0,0.0,0.0,0.0,0.0,0.003650141287546141,0.0,0.0023100616016427105,0.000608109179785531,0.0010825576210823542,0.03312156029362849,1,2
2692,0.6000000000000227,0.0,0.0,0.0694980694980695,0.0,0.0,0.4411764705882353,0.0,0.0,0.0,0.0,0.0,0.0,0.0,0.0,0.0,0.010768280222157124,3.904329394980185e-05,0.0008043294090493882,9.959744010286877e-06,0.08424516201799123,0.019366014448764308,0.0,0.6536226906762537,0.4946795769451289,0.579622641509434,0.24411764705882358,0.3918887629632338,0.044426342502663085,0.030303030303030304,0.5,1.0,1.0,0.0,0.25000000000000006,0.0008763496068059518,0.0,0.0,0.0,0.0,0.001846006066259045,0.004063767872922844,0.0,0.0,0.0020738029809143103,0.001613338396680474,0.0331257766534857,0,2
4016,0.6000000000000227,1.0,0.0,0.03861003861003861,0.537037037037037,0.6000000000000001,0.5,0.0,0.0,0.0,0.0,1.0,0.0,0.0,0.0,0.0,0.009770786935533304,0.0,0.0008043294090493882,9.89901386388269e-06,0.006615126113607082,0.0014111374402659895,0.0,0.6541494027940917,0.49401666431521835,0.2830188679245283,0.15980392156862747,0.392796646315456,0.05482799674165048,0.24242424242424243,0.0,0.0,0.0,0.0,0.5,0.0,0.006309491844948148,0.0,0.0,0.0,0.0,0.003652186205083357,0.029595655717009593,0.0,0.00033934492742648895,0.0011048170339808569,0.03312156029362849,0,0
4944,0.4000000000000341,0.0,0.0,0.10231660231660232,0.0,0.6000000000000001,0.029411764705882346,0.0,0.0,0.0,0.0,0.0,0.0,0.0,0.0,0.0,0.009770786935533304,0.0,0.0008043294090493882,9.89901386388269e-06,5.9647839157613446e-05,1.3711658774152775e-05,0.0,0.6540472723760481,0.4939319082225091,0.39452830188679244,0.2136029411764706,0.3968607952814439,0.11805250955573661,0.25252525252525254,0.5,0.0,0.0,0.0,0.55,0.0,0.0,0.0,0.0,0.0,0.0,0.0036427178599427214,0.015812587029974418,0.0,0.0011321815645016298,0.0010935448439325507,0.03312156029362849,0,2
10626,0.6000000000000227,1.0,1.0,0.03861003861003861,0.0,0.6000000000000001,0.23529411764705882,0.0,0.0,0.0,0.0,0.0,0.0,0.0,0.0,0.0,0.009770786935533304,0.0,0.0008043294090493882,9.89901386388269e-06,0.005065728303731135,0.010026546602396382,0.0,0.6533826334689066,0.49357535075865183,0.580754716981132,0.2450980392156863,0.3943930586529205,0.1342189360235604,0.020202020202020204,0.10000000000000142,0.0,1.0,0.0,0.6,8.388342455180532e-05,0.0,0.0,0.0,5.498386646893344e-05,0.0,0.0036354330375410375,0.0,0.007700205338809035,0.006185005789201438,0.0011646748673194548,0.03312156029362849,1,4
3583,0.8000000000000114,0.0,0.0,0.06756756756756757,0.0,0.4,0.029411764705882346,0.0,0.0,0.0,0.0,0.0,0.0,0.0,0.0,0.0,0.009770786935533304,0.0,0.0008043294090493882,9.89901386388269e-06,0.007230041110013751,0.001754095111544344,0.0,0.65360353281565,0.4934121110947112,0.33679245283018866,0.10134803921568629,0.3949962831621151,0.06071809010589636,0.020202020202020204,0.6999999999999957,0.0,1.0,0.0,0.35000000000000003,3.569594094313632e-05,0.0,0.001662193121073046,0.00045752409582954266,0.0,0.0005585974386986562,0.0036354330375410375,0.0,0.0,0.0032842653956176027,0.001093516639664726,0.03312156029362849,0,2
3189,0.0,0.0,0.0,0.02316602316602317,0.0,0.6000000000000001,0.47058823529411764,0.0,0.0,0.0,0.0,0.0,0.0,0.0,0.0,0.0,0.009770786935533304,0.0,0.0008043294090493882,9.89901386388269e-06,0.0007949430200460119,0.0019732323490439857,0.0,0.654092323150614,0.4939836698196989,0.20339622641509433,0.2450980392156863,0.39068840712170516,0.12425590575850619,0.24242424242424243,0.5,0.0,1.0,0.0,0.10000000000000002,0.0,0.0,0.0,0.0,0.0,0.0,0.0036354330375410375,0.0,9.229979466119097e-05,0.0006312864511197488,0.0010825576210823542,0.03312156029362849,0,2
10433,0.0,0.0,0.0,0.10231660231660232,0.0,1.0,0.5588235294117647,0.0,0.0,0.0,0.0,0.0,0.0,0.0,0.0,0.0,0.009941658509232053,0.0,0.0008043294090493882,1.179177009347989e-05,0.0028681573083424554,0.0007407619776533202,0.0,0.6540771258777636,0.4939661666161616,0.580754716981132,0.24362745098039218,0.4028686676659477,0.13277774296635128,0.020202020202020204,0.14999999999999858,0.0,1.0,0.0,0.2,6.578426545054981e-06,0.0,0.0,0.0,6.0915800824676614e-05,0.0,0.0036712999801974395,0.0,0.0,0.0004191351142823667,0.0011022008774755469,0.03312156029362849,1,2
10524,0.4000000000000341,0.0,1.0,0.10231660231660232,0.0,0.4,0.23529411764705882,0.0,0.0,0.0,0.0,0.0,0.0,0.0,0.0,0.0,0.009770786935533304,0.0,0.0008043294090493882,9.89901386388269e-06,0.0023750685046395174,6.182711592708888e-05,0.0,0.6538416567764235,0.49402583766923563,0.580754716981132,0.2450980392156863,0.39205327873846874,0.09486809950498154,0.020202020202020204,0.04999999999999716,0.0,1.0,0.0,0.4,7.283791372744571e-05,0.0,0.00043450099174095275,0.0018938245234673384,2.9033610105286514e-05,0.0,0.0036354330375410375,0.0,0.0007700205338809035,0.00024272179957953463,0.0011567309791469997,0.03312156029362849,1,4
1875,0.6000000000000227,1.0,0.0,0.20463320463320464,0.6666666666666666,0.6000000000000001,0.5,0.0,0.0,0.0,0.0,1.0,0.0,0.0,0.0,0.0,0.009816853333903206,0.0,0.0008043294090493882,9.89901386388269e-06,0.026002481350108957,0.0059773691149456664,0.0009341152228550207,0.6540114200118713,0.49495111047545626,0.580754716981132,0.2283088235294118,0.393204889165113,0.052760198007393955,0.020202020202020204,0.44999999999999574,1.0,1.0,0.0,0.25000000000000006,0.0002995390464612135,0.0,0.005033759517310731,0.0,0.0,0.0018177093854994508,0.004164626519818406,0.0,0.0,0.0015937060149879688,0.001448158689473145,0.03312156029362849,0,0
5398,0.4000000000000341,0.0,0.0,0.0694980694980695,0.0,0.0,0.4411764705882353,0.4444444444444444,0.0,0.0,0.0,0.0,0.0,0.0,0.0,0.0,0.009770786935533304,0.0,0.0008043294090493882,9.89901386388269e-06,0.042836547568609475,0.01312812381710974,0.0,0.6537448542997936,0.49473320217098476,0.580566037735849,0.24301470588235294,0.39495363092409125,0.10013158719217997,0.020202020202020204,0.3999999999999986,0.0,1.0,0.0,0.6,0.0027740253930387524,0.0,0.0,0.0,0.0,0.0032223884205501117,0.0038077087017669665,0.0,0.0,0.006411227213493367,0.0014340886757111323,0.03409532116201528,0,2
6590,0.6000000000000227,1.0,0.0,0.10231660231660232,0.4444444444444444,0.6000000000000001,0.5,0.0,0.0,0.0,0.0,1.0,0.0,0.0,0.0,0.0,0.010075222470529959,0.0,0.0008168051933571127,1.3198685151843585e-05,0.0,0.0,0.0,0.6542724951048888,0.4941934575010305,0.3867924528301887,0.24473039215686276,0.3966109750301613,0.1332163669402845,0.24242424242424243,0.3500000000000014,0.0,1.0,1.0,0.35000000000000003,0.0009739194172347755,0.0,0.0,0.0,0.0,0.0,0.0037224668953490725,0.0,0.0,0.0013540796346484347,0.0011647355387145646,0.03312652071698991,0,0
3970,1.0,0.0,0.0,0.10231660231660232,0.0,0.6000000000000001,0.5294117647058824,0.0,0.0,0.0,0.0,1.0,0.0,0.0,0.0,0.0,0.00990128080690391,0.0,0.0008043294090493882,9.89901386388269e-06,0.00011206563720521315,0.0003258388730512305,0.0,0.6540040153627416,0.4938708572069464,0.5224528301886793,0.24497549019607845,0.4009919691928978,0.1307726047997995,0.020202020202020204,0.8999999999999986,0.0,1.0,0.0,0.35000000000000003,7.008841656465183e-05,0.0,0.0,0.0,0.00019819547426589928,0.0,0.003727786900670067,0.0,0.0,0.002148937247921592,0.001120853762566212,0.03312156029362849,0,1
551,0.6000000000000227,1.0,0.0,0.13706563706563707,0.4444444444444444,0.6000000000000001,0.5,0.0,0.0,0.0,0.0,1.0,0.0,0.0,0.000169027491431863,0.0,0.009800494570418043,0.0,0.0008043294090493882,9.89901386388269e-06,0.012291069887023378,0.006006869956550661,0.0,0.6541646557285402,0.49406264753783546,0.4390566037735849,0.24497549019607845,0.39842064855774506,0.13334168807569396,0.020202020202020204,0.0,0.0,1.0,0.0,0.35000000000000003,3.048207965665311e-05,0.0,0.0008696068572523106,0.0037911650822532515,8.051153120301555e-05,0.0,0.0036627747786674787,0.0,0.0,0.0016448955513453307,0.0011293389347538621,0.03318852600900765,0,0
5295,0.20000000000004547,0.0,1.0,0.10424710424710425,0.0,0.6000000000000001,0.32352941176470584,0.0,0.0,0.0,0.0,0.0,0.0,0.0,0.0,0.0,0.009770786935533304,0.0,0.001455206671113764,9.89901386388269e-06,0.1867002670777186,0.06003537607963731,0.0,0.6532475570172677,0.4939774986119227,0.5773584905660377,0.2450980392156863,0.40111383273010887,0.12638636506046746,0.030303030303030304,0.44999999999999574,0.0,1.0,0.0,0.4,0.0012900504910191204,0.0,0.0,0.0,0.0,0.0029289052220205273,0.004089940304443711,0.0,0.0,0.019769982210293063,0.003060702608113734,0.03334596488607574,0,4
4802,0.4000000000000341,0.0,0.0,0.03474903474903475,0.0,0.6000000000000001,0.47058823529411764,0.0,0.0,0.0,0.0,0.0,0.0,0.0,0.0,0.0,0.009770786935533304,0.0,0.0008043294090493882,9.89901386388269e-06,0.0,0.0,0.0,0.6540385732634456,0.49392155559253104,0.580754716981132,0.2450980392156863,0.40287476084280827,0.13415627545585562,0.020202020202020204,0.7999999999999972,0.0,1.0,0.0,0.45,0.0003482832183843247,0.0,0.0,0.0,3.2789980145862666e-05,0.0,0.003661021599557711,0.0,0.0,0.0010003064720867372,0.0012087388559256698,0.03312156029362849,0,2
650,0.6000000000000227,1.0,1.0,0.06756756756756757,0.0,0.6000000000000001,0.23529411764705882,0.0,0.0,0.0,0.0,0.0,0.0,0.0,0.0,0.0,0.009770786935533304,0.0,0.0008043294090493882,9.89901386388269e-06,0.0,0.0,4.56498766681262e-05,0.654102111640206,0.4939959780758423,0.580754716981132,0.2450980392156863,0.40287476084280827,0.13340434864339873,0.24242424242424243,1.0,0.0,0.0,1.0,0.25000000000000006,0.0,0.0,0.0,0.0,0.0,0.0,0.003656442916108887,0.023549039587617816,0.0,7.436680769157959e-05,0.0010889925561421196,0.03312156029362849,0,4
2176,0.8000000000000114,0.0,0.0,0.03861003861003861,0.0,0.4,0.029411764705882346,0.0,0.0,0.0,0.0,0.0,0.0,0.0,0.0,0.0,0.009770786935533304,0.0,0.0008043294090493882,9.89901386388269e-06,0.0022590263448237966,0.0005255304853802555,0.0,0.6541012856618499,0.4939958193122254,0.2932075471698113,0.15073529411764708,0.39358266613046716,0.08584497775549847,0.24242424242424243,0.6999999999999957,0.0,1.0,0.0,0.05,0.0,0.0,0.0,0.0,0.0,0.0,0.0036354330375410375,0.0,0.0,0.0005651058761289966,0.0011099705832277275,0.03312156029362849,0,2
4004,0.6000000000000227,1.0,0.0,0.015444015444015444,0.35185185185185186,0.4,0.5,0.0,0.0,0.0,0.0,1.0,0.0,0.0,0.0,0.0,0.009906337425607696,0.0,0.0008043294090493882,9.89901386388269e-06,0.0,0.0,0.0,0.6540533881941288,0.49393831427622215,0.2788679245283019,0.2422794117647059,0.3931256778659258,0.13114856820602797,0.020202020202020204,0.44999999999999574,0.0,1.0,0.0,0.5,0.0,0.0,0.0,0.0,0.0,0.0,0.0036354330375410375,0.0,0.0,0.0008496542084143216,0.0010836484669909988,0.03312156029362849,0,0
12302,0.8000000000000114,0.0,0.0,0.02316602316602317,0.0,0.6000000000000001,0.0,0.0,0.0,0.0,0.0,0.0,0.0,0.0,0.0,0.0,0.009770786935533304,0.0,0.0008043294090493882,9.89901386388269e-06,0.00024690590390696963,5.675795722876573e-05,0.0,0.6539654998561555,0.4938361613399536,0.20339622641509433,0.2450980392156863,0.39068840712170516,0.13415627545585562,0.020202020202020204,0.9499999999999957,0.0,1.0,0.0,0.05,0.0,0.0,0.0,0.0,0.0,0.0,0.0036354330375410375,0.0,0.0018326488706365504,0.00030401621692698034,0.0010825576210823542,0.03312156029362849,1,2
4437,0.20000000000004547,0.0,1.0,0.02316602316602317,0.0,0.6000000000000001,0.32352941176470584,0.0,0.0,0.0,0.0,0.0,0.0,0.0,0.0,0.0,0.009770786935533304,0.0,0.0008043294090493882,9.89901386388269e-06,0.0,0.0,0.0,0.6540567060229527,0.49394306476312394,0.2811320754716981,0.2248774509803922,0.3931987959882524,0.12387994235227774,0.23232323232323235,0.7999999999999972,0.0,0.0,0.0,0.0,0.0,0.0,0.0,0.0,0.0,0.0,0.0036354330375410375,0.0,0.0004224845995893224,0.0,0.001084722955415668,0.03312156029362849,0,4
8934,0.0,1.0,0.0,0.15830115830115832,0.4444444444444444,0.2,0.5,0.0,0.0,0.0,0.0,1.0,0.0,0.0,0.0,0.0,0.009851241350981033,0.0,0.0008119396374771002,9.89901386388269e-06,0.018398285612651992,0.004229340373646856,0.0,0.6536531594374186,0.49430800719736573,0.5533962264150943,0.2450980392156863,0.39471599702652976,0.13384297261733194,0.020202020202020204,0.3999999999999986,0.0,1.0,0.0,0.35000000000000003,0.0014350949524588518,0.0,0.0017832686874491212,0.00777439359378365,0.0,0.002138152129171637,0.003743202312058528,0.0,0.0,0.00308372827642452,0.0012602808418198325,0.03312156029362849,0,0
3737,0.6000000000000227,1.0,0.0,0.03861003861003861,0.537037037037037,0.6000000000000001,0.5,0.0,0.0,0.0,0.0,1.0,0.0,0.0,0.0,0.0,0.009779891859092203,0.0,0.0008043294090493882,9.89901386388269e-06,0.0,0.0002696626225583379,1.5028139484361697e-05,0.6541263257606142,0.49402311656176856,0.3920754716981132,0.17316176470588238,0.3967815839822567,0.09587066858825743,0.24242424242424243,0.25,0.0,1.0,1.0,0.55,0.0,0.0,0.0,0.0,0.0,0.0,0.0036354330375410375,0.0,0.0,0.00015011504215142383,0.0010979782673394254,0.03312156029362849,0,0
5571,0.0,0.0,0.0,0.03861003861003861,0.0,0.8,0.5588235294117647,0.0,0.0,0.0,0.0,0.0,0.0,0.0,0.0,0.0,0.009770786935533304,0.0,0.0008043294090493882,9.89901386388269e-06,0.01547337248159593,0.0027913613225684347,6.263537151224557e-06,0.6541208752311573,0.4940117690390034,0.2862264150943396,0.14325980392156865,0.39336940494034783,0.0818347014223949,0.020202020202020204,0.3999999999999986,0.0,1.0,0.0,0.35000000000000003,0.0007579447178768456,0.0,0.0,0.0,0.0015661715337927198,0.0,0.0037534665573235753,0.0,0.0,0.007212352411178097,0.0012805656585618045,0.03312668441096084,0,2
8114,0.6000000000000227,0.0,0.0,0.10231660231660232,0.0,0.6000000000000001,0.5294117647058824,0.0,0.0,0.0,0.0,1.0,0.0,0.0,0.0,0.0,0.010868103293175604,0.0,0.0008043294090493882,9.89901386388269e-06,0.0014460082220027503,0.0004966113505111332,0.0,0.6541549931401819,0.4940582184599184,0.3920754716981132,0.20171568627450984,0.3967815839822567,0.11203709505608123,0.24242424242424243,0.29999999999999716,0.0,1.0,1.0,0.55,0.0002883034469441175,0.0,0.0,0.0,0.0,0.0,0.0036746806906420306,0.0,0.0,0.00016344325226745856,0.0011078869371780257,0.03312156029362849,0,1
916,0.6000000000000227,0.0,0.0,0.03474903474903475,0.0,0.6000000000000001,0.5294117647058824,0.0,0.0,0.0,0.0,1.0,0.0,0.0,0.0,0.0,0.00988045235367165,0.0,0.0008043294090493882,1.0121691067364714e-05,0.0,0.0,0.0,0.6535671990449143,0.49374238716326796,0.580754716981132,0.24485294117647063,0.39310130515848357,0.13039664139357104,0.020202020202020204,0.0,1.0,1.0,0.0,0.25000000000000006,0.0,0.0,0.0,0.0,0.0,2.89110403674015e-07,0.0036895679887264292,0.0,0.0,0.005409590478592746,0.0011482700457765137,0.033153803045477714,0,1
3005,0.6000000000000227,1.0,1.0,0.10424710424710425,0.0,0.6000000000000001,0.2941176470588235,0.0,0.0,0.0,0.0,0.0,0.0,0.0,0.0,0.0,0.009770786935533304,0.0,0.0008062007766955469,9.89901386388269e-06,0.0,0.0,2.7837942894331365e-06,0.654102444615837,0.49399665233599493,0.580754716981132,0.2450980392156863,0.40287476084280827,0.1342189360235604,0.24242424242424243,0.14999999999999858,0.0,0.0,1.0,0.5,0.0,0.012279203004031321,0.0,0.0,0.0,0.0,0.0036354330375410375,0.007461880205048007,0.0,1.9058573006613966e-05,0.0010835441756386207,0.03312215554443186,0,4
2049,0.20000000000004547,0.0,0.0,0.06756756756756757,0.0,0.8,0.5588235294117647,0.0,0.0,0.0,0.0,0.0,0.0,0.0,0.0,0.0,0.010000667443569979,0.0,0.0008043294090493882,9.89901386388269e-06,0.0016524258956936429,0.0008541116901863165,0.0,0.6540902898456917,0.49396802791577704,0.580754716981132,0.2450980392156863,0.4014733301648814,0.09048185976564949,0.020202020202020204,0.29999999999999716,0.0,1.0,0.0,0.25000000000000006,0.0,0.0,0.0,0.0,1.0877821575835109e-05,0.0,0.0036354518847072793,0.0,0.0,0.00018050643105324581,0.0010851124122386888,0.03312156029362849,0,2
11763,0.0,0.0,1.0,0.10231660231660232,0.0,0.6000000000000001,0.23529411764705882,0.0,0.0,0.0,0.0,0.0,0.0,0.0,0.0,0.0,0.009770786935533304,0.0,0.0008043294090493882,9.89901386388269e-06,0.0,0.0,0.0,0.654094056943128,0.4939868252951054,0.3009433962264151,0.2450980392156863,0.3938385795586103,0.1342189360235604,0.25252525252525254,0.6000000000000014,0.0,1.0,0.0,0.35000000000000003,0.0011980543526166024,0.0,0.0,0.0,0.0,0.0,0.0036354330375410375,0.0,0.0,0.010873465912782853,0.0012299613034763809,0.03312156029362849,1,4
8430,0.6000000000000227,1.0,0.0,0.10231660231660232,0.4444444444444444,0.6000000000000001,0.5,0.0,0.0,0.0,0.0,1.0,0.0,0.0,0.0,0.0,0.009770786935533304,0.0,0.0008043294090493882,9.89901386388269e-06,0.0,0.0010996750336870525,0.0,0.6541413984575073,0.49404229085912127,0.2788679245283019,0.09068627450980393,0.3931256778659258,0.05526662071558369,0.020202020202020204,0.3999999999999986,0.0,1.0,0.0,0.35000000000000003,4.8316472364454385e-05,0.0,0.0,0.0,3.869061141793437e-05,0.0,0.0036354330375410375,0.0,0.0,0.0006172675276195817,0.001111921684089093,0.03312156029362849,0,0
3768,0.20000000000004547,0.0,0.0,0.06756756756756757,0.0,0.0,0.4411764705882353,0.0,0.0,0.0,0.0,0.0,0.0,0.0,0.0,0.0,0.00987208485367372,0.0,0.0008043294090493882,9.89901386388269e-06,0.0019604256469802285,0.0007404295738042499,1.1874622515863223e-05,0.6541158849038409,0.4940123792502642,0.3920754716981132,0.1925245098039216,0.3967815839822567,0.10790149758756816,0.24242424242424243,0.5,0.0,0.0,0.0,0.55,0.0,0.00038015066834398334,0.0,0.0,0.0,0.0,0.003637710796111197,0.00752390034545141,0.0,6.479914822248748e-05,0.0010889417488055284,0.03312156029362849,0,2
7055,0.4000000000000341,1.0,0.0,0.03861003861003861,0.537037037037037,0.6000000000000001,0.5,0.0,0.0,0.0,0.0,1.0,0.0,0.0,0.0,0.0,0.009770786935533304,0.0,0.0008043294090493882,9.89901386388269e-06,0.0008032575673225278,0.0007280475304263786,0.0,0.6541170766584125,0.49401379531303735,0.280188679245283,0.06200980392156863,0.39316833010394964,0.04060404787267373,0.24242424242424243,0.6499999999999986,0.0,0.0,0.0,0.5,0.0,5.424716395616577e-05,0.0,0.0,0.0,0.0,0.0036354330375410375,0.01599717997588243,0.0,0.00022637491615506977,0.001094755099474218,0.03312156029362849,0,0
5512,0.6000000000000227,1.0,0.0,0.08687258687258688,0.8888888888888888,0.4,0.5,0.0,0.0,0.0,0.0,1.0,0.0,0.0,0.0,0.0,0.021522835336403975,0.0015983416660976036,0.015455625389624592,2.3472201585218768e-05,0.0,0.0,0.0,0.6638094197854439,0.5058544797950516,0.40679245283018867,0.2220588235294118,0.3971228018864476,0.12131085907638325,0.030303030303030304,0.6999999999999957,0.0,1.0,0.0,0.10000000000000002,0.04515891587829248,0.0,0.0,0.0,0.07529671919110204,0.0,0.008381042696573011,0.0,0.0,0.0,0.005878885242921535,0.033623312077059424,0,0
6403,0.0,0.0,0.0,0.21891891891891893,0.0,0.0,0.7941176470588235,0.3333333333333333,0.0,0.0,0.0,0.0,0.0,0.0,0.0,0.0,0.009770786935533304,9.820839730246411e-07,0.0008043294090493882,9.89901386388269e-06,0.006940477963557701,0.00159545537457551,0.00011346136568728651,0.6541704948952262,0.49407494259602536,0.39283018867924524,0.20441176470588238,0.3968059566896989,0.11241305846230969,0.020202020202020204,0.3999999999999986,0.0,1.0,0.0,0.55,1.2016320933691762e-05,0.0,0.00014345589588106165,0.0002808433210711602,5.7065521533086055e-05,0.0,0.0036953595658527614,0.0,0.0,0.00026134547897391713,0.001114401478659806,0.03312156029362849,0,2
9950,0.0,0.0,0.0,0.10231660231660232,0.0,0.8,0.5588235294117647,0.0,0.0,0.0,0.0,0.0,0.0,0.0,0.0,0.0,0.00996060577991082,0.0,0.0008043294090493882,9.89901386388269e-06,0.0,0.0,0.00018705792721417506,0.6537967481377238,0.493610746117179,0.4411320754716981,0.1743872549019608,0.3984328349114662,0.09749984334858075,0.020202020202020204,0.14999999999999858,0.0,1.0,0.0,0.35000000000000003,8.067907230282084e-05,0.0,0.0,0.0,0.0003193697111581517,0.0,0.003735732944487395,0.0,0.005471329568788501,1.2560750800332157e-05,0.00133349560175537,0.03330793332016374,1,2
7369,0.8000000000000114,0.0,0.0,0.02316602316602317,0.0,0.6000000000000001,0.5294117647058824,0.0,0.0,0.0,0.0,1.0,0.0,0.0,0.0,0.0,0.009781171063228577,0.0,0.0010207842667884096,9.89901386388269e-06,0.0017225572944607763,0.00081015128114676,8.001233742831648e-05,0.6541136418739689,0.49400683067535206,0.580754716981132,0.239093137254902,0.3992736933182223,0.02130459301961276,0.24242424242424243,0.3999999999999986,0.0,1.0,0.0,0.75,0.00010061122951260559,0.0,0.0,0.0,0.0,0.0,0.0036354330375410375,0.0,0.0,4.5254517649261886e-05,0.001085216307046001,0.03312156029362849,0,1
1480,0.0,0.0,0.0,0.10231660231660232,0.0,1.0,0.5588235294117647,0.0,0.0,0.0,0.0,0.0,0.0,0.0,0.0,0.0,0.01010935464678051,0.0,0.0008043294090493882,9.89901386388269e-06,0.0,0.0025037488921602967,0.0,0.6540374719589708,0.49391987557068834,0.5054716981132076,0.24350490196078436,0.4004435832754482,0.13296572466946552,0.020202020202020204,0.14999999999999858,0.0,1.0,0.0,0.55,7.864919661967178e-05,0.0,0.0,0.0,0.00012846785538770444,0.0,0.0036354330375410375,0.0,0.0,0.0021081339943034056,0.0011014853119038109,0.03312156029362849,0,2
8057,0.6000000000000227,1.0,0.0,0.03861003861003861,0.537037037037037,0.6000000000000001,0.5,0.0,0.0,0.0,0.0,1.0,0.0,0.0,0.0,0.0,0.009810547609983903,0.0,0.0008043294090493882,9.89901386388269e-06,0.0025681106022768844,0.0006538383711214184,1.0417480192488066e-05,0.654120687704583,0.4940129968368519,0.3920754716981132,0.21654411764705886,0.3967815839822567,0.10777617645215867,0.24242424242424243,0.0,0.0,0.0,1.0,0.55,0.0,0.0007884762202931071,0.0,0.0,0.0,0.0,0.0036571386906626402,0.011837196436321189,0.0,0.00011110252693654288,0.0010912963342716274,0.03312156029362849,0,0
675,0.0,0.0,0.0,0.12027027027027026,0.0,0.0,0.7941176470588235,0.3333333333333333,0.0,0.0,0.0,0.0,0.0,0.0,0.0,0.0,0.009770786935533304,0.0,0.0008043294090493882,9.89901386388269e-06,0.0,9.573230853226664e-05,0.0,0.6541067762809103,0.4940015103474001,0.3920754716981132,0.16850490196078433,0.3967815839822567,0.09367754871859141,0.25252525252525254,1.0,0.0,0.0,0.0,0.55,0.0,0.0004833884881210275,0.0,0.0,0.0,0.0,0.0036384693945524225,0.0035019367198389608,0.0,3.8014818104467585e-05,0.0010850411332630615,0.03312156029362849,0,2
3789,0.0,0.0,1.0,0.05791505791505792,0.0,0.6000000000000001,0.23529411764705882,0.0,0.0,0.0,0.0,0.0,0.0,0.0,0.0,0.0,0.009770786935533304,0.0,0.0008043294090493882,9.89901386388269e-06,0.0664563688709134,0.01528276556678388,0.0,0.6534730322112137,0.4942141456812821,0.580754716981132,0.2450980392156863,0.39657441596899795,0.12964471458111412,0.020202020202020204,0.9499999999999957,0.0,1.0,0.0,0.45,0.002613088159109884,0.0,0.0,0.0,0.002848361492517882,0.0,0.0036830460839082342,0.0,0.0,0.0032055752337808987,0.0013587339107583767,0.03312156029362849,0,4
9833,0.0,0.0,0.0,0.06756756756756757,0.0,0.6000000000000001,0.029411764705882346,0.0,0.0,0.0,0.0,0.0,0.0,0.0,0.0,0.0,0.009770786935533304,0.0,0.0008043294090493882,9.89901386388269e-06,0.0,0.0,0.0,0.6540482239243187,0.49393299200739466,0.4371698113207547,0.2450980392156863,0.39823785325192856,0.13403095432044615,0.24242424242424243,0.6499999999999986,0.0,1.0,0.0,0.35000000000000003,0.0,0.0,0.0,0.0,0.0,0.0,0.0036354330375410375,0.0,0.0,0.0009165254967892061,0.0010843723104409892,0.03312156029362849,1,2
12068,0.4000000000000341,0.0,1.0,0.02316602316602317,0.0,0.6000000000000001,0.2647058823529412,0.0,0.0,0.0,0.0,0.0,0.0,0.0,0.0,0.0,0.009824964993073863,0.0,0.0008043294090493882,9.89901386388269e-06,0.022058132422540955,0.005070654515643964,0.0,0.6539484511725333,0.4941272317231792,0.580754716981132,0.24264705882352944,0.39096260008043,0.04386239739332039,0.020202020202020204,0.7999999999999972,1.0,1.0,0.0,0.10000000000000002,0.00010473208081585469,0.0,0.0,0.0,0.00014197513599194285,0.0,0.0037333829384466424,0.0,0.0,0.0013849570811168682,0.0011923087546347661,0.03331674303205362,1,4
5171,0.4000000000000341,0.0,0.0,0.10231660231660232,0.0,0.4,0.5294117647058824,0.0,0.0,0.0,0.0,1.0,0.0,0.0,0.0,0.0,0.010144133949829463,0.0,0.0008043294090493882,9.89901386388269e-06,0.0,0.0,0.0,0.654100284747043,0.4939936913363147,0.4024528301886793,0.22536764705882356,0.39711670870958704,0.1236919606491635,0.020202020202020204,0.3999999999999986,0.0,1.0,0.0,0.55,0.0,0.0,0.0,0.0,2.4651178391281004e-05,0.0,0.003640279115160915,0.0,0.00038501026694045176,0.00022005616778911856,0.0010978301081891123,0.033121585095745296,0,1
2883,0.4000000000000341,1.0,0.0,0.015444015444015444,0.35185185185185186,0.6000000000000001,0.5,0.0,0.0,0.0,0.0,1.0,0.0,0.0,0.0,0.0,0.009812428792537395,0.0,0.0008043294090493882,9.89901386388269e-06,5.494831243610451e-05,0.0004969437543602036,0.0,0.6541110645431899,0.4940053435765352,0.39962264150943394,0.2183823529411765,0.39702531105667876,0.11247571903001444,0.25252525252525254,0.14999999999999858,0.0,0.0,0.0,0.55,0.0,0.001057609436819821,0.0,0.0,0.0,0.0,0.0036354330375410375,0.004783428836368548,0.0,0.00017587609318184028,0.0010863407601489957,0.03312156029362849,0,0
7358,0.8000000000000114,1.0,1.0,0.06756756756756757,0.0,0.6000000000000001,0.23529411764705882,0.0,0.0,0.0,0.0,0.0,0.0,0.0,0.0,0.0,0.009770786935533304,0.0,0.0008043294090493882,9.89901386388269e-06,0.0,7.595427951257961e-05,0.0,0.6541058989481036,0.49399943593965345,0.37358490566037733,0.13088235294117648,0.39618445264992264,0.07469139670405416,0.020202020202020204,0.6000000000000014,0.0,1.0,0.0,0.35000000000000003,0.0,0.0,0.0,0.0,0.0,0.0,0.003651163746314749,0.0,0.0,8.882062480397811e-05,0.0010934421387604368,0.03312156029362849,0,4
2642,0.6000000000000227,1.0,0.0,0.06756756756756757,0.0,0.6000000000000001,0.1764705882352941,0.0,0.0,0.0,0.0,0.0,0.0,0.0,0.0,0.0,0.009770786935533304,0.0,0.0008043294090493882,9.89901386388269e-06,0.0,1.7617404000729627e-05,0.0,0.6541018081519693,0.4939957700139874,0.38075471698113206,0.1737745098039216,0.3963672479557392,0.0969985588069428,0.24242424242424243,0.6000000000000014,0.0,0.0,0.0,0.55,0.0,0.0,0.0,0.0,0.0,0.0,0.0036354330375410375,0.003237404987732293,0.0,6.618057499075212e-05,0.001084415385148792,0.03312156029362849,0,3
721,0.8000000000000114,1.0,0.0,0.06756756756756757,0.0,0.6000000000000001,0.029411764705882346,0.0,0.0,0.0,0.0,0.0,0.0,0.0,0.0,0.0,0.009770786935533304,0.0,0.0008043294090493882,9.89901386388269e-06,0.0009102621757507314,0.004691547925779207,0.0,0.6540917184933739,0.49398408555523343,0.3920754716981132,0.2270833333333334,0.3967815839822567,0.12500783257096312,0.020202020202020204,0.5,0.0,1.0,0.0,0.55,0.0,0.0,2.691688278302422e-05,0.00011734767875743313,0.0,2.1683280275551124e-07,0.0036354330375410375,0.0,0.0,0.0015677403081400317,0.001083053401551217,0.03312156029362849,0,3
11052,0.20000000000004547,0.0,1.0,0.04247104247104247,0.0,0.6000000000000001,0.2647058823529412,0.0,0.0,0.0,0.0,0.0,0.0,0.0,0.0,0.0,0.009770786935533304,0.0,0.0008043294090493882,9.89901386388269e-06,0.0,0.0,0.0,0.6540388157889797,0.4939221044721257,0.20339622641509433,0.2450980392156863,0.39068840712170516,0.1342189360235604,0.020202020202020204,0.3999999999999986,0.0,1.0,0.0,0.2,0.0,0.0,0.0,0.0,0.0,0.0,0.0036354330375410375,0.0,0.0,0.0009983878237974809,0.0010825576210823542,0.03312156029362849,1,4
4565,0.0,0.0,0.0,0.06756756756756757,0.0,0.0,0.4411764705882353,0.0,0.0,0.0,0.0,0.0,0.0,0.0,0.0,0.0,0.009770786935533304,0.0,0.0008043294090493882,9.89901386388269e-06,0.0,0.0,0.0,0.6541027587062829,0.4939970203259919,0.20339622641509433,0.24497549019607845,0.39068840712170516,0.13415627545585562,0.020202020202020204,0.6499999999999986,0.0,1.0,0.0,0.35000000000000003,0.0,0.0,0.0,0.0,0.0,3.613880045925187e-08,0.0036354330375410375,0.0,0.0,1.0949086237356748e-05,0.0010825576210823542,0.03312156029362849,0,2
12110,0.4000000000000341,1.0,1.0,0.02316602316602317,0.0,0.4,0.23529411764705882,0.0,0.0,0.0,0.0,0.0,0.0,0.0,0.0,0.0,0.009770786935533304,0.0,0.0008043294090493882,9.89901386388269e-06,0.00038572269321923366,0.00022113166059406383,0.0,0.6539256825970781,0.49378503246818056,0.20339622641509433,0.24362745098039218,0.39068840712170516,0.13083526536750426,0.020202020202020204,0.7999999999999972,0.0,1.0,0.0,0.05,0.0,0.0,3.024368852025193e-07,0.0,0.0,9.757476123998006e-07,0.0036354330375410375,0.0,0.0025667351129363453,0.00021169086124796048,0.0010825576210823542,0.03312156029362849,1,4
6157,0.0,0.0,0.0,0.08378378378378379,0.0,0.0,0.7941176470588235,0.3333333333333333,0.0,0.0,0.0,0.0,0.0,0.0,0.0,0.0,0.009770786935533304,0.001059461278054838,0.0009130558692912079,9.89901386388269e-06,0.0,0.0,0.0,0.6539647593581106,0.4942571783849467,0.580754716981132,0.24448529411764708,0.4002303220853289,0.13227645842471336,0.030303030303030304,0.29999999999999716,0.0,1.0,0.0,0.10000000000000002,0.0,0.0,9.274731146210591e-06,4.043440616360991e-05,0.0,5.420820068887781e-07,0.003970252160524877,0.0,0.0,0.0019412627570924753,0.0013852474095576207,0.03312156029362849,0,2
8518,0.8000000000000114,0.0,0.0,0.10424710424710425,0.0,0.4,0.029411764705882346,0.0,0.0,0.0,0.0,0.0,0.0,0.0,0.0,0.0,0.009770786935533304,0.0,0.0008043294090493882,9.89901386388269e-06,6.181685149061758e-05,0.00313980365735645,0.0,0.6540884304832632,0.4939802333055183,0.20339622641509433,0.13357843137254904,0.39068840712170516,0.07719781941224389,0.25252525252525254,0.9499999999999957,0.0,0.0,0.0,0.35000000000000003,0.0,0.0,0.0,0.0,0.0,0.0,0.0036354330375410375,0.0,0.0,0.0010887945311872443,0.0010825576210823542,0.03312156029362849,0,2
740,0.8000000000000114,1.0,0.0,0.23166023166023167,0.0,0.6000000000000001,0.029411764705882346,0.0,0.0,0.0,0.0,0.0,1.0,0.0,0.0,0.0,0.009770786935533304,0.0,0.0008043294090493882,9.89901386388269e-06,0.008969227499027559,0.0053621726912786785,0.0,0.6540647981590817,0.49395130377967006,0.4469811320754717,0.2450980392156863,0.3985546984486772,0.1332163669402845,0.020202020202020204,0.6999999999999957,0.0,1.0,0.0,0.35000000000000003,0.0,0.0,4.264360081355522e-05,0.00018591036746964124,8.650607172610165e-05,0.0,0.0036597525570307753,0.0,0.0,0.0021499605270091956,0.001099145844718356,0.03312156029362849,0,3
7112,0.20000000000004547,1.0,1.0,0.06756756756756757,0.0,0.6000000000000001,0.23529411764705882,0.0,0.0,0.0,0.0,0.0,0.0,0.0,0.0,0.0,0.009770786935533304,0.0,0.0008043294090493882,9.89901386388269e-06,0.00037343162333221025,0.00029475911316315085,0.0,0.6541003019756328,0.493989468767552,0.3920754716981132,0.21053921568627454,0.3967815839822567,0.09963030265054203,0.25252525252525254,0.5,0.0,0.0,0.0,0.55,0.0,0.001059291519423113,0.0,0.0,0.0,0.0,0.0036354330375410375,0.0060912582727954715,0.0,0.00011181882229786529,0.0010855641266370839,0.03312156029362849,0,4
8053,0.6000000000000227,1.0,0.0,0.06756756756756757,0.0,0.6000000000000001,0.1764705882352941,0.0,0.0,0.0,0.0,0.0,0.0,0.0,0.0,0.0,0.009770786935533304,0.0,0.0010763326964185532,9.89901386388269e-06,0.0,0.001104079384687235,0.0,0.6540749825749214,0.4940666954278021,0.580754716981132,0.24497549019607845,0.39470381067280863,0.12682498903440068,0.030303030303030304,0.6000000000000014,0.0,1.0,0.0,0.4,0.0,0.0,0.0007192957253066584,0.003135863999753878,0.0,4.770321660621247e-05,0.0036442876718309303,0.0,0.0,0.0007793805170731558,0.0011044080473133317,0.03312156029362849,0,3
9219,0.8000000000000114,0.0,0.0,0.03474903474903475,0.0,0.6000000000000001,0.1176470588235294,0.0,0.0,0.0,0.0,0.0,0.0,0.0,0.0,0.0,0.009770786935533304,0.0,0.0008043294090493882,9.89901386388269e-06,0.0,0.0,0.0,0.6540973572120431,0.49398815130125484,0.20339622641509433,0.2450980392156863,0.39068840712170516,0.010589635942101636,0.020202020202020204,0.3500000000000014,0.0,1.0,0.0,0.4,0.00014640902669830311,0.0,0.0,0.0,0.0002545253733327058,0.0,0.0036354330375410375,0.0,0.0,0.00020810938444134846,0.001149454773729552,0.03312156029362849,1,2
2080,0.0,0.0,1.0,0.06756756756756757,0.0,0.6000000000000001,0.23529411764705882,0.0,0.0,0.0,0.0,0.0,0.0,0.0,0.0,0.0,0.009770786935533304,0.0,0.0008043294090493882,9.89901386388269e-06,0.0,0.0,0.0,0.654098116263954,0.49399144574334797,0.5686792452830188,0.24325980392156868,0.40248479752373295,0.13258976126323704,0.25252525252525254,0.5,0.0,0.0,0.0,0.85,0.0,0.00010029417522128321,0.0,0.0,0.0,0.0,0.0036358563134828805,0.004869160288233775,0.0,8.782292769356475e-05,0.0010852476836743544,0.03312156029362849,0,4
4832,0.0,0.0,0.0,0.06756756756756757,0.0,0.6000000000000001,0.5294117647058824,0.0,0.001032912,0.0011302104624606856,0.0,1.0,0.0,0.0,0.0,0.0,0.009770786935533304,0.0,0.0008043294090493882,9.89901386388269e-06,0.0,0.0001366179819679222,0.0,0.6541047761078915,0.4939993765488628,0.3920754716981132,0.1936274509803922,0.3967815839822567,0.10790149758756816,0.24242424242424243,0.14999999999999858,0.0,1.0,0.0,0.55,0.0,0.0,0.0,0.0,0.0,0.0,0.0036354330375410375,0.0,6.627310061601643e-05,3.975439255339342e-05,0.0010854874447349312,0.033121585095745296,0,1
1950,0.6000000000000227,0.0,0.0,0.10231660231660232,0.0,1.0,0.029411764705882346,0.0,0.0,0.0,0.0,0.0,0.0,0.0,0.0,0.0,0.009770786935533304,0.0,0.0008043294090493882,9.89901386388269e-06,0.0,0.0,0.0,0.6540194110956944,0.4940367384024581,0.580566037735849,0.2450980392156863,0.39611133452759606,0.13415627545585562,0.020202020202020204,0.5,0.0,1.0,0.0,0.6,0.0,0.0,0.0,0.0,0.0,2.258675028703242e-05,0.0036421281006990772,0.0,0.0,0.001263903165053382,0.0011162640012670364,0.03312156029362849,0,2
2182,0.20000000000004547,0.0,0.0,0.02364864864864865,0.0,0.0,0.7941176470588235,0.3333333333333333,0.0,0.0,0.0,0.0,0.0,0.0,0.0,0.0,0.009770786935533304,0.0,0.0008043294090493882,9.89901386388269e-06,0.0,0.0006317335151582388,0.0,0.6541056666934596,0.4940004273388647,0.3920754716981132,0.15747549019607845,0.3967815839822567,0.08941663011466885,0.24242424242424243,0.6999999999999957,0.0,1.0,0.0,0.05,2.9314391972701144e-05,0.0,0.0,0.0,0.0,0.0,0.0036354330375410375,0.0,9.584188911704313e-05,7.137371636033955e-06,0.0010845066896502562,0.03312156029362849,0,2
3460,0.6000000000000227,0.0,0.0,0.05791505791505792,0.0,0.4,0.029411764705882346,0.0,0.0,0.0,0.0,0.0,0.0,0.0,0.0,0.0,0.01202500046465209,0.0,0.0013706988271593146,9.89901386388269e-06,0.0019246369434856607,0.001945227324759807,0.0,0.6538516526717318,0.49381681702190616,0.580754716981132,0.23872549019607847,0.4022654431567531,0.13070994423209475,0.020202020202020204,0.9499999999999957,0.0,1.0,0.0,0.25000000000000006,0.0006000013808585751,0.0,0.0,0.0,0.0,4.578786018187212e-05,0.0038356625831469635,0.0,0.0,0.003328726871973972,0.0014443589946499947,0.03312156029362849,0,2
9395,0.4000000000000341,1.0,0.0,0.015444015444015444,0.0,0.6000000000000001,0.029411764705882346,0.0,0.0,0.0,0.0,0.0,0.0,0.0,0.0,0.0,0.012516591089530519,0.0,0.0008043294090493882,9.89901386388269e-06,0.000610938473796162,0.005929502960679533,0.0,0.6539467071091292,0.4938124694607605,0.5711320754716981,0.24460784313725495,0.40256400882292015,0.13290306410176078,0.020202020202020204,0.14999999999999858,0.0,1.0,0.0,0.75,0.0,0.0,0.0006213061745010422,0.0,0.0,0.0002227234272303693,0.003642655821353843,0.0,0.0,0.00420421887735028,0.0010854586952176407,0.03312156029362849,1,3
2600,0.6000000000000227,1.0,0.0,0.10424710424710425,0.2962962962962963,0.6000000000000001,0.5,0.0,0.0,0.0,0.0,1.0,0.0,0.0,0.0,0.0,0.009770786935533304,0.0,0.0008043294090493882,9.89901386388269e-06,0.0010996892528330915,0.0027132464180368975,0.0,0.6541159253247633,0.49401236022968414,0.3920754716981132,0.20318627450980392,0.3967815839822567,0.11247571903001444,0.24242424242424243,0.3999999999999986,0.0,1.0,1.0,0.55,0.0,0.0,0.0,0.0,0.0,0.0,0.003650690211262928,0.0,0.0,0.0007968530074939844,0.0010890021227918387,0.03312156029362849,0,0
1003,0.4000000000000341,0.0,0.0,0.02316602316602317,0.0,0.6000000000000001,0.5588235294117647,0.0,0.0,0.0,0.0,0.0,0.0,0.0,0.0,0.0,0.009770786935533304,0.0,0.0008043294090493882,9.89901386388269e-06,0.0006311825889042005,0.00015664531387441202,0.0,0.6541004341719281,0.49399429688947427,0.20339622641509433,0.2450980392156863,0.39068840712170516,0.1342189360235604,0.11111111111111112,0.29999999999999716,0.0,1.0,0.0,0.85,0.0,0.0,1.5121844260125966e-06,0.0,0.0,5.7822080734803e-07,0.0036354330375410375,0.0,4.029774127310062e-05,1.0232790876034343e-05,0.0010825576210823542,0.03312156029362849,0,2
10914,0.6000000000000227,1.0,1.0,0.05791505791505792,0.0,0.6000000000000001,0.32352941176470584,0.0,0.0,0.0,0.0,0.0,0.0,0.0,0.0,0.0,0.009770786935533304,0.0,0.0008160410515682646,9.89901386388269e-06,0.04533163475567522,0.055394187336992265,0.0,0.6538706975525443,0.4940197607880093,0.580754716981132,0.24485294117647063,0.40168659135500073,0.13390563318503665,0.020202020202020204,0.29999999999999716,0.0,1.0,0.0,0.10000000000000002,0.0005160500674879354,0.0,0.0,0.0,0.0,0.0006192022070688216,0.003757633351660161,0.0,0.0,0.017398353850931775,0.0015437575757304665,0.03312156029362849,1,4
11380,0.6000000000000227,0.0,0.0,0.02316602316602317,0.0,0.6000000000000001,0.0,0.0,0.0,0.0,0.0,0.0,0.0,0.0,0.0,0.0,0.009770786935533304,0.0,0.0008043294090493882,9.89901386388269e-06,0.000645642671124228,0.00014841831860992034,0.0,0.6539014853739407,0.49376120744492735,0.20339622641509433,0.24485294117647063,0.39068840712170516,0.13409361488815089,0.25252525252525254,0.6999999999999957,0.0,1.0,1.0,0.55,0.0,0.0,0.0,0.0,0.0,0.0,0.0036354330375410375,0.0,0.0,0.0031181616177223754,0.0010825576210823542,0.03312156029362849,1,2
6037,0.6000000000000227,0.0,0.0,0.03474903474903475,0.0,0.6000000000000001,0.5588235294117647,0.0,0.0,0.0,0.0,0.0,0.0,0.0,0.0,0.0,0.009770786935533304,0.0,0.0008043294090493882,9.89901386388269e-06,0.0,0.0005414858701356332,0.0,0.6541506644569799,0.49415737701344786,0.5660377358490566,0.2450980392156863,0.4014123983962759,0.1285794849301335,0.020202020202020204,0.9499999999999957,0.0,1.0,0.0,0.4,0.0,0.0,0.0,0.0,0.0,0.0003019396778370494,0.0037897135844991835,0.0,0.0,0.0005729851251035431,0.0014493565034133641,0.03312156029362849,0,2
10506,0.4000000000000341,1.0,0.0,0.0694980694980695,0.0,0.6000000000000001,0.029411764705882346,0.0,0.0,0.0,0.0,0.0,0.0,0.0,0.0,0.0,0.009770786935533304,4.168400863282366e-05,0.0008246025585494407,9.89901386388269e-06,0.06656988051634062,0.05201696423043731,0.0,0.6498897018719553,0.4942706597062492,0.5266037735849056,0.24362745098039218,0.39222388769056415,0.09386553042170565,0.020202020202020204,0.19999999999999574,1.0,1.0,0.0,0.45,0.0,0.0,0.0,0.0,0.00042921223176133267,0.0,0.003817525326833775,0.0,0.014068326488706366,0.014290271532222293,0.002336957154322798,0.03312800884399834,1,3
942,0.4000000000000341,1.0,0.0,0.06756756756756757,0.0,0.6000000000000001,0.5588235294117647,0.0,0.0,0.0,0.0,0.0,0.0,0.0,0.0,0.0,0.009770786935533304,0.0,0.0008043294090493882,9.89901386388269e-06,3.434269527256532e-05,0.00018514894393219627,0.0,0.6540955627881455,0.4939885464635089,0.5809433962264151,0.16801470588235298,0.40288085401966883,0.09449213609875307,0.25252525252525254,0.29999999999999716,0.0,0.0,1.0,0.75,0.0,0.05676797499752418,0.0,0.0,0.0,0.0,0.0036354330375410375,0.023755799134143232,0.0,0.00012926573074150384,0.0010828894301663941,0.03312156029362849,0,3
660,0.0,0.0,0.0,0.03861003861003861,0.0,0.8,0.5294117647058824,0.0,0.0,0.0,0.0,1.0,0.0,0.0,0.0,0.0,0.010720001553104316,0.0,0.0008043294090493882,9.89901386388269e-06,0.008284904107964758,0.002511892786462521,0.0,0.6538242085220441,0.4936304902555818,0.3784905660377358,0.17916666666666667,0.396342875248297,0.09800112789021871,0.020202020202020204,0.44999999999999574,0.0,1.0,0.0,0.45,0.0,0.0,0.0006537677335127792,0.0,0.0,0.00023663686540718128,0.0037040379006084354,0.0,0.0053024383983572895,0.00047820389961427496,0.001238122845321979,0.03312156029362849,0,1
9186,0.0,0.0,1.0,0.015444015444015444,0.0,0.6000000000000001,0.23529411764705882,0.0,0.0,0.0,0.0,0.0,0.0,0.0,0.0,0.0,0.009770786935533304,0.0,0.0008043294090493882,9.89901386388269e-06,0.003810231664977247,0.0012511680879008738,0.0,0.6537606926749782,0.4935962539879101,0.20339622641509433,0.2450980392156863,0.39068840712170516,0.1342189360235604,0.25252525252525254,0.8999999999999986,0.0,1.0,0.0,0.10000000000000002,0.0,0.0,0.0,0.0,0.0,0.0,0.0036354330375410375,0.0,0.002386088295687885,0.00013197742032365295,0.0010825576210823542,0.03312156029362849,1,4
548,0.6000000000000227,0.0,1.0,0.03861003861003861,0.0,0.4,0.23529411764705882,0.0,0.0,0.0,0.0,0.0,0.0,0.0,0.0,0.0,0.009770786935533304,0.0,0.0008043294090493882,9.89901386388269e-06,0.0,0.0009934720039090693,2.2857560923392395e-05,0.6540710365652057,0.4939528192152694,0.39132075471698113,0.1269607843137255,0.39675111809795394,0.07331286421454979,0.020202020202020204,0.9499999999999957,0.0,1.0,0.0,0.45,0.00010463703646948651,0.0,0.0,0.0,4.9130189822368936e-05,0.0,0.0036446524430275647,0.0,0.0,0.00035758487716302015,0.0011946320130406451,0.03312156029362849,0,4
6489,0.20000000000004547,0.0,0.0,0.03474903474903475,0.0,0.6000000000000001,0.47058823529411764,0.0,0.0,0.0,0.0,0.0,0.0,0.0,0.0,0.0,0.009884440460685052,2.1496726965094924e-06,0.0008043294090493882,9.89901386388269e-06,0.0,0.0,3.260084093640837e-05,0.6540331045114416,0.4940621223369221,0.580754716981132,0.2450980392156863,0.3995478862769471,0.13371765148192244,0.020202020202020204,0.3999999999999986,0.0,1.0,0.0,0.10000000000000002,1.0319100462831344e-06,0.0,0.0,0.0,0.0,4.7341828601619955e-05,0.003677333036641242,0.0,0.000445405544147844,0.00013704265180728995,0.001162150957110141,0.03312156029362849,0,2
2192,0.6000000000000227,0.0,0.0,0.03474903474903475,0.0,0.4,0.5294117647058824,0.0,0.0,0.0,0.0,1.0,0.0,0.0,0.0,0.0,0.009770786935533304,0.0,0.0008043294090493882,9.89901386388269e-06,0.0006836003869518002,0.0006792672655753018,0.0,0.6540794394785902,0.4939696993977675,0.580754716981132,0.2450980392156863,0.40287476084280827,0.1342189360235604,0.24242424242424243,0.8999999999999986,0.0,0.0,1.0,0.5,0.0,0.0889113119844811,0.0,0.0,0.0,0.0,0.0036354330375410375,0.056747656113691335,0.0,0.0005317981418275048,0.0010944527338613342,0.03312156029362849,0,1
8365,0.8000000000000114,0.0,0.0,0.10231660231660232,0.0,0.6000000000000001,0.5588235294117647,0.0,0.0,0.0,0.0,0.0,0.0,0.0,0.0,0.0,0.01115112344598331,0.0,0.0008043294090493882,9.89901386388269e-06,0.00501041848923953,0.0011516962360665656,1.285330019574206e-05,0.6541127045724168,0.4940084664452331,0.3920754716981132,0.20343137254901966,0.3967815839822567,0.11272636130083341,0.25252525252525254,0.3999999999999986,0.0,1.0,0.0,0.55,0.0,0.0,0.0,0.0,0.0,0.0,0.003676733068515884,0.0,0.0,0.000496085701670145,0.0011019191817742324,0.03312156029362849,0,2
3273,0.6000000000000227,0.0,0.0,0.20463320463320464,0.0,0.6000000000000001,0.029411764705882346,0.0,0.0,0.0,0.0,0.0,0.0,0.0,0.0,0.0,0.009770786935533304,0.0,0.0008043294090493882,9.89901386388269e-06,0.08897397040599572,0.020453058136186687,0.0,0.6536395342733927,0.4945797189000651,0.580754716981132,0.2450980392156863,0.39370452966767816,0.128454163794724,0.030303030303030304,0.3500000000000014,0.0,1.0,0.0,0.2,0.0,0.0,9.24448745769034e-05,0.0004030255483916336,0.0,5.529236470265536e-06,0.00456863044888087,0.0,0.0,0.0023127898118240923,0.0012909231678470707,0.03312156029362849,0,2
8892,0.6000000000000227,0.0,0.0,0.06756756756756757,0.0,0.6000000000000001,0.5588235294117647,0.0,0.0,0.0,0.0,0.0,0.0,0.0,0.0,0.0,0.009770786935533304,0.0,0.000846513154739882,9.89901386388269e-06,0.0,0.0,0.0,0.6540991966953296,0.4939938970691189,0.580566037735849,0.2450980392156863,0.3979514739394826,0.1342189360235604,0.25252525252525254,0.7999999999999972,0.0,0.0,1.0,0.75,0.0,0.0,0.0,0.0,0.0,0.0,0.0036354330375410375,0.0017954946500098436,0.0,6.597591917323143e-05,0.0010829293820818014,0.03312156029362849,0,2
2319,0.4000000000000341,1.0,1.0,0.10231660231660232,0.0,0.6000000000000001,0.23529411764705882,0.0,0.0,0.0,0.0,0.0,0.0,0.0,0.0,0.0,0.009770786935533304,0.0,0.0008043294090493882,9.89901386388269e-06,0.0,0.0,0.0,0.6541023071184371,0.4939964912433275,0.27999999999999997,0.10171568627450983,0.39316223692708907,0.0609060718090106,0.020202020202020204,0.9499999999999957,0.0,1.0,0.0,0.45,0.0,0.0,0.0,0.0,0.0,0.0,0.0036801157422069585,0.0,0.0,0.00011713987355340315,0.0010877691650451385,0.03312156029362849,0,4
6250,0.6000000000000227,1.0,0.0,0.08687258687258688,0.8888888888888888,0.6000000000000001,0.5,0.0,0.0,0.0,0.0,1.0,0.0,0.0,0.0,0.0,0.01876211716712268,8.729635315774588e-06,0.0008043294090493882,0.00025048148884407453,0.03253518499506188,0.007864010261306821,0.0,0.6525855875475972,0.4966990656782887,0.30169811320754714,0.11495098039215688,0.3907980843051951,0.013973306598157782,0.030303030303030304,0.6499999999999986,1.0,1.0,0.0,0.05,0.0002997087685082995,0.0,0.0,0.0,0.0029477174800911217,0.0,0.0066924049223012145,0.0,0.0,0.005570910426753427,0.0061071798559358195,0.03357955122216498,0,0
5401,0.20000000000004547,0.0,0.0,0.015444015444015444,0.0,0.6000000000000001,0.5588235294117647,0.0,0.0,0.0,0.0,0.0,0.0,0.0,0.0,0.0,0.009770786935533304,0.0,0.0008043294090493882,9.89901386388269e-06,0.0,0.0,0.0,0.6541016126737382,0.4939956776283131,0.580754716981132,0.2450980392156863,0.40287476084280827,0.1342189360235604,0.25252525252525254,0.6499999999999986,0.0,0.0,0.0,0.5,0.0,9.903261326881424e-05,0.0,0.0,0.0,0.0,0.0036354330375410375,0.0019564535199982514,0.0,1.4786382815869626e-05,0.001083632456483956,0.03312156029362849,0,2
11306,0.8000000000000114,1.0,1.0,0.03474903474903475,0.0,0.6000000000000001,0.23529411764705882,0.0,0.0,0.0,0.0,0.0,0.0,0.0,0.0,0.0,0.009770786935533304,0.0,0.0008043294090493882,9.89901386388269e-06,0.0,0.0067523686890532345,0.0,0.654077037084262,0.4939668622259449,0.20339622641509433,0.1582107843137255,0.39068840712170516,0.08972993295319258,0.020202020202020204,0.44999999999999574,0.0,1.0,0.0,0.75,0.0,0.0,0.0004714991040307276,0.0,0.0,0.000169021169747921,0.0036354330375410375,0.0,0.0,0.0023420555937295503,0.0010825576210823542,0.03312156029362849,1,4
4305,0.0,0.0,0.0,0.3706563706563707,0.0,0.6000000000000001,0.8235294117647058,1.0,0.0,0.0,0.0,0.0,0.0,0.0,0.0,0.0,0.014092991970435637,0.0,0.0008043294090493882,9.89901386388269e-06,0.019779946468775622,0.004970850259960585,5.121746524699247e-05,0.6538392119732588,0.4940873440141933,0.580754716981132,0.24497549019607845,0.39213858321451645,0.036343129268751176,0.24242424242424243,0.5,1.0,1.0,0.0,0.25000000000000006,0.00019002759279941587,0.0,0.0,0.0,0.0,0.0,0.0036354330375410375,0.0,0.0,0.0017510863386613772,0.0015127830440741224,0.03312156029362849,0,2
11617,0.6000000000000227,0.0,1.0,0.06756756756756757,0.0,0.6000000000000001,0.23529411764705882,0.0,0.0,0.0,0.0,0.0,0.0,0.0,0.0,0.0,0.009770786935533304,0.0,0.0011755307763953483,9.89901386388269e-06,0.0,0.0,0.00026583060624797835,0.6525387559332141,0.49217386628964366,0.580754716981132,0.2450980392156863,0.4028321086047844,0.1342189360235604,0.020202020202020204,0.6000000000000014,0.0,1.0,0.0,0.75,0.0,0.0,0.0005740252081143817,0.002502538137995596,0.0,1.0841640137775562e-07,0.0036354330375410375,0.0,0.0,0.024492978003081093,0.0014848453536700627,0.03312156029362849,1,4
2395,0.8000000000000114,0.0,0.0,0.10424710424710425,0.0,0.6000000000000001,0.029411764705882346,0.0,0.0,0.0,0.0,0.0,0.0,0.0,0.0,0.0,0.009770786935533304,0.0,0.000832789792001385,9.89901386388269e-06,0.0,0.0,0.0,0.654103140054493,0.49399817553509634,0.58,0.24485294117647063,0.3950815876381628,0.13409361488815089,0.020202020202020204,0.6999999999999957,0.0,1.0,0.0,0.75,0.0,0.0,0.0,0.0,0.0,2.4971911117343046e-05,0.0036354330375410375,0.0,0.0,5.065231483637e-06,0.0010827094482745284,0.03312156029362849,0,2
10695,0.6000000000000227,1.0,0.0,0.31660231660231664,0.0,0.6000000000000001,0.029411764705882346,0.0,0.0,0.0,0.0,0.0,0.0,0.0,0.0,0.0,0.009996303100045878,0.0,0.0023243009954506274,9.89901386388269e-06,0.0,0.0,0.0003831631858690078,0.6540841687265064,0.49430046379060294,0.580754716981132,0.2450980392156863,0.4021192069120999,0.13346700921110347,0.020202020202020204,0.5,1.0,1.0,0.0,0.4,9.205723833946908e-06,0.0,0.00035334709421161003,0.0,0.00024205109448962586,0.0,0.003697553297473427,0.0,0.0,0.0007463030205663748,0.001957687474913131,0.0333575425142013,1,3
3200,0.4000000000000341,1.0,0.0,0.015444015444015444,0.35185185185185186,0.6000000000000001,0.5,0.0,0.0,0.0,0.0,1.0,0.0,0.0,0.0,0.0,0.009963796265521543,0.0,0.0008043294090493882,9.89901386388269e-06,0.00037451612949871235,0.0005290207257954943,0.0,0.6540630322286212,0.4939420019396939,0.580754716981132,0.24497549019607845,0.4055252927771482,0.13415627545585562,0.25252525252525254,0.5,0.0,0.0,0.0,0.85,0.0,0.0,0.0,0.0,0.0,0.0,0.0036355304145666194,0.014085214128203431,0.0,0.0007602707801121617,0.0010898001201691855,0.03322955863105331,0,0
1856,0.0,1.0,0.0,0.06756756756756757,0.2962962962962963,0.6000000000000001,0.5,0.0,0.0,0.0,0.0,1.0,0.0,0.0,0.00013936613208015758,0.0,0.009770786935533304,0.0,0.0008043294090493882,9.89901386388269e-06,0.00016086841469780598,0.00041484000363982215,0.0,0.6541106590086901,0.494006276361306,0.3920754716981132,0.20281862745098042,0.3967815839822567,0.11260104016542392,0.24242424242424243,0.6499999999999986,0.0,0.0,0.0,0.55,0.0,0.0028614327685250384,0.0,0.0,0.0,0.0,0.0036354330375410375,0.006413176012772287,0.0,0.0001593757178942349,0.0010869484158946255,0.03312156029362849,0,0
6617,0.20000000000004547,0.0,0.0,0.06756756756756757,0.0,0.2,0.5294117647058824,0.0,0.0,0.0,0.0,1.0,0.0,0.0,0.0,0.0,0.009770786935533304,0.0,0.0008043294090493882,9.89901386388269e-06,0.0002505209244619765,0.004422716312843545,0.0,0.6540946476849688,0.4939875174113128,0.580754716981132,0.2450980392156863,0.40287476084280827,0.1342189360235604,0.020202020202020204,0.14999999999999858,0.0,1.0,0.0,0.75,0.0,0.0,4.0324918027002574e-07,0.0,0.0,1.445552018370075e-07,0.0036354330375410375,0.0,0.0,0.0007643638964625754,0.001085537409413257,0.03312156029362849,0,1
310,0.4000000000000341,1.0,0.0,0.20463320463320464,0.0,0.6000000000000001,0.6470588235294117,0.0,0.0,0.0,0.0,1.0,0.0,0.0,0.0,0.0,0.009770786935533304,2.0187281667728734e-05,0.0008043294090493882,9.89901386388269e-06,0.0018671581166610513,0.0008997341184712248,0.0,0.6540684661921264,0.49448763017967357,0.5792452830188679,0.2450980392156863,0.3921203036839348,0.030954320446143244,0.020202020202020204,0.3500000000000014,1.0,1.0,0.0,0.10000000000000002,0.0007629209682974083,0.0,0.0014142956875020478,0.0061658074355356906,0.0,0.000776369850266108,0.0039597919832607765,0.0,0.0,0.00018810427827870132,0.0013692887012140163,0.03312156029362849,0,0
9220,0.20000000000004547,1.0,1.0,0.03474903474903475,0.0,0.8,0.32352941176470584,0.0,0.0,0.0,0.0,0.0,0.0,0.0,0.0,0.0,0.009770786935533304,0.0,0.0008043294090493882,9.89901386388269e-06,7.84459460436492e-05,1.803290881206759e-05,0.0,0.6536412349340032,0.49386181699698917,0.580754716981132,0.2450980392156863,0.39106618408705934,0.13390563318503665,0.020202020202020204,0.3500000000000014,0.0,1.0,0.0,0.5,0.0,0.0,4.0324918027002574e-07,1.7580176592873876e-06,0.0,1.7635734624114913e-05,0.0036354330375410375,0.0,0.0,0.00014755684443241524,0.0011364928555865584,0.03312156029362849,1,4
6064,0.4000000000000341,0.0,0.0,0.015444015444015444,0.0,0.6000000000000001,0.5588235294117647,0.0,0.0,0.0,0.0,0.0,0.0,0.0,0.0,0.0,0.009770786935533304,0.0,0.0008043294090493882,9.89901386388269e-06,0.0,0.0,0.0,0.6541054056140594,0.4940001028244792,0.3920754716981132,0.2346813725490196,0.3967815839822567,0.1285794849301335,0.25252525252525254,0.14999999999999858,0.0,0.0,1.0,0.55,0.0,0.0,0.0,0.0,0.0,0.0,0.0036354330375410375,0.0019690429133802623,0.0,2.7347133616201783e-05,0.0010838618082365484,0.03312156029362849,0,2
7728,0.6000000000000227,1.0,0.0,0.06756756756756757,0.0,0.6000000000000001,0.5588235294117647,0.0,0.0,0.0,0.0,0.0,0.0,0.0,0.0,0.0,0.009770786935533304,0.0,0.0008043294090493882,9.89901386388269e-06,0.00018472755036085136,0.0009987073645319276,0.0,0.6541028653910124,0.49399693609199474,0.580754716981132,0.2450980392156863,0.40287476084280827,0.13334168807569396,0.25252525252525254,0.5,0.0,0.0,0.0,0.5,0.0,0.013062002195538318,0.0,0.0,0.0,0.0,0.0036354330375410375,0.011062060534591984,0.0,0.0003036580692463191,0.0010871960582883907,0.03312156029362849,0,3
8440,0.20000000000004547,0.0,0.0,0.10231660231660232,0.0,0.6000000000000001,0.5588235294117647,0.0,0.0,0.0,0.0,0.0,0.0,0.0,0.0010927256646746629,0.0,0.009770786935533304,0.0,0.0008043294090493882,9.89901386388269e-06,0.0,0.0,0.0,0.6540757601806982,0.49395306687098467,0.4945283018867924,0.24019607843137258,0.41124069267234553,0.1287674666332477,0.25252525252525254,0.6000000000000014,0.0,1.0,0.0,0.55,0.0,0.0,0.0,0.0,0.0,0.0,0.0036354330375410375,0.0,0.0,0.0002454846531160639,0.0010855524285576345,0.03326246111920961,0,2
2499,1.0,0.0,0.0,0.03474903474903475,0.0,0.6000000000000001,0.1176470588235294,0.0,0.0,0.0,0.0,0.0,0.0,0.0,0.0,0.0,0.010119091647677382,1.2505202589847097e-05,0.0008043294090493882,9.89901386388269e-06,0.007043506049375397,0.0016191391488217738,0.0,0.653951451266402,0.49379711092466333,0.580754716981132,0.24473039215686276,0.39140130881438967,0.04655680180462435,0.020202020202020204,0.3999999999999986,1.0,1.0,0.0,0.10000000000000002,1.890703604538506e-05,0.0,7.056860654725451e-07,3.0765309037529285e-06,1.691931672442842e-05,0.0,0.0036490626799281045,0.0,0.0012833675564681726,0.0010221278986298804,0.0011452287433922357,0.03312156029362849,0,2
11510,0.20000000000004547,0.0,0.0,0.02316602316602317,0.0,0.6000000000000001,0.5588235294117647,0.0,0.0,0.0,0.0,0.0,0.0,0.0,0.0,0.0,0.009770786935533304,0.0,0.0013130451089272425,9.89901386388269e-06,0.0,0.0,0.00044344973094954417,0.6540897163324408,0.49399349569606316,0.580754716981132,0.2450980392156863,0.3929855347981331,0.03346074315433298,0.020202020202020204,0.6000000000000014,0.0,1.0,0.0,0.4,7.622556578728311e-05,0.0,0.0,0.0,6.579908187742561e-05,0.0,0.003656808079954818,0.0,0.0,0.0003542080561739288,0.0013594604804556963,0.03312156029362849,1,2
10511,0.20000000000004547,0.0,1.0,0.02316602316602317,0.0,1.0,0.32352941176470584,0.0,0.0,0.0,0.0,0.0,0.0,0.0,0.0,0.0,0.009770786935533304,6.438106045383758e-07,0.0008043294090493882,9.89901386388269e-06,0.002957086813995624,0.0007307898621812092,2.8729627002665417e-05,0.6530952364037755,0.4940560788387546,0.580754716981132,0.2450980392156863,0.39372280919825986,0.13102324707061846,0.24242424242424243,0.19999999999999574,1.0,1.0,0.0,0.2,0.0002935919859313186,0.0,0.0,0.0,0.0,0.0,0.0036354330375410375,0.0,0.0011638603696098562,0.000323279445751115,0.001311231579020474,0.03312156029362849,1,4
7758,0.0,1.0,0.0,0.06756756756756757,0.0,0.6000000000000001,0.029411764705882346,0.0,0.0,0.0,0.0,0.0,0.0,0.0,0.0,0.0,0.009770786935533304,0.0,0.0008043294090493882,9.89901386388269e-06,0.0001164036618712214,0.0004499917106790138,0.0,0.6541067338720736,0.49400107597946064,0.2788679245283019,0.2450980392156863,0.3931256778659258,0.12525847484178207,0.25252525252525254,0.0,0.0,1.0,0.0,0.35000000000000003,5.9314461015629895e-05,0.0,0.0,0.0,0.0,0.0,0.0036354330375410375,0.0,0.00013257186858316224,7.035043727273612e-05,0.0010841018171377915,0.03312156029362849,0,3
935,0.8000000000000114,0.0,0.0,0.06756756756756757,0.0,0.0,0.4411764705882353,0.0,0.0,0.0,0.0,0.0,0.0,0.0,0.0,0.0,0.009770786935533304,0.0,0.0008043294090493882,9.89901386388269e-06,0.0014640833247777847,0.0012553231360142535,0.0,0.6538362420294224,0.49368476800378464,0.20339622641509433,0.10698529411764708,0.39068840712170516,0.06360047622031456,0.04040404040404041,0.5,0.0,1.0,0.0,0.35000000000000003,1.6999360236137948e-05,0.0,5.6656509827938616e-05,0.0,2.5402452399396233e-05,0.0,0.0036354330375410375,0.0,0.0,0.0020845985752885265,0.0010825576210823542,0.03312156029362849,0,2
11585,0.6000000000000227,0.0,0.0,0.15830115830115832,0.0,0.6000000000000001,0.0,0.0,0.0,0.0,0.0,0.0,0.0,0.0,0.0,0.0,0.031097873940151156,0.0,0.0008043294090493882,9.89901386388269e-06,0.0037531143402081382,0.003081549882806868,0.0,0.6537965115759322,0.49363413289074165,0.580754716981132,0.2450980392156863,0.40294178578827433,0.1342189360235604,0.020202020202020204,0.6000000000000014,0.0,1.0,0.0,0.75,0.0006738983601598376,0.0,8.750507211859558e-05,0.0003814898320653631,0.0019673205510425816,0.0,0.0036354330375410375,0.0,0.0,0.005669426620912448,0.0011898056134732882,0.03317116452724268,1,2
3650,0.0,0.0,0.0,0.21891891891891893,0.0,0.0,0.7941176470588235,0.3333333333333333,0.0,0.0,0.0,0.0,0.0,0.0,0.0,0.0,0.009770786935533304,0.00013908491466857863,0.0008249144531571337,9.939500628152148e-06,0.015869578734424683,0.003899429553444514,0.0,0.6540223879972306,0.4940867869829215,0.580754716981132,0.24497549019607845,0.40009627219439675,0.13340434864339873,0.020202020202020204,0.3999999999999986,0.0,1.0,0.0,0.45,1.98099573358828e-05,0.0,0.00042552869747994467,0.0018551481349630158,9.055982106155675e-05,0.0,0.0036726938852007264,0.0,0.0,0.0010009204395392992,0.0012044166138416965,0.033122086098504804,0,2
9169,0.0,0.0,0.0,0.02316602316602317,0.0,0.6000000000000001,0.5588235294117647,0.0,0.0,0.0,0.0,0.0,0.0,0.0,0.0,0.0,0.009770786935533304,0.0,0.0008043294090493882,9.89901386388269e-06,0.0,0.0,0.0,0.6538888770280356,0.49374626852611575,0.20339622641509433,0.2450980392156863,0.39068840712170516,0.13415627545585562,0.020202020202020204,0.8999999999999986,0.0,1.0,0.0,0.05,0.0,0.0,0.0,0.0,0.0,0.0,0.0036354330375410375,0.0,0.003314014373716633,1.082117635140632e-05,0.0010825576210823542,0.03312156029362849,1,2
1668,0.4000000000000341,1.0,0.0,0.20463320463320464,0.6666666666666666,0.6000000000000001,0.5,0.0,0.0,0.0,0.0,1.0,0.0,0.0,0.0,0.0,0.009770786935533304,0.0,0.0009620233226990269,9.89901386388269e-06,0.042353219320405054,0.009736025638308879,0.0,0.6545325490726381,0.4944838412025001,0.28320754716981134,0.12254901960784315,0.39325363457999735,0.07099442320947429,0.030303030303030304,0.75,0.0,1.0,0.0,0.05,0.0,0.0,0.0,0.0,0.0,0.0,0.004057227513587704,0.0,0.0,0.002545662550185444,0.0016053047901868193,0.03312156029362849,0,0
10584,0.4000000000000341,0.0,0.0,0.06756756756756757,0.0,0.6000000000000001,0.0,0.0,0.0,0.0,0.0,0.0,0.0,0.0,0.0,0.0,0.009770786935533304,0.0,0.0008043294090493882,9.89901386388269e-06,0.00962752274209431,0.0022131448271105257,0.0,0.6540863865761316,0.49397780759930415,0.20339622641509433,0.2450980392156863,0.39068840712170516,0.13403095432044615,0.030303030303030304,0.10000000000000142,0.0,1.0,0.0,0.6,0.0033827912204088505,0.0,0.0052121972795802175,0.022723257255119127,0.0,0.005699197248825398,0.0036354330375410375,0.0,0.0,0.0002637757668069753,0.0010825576210823542,0.03312156029362849,1,2
9197,0.6000000000000227,0.0,1.0,0.03861003861003861,0.0,0.6000000000000001,0.2647058823529412,0.0,0.0,0.0,0.0,0.0,0.0,0.0,0.0,0.0,0.009770786935533304,0.0,0.0008043294090493882,9.89901386388269e-06,0.0026190823921024816,0.0006020664716287083,0.0,0.6539395552564237,0.4938039660969698,0.580754716981132,0.2450980392156863,0.40287476084280827,0.13371765148192244,0.020202020202020204,0.8999999999999986,0.0,1.0,0.0,0.10000000000000002,0.0,0.0,0.0,0.0,0.0,0.0,0.0037850414505177445,0.0,0.0,0.0025312087330730455,0.0011211712960278732,0.03312156029362849,1,4
10972,0.0,0.0,1.0,0.03861003861003861,0.0,1.0,0.5882352941176471,0.0,0.0,0.0,0.0,0.0,0.0,0.0,0.0,0.0,0.009770786935533304,0.0,0.001037891686020377,9.89901386388269e-06,0.0,0.0,0.0,0.6540742417455575,0.49395091133464164,0.580754716981132,0.2450980392156863,0.4027163382444339,0.12945673287799989,0.020202020202020204,0.3999999999999986,0.0,1.0,0.0,0.4,0.0,0.0,0.0,0.0,6.730162989365607e-06,0.0,0.0036354330375410375,0.0,0.0,0.0004513172415874947,0.0011499710754055844,0.03312156029362849,1,4
11710,0.6000000000000227,0.0,0.0,0.10231660231660232,0.0,1.0,0.0,0.0,0.0,0.0,0.0,0.0,0.0,0.0,0.0,0.0,0.009770786935533304,0.0,0.0013751121358581723,9.89901386388269e-06,0.0067496048782533374,0.012197393039712703,0.0,0.6530732795599579,0.4927097354193767,0.580754716981132,0.24473039215686276,0.40173533676988515,0.12575975938342002,0.020202020202020204,0.6000000000000014,0.0,1.0,0.0,0.45,2.616435077878421e-05,0.0,0.0,0.0,0.0004894863193707442,0.0,0.0036354330375410375,0.0,0.0,0.019157652004271167,0.0011054900700942561,0.03312156029362849,1,2
11699,0.0,0.0,0.0,0.10231660231660232,0.0,0.6000000000000001,0.5588235294117647,0.0,0.0,0.0,0.0,0.0,0.0,0.0,0.0,0.0,0.009770786935533304,0.0,0.0008043294090493882,9.89901386388269e-06,0.0,7.877971222967777e-05,0.0,0.6540446973645022,0.49392898992209006,0.580754716981132,0.2450980392156863,0.40287476084280827,0.1342189360235604,0.020202020202020204,0.6000000000000014,0.0,1.0,0.0,0.8,3.716233942995972e-05,0.0,4.334928687902777e-05,0.0,3.956709776073548e-05,0.0,0.0036354330375410375,0.0,0.0,0.000928421116182596,0.0012425258338950322,0.03312156029362849,1,2
2671,0.8000000000000114,1.0,0.0,0.10231660231660232,0.0,0.6000000000000001,0.029411764705882346,0.0,0.0,0.0,0.0,0.0,0.0,0.0,0.0,0.0,0.010135871796054529,0.0,0.0027886340926537518,9.89901386388269e-06,0.00776036462543326,0.0024619491081396975,0.0,0.6540225748611667,0.493959113474553,0.580754716981132,0.2450980392156863,0.4021192069120999,0.13371765148192244,0.020202020202020204,0.8999999999999986,0.0,1.0,0.0,0.4,5.623909752243082e-05,0.0,0.0,0.0,0.0,0.00032488781612867435,0.003661781768596123,0.0,0.0,0.0013849570811168682,0.0012148649815152276,0.03312280039946885,0,3
10633,0.4000000000000341,0.0,1.0,0.015444015444015444,0.0,0.6000000000000001,0.23529411764705882,0.0,0.12,0.0,0.0,0.0,0.0,0.0,0.0,0.0,0.03426515328289306,0.0,0.0008043294090493882,9.89901386388269e-06,0.0,0.0,0.0,0.6535777137858326,0.4933818749714686,0.580754716981132,0.24448529411764708,0.40287476084280827,0.13390563318503665,0.020202020202020204,0.10000000000000142,0.0,1.0,0.0,0.35000000000000003,0.0,0.0,0.0,0.0,0.0,0.0,0.0036354330375410375,0.0,0.007700205338809035,0.0004238933620397227,0.001085567398133879,0.03312156029362849,1,4
10485,0.6000000000000227,0.0,1.0,0.03474903474903475,0.0,0.6000000000000001,0.2647058823529412,0.0,0.0,0.0,0.0,0.0,0.0,0.0,0.0,0.0,0.009770786935533304,0.0,0.0008043294090493882,9.89901386388269e-06,0.025924758408176308,0.005232618291103502,0.0,0.6539549837899611,0.49382327780830865,0.20339622641509433,0.2450980392156863,0.39068840712170516,0.13378031204962718,0.020202020202020204,0.0,0.0,1.0,0.0,0.9,4.568917507556246e-06,0.0,0.0,0.0,1.568284491940544e-05,0.0,0.0036354330375410375,0.0,0.0,0.002404705855868071,0.0010825576210823542,0.03312156029362849,1,4
3506,0.4000000000000341,0.0,0.0,0.03474903474903475,0.0,0.4,0.0,0.0,0.0,0.0,0.0,0.0,0.0,0.0,0.0,0.0,0.009770786935533304,0.06624514313099152,0.01590241441514498,0.0012521139151794192,0.0,0.6628229147579414,0.0,0.6119517738213865,0.5274725796970086,0.580188679245283,0.24264705882352944,0.3959163528680584,0.12970737514881886,0.030303030303030304,0.14999999999999858,0.0,0.0,0.0,0.15000000000000002,0.0,0.0,6.351174589252906e-06,2.7688778133776357e-05,0.0,9.757476123998006e-07,0.03967047945939153,0.0,0.0,0.0,0.021984832107900004,0.03559880564116805,0,2
3976,0.4000000000000341,0.0,1.0,0.06756756756756757,0.0,0.6000000000000001,0.32352941176470584,0.0,0.0,0.0,0.0,0.0,0.0,0.0,0.0,0.0,0.009770786935533304,0.0,0.0008043294090493882,3.064848055198035e-05,0.0003578870349456807,0.0010627782064402415,0.0,0.654107107931265,0.4940029116595194,0.40867924528301885,0.18394607843137256,0.3970862428252843,0.10295131273889344,0.24242424242424243,0.6499999999999986,0.0,0.0,1.0,0.55,0.0,0.006551922000147602,0.0,0.0,0.0,0.0,0.0036354330375410375,0.0058495110256439765,0.0,0.0003184188700849987,0.001085720117552452,0.03312156029362849,0,4
6042,0.6000000000000227,1.0,0.0,0.10231660231660232,0.4444444444444444,0.6000000000000001,0.5,0.0,0.0,0.0,0.0,1.0,0.0,0.0,0.0,0.0,0.010250187497465106,0.0,0.0008043294090493882,1.3482092501729798e-05,0.014757236909649068,0.003392347481687664,0.0,0.653971437755914,0.49417467137878013,0.580377358490566,0.24448529411764708,0.3991640161347324,0.1332163669402845,0.020202020202020204,0.29999999999999716,0.0,1.0,0.0,0.45,0.0,0.0,0.0003084856229065697,0.0013448835093548515,0.0,5.612355711321816e-05,0.0037385077970671773,0.0,0.0,0.001617011196208137,0.0012438856860628768,0.0331488426221163,0,0
4254,0.0,0.0,0.0,0.07673745173745174,0.0,0.0,0.4411764705882353,0.3333333333333333,0.0,0.0,0.0,0.0,0.0,0.0,0.0,0.0,0.009770786935533304,0.0,0.0008043294090493882,9.89901386388269e-06,0.0,0.0,0.0,0.6541027815672963,0.493997047110074,0.20339622641509433,0.24485294117647063,0.39068840712170516,0.13409361488815089,0.020202020202020204,0.6000000000000014,0.0,1.0,0.0,0.75,6.788881883441673e-09,0.0,0.0,0.0,1.565154183573397e-08,0.0,0.0036354330375410375,0.0,0.0,1.0590938556695546e-05,0.0010825576210823542,0.03312156029362849,0,2
10448,0.8000000000000114,0.0,0.0,0.03861003861003861,0.0,0.8,0.1176470588235294,0.0,0.0,0.0,0.0,0.0,0.0,0.0,0.0,0.0,0.009770786935533304,0.0,0.0008043294090493882,9.89901386388269e-06,0.0,0.0003809348110346444,0.0,0.6540932753615228,0.4939859095900391,0.580754716981132,0.2450980392156863,0.40287476084280827,0.1342189360235604,0.25252525252525254,0.14999999999999858,0.0,0.0,0.0,1.0,0.0,0.0,0.0,0.0,0.0,0.0,0.0036354330375410375,0.0,0.0,0.00015732915971902804,0.0011954879059976392,0.03312156029362849,1,2
1677,0.0,0.0,0.0,0.047972972972972976,0.0,0.0,0.7941176470588235,0.2222222222222222,0.0,0.0,0.0,0.0,0.0,0.0,0.0,0.0,0.009885900258346562,0.0025262473399437187,0.0008043294090493882,9.89901386388269e-06,0.003712626109992061,0.0008534468824881757,0.0,0.653966384146662,0.4938122606225555,0.580754716981132,0.2450980392156863,0.40287476084280827,0.13277774296635128,0.020202020202020204,0.14999999999999858,0.0,1.0,0.0,0.45,2.429740826083775e-05,0.0,1.5121844260125966e-06,6.592566222327703e-06,0.0002617876887444864,0.0,0.003648533781325449,0.0,0.0,0.002110922429817125,0.0013871668363818334,0.03312156029362849,0,2
3379,0.6000000000000227,1.0,0.0,0.10231660231660232,0.4444444444444444,0.6000000000000001,0.5,0.0,0.0,0.0,0.0,1.0,0.0,0.0,0.0,0.0,0.010659156584594183,0.0,0.0008058888820878538,1.2085299134433468e-05,0.0043380246660082505,0.0017497738615064294,0.0,0.6542436925471546,0.49415688286654263,0.36698113207547167,0.16776960784313727,0.39600165734410614,0.09442947553104833,0.020202020202020204,0.0,0.0,1.0,0.0,0.35000000000000003,3.826213829507727e-05,0.0,0.002535630845537922,0.00766979154305605,0.0,0.00021766399516607402,0.00375429897383258,0.0,0.0,0.0010762849443412923,0.0011802200782954073,0.033174140781259534,0,0
9471,0.20000000000004547,0.0,0.0,0.10424710424710425,0.0,0.6000000000000001,0.029411764705882346,0.0,0.0,0.0,0.0,0.0,0.0,0.0,0.0,0.0,0.009770786935533304,0.0,0.0008043294090493882,9.89901386388269e-06,0.0,1.196653856653333e-05,0.0,0.6540561288651925,0.49394238856209577,0.20339622641509433,0.12426470588235296,0.39068840712170516,0.07243561626668339,0.020202020202020204,0.3999999999999986,0.0,1.0,0.0,0.75,0.0,0.0,0.0,0.0,9.703955938155062e-07,0.0,0.0036354330375410375,0.0,0.0,0.00019334858360266894,0.0010825576210823542,0.03312156029362849,1,2
12477,0.20000000000004547,0.0,0.0,0.03474903474903475,0.0,0.6000000000000001,0.029411764705882346,0.0,0.0,0.0,0.0,0.0,0.0,0.0,0.0,0.0,0.009860225878856509,0.0,0.0008043294090493882,9.89901386388269e-06,0.002161782291894112,0.0007810659443531026,0.0,0.6538960792412345,0.49375272504259216,0.20339622641509433,0.2450980392156863,0.39068840712170516,0.13309104580487502,0.020202020202020204,1.0,0.0,1.0,0.0,0.25000000000000006,0.0,0.0,1.9154336062826223e-06,0.0,0.0,7.227760091850375e-07,0.0036354330375410375,0.0,0.0016362422997946613,6.83806250290995e-05,0.0010825576210823542,0.03312156029362849,1,2
5747,0.20000000000004547,0.0,0.0,0.03474903474903475,0.0,0.6000000000000001,0.47058823529411764,0.0,0.0,0.0,0.0,0.0,0.0,0.0,0.0,0.0,0.009807898904948585,0.0,0.0008043294090493882,9.89901386388269e-06,0.0048217144162681705,0.0011084006347251499,0.0,0.6541079445118303,0.49399141468933977,0.3920754716981132,0.18357843137254906,0.3967815839822567,0.08985525408860205,0.25252525252525254,0.8999999999999986,0.0,0.0,0.0,0.55,0.0,0.010161250746161329,0.0,0.0,0.0,0.0,0.003644846019130838,0.01917233311658466,0.0,9.007414168629232e-05,0.0010936176099521759,0.03312156029362849,0,2
10380,0.6000000000000227,0.0,1.0,0.03861003861003861,0.0,0.4,0.23529411764705882,0.0,0.0,0.0,0.0,0.0,0.0,0.0,0.0,0.0,0.009843204939112516,0.0,0.0008043294090493882,9.89901386388269e-06,0.0,5.335081777579443e-05,0.0,0.6541011779831634,0.4939932965622357,0.580754716981132,0.2450980392156863,0.40287476084280827,0.13403095432044615,0.020202020202020204,0.14999999999999858,0.0,1.0,0.0,0.8,3.259342192240347e-05,0.0,0.0,0.0,4.5201652821599706e-05,0.0,0.0036354330375410375,0.0,0.0,5.1803503809923866e-05,0.0012576841655908934,0.03312156029362849,1,4
6938,0.6000000000000227,0.0,0.0,0.10231660231660232,0.0,0.6000000000000001,0.5294117647058824,0.0,0.0,0.0,0.0,1.0,0.0,0.0,0.0,0.0,0.009770786935533304,0.0,0.0008043294090493882,9.89901386388269e-06,0.0,0.0,0.0,0.6540838751778407,0.49397487726545697,0.2943396226415094,0.15747549019607845,0.393625318368491,0.08941663011466885,0.020202020202020204,0.6999999999999957,0.0,1.0,0.0,0.35000000000000003,3.998651429347146e-05,0.0,0.0,0.0,9.855775893961681e-05,0.0,0.0036354518847072793,0.0,0.0,0.0,0.001123374054301798,0.03312156029362849,0,1
2122,0.6000000000000227,1.0,0.0,0.10231660231660232,0.0,0.2,0.1764705882352941,0.0,0.0,0.0,0.0,0.0,0.0,0.0,0.0,0.0,0.009770786935533304,0.0,0.0008043294090493882,9.89901386388269e-06,0.0036884054722735155,0.000804251112825761,0.0,0.6540959895270636,0.4939865205776501,0.3920754716981132,0.20355392156862748,0.3967815839822567,0.10796415815527291,0.24242424242424243,0.5,0.0,0.0,1.0,0.55,0.0,0.004230437747279284,0.0,0.0,0.0,0.0,0.0036480088092157607,0.015891521754124203,0.0,0.0002640827505332563,0.0010884092879180534,0.03312156029362849,0,3
11318,0.4000000000000341,0.0,0.0,0.0694980694980695,0.0,0.8,0.029411764705882346,0.0,0.0,0.0,0.0,0.0,0.0,0.0,0.0,0.0,0.009770786935533304,0.0,0.001241449701731288,0.017857274439126734,0.03286234435529,0.007554292974935503,8.175220885921219e-05,0.6528602251853428,0.4933028720219504,0.580754716981132,0.24460784313725495,0.39438696547605995,0.07550598408421583,0.030303030303030304,0.44999999999999574,0.0,1.0,0.0,0.25000000000000006,0.0011574568389536213,0.0,0.0,0.0012569826263904823,0.0005292412356335084,0.0,0.003828103298886886,0.0,0.0025667351129363453,0.001890789516096436,0.0017263264284710063,0.03312156029362849,1,2
2643,0.6000000000000227,1.0,0.0,0.06756756756756757,0.0,0.6000000000000001,0.5588235294117647,0.0,0.0,0.0,0.0,0.0,0.0,0.0,0.0,0.0,0.009770786935533304,0.0,0.0008043294090493882,9.89901386388269e-06,0.0003896992158297412,0.00032160072397558327,0.0,0.6541127406861917,0.4940086337487022,0.3920754716981132,0.22953431372549024,0.3967815839822567,0.12575975938342002,0.020202020202020204,0.14999999999999858,0.0,1.0,0.0,0.55,0.0,0.0,0.0,0.0,0.0,0.0,0.0036354330375410375,0.0,0.0,0.000112330461841667,0.0010868321290539984,0.03312156029362849,0,3
7377,0.8000000000000114,0.0,0.0,0.03861003861003861,0.0,0.6000000000000001,0.0,0.0,0.0,0.0,0.0,0.0,0.0,0.0,0.0,0.0,0.009770786935533304,0.0,0.0012913372442318017,9.89901386388269e-06,0.0,0.00011251870291032034,0.00011489675961777547,0.6541016812567786,0.49401296345379314,0.580754716981132,0.2450980392156863,0.39993175641916184,0.10877874553543457,0.020202020202020204,0.0,0.0,1.0,0.0,0.4,6.578426545054981e-06,0.0,0.00012752755326039564,0.0005559730847496363,0.0,2.4935772316883793e-06,0.003646422113407794,0.0,0.0,0.00019664865866019,0.0011364966723328193,0.03312156029362849,0,2
2042,0.6000000000000227,1.0,0.0,0.06756756756756757,0.0,0.6000000000000001,0.0,0.0,0.0,0.0,0.0,0.0,0.0,0.0,0.0,0.0,0.00977539207042425,0.0,0.0008043294090493882,9.89901386388269e-06,0.0015045715549938618,0.0004381082730747481,0.0,0.654109323792976,0.4940039442052914,0.39622641509433965,0.22071078431372554,0.39697047246493383,0.11974434488376468,0.020202020202020204,0.10000000000000142,0.0,1.0,0.0,0.55,0.0,0.0,0.0,0.0,0.0,0.0,0.0036365249952351616,0.0,0.0,0.00011719103750778332,0.0010872243616924819,0.033125280611149555,0,3
5299,0.20000000000004547,0.0,0.0,0.0,0.0,0.0,0.7941176470588235,0.3333333333333333,0.0,0.0,0.0,0.0,0.0,0.0,0.0,0.0,0.012937133211728676,0.001474631821628933,0.0009194497087489168,2.0223138752594696e-05,0.07384438637918095,0.019683377023664246,0.0010300908806618052,0.6532424888299779,0.49475421408927167,0.580754716981132,0.2442401960784314,0.398707027870191,0.13258976126323704,0.020202020202020204,0.3999999999999986,0.0,1.0,0.0,0.25000000000000006,0.0005873604827916067,0.0,0.0,0.0,0.0,0.004471381503222315,0.004509665126047469,0.0,0.0,0.00406410638828018,0.0018478857818647943,0.03317887302514633,0,2
3636,1.0,1.0,0.0,0.06756756756756757,0.0,0.4,0.1764705882352941,0.0,0.0,0.0,0.0,0.0,0.0,0.0,0.0,0.0,0.009770786935533304,0.0,0.0008199241394340439,9.89901386388269e-06,0.0,0.00017725435251677497,1.3266519660579792e-06,0.6541051985396621,0.4940001521227172,0.300377358490566,0.12107843137254905,0.39366797060651487,0.06955323015226518,0.020202020202020204,0.10000000000000142,0.0,1.0,0.0,0.10000000000000002,0.0,0.0,6.915723441630942e-05,0.000301500028567787,0.0,7.950536101035412e-05,0.0036354330375410375,0.0,0.0,6.65643046486034e-05,0.0010836249716958339,0.03312156029362849,0,3
4637,0.20000000000004547,0.0,0.0,0.23938223938223938,0.0,0.2,0.5588235294117647,0.0,0.0,0.0,0.0,0.0,0.0,0.0,0.28370205790970815,0.0,0.009814505618076449,0.0,0.0009130714640215925,9.89901386388269e-06,0.0,0.0005433140913055203,0.0003452774854612537,0.6553615699314489,0.49543343084982855,0.280377358490566,0.15772058823529414,0.3931744232808102,0.08603295945861271,0.04040404040404041,0.6000000000000014,0.0,1.0,0.0,0.9,3.744747246906427e-05,0.0,0.0,0.0,0.0,1.0841640137775563e-06,0.0051238263455336336,0.0,0.0,0.0007228699294602562,0.001398049073925786,0.03312156029362849,0,2
1017,0.6000000000000227,0.0,0.0,0.10231660231660232,0.0,0.6000000000000001,0.5588235294117647,0.0,0.0,0.0,0.0,0.0,0.0,0.0,0.002142497588763527,0.0,0.009770786935533304,0.0,0.0008043294090493882,9.89901386388269e-06,0.0018751111618820664,0.0004930380091336268,0.0,0.6540848214250068,0.4939760049141291,0.3920754716981132,0.20931372549019608,0.3967815839822567,0.1159220502537753,0.25252525252525254,0.0,0.0,0.0,0.0,0.55,0.0,0.0034728697948216663,0.0,0.0,0.0,0.0,0.003644463186066555,0.014290892377137755,0.0,0.0005336144622080009,0.0010906507589040538,0.03312156029362849,0,2
7452,0.4000000000000341,0.0,0.0,0.10231660231660232,0.0,0.6000000000000001,0.5588235294117647,0.0,0.0,0.0,0.0,0.0,0.0,0.0,0.00010378881052833693,0.0,0.009770786935533304,0.0,0.0008043294090493882,9.89901386388269e-06,0.0023034910976503812,0.0007933648867687063,0.0,0.6540726027102877,0.4939614495123186,0.3920754716981132,0.21519607843137256,0.3967815839822567,0.11849113352966979,0.25252525252525254,0.0,0.0,0.0,1.0,0.55,0.0,0.0023298946658847786,0.0,0.0,0.0,0.0,0.0036407184897239227,0.010364778059421473,0.00013254620123203287,0.0005111790682122957,0.0010864841607585158,0.03312156029362849,0,2
7994,0.0,0.0,0.0,0.03474903474903475,0.0,0.6000000000000001,0.5588235294117647,0.0,0.0,0.0,0.0,0.0,0.0,0.0,0.0,0.0,0.009770786935533304,0.0,0.0008043294090493882,9.89901386388269e-06,0.0,0.0007086850062180295,0.0,0.6541022173309784,0.4939963410195629,0.3920754716981132,0.1814950980392157,0.3967815839822567,0.10151011968168433,0.24242424242424243,0.0,0.0,0.0,0.0,0.55,0.0,0.0008292667234229372,0.0,0.0,0.0,0.0,0.0036354330375410375,0.006438354799536309,0.0,0.00030670232453193936,0.001085847111109863,0.03312156029362849,0,2
5358,0.0,0.0,0.0,0.015444015444015444,0.0,0.6000000000000001,0.5294117647058824,0.0,0.0,0.0,0.0,1.0,0.0,0.0,0.0,0.0,0.01321711337352994,6.208953118344676e-06,0.000884876191486135,1.724736157878947e-05,0.09334995278783155,0.023652860688300338,0.0,0.6525400384692014,0.4950121545038671,0.580754716981132,0.24093137254901964,0.3944174313603627,0.09580800802055267,0.030303030303030304,0.44999999999999574,1.0,1.0,0.0,0.10000000000000002,9.484746879356361e-05,0.0,0.0,0.0,7.996372723876486e-05,0.0,0.004918075365517505,0.0,0.006628028747433266,0.014209790631982282,0.0019563495814283204,0.034083049074619134,0,1
392,0.6000000000000227,1.0,0.0,0.03861003861003861,0.537037037037037,0.4,0.5,0.0,0.0,0.0,0.0,1.0,0.0,0.0,0.0,0.0,0.010438772286087535,0.0,0.0009006580586354066,9.89901386388269e-06,0.014196185719512,0.0032633747882483606,0.0,0.6542485185402293,0.49414318144995717,0.41603773584905657,0.2450980392156863,0.3975858833278495,0.13083526536750426,0.25252525252525254,0.29999999999999716,0.0,1.0,0.0,0.35000000000000003,0.000204677999903883,0.0,0.0,0.0,0.0,0.0,0.0037098479322517125,0.0,0.0,0.0029841888031778958,0.0012118251661749474,0.033206591870889944,0,0
1386,0.0,0.0,0.0,0.015444015444015444,0.0,0.6000000000000001,0.029411764705882346,0.0,0.0,0.0,0.0,0.0,0.0,0.0,0.0,0.0,0.009770786935533304,0.0,0.0008043294090493882,9.89901386388269e-06,0.005009695485128528,0.0011516131351042979,0.0,0.6541283799386358,0.49402627941250205,0.410188679245283,0.2439950980392157,0.3972751313079614,0.1316498527476659,0.020202020202020204,0.10000000000000142,0.0,1.0,0.0,0.35000000000000003,0.0,0.0,0.0,0.0,0.0,3.2524920413326684e-06,0.003684333580952115,0.0,0.0,7.032485529554603e-05,0.0010932697407929598,0.03312156029362849,0,2
6775,0.0,0.0,0.0,0.03581081081081081,0.0,0.0,0.7941176470588235,0.3333333333333333,0.0,0.0,0.0,0.0,0.0,0.0,0.0,0.0,0.009770786935533304,0.0,0.001176684786443813,9.89901386388269e-06,0.015363837358779222,0.009665472921343692,0.0,0.6541364674362983,0.49403531457618294,0.3183018867924528,0.07708333333333334,0.3943808722991994,0.04806065542953819,0.04040404040404041,0.29999999999999716,0.0,1.0,0.0,0.35000000000000003,1.6449460803579174e-05,0.0,0.0016559427587788608,0.006353475820664619,0.0,0.00017827270266548948,0.003557608376337816,0.0,0.0,0.0018929384021804032,0.0013290816090567332,0.03312156029362849,0,2
8118,0.0,0.0,0.0,0.02316602316602317,0.0,0.6000000000000001,0.5294117647058824,0.0,0.0,0.0,0.0,1.0,0.0,0.0,0.0,0.0,0.009770786935533304,0.0,0.0008043294090493882,9.89901386388269e-06,0.0005964783915761345,0.0007778250068246665,0.0,0.6540583440642654,0.49400516773321385,0.580754716981132,0.2450980392156863,0.3914439610524136,0.06140735635064855,0.25252525252525254,0.5,0.0,0.0,0.0,0.10000000000000002,0.0,0.009013019109089153,0.0,0.0,0.0,0.0,0.0036903831286663794,0.034312584751525925,0.0,0.0008940645208163107,0.0011028087314937096,0.03312156029362849,0,1
6671,0.20000000000004547,1.0,0.0,0.03474903474903475,0.1111111111111111,0.6000000000000001,0.5,0.0,0.0,0.0,0.0,1.0,0.0,0.0,0.0,0.0,0.009770786935533304,2.651626727166531e-06,0.0008043294090493882,0.0038055432858167173,0.054145777872892986,0.012446862128440017,0.0,0.6532008986827402,0.49603511041005344,0.580188679245283,0.2410539215686275,0.39580667568456845,0.11404223322263302,0.030303030303030304,0.14999999999999858,1.0,1.0,0.0,0.25000000000000006,0.00026072700873357743,0.0,0.0028400839766417915,0.0,0.0,0.001688332479855329,0.004773918888025485,0.0,0.0,0.001779073021707331,0.001979529771970254,0.03328295758853899,0,0
3640,0.6000000000000227,1.0,0.0,0.05791505791505792,0.7037037037037037,0.6000000000000001,0.5,0.0,0.0,0.0,0.0,1.0,0.0,0.0,0.0,0.0,0.011488923634748693,1.977262399022944e-05,0.005638695828292662,9.89901386388269e-06,0.127751211393388,0.02936704905574454,0.0,0.6538815774070401,0.4956676720099039,0.5773584905660377,0.23921568627450984,0.3937776477900048,0.07406479102700672,0.030303030303030304,0.5,1.0,1.0,0.0,0.2,0.0,0.0,0.0,0.0,0.0,0.0017413119613285922,0.005324457964019381,0.0,0.0,0.0016724729227562433,0.0016394362666823361,0.03315330700314158,0,0
346,0.20000000000004547,0.0,1.0,0.10231660231660232,0.0,1.0,0.32352941176470584,0.0,0.0,0.0,0.0,0.0,0.0,0.0,0.0,0.0,0.009770786935533304,0.0,0.0008043294090493882,9.89901386388269e-06,0.023605361220083897,0.01344532019008514,0.0,0.6540891941736405,0.4940160467286306,0.3922641509433962,0.1479166666666667,0.3967876771591173,0.09624663199448588,0.04040404040404041,0.9499999999999957,0.0,1.0,0.0,0.0,0.0,0.0,0.0,0.0,0.0,0.00018513907475274736,0.0036926781638055937,0.0,0.0,0.0015140693199952315,0.0011166963840934603,0.03312156029362849,0,4
9969,0.4000000000000341,1.0,1.0,0.06756756756756757,0.0,0.8,0.2647058823529412,0.0,0.0,0.0,0.0,0.0,0.0,0.0,0.0,0.0,0.009770786935533304,0.0,0.0008043294090493882,9.89901386388269e-06,0.0,0.0,0.0,0.6540565943684377,0.49394285825396955,0.580754716981132,0.2450980392156863,0.40287476084280827,0.13403095432044615,0.020202020202020204,0.0,0.0,1.0,0.0,0.8,0.0,0.0,0.0,0.0,0.0,1.445552018370075e-07,0.0036354330375410375,0.0,0.0,0.0007238420445934794,0.0010834498474810276,0.03312156029362849,1,4
94,0.6000000000000227,0.0,1.0,0.10231660231660232,0.0,0.6000000000000001,0.2647058823529412,0.0,0.0,0.0,0.0,0.0,0.0,0.0,0.0,0.0,0.009770786935533304,0.0,0.0008043294090493882,9.89901386388269e-06,0.0005046568694789599,0.00013936031372275274,0.0,0.6540987865223633,0.49399128232162987,0.28094339622641507,0.05502450980392158,0.39319270281139185,0.036719092674979636,0.25252525252525254,0.14999999999999858,0.0,1.0,0.0,0.5,9.512581295078473e-05,0.0,0.0,0.0,0.0,0.0,0.0036354330375410375,0.0,0.0,4.778713339108038e-05,0.0010957978642936008,0.03312156029362849,0,4
11360,0.6000000000000227,0.0,1.0,0.10231660231660232,0.0,0.6000000000000001,0.32352941176470584,0.0,0.0,0.0,0.0,0.0,0.0,0.0,0.0,0.0,0.009770786935533304,0.0,0.0008043294090493882,9.89901386388269e-06,0.0,9.30730777397037e-06,0.0,0.6539047819983463,0.49376506978719514,0.20339622641509433,0.2450980392156863,0.39068840712170516,0.1342189360235604,0.020202020202020204,0.6999999999999957,0.0,1.0,0.0,0.2,0.0,0.0,0.0,0.00016920919970641105,6.025843606757579e-06,0.0,0.0036354330375410375,0.0,0.0,0.003395495832440096,0.0010825576210823542,0.03312156029362849,1,4
1232,0.8000000000000114,1.0,0.0,0.05791505791505792,0.7037037037037037,0.6000000000000001,0.5,0.0,0.0,0.0,0.0,1.0,0.0,0.0,0.0,0.0,0.012876544084045819,0.0,0.00125766822133133,1.5729107918684763e-05,0.07412491197424949,0.020735850710783304,0.0,0.6536439269011686,0.49549643477433086,0.580754716981132,0.24460784313725495,0.39534359424316656,0.13108590763832323,0.020202020202020204,0.0,0.0,1.0,0.0,0.2,0.0009804638993704132,0.0,0.0,0.0,0.0,0.0005846535138297768,0.004026936976243041,0.0,0.0,0.006691759175359849,0.0015468984109263297,0.033279113260433896,0,0
644,0.20000000000004547,0.0,0.0,0.03581081081081081,0.0,0.0,0.7941176470588235,0.2222222222222222,0.0,0.0,0.0,0.0,0.0,0.0,0.0,0.0,0.009770786935533304,0.0,0.0008043294090493882,9.89901386388269e-06,0.009146002004167396,0.002102454345370092,0.0,0.654176638875425,0.494082083077032,0.3330188679245283,0.2416666666666667,0.3948805128017646,0.13133654990914218,0.24242424242424243,0.3500000000000014,0.0,1.0,0.0,0.25000000000000006,0.00036230904835551523,0.0,0.0,0.0,0.0,0.0,0.0036354330375410375,0.0,0.0,0.00045203353694881713,0.0011146322183201295,0.03312296905386313,0,2
7266,0.6000000000000227,1.0,0.0,0.06756756756756757,0.2962962962962963,0.6000000000000001,0.5,0.0,0.0,0.0,0.0,1.0,0.0,0.0,0.0,0.0,0.009770786935533304,0.0,0.0008043294090493882,9.89901386388269e-06,0.0,0.00020899892010299532,4.949934220898296e-05,0.6541217137996367,0.49401922821176897,0.2788679245283019,0.14154411764705885,0.3931256778659258,0.08127075631305221,0.24242424242424243,0.5,0.0,0.0,1.0,0.75,0.0,0.09003368160152767,0.0,0.0,0.0,0.0,0.0036354330375410375,0.04151958766724488,0.0,0.00024351484087242728,0.001090145411785472,0.03312156029362849,0,0
3728,0.6000000000000227,1.0,0.0,0.03861003861003861,0.537037037037037,0.4,0.5,0.0,0.0,0.0,0.0,1.0,0.0,0.0,0.0,0.0,0.009770786935533304,0.0,0.0008043294090493882,9.89901386388269e-06,0.007131712550917564,0.0016394157836150663,3.627631933417556e-05,0.6542031000015336,0.49411148190657894,0.3092452830188679,0.2099264705882353,0.3941066793404746,0.11260104016542392,0.020202020202020204,0.3999999999999986,0.0,1.0,0.0,0.35000000000000003,0.0,0.0,0.0,0.0,0.0,4.289675614513197e-05,0.0036639067865898664,0.0,0.0,0.00028516229973788706,0.001110279392697935,0.03312156029362849,0,0
11549,0.0,0.0,0.0,0.02316602316602317,0.0,1.0,0.029411764705882346,0.0,0.0,0.0,0.0,0.0,0.0,0.0,0.0,0.0,0.009770786935533304,0.0,0.0008043294090493882,9.89901386388269e-06,0.0,0.0,0.0,0.6536585768349721,0.493464586157739,0.20339622641509433,0.2450980392156863,0.39068840712170516,0.13139921047684694,0.020202020202020204,0.6000000000000014,0.0,1.0,0.0,0.4,0.0,0.0,0.0,0.0,0.0,0.0,0.0036354330375410375,0.0,0.0,0.006870244630215078,0.0010825576210823542,0.03312156029362849,1,2
8869,0.20000000000004547,0.0,1.0,0.31660231660231664,0.0,0.6000000000000001,0.5882352941176471,0.0,0.0,0.0,0.0,0.0,0.0,0.0,0.0,0.0,0.009908218608161186,2.8916916983503323e-06,0.0008043294090493882,9.89901386388269e-06,0.0,7.437536122949535e-05,0.00010099953656349599,0.6540902033714234,0.4941138555973294,0.580754716981132,0.2450980392156863,0.39074933889031066,0.010213672535873176,0.020202020202020204,0.3500000000000014,1.0,1.0,0.0,0.45,0.0,0.0,0.0008782767146281161,0.0,0.0005466300986130089,0.0,0.0036474532104609292,0.0,0.0,0.00015344069918613498,0.001490506877146578,0.03312156029362849,0,4
5111,1.0,1.0,0.0,0.06756756756756757,0.0,0.8,0.1764705882352941,0.0,0.0,0.0,0.0,0.0,0.0,0.0,0.0,0.0,0.01076366003780575,0.0,0.0008043294090493882,9.89901386388269e-06,0.02156106709622751,0.04882962682266379,0.0,0.6534726054722957,0.4932309066870367,0.4158490566037736,0.2232843137254902,0.3975493242666862,0.1203709505608121,0.020202020202020204,0.29999999999999716,0.0,1.0,0.0,0.35000000000000003,0.0,0.0,0.0,0.0,0.0,0.0,0.003674619044702449,0.0,0.01717592402464066,0.007083342500208494,0.0011426731095776357,0.03312156029362849,0,3
8400,0.6000000000000227,1.0,0.0,0.15830115830115832,0.4444444444444444,0.6000000000000001,0.5,0.0,0.0,0.0,0.0,1.0,0.0,0.0,0.0,0.0,0.010274356930912366,0.0,0.0008043294090493882,9.89901386388269e-06,0.0036255041146163957,0.0017077247745990274,9.721531620129781e-06,0.6541711843701395,0.49407705737398266,0.33188679245283015,0.1553921568627451,0.39483786056374076,0.08822607932827872,0.020202020202020204,0.5499999999999972,0.0,1.0,0.0,0.05,0.0,0.0,0.00148980409650761,0.0,0.0,0.0005346735527946315,0.0037042291208159287,0.0,0.0,0.0004078022983871587,0.001110437862019966,0.03312156029362849,0,0
2491,0.8000000000000114,1.0,0.0,0.03861003861003861,0.537037037037037,0.2,0.5,0.0,0.0,0.0,0.0,1.0,0.0,0.0,0.0,0.0,0.009770786935533304,0.0,0.0008043294090493882,9.89901386388269e-06,0.00290756103239203,0.003706136715210094,0.0,0.6541076075603709,0.4940072347656335,0.28358490566037736,0.0607843137254902,0.39327800728743956,0.04022808446644527,0.25252525252525254,0.6499999999999986,0.0,1.0,0.0,0.45,0.00012444020492348586,0.0,0.0,0.0,0.0,0.0,0.003639418820551844,0.0,0.0,0.0011879758567532072,0.0011591211545327793,0.03312156029362849,0,0
8851,0.8000000000000114,1.0,0.0,0.03861003861003861,0.0,0.6000000000000001,0.029411764705882346,0.0,0.0,0.0,0.0,0.0,0.0,0.0,0.0,0.0,0.009770786935533304,0.0,0.0008043294090493882,9.89901386388269e-06,0.009322415007251731,0.003481930319012129,0.0,0.654073051316262,0.49396187650493106,0.3041509433962264,0.116421568627451,0.3939421635652397,0.06830001879817033,0.020202020202020204,0.6999999999999957,0.0,1.0,0.0,0.35000000000000003,0.0001462732490606343,0.0,0.0,0.0,0.00010499054263410347,0.0,0.003665540600313437,0.0,0.0,0.0012393700489280897,0.0011118781136999578,0.03312156029362849,0,3
6599,0.0,0.0,0.0,0.03474903474903475,0.0,0.6000000000000001,0.5294117647058824,0.0,0.0,0.0,0.0,1.0,0.0,0.0,0.0,0.0,0.011325260752594922,1.9467086754177333e-05,0.0008160878357594187,9.89901386388269e-06,0.0,0.0,0.0,0.6539454242418228,0.4940802400216463,0.580754716981132,0.2450980392156863,0.3967084658599301,0.10483112977003574,0.020202020202020204,0.14999999999999858,1.0,0.0,0.0,0.10000000000000002,0.0,0.0,1.5827530325598512e-05,0.0,0.0,2.5622409525609577e-05,0.0037525654271876475,0.0,0.0,0.0,0.0012110385694682503,0.0331287330658091,0,1
4258,0.6000000000000227,1.0,0.0,0.10231660231660232,0.4444444444444444,0.6000000000000001,0.5,0.0,0.0,0.0,0.0,1.0,0.0,0.0,0.0,0.0,0.009770786935533304,0.0,0.0008043294090493882,9.89901386388269e-06,0.0005039338653679585,0.00019894370366861663,0.0,0.654121929819648,0.49401944403712583,0.3924528301886792,0.18468137254901965,0.39679377033597785,0.10326461557741715,0.25252525252525254,0.3500000000000014,0.0,1.0,0.0,0.55,4.3184077660572484e-05,0.0,0.0,0.0,0.0,0.0,0.0036354330375410375,0.0,0.0,8.234838457488639e-05,0.0010940187152865127,0.03312156029362849,0,0
8968,0.8000000000000114,0.0,0.0,0.03474903474903475,0.0,0.6000000000000001,0.5294117647058824,0.0,0.0,0.0,0.0,1.0,0.0,0.0,0.0,0.0,0.021508628645760006,2.1824088289436472e-07,0.0008043294090493882,9.89901386388269e-06,0.0,0.01604845783311748,0.0,0.6540542251060131,0.495835937765069,0.5713207547169811,0.2410539215686275,0.40091275789371067,0.13196315558618962,0.030303030303030304,0.6000000000000014,0.0,1.0,0.0,0.45,0.0014555837979830788,0.0,4.637365573105296e-06,2.0217203081804956e-05,0.0018399796066670498,0.0,0.003802270116358368,0.0,0.0,0.005608311277405333,0.0031249975824692005,0.03312280039946885,0,1
1446,0.20000000000004547,0.0,0.0,0.03474903474903475,0.0,1.0,0.5588235294117647,0.0,0.0,0.0,0.0,0.0,0.0,0.0,0.0,0.0,0.011198348652806164,0.0,0.0008043294090493882,9.89901386388269e-06,0.0038467433725828163,0.0036310134453201902,0.0,0.6540608541372802,0.4939255724284895,0.3650943396226415,0.15122549019607845,0.39591025969119786,0.08120809574534746,0.24242424242424243,0.6499999999999986,0.0,1.0,0.0,0.0,0.00010090994031547703,0.0,0.0,0.0,0.0,0.0,0.0036354330375410375,0.0,0.0005580082135523615,0.0,0.0011199768527207158,0.03312156029362849,0,2
2868,0.20000000000004547,0.0,1.0,0.08687258687258688,0.0,0.6000000000000001,0.23529411764705882,0.0,0.0,0.0,0.0,0.0,0.0,0.0,0.0,0.0,0.012873880329550075,3.060828382593465e-05,0.0008325246815848458,0.003320339781120455,0.1867002670777186,0.050967980783733484,0.0,0.6517319924245863,0.49620518700207067,0.580377358490566,0.23504901960784316,0.3932231686956946,0.0555799235541074,0.020202020202020204,0.6999999999999957,1.0,1.0,0.0,0.25000000000000006,0.0,0.0,0.0067173248449380885,0.015830949021882926,0.0006974014011166342,0.0,0.0054600774605025396,0.0,0.0,0.0025995126121705747,0.0037654497364933174,0.03313308831752043,0,4
1770,0.8000000000000114,0.0,1.0,0.05791505791505792,0.0,0.6000000000000001,0.23529411764705882,0.0,0.0,0.0,0.0,0.0,0.0,0.0,0.0,0.0,0.009770786935533304,0.0,0.0008043294090493882,9.89901386388269e-06,0.0206099551882052,0.004737752060799988,0.0,0.6530457668272298,0.49340920172231956,0.28150943396226413,0.08553921568627453,0.3915048928210191,0.03571652359170374,0.25252525252525254,1.0,1.0,1.0,0.0,0.05,1.80991591012555e-05,0.0,0.0,0.0,0.0,0.0,0.0037818346837115917,0.0,0.0,0.0026477602211510765,0.001475716886248969,0.03312156029362849,0,4
2956,0.6000000000000227,0.0,0.0,0.10424710424710425,0.0,0.4,0.5294117647058824,0.0,0.0,0.0,0.0,1.0,0.0,0.0,0.0,0.0,0.009770786935533304,0.0,0.0008043294090493882,9.89901386388269e-06,0.0,0.0,0.0,0.6540884583140621,0.49398013509721744,0.580754716981132,0.2450980392156863,0.40287476084280827,0.13378031204962718,0.24242424242424243,0.44999999999999574,0.0,1.0,0.0,0.25000000000000006,1.2830986759704761e-05,0.0,0.0,0.0,0.0,0.0,0.0036354330375410375,0.0,0.0,0.00023179829531936796,0.001085764976713052,0.03312156029362849,0,1
3249,0.6000000000000227,1.0,0.0,0.06756756756756757,0.2962962962962963,0.4,0.5,0.0,0.0,0.0,0.0,1.0,0.0,0.0,0.0,0.0,0.009770786935533304,0.0,0.0008096472121105558,9.89901386388269e-06,0.0,0.0001052889191930398,0.0,0.6541160048413318,0.49401249376191936,0.3949056603773585,0.1817401960784314,0.39685470210458335,0.10138479854627484,0.24242424242424243,0.5,0.0,0.0,1.0,0.55,0.0,0.0007108901602162653,0.0,0.0,0.0,0.0,0.003645181734279517,0.010556013261960484,0.0,4.750573164198944e-05,0.0010898478047133811,0.03312156029362849,0,0
2994,0.0,0.0,1.0,0.10231660231660232,0.0,0.6000000000000001,0.32352941176470584,0.0,0.0,0.0,0.0,0.0,0.0,0.0,0.0,0.0,0.009770786935533304,0.0,0.0008043294090493882,9.89901386388269e-06,0.0,0.00013936031372275274,6.430999776448269e-05,0.6541008751575647,0.49399380235439394,0.580754716981132,0.2450980392156863,0.40287476084280827,0.13403095432044615,0.25252525252525254,0.14999999999999858,0.0,1.0,0.0,0.45,0.00010140552869296827,0.0,0.0,0.0,0.0,0.0,0.0036354330375410375,0.0,0.0,0.00015858267660134225,0.0011843524744289964,0.03312156029362849,0,4
7490,0.6000000000000227,1.0,0.0,0.05791505791505792,0.7037037037037037,0.6000000000000001,0.5,0.0,0.0,0.0,0.0,1.0,0.0,0.0,0.0,0.0,0.013262758387007861,0.0,0.00127217132058906,9.89901386388269e-06,0.0,0.0,0.0,0.6529541385599811,0.4945299261269941,0.39264150943396225,0.135171568627451,0.3952765692977005,0.07776176452158658,0.020202020202020204,0.6999999999999957,1.0,1.0,0.0,0.05,0.0002569591792882673,0.0,0.0,0.0,0.0006132743637495641,0.0,0.004299331536089549,0.0,0.0,0.009217314291473886,0.002133038513497203,0.03312156029362849,0,0
8639,0.0,0.0,0.0,0.02316602316602317,0.0,0.8,0.029411764705882346,0.0,0.0,0.0,0.0,0.0,0.0,0.0,0.0,0.0,0.009770786935533304,0.0,0.0008043294090493882,9.89901386388269e-06,0.00025232843473947994,0.0004779967349631925,0.0,0.6541025917214889,0.49400022548781153,0.3920754716981132,0.17598039215686276,0.39503893540013896,0.07957892098502413,0.25252525252525254,0.7999999999999972,0.0,1.0,0.0,0.45,0.0,0.0,0.0,0.0,0.0,0.0,0.0036354330375410375,0.0,0.0,0.000221079446876722,0.0010880389148263375,0.03312156029362849,0,2
10942,0.4000000000000341,0.0,0.0,0.02316602316602317,0.0,0.6000000000000001,0.5588235294117647,0.0,0.0,0.0,0.0,0.0,0.0,0.0,0.0,0.0,0.009770786935533304,0.0,0.0008043294090493882,9.89901386388269e-06,0.0,0.0,0.0,0.6539486085490753,0.4938164172015508,0.20339622641509433,0.21237745098039215,0.39068840712170516,0.1174885644463939,0.020202020202020204,0.3999999999999986,0.0,1.0,0.0,0.75,0.0,0.0,0.0,0.0,0.0,0.0,0.0036354330375410375,0.0,0.0,0.0005163977915590732,0.0010825576210823542,0.03312156029362849,1,2
8494,0.8000000000000114,1.0,0.0,0.0694980694980695,0.3333333333333333,0.6000000000000001,0.5,0.0,0.0,0.0,0.0,1.0,0.0,0.0,0.0,0.0,0.009779530672041932,0.0,0.000928182757764324,9.89901386388269e-06,0.0,0.004991293096678413,0.0012059701339324754,0.6537391410343412,0.49367266315139485,0.580754716981132,0.24497549019607845,0.4024908907005935,0.1339682937527414,0.020202020202020204,0.10000000000000142,0.0,1.0,0.0,0.45,0.0020519870714434296,0.0,0.0,0.0,0.0009035635101769221,0.0,0.0036836727521857683,0.0,0.0,0.008505521358136937,0.0016006709628171758,0.03312156029362849,0,0
2584,0.6000000000000227,1.0,0.0,0.10231660231660232,0.0,0.6000000000000001,0.0,0.0,0.0,0.0,0.0,0.0,0.0,0.0,0.0,0.0,0.01210072934952545,0.0,0.0008623418060803075,9.89901386388269e-06,0.01271764231251419,0.003187005003924443,0.0006842044401997381,0.6541436335357224,0.49388165080384067,0.4281132075471698,0.17389705882352943,0.39993175641916184,0.0965599348330096,0.020202020202020204,0.14999999999999858,0.0,1.0,0.0,0.35000000000000003,0.0007058672049489645,0.0,0.0013917137334069263,0.0,0.0,0.0004988961403399721,0.0037131053508171396,0.0,0.0,0.0015224602085135797,0.0011850823651912443,0.03510572963819624,0,3
9131,0.20000000000004547,0.0,0.0,0.015444015444015444,0.0,0.6000000000000001,0.5588235294117647,0.0,0.0,0.0,0.0,0.0,0.0,0.0,0.0,0.0,0.009770786935533304,0.0,0.0008043294090493882,9.89901386388269e-06,0.00012254919681473309,0.0030298610842764253,0.0,0.6540043907472091,0.4938813379347082,0.580377358490566,0.24485294117647063,0.4028625744890872,0.1336549909142177,0.25252525252525254,0.8999999999999986,0.0,1.0,0.0,0.25000000000000006,0.0,0.0,0.0,0.0,0.0,0.0,0.0036354330375410375,0.0,0.0,0.0012667683464986717,0.00108262994098878,0.03312156029362849,1,2
4314,0.4000000000000341,0.0,0.0,0.03474903474903475,0.0,0.0,0.4411764705882353,0.0,0.0,0.0,0.0,0.0,0.0,0.0,0.0,0.0,0.010010058306877009,0.0,0.0008043294090493882,1.1822135166681985e-05,0.00024690590390696963,9.556610660773146e-05,0.00015954621021313663,0.6540745869799927,0.49419407858119413,0.580754716981132,0.2450980392156863,0.39606258911271164,0.11260104016542392,0.020202020202020204,0.14999999999999858,1.0,1.0,0.0,0.2,3.3211210173796665e-05,0.0,2.9235565569576866e-06,0.0,0.0002074298839489823,0.0,0.00375863068087378,0.0,0.0,0.0006330260255686746,0.0011531037814275931,0.03312156029362849,0,2
1395,0.4000000000000341,0.0,0.0,0.0501930501930502,0.0,0.8,0.5588235294117647,0.0,0.0,0.0,0.0,0.0,0.0,0.0,0.0,0.0,0.009770786935533304,0.0,0.0008043294090493882,9.89901386388269e-06,0.0,0.0,1.705074002277796e-05,0.6541012505420322,0.4939924674202172,0.580754716981132,0.24460784313725495,0.40287476084280827,0.12168682248261171,0.020202020202020204,0.3999999999999986,0.0,1.0,0.0,0.5,3.5981073982240867e-06,0.0,0.0,0.0,2.0675686765004573e-05,0.0,0.0036362740923345698,0.0,0.0,5.341516837289928e-05,0.0010860947039354949,0.03312156029362849,0,2
11481,0.8000000000000114,1.0,1.0,0.10231660231660232,0.0,0.6000000000000001,0.23529411764705882,0.0,0.0,0.0,0.0,0.0,0.0,0.0,0.0,0.0,0.024145414508417277,0.0,0.0008043294090493882,9.89901386388269e-06,0.04255602197354094,0.009782645278140998,0.0034016661313299758,0.6540593602197481,0.493941421617916,0.5728301886792452,0.24497549019607845,0.4026188474146651,0.13378031204962718,0.020202020202020204,0.6000000000000014,0.0,1.0,0.0,0.35000000000000003,6.976933911613008e-05,0.0,0.0,0.0,0.00025831304645695344,0.0,0.0037357820256494825,0.0,0.0,0.005039700670401295,0.001302220835915872,0.03312156029362849,1,4
3240,0.20000000000004547,0.0,0.0,0.06756756756756757,0.0,0.6000000000000001,0.5588235294117647,0.0,0.0,0.0,0.0,0.0,0.0,0.0,0.0,0.0,0.009770786935533304,0.0,0.0008043294090493882,9.89901386388269e-06,0.00022160076002192148,0.00013570387138297867,0.0,0.6541070572394526,0.494002056509769,0.3920754716981132,0.19705882352941176,0.3967815839822567,0.10965599348330096,0.25252525252525254,0.6999999999999957,0.0,1.0,0.0,0.55,0.0,0.0,0.0,0.0,0.0,0.0,0.0036354330375410375,0.0,0.0,3.5456620385459e-05,0.00108561151377248,0.03312156029362849,0,2
9114,0.6000000000000227,0.0,1.0,0.02316602316602317,0.0,0.6000000000000001,0.23529411764705882,0.0,0.0,0.0,0.0,0.0,0.0,0.0,0.0,0.0,0.009770786935533304,0.0,0.0008043294090493882,9.89901386388269e-06,0.0,0.0,0.0,0.6540123553255093,0.49389110325575647,0.20339622641509433,0.2450980392156863,0.39068840712170516,0.1342189360235604,0.020202020202020204,0.8999999999999986,0.0,1.0,0.0,0.25000000000000006,0.0,0.0,0.0,0.0,0.0,1.8069400229625938e-07,0.0036354330375410375,0.0,0.0,0.0014070087454547222,0.0010825576210823542,0.03312156029362849,1,4
8201,0.6000000000000227,0.0,0.0,0.02316602316602317,0.0,0.4,0.5588235294117647,0.0,0.0,0.0,0.0,0.0,0.0,0.0,0.0,0.0,0.009770786935533304,0.0,0.0008043294090493882,9.89901386388269e-06,0.0024083266937455806,0.0005536186106267017,0.0,0.6541007363348886,0.4939946415889651,0.20339622641509433,0.2450980392156863,0.39068840712170516,0.13384297261733194,0.020202020202020204,0.5,0.0,1.0,0.0,0.65,8.506468999952416e-06,0.0,0.0002746126917638875,0.001197210025974711,0.0,3.537988564960758e-05,0.0036768492927077073,0.0,0.0,4.218468038645158e-05,0.0010825576210823542,0.03312156029362849,0,2
5158,0.8000000000000114,1.0,0.0,0.05791505791505792,0.0,0.6000000000000001,0.029411764705882346,0.0,0.0,0.0,0.0,0.0,0.0,0.0,0.0,0.0,0.009770786935533304,0.0,0.0008043294090493882,9.89901386388269e-06,0.04665075575619723,0.009659157248211356,0.0,0.654521591358169,0.4947069506651672,0.42679245283018863,0.20600490196078433,0.3972141995393559,0.11423021492574724,0.020202020202020204,0.6499999999999986,0.0,1.0,0.0,0.35000000000000003,1.830282555775875e-05,0.0,0.0,0.0,0.00011431886156820092,0.0,0.0037779435291812897,0.0,0.0,0.0013466864432404998,0.00140629175880553,0.033136441563712746,0,3
10209,0.0,0.0,0.0,0.06756756756756757,0.0,0.6000000000000001,0.0,0.0,0.0,0.0,0.0,0.0,0.0,0.0,0.0,0.0,0.009770786935533304,0.0,0.0008043294090493882,9.89901386388269e-06,0.0001315867482022503,0.007063000086009496,0.0,0.6539296627326544,0.4937939997012185,0.20339622641509433,0.2450980392156863,0.39068840712170516,0.13409361488815089,0.020202020202020204,0.14999999999999858,0.0,1.0,0.0,0.75,0.0,0.0,7.056860654725451e-07,0.0,0.0,9.034700114812968e-07,0.0036354330375410375,0.0,0.004774101642710473,9.073927309323455e-05,0.0010825576210823542,0.03312156029362849,1,2
11234,0.6000000000000227,0.0,1.0,0.05791505791505792,0.0,0.8,0.23529411764705882,0.0,0.0,0.0,0.0,0.0,0.0,0.0,0.0,0.0,0.009770786935533304,0.0,0.0008043294090493882,9.89901386388269e-06,0.014742776827429041,0.006677660923974669,0.0,0.654100053817675,0.49401909235048314,0.580754716981132,0.2450980392156863,0.40276508365931835,0.13409361488815089,0.020202020202020204,0.29999999999999716,0.0,1.0,0.0,0.4,5.913116120477697e-06,0.0,0.0,0.0,0.00010425492016782397,0.0,0.0036354330375410375,0.0,0.0,0.0010651056203092248,0.0015688730053311226,0.03312156029362849,1,4
5495,0.8000000000000114,1.0,0.0,0.03861003861003861,0.0,0.6000000000000001,0.1764705882352941,0.0,0.0,0.0,0.0,0.0,0.0,0.0,0.0,0.0,0.009770786935533304,0.0,0.001258494742041717,9.89901386388269e-06,0.03409145134399234,0.012218002078355066,0.0,0.6540968874016505,0.4939939820794663,0.580754716981132,0.2450980392156863,0.40262494059152565,0.1325271006955323,0.020202020202020204,0.6499999999999986,0.0,1.0,0.0,0.5,0.00022211184858056122,0.0,0.0,0.0,0.0,0.00030316839705266395,0.003684533439444136,0.0,0.0,0.0014400606599843132,0.0011671989758013017,0.03312156029362849,0,3
5548,0.4000000000000341,0.0,0.0,0.06756756756756757,0.0,0.4,0.029411764705882346,0.0,0.0,0.0,0.0,0.0,0.0,0.0,0.0,0.0,0.009770786935533304,0.0,0.0008043294090493882,9.89901386388269e-06,6.145534943511688e-05,0.0008915071232067332,0.0,0.654102936955924,0.49399722916419697,0.20339622641509433,0.2193627450980392,0.39068840712170516,0.12068425339933582,0.25252525252525254,0.10000000000000142,0.0,0.0,0.0,0.35000000000000003,0.0,0.020918589514864246,0.0,0.0,0.0,0.0,0.0036354330375410375,0.01565912000758144,0.0,0.0002774109606492911,0.0010825576210823542,0.03312156029362849,0,2
10110,0.8000000000000114,1.0,0.0,0.015444015444015444,0.0,0.6000000000000001,0.029411764705882346,0.0,0.0,0.0,0.0,0.0,0.0,0.0,0.0,0.0,0.009770786935533304,0.0,0.0008043294090493882,9.89901386388269e-06,0.0,0.0013571218147920543,0.0,0.6544726512294424,0.49442820949954047,0.580754716981132,0.2450980392156863,0.4052267271109812,0.1346575599974936,0.020202020202020204,0.14999999999999858,0.0,1.0,0.0,0.25000000000000006,0.0,0.0,0.0001003082335921689,0.0001639351467285489,0.0,2.2875860690706437e-05,0.0036354330375410375,0.0,0.001540041067761807,0.00034469156065921686,0.001083163740215853,0.03312974499217483,1,3
1503,0.8000000000000114,1.0,0.0,0.10231660231660232,0.4444444444444444,0.6000000000000001,0.5,0.0,0.0,0.0,0.0,1.0,0.0,0.0,0.0,0.0,0.009770786935533304,0.0,0.0008043294090493882,9.89901386388269e-06,0.0,0.0019243689832306413,0.0,0.654096670056363,0.49423396202025394,0.580754716981132,0.24191176470588235,0.3907676184208923,0.020865969045679555,0.020202020202020204,0.10000000000000142,1.0,1.0,0.0,0.6,5.928051660621269e-05,0.0,0.0,0.0,0.0,0.00020584660741589867,0.0038046122694131864,0.0,0.0,0.0006956251237528147,0.0011262860829945346,0.03312156029362849,0,0
12229,0.20000000000004547,0.0,1.0,0.20463320463320464,0.0,0.6000000000000001,0.23529411764705882,0.0,0.0,0.0,0.0,0.0,0.0,0.0,0.0,0.0,0.009770786935533304,0.0,0.0008799170672238145,9.89901386388269e-06,0.00013917829136776471,0.06724288873903016,0.0,0.6525076778763425,0.49211412730592674,0.580754716981132,0.24289215686274512,0.3988045186999598,0.1302086596904568,0.020202020202020204,0.7999999999999972,0.0,1.0,0.0,0.45,0.0,0.0,0.0,0.0,0.0,0.0,0.0036354330375410375,0.0,0.0,0.023301753235224747,0.0010963450469166538,0.03312156029362849,1,4
7502,0.6000000000000227,1.0,0.0,0.03474903474903475,0.0,0.6000000000000001,0.0,0.0,0.0,0.0,0.0,0.0,0.0,0.0,0.0,0.0,0.010034844768201814,0.0,0.0008043294090493882,9.89901386388269e-06,0.00481593038338016,0.0019655039595530997,0.0,0.654081365104826,0.49396931122266524,0.5809433962264151,0.2450980392156863,0.40288085401966883,0.12331599724293504,0.020202020202020204,0.5499999999999972,0.0,1.0,0.0,0.8,0.0,0.0,0.0013601594850507967,0.0014824483911940896,0.0,0.0006993942052879015,0.003660631306156791,0.0,0.0,0.0006135069769726391,0.00108285195665765,0.03312156029362849,0,3
11320,0.4000000000000341,0.0,0.0,0.10424710424710425,0.0,0.4,0.0,0.0,0.0,0.0,0.0,0.0,0.0,0.0,0.0,0.0,0.009770786935533304,0.0,0.0008043294090493882,9.89901386388269e-06,0.0,0.0,7.829421439030696e-06,0.6532403806469536,0.49298651125446047,0.20339622641509433,0.2450980392156863,0.39068840712170516,0.1342189360235604,0.020202020202020204,0.44999999999999574,0.0,1.0,0.0,0.5,0.0,0.0,0.0,0.0,0.0,4.8968074622286285e-05,0.0036354330375410375,0.0,0.0,0.0011797640420751895,0.0010825576210823542,0.03312156029362849,1,2
1887,0.20000000000004547,0.0,1.0,0.06756756756756757,0.0,0.8,0.23529411764705882,0.0,0.0,0.0,0.0,0.0,0.0,0.0,0.0,0.0,0.00987354465133523,0.0,0.0008043294090493882,9.89901386388269e-06,0.00021328621274540566,4.902956773787962e-05,0.0,0.6540958947698193,0.4939861347315984,0.39264150943396225,0.1920343137254902,0.39681814304342,0.09674791653612383,0.25252525252525254,0.3999999999999986,0.0,0.0,0.0,0.55,0.0,0.0027146710613878146,0.0,0.0,0.0,0.0,0.0036404722986148916,0.007812529566731006,6.845482546201232e-05,7.751339088596016e-06,0.0010846543531192365,0.033122160504855225,0,4
6892,0.8000000000000114,1.0,0.0,0.015444015444015444,0.35185185185185186,0.4,0.5,0.0,0.0,0.0,0.0,1.0,0.0,0.0,0.0,0.0,0.009947557897719804,0.0,0.0008043294090493882,9.89901386388269e-06,0.0018216088576679646,0.001492659484250498,0.0,0.6541368587240796,0.4940369720838697,0.32999999999999996,0.1672794117647059,0.39477692879513526,0.09442947553104833,0.24242424242424243,0.0,0.0,1.0,0.0,0.35000000000000003,0.0002269794768909889,0.0,0.0,0.0,0.0,0.0,0.0036354330375410375,0.0,0.0006416837782340863,0.00020800705653258812,0.0011084631667271688,0.03312156029362849,0,0
3139,0.8000000000000114,1.0,0.0,0.015444015444015444,0.35185185185185186,0.6000000000000001,0.5,0.0,0.0,0.0,0.0,1.0,0.0,0.0,0.0,0.0,0.009770786935533304,0.0,0.0008043294090493882,9.89901386388269e-06,0.012305168467187905,0.005837011589675703,0.0,0.6540119093700871,0.493890505466099,0.20339622641509433,0.13860294117647062,0.39068840712170516,0.07970424212043363,0.020202020202020204,0.14999999999999858,0.0,1.0,0.0,0.35000000000000003,0.0,0.0,0.0,0.0,0.0,0.0005500325429898135,0.003645489963977427,0.0,0.0,0.001725734599266002,0.0010825576210823542,0.03312156029362849,0,0
11543,0.20000000000004547,0.0,0.0,0.15830115830115832,0.0,0.8,0.38235294117647056,0.0,0.0,0.0,0.0,0.0,0.0,0.0,0.0,0.0,0.009770786935533304,0.0,0.0012070321317723528,9.89901386388269e-06,0.0,0.0003502705559579027,0.0,0.6536747591193157,0.4934432819436001,0.3920754716981132,0.24387254901960786,0.3965866023227191,0.12463186916473465,0.020202020202020204,0.6000000000000014,0.0,1.0,0.0,0.55,0.0,0.0,0.0,0.0,0.00019159052361121954,0.0,0.003695255121139839,0.0,0.003423100616016427,0.0010697359581806304,0.0011265108744788672,0.03312156029362849,1,2
11436,0.6000000000000227,0.0,0.0,0.10231660231660232,0.0,0.8,0.0,0.0,0.0,0.0,0.0,0.0,0.0,0.0,0.0,0.0,0.009770786935533304,0.0,0.0008043294090493882,9.89901386388269e-06,0.0,0.0,1.6811507701029803e-05,0.6541016782749073,0.4939938136114719,0.580754716981132,0.2450980392156863,0.40287476084280827,0.1339682937527414,0.020202020202020204,0.6000000000000014,0.0,1.0,0.0,0.6,0.0,0.0,0.0,0.0,0.0,0.0,0.0036354330375410375,0.0,0.0,4.6661526394716606e-05,0.0012305244470383436,0.03312156029362849,1,2
8011,0.6000000000000227,1.0,0.0,0.06756756756756757,0.2962962962962963,0.6000000000000001,0.5,0.0,0.0,0.0,0.0,1.0,0.0,0.0,0.0,0.0,0.00977466969632371,0.0,0.0009460699135155241,9.89901386388269e-06,0.0001536383735877922,3.5317908963726845e-05,0.0,0.654108952384337,0.4940076571001448,0.3933962264150943,0.1981617647058824,0.39617226629620156,0.10959333291559624,0.24242424242424243,0.25,0.0,1.0,1.0,0.55,0.0,0.0,0.0,0.0,0.0,0.0,0.0036405445460854845,0.0,0.0,2.6682002209259552e-05,0.0010872019568962485,0.03312156029362849,0,0
3617,0.4000000000000341,1.0,0.0,0.03861003861003861,0.0,0.6000000000000001,0.38235294117647056,0.0,0.0,0.0,0.0,0.0,0.0,0.0,0.0,0.0,0.01830058031471883,0.0,0.0008043294090493882,9.89901386388269e-06,0.00015761489619829977,3.623201954867036e-05,0.00016006817164240534,0.6538806460692306,0.49405833297157353,0.580754716981132,0.2450980392156863,0.3970435905872604,0.1315245316122564,0.030303030303030304,0.10000000000000142,0.0,1.0,0.0,0.6,0.0,0.0,3.225993442160206e-06,0.0,0.0,1.5901072202070824e-06,0.003774006827332571,0.0,0.0,0.0036291360301171503,0.001181383244110478,0.03312156029362849,0,3
9137,0.0,1.0,1.0,0.03474903474903475,0.0,0.6000000000000001,0.2647058823529412,0.0,0.0,0.0,0.0,0.0,0.0,0.0,0.0,0.0,0.009770786935533304,0.0,0.0008043294090493882,9.89901386388269e-06,0.0,0.0011400621013491026,0.0,0.6538354302977848,0.49368381697478403,0.5239622641509434,0.2450980392156863,0.40104071460778223,0.1342189360235604,0.24242424242424243,0.8999999999999986,0.0,1.0,0.0,0.10000000000000002,3.7467839114714594e-05,0.0,0.0,0.0,0.0,0.0,0.0036354330375410375,0.0,0.00424194045174538,0.0003054232256724351,0.0010858000709513997,0.03312156029362849,1,4
12145,0.0,0.0,1.0,0.02316602316602317,0.0,0.4,0.23529411764705882,0.0,0.0,0.0,0.0,0.0,0.0,0.0,0.0,0.0,0.009770786935533304,0.0,0.0008043294090493882,9.89901386388269e-06,0.0006698633088427741,0.00037860798409115176,0.0,0.6539599936651005,0.49382929840414513,0.580754716981132,0.2450980392156863,0.4027589904824578,0.1336549909142177,0.020202020202020204,0.7999999999999972,0.0,1.0,0.0,0.10000000000000002,5.498994325587755e-07,0.0,0.0,0.0,4.617204841541521e-06,0.0,0.003639483215036503,0.0,0.0015111909650924026,0.0007785874757802631,0.001092307573758257,0.03312156029362849,1,4
6470,0.0,1.0,0.0,0.06756756756756757,0.2962962962962963,0.6000000000000001,0.5,0.0,0.0,0.0,0.0,1.0,0.0,0.0,0.0,0.0,0.009770786935533304,0.0,0.0008043294090493882,9.89901386388269e-06,0.0,0.0001352883665716407,1.6985494844119373e-05,0.6541143055059975,0.4940099962433112,0.3920754716981132,0.18872549019607845,0.3967815839822567,0.10389122125446458,0.25252525252525254,0.10000000000000142,0.0,0.0,0.0,0.55,0.0,0.0006389811289255339,0.0,0.0,0.0,0.0,0.0036430335499772685,0.01005645377487554,0.0,0.00010117671978678957,0.001089212390813126,0.03312156029362849,0,0
851,0.20000000000004547,0.0,0.0,0.03474903474903475,0.0,0.6000000000000001,0.5294117647058824,0.0,0.0,0.0,0.0,1.0,0.0,0.0,0.0,0.0,0.009770786935533304,0.0008150642253455839,0.0008757532742111114,9.89901386388269e-06,0.0,0.0,0.0,0.654016135013069,0.494202464716104,0.580754716981132,0.24497549019607845,0.40077261482591797,0.13240177956012283,0.020202020202020204,0.14999999999999858,0.0,1.0,0.0,0.10000000000000002,0.00016101191162958616,0.0,0.0010159863096903298,0.0,0.0,0.0013004185957257194,0.003821932815189238,0.0,0.0,6.111534350711511e-05,0.001368016584642041,0.03312156029362849,0,1
7210,0.20000000000004547,1.0,0.0,0.03474903474903475,0.0,0.6000000000000001,0.029411764705882346,0.0,0.0,0.0,0.0,0.0,0.0,0.0,0.0,0.0,0.025940303455815123,6.21768275366045e-05,0.06716452323595334,0.02434614887873931,0.17736519949852433,0.4402995623487822,0.0,0.6162549139822993,0.5807946737929032,0.580188679245283,0.24191176470588235,0.39470381067280863,0.07218497399586442,0.030303030303030304,0.44999999999999574,1.0,1.0,0.0,0.10000000000000002,0.05403850861544073,0.0,0.05924657931281299,0.0,0.0,0.11174633886847246,0.072805306663412,0.0,0.0,0.2940668231942578,0.0684958888170695,0.08551617094047484,0,3
4386,0.6000000000000227,1.0,0.0,0.06756756756756757,0.2962962962962963,0.6000000000000001,0.5,0.0,0.0,0.0,0.0,1.0,0.0,0.0,0.0,0.0,0.009770786935533304,0.0,0.0008043294090493882,9.89901386388269e-06,0.00125658114492039,0.00029276469006872866,0.0,0.653903536570091,0.49376347982197616,0.39679245283018866,0.23247549019607844,0.3969339134037705,0.1277648975499718,0.020202020202020204,1.0,0.0,1.0,0.0,0.55,0.000507129476693093,0.0,0.0016057382358352426,0.007000426319282377,0.0003214357146804686,0.0,0.00393498322274735,0.0,0.0,0.008652054923481749,0.001222841039406168,0.03312156029362849,0,0
4140,0.6000000000000227,1.0,0.0,0.15830115830115832,0.4444444444444444,0.6000000000000001,0.5,0.0,0.0,0.0,0.0,1.0,0.0,0.0,0.0,0.0,0.009782239574918961,0.0,0.0008043294090493882,9.89901386388269e-06,0.0,0.0,0.0,0.654027341879453,0.49390746949441916,0.3052830188679245,0.23615196078431375,0.393978722626403,0.12895544833636194,0.25252525252525254,0.14999999999999858,0.0,1.0,0.0,0.35000000000000003,2.9803191468308946e-05,0.0,0.0,0.0,0.0,0.0,0.0036354330375410375,0.0,0.0022166837782340862,0.0,0.0010984013313567963,0.03312156029362849,0,0
9417,0.4000000000000341,1.0,0.0,0.02316602316602317,0.0,0.6000000000000001,0.029411764705882346,0.0,0.0,0.0,0.0,0.0,0.0,0.0,0.0,0.0,0.009770786935533304,0.0,0.0008043294090493882,9.89901386388269e-06,0.0,0.0,0.0,0.6540360479497551,0.49391704771506817,0.3920754716981132,0.12561274509803924,0.3967815839822567,0.07168368945422647,0.25252525252525254,0.5,0.0,0.0,1.0,0.75,0.0,0.0,0.0,0.0,0.0,0.0,0.0036354330375410375,0.00011840208622467804,0.0004876796714579056,4.7531313619179525e-05,0.001082721195922111,0.03312156029362849,1,3
8166,0.8000000000000114,0.0,1.0,0.03474903474903475,0.0,0.6000000000000001,0.23529411764705882,0.0,0.0,0.0,0.0,0.0,0.0,0.0,0.0,0.0,0.017465786744781393,0.0,0.0008043294090493882,9.89901386388269e-06,0.020707199241134885,0.004999935596754243,0.0,0.6536559799563699,0.49347152478769246,0.38037735849056603,0.2235294117647059,0.39640380701690253,0.12306535497211606,0.020202020202020204,0.9499999999999957,0.0,1.0,0.0,0.35000000000000003,0.0069846121370231795,0.0,0.0,0.0,0.0032413560564713267,0.0,0.004558604934388216,0.0,0.0,0.01641454775413264,0.0013228089104971267,0.03312156029362849,0,4
2744,0.0,1.0,0.0,0.02316602316602317,0.14814814814814814,0.2,0.5,0.0,0.0,0.0,0.0,1.0,0.0,0.0,0.0,0.0,0.009770786935533304,0.0,0.0008043294090493882,9.89901386388269e-06,0.0,0.0009630570517191304,0.0,0.6540598465960925,0.4939409542550928,0.3596226415094339,0.1848039215686275,0.39702531105667876,0.10320195500971241,0.23232323232323235,0.9499999999999957,0.0,0.0,0.0,0.0,0.0,0.02582122952248408,0.0,0.0,0.0,0.0,0.003654676779572328,0.022172393283072047,0.0005302361396303902,0.0003994369918460006,0.001086368865280554,0.03319329297585798,0,0
9536,0.20000000000004547,0.0,1.0,0.04247104247104247,0.0,0.8,0.23529411764705882,0.0,0.0,0.0,0.0,0.0,0.0,0.0,0.0,0.0,0.009770786935533304,0.0,0.0008043294090493882,9.89901386388269e-06,0.0,0.0,0.0,0.6540570383359455,0.4939434541027516,0.20339622641509433,0.2450980392156863,0.39068840712170516,0.1342189360235604,0.020202020202020204,0.3999999999999986,0.0,1.0,0.0,0.8,0.0,0.0,0.0,0.0,0.0,0.0,0.0036354330375410375,0.0,0.0,0.0007169860747065364,0.0010825576210823542,0.03312156029362849,1,4
3609,0.4000000000000341,0.0,0.0,0.03861003861003861,0.0,0.6000000000000001,0.5294117647058824,0.0,0.0,0.0,0.0,1.0,0.0,0.0,0.0,0.0,0.009770786935533304,0.0,0.0008043294090493882,9.89901386388269e-06,0.004082804214824765,0.0010922790480452369,0.0,0.6541271451125896,0.49402522784614994,0.46169811320754717,0.2450980392156863,0.3990299662438002,0.1339682937527414,0.020202020202020204,0.5,0.0,1.0,0.0,0.45,1.4643618222583688e-05,0.0,0.00020686682947852322,0.0009009840503847862,0.0,9.35633543890031e-05,0.0036397568915963034,0.0,0.00013254620123203287,0.000510386026919403,0.0011160874395763657,0.03312156029362849,0,1
5792,1.0,0.0,0.0,0.35135135135135137,0.0,0.6000000000000001,0.0,0.0,0.0,0.0,0.0,0.0,1.0,0.0,0.0,0.0,0.009770786935533304,0.0,0.0008043294090493882,9.89901386388269e-06,0.0018057027672259344,0.00041508930652662493,0.0,0.6541259977547689,0.49402424731584155,0.2788679245283019,0.11225490196078433,0.3931256778659258,0.06629488063161854,0.020202020202020204,0.5499999999999972,0.0,1.0,0.0,0.75,4.396479907716827e-05,0.0,0.0,0.0,0.0,2.9236289571534766e-05,0.0036354330375410375,0.0,0.0,9.803013659240901e-05,0.0010926100385074073,0.03312156029362849,0,2
7694,0.0,0.0,1.0,0.06563706563706564,0.0,0.6000000000000001,0.9705882352941175,0.0,0.0,0.0,0.0,1.0,0.0,0.0,0.0,0.0,0.009770786935533304,0.0019854573441756276,0.0008043294090493882,9.89901386388269e-06,0.0,0.03413854010722517,0.0,0.6526218361693407,0.4930489604767416,0.580754716981132,0.2450980392156863,0.400419210568006,0.1273262735760386,0.020202020202020204,0.75,0.0,1.0,0.0,0.10000000000000002,0.0010595543733125088,0.0,0.0,0.0,9.761866642947278e-05,0.0,0.003854408445870038,0.0,0.0,0.023601343770097843,0.0019311791807678793,0.0331876579349194,0,1
4128,0.0,1.0,0.0,0.03861003861003861,0.537037037037037,0.6000000000000001,0.5,0.0,0.0,0.0,0.0,1.0,0.0,0.0,0.0,0.0,0.009770786935533304,2.485763656166814e-05,0.0008043294090493882,9.89901386388269e-06,0.008026068636226265,0.00197032381536462,0.0,0.653913686197432,0.4942256511913139,0.580754716981132,0.2442401960784314,0.3995783521612499,0.1325271006955323,0.020202020202020204,0.14999999999999858,0.0,1.0,0.0,0.10000000000000002,0.0,0.0,0.0,0.0,0.0,0.0005559231674646715,0.003923263033890137,0.0,0.0,0.0029232269515339212,0.001334160409558648,0.03313763702574285,0,0
1268,0.0,0.0,0.0,0.06756756756756757,0.0,0.0,0.4411764705882353,0.0,0.0,0.0,0.0,0.0,0.0,0.0,0.0,0.0,0.009770786935533304,0.0,0.0008043294090493882,9.89901386388269e-06,0.0018895712441020938,0.0009723643594931007,0.0,0.6541015328258506,0.49399558407811345,0.5547169811320755,0.24301470588235294,0.40203390243605214,0.13315370637257973,0.25252525252525254,0.10000000000000142,0.0,0.0,0.0,0.5,0.0,0.01835972135460635,0.0,0.0,0.0,0.0,0.003640775816521241,0.01748913894496404,0.0,0.00019616260109357836,0.0010827331914103598,0.03312156029362849,0,2
2807,0.6000000000000227,1.0,0.0,0.06756756756756757,0.0,0.6000000000000001,0.1764705882352941,0.0,0.0,0.0,0.0,0.0,0.0,0.0,0.0,0.0,0.009770786935533304,0.0,0.000950919874665152,9.89901386388269e-06,0.0,0.00023467711744368144,0.0,0.6541053529343327,0.49400370858300435,0.3920754716981132,0.18357843137254906,0.39620882535736485,0.1027633310357792,0.24242424242424243,0.10000000000000142,0.0,0.0,1.0,0.55,0.0,0.0008936063829988547,0.0,0.0,0.0,0.0,0.003636414660782789,0.007616042347320973,0.0,0.00016513166276200421,0.0010879364079267565,0.03312156029362849,0,3
11652,0.4000000000000341,0.0,1.0,0.10231660231660232,0.0,0.6000000000000001,0.23529411764705882,0.0,0.0,0.0,0.0,0.0,0.0,0.0,0.0,0.0,0.009770786935533304,0.0,0.0008043294090493882,9.89901386388269e-06,0.0,1.6370889566715738e-05,0.0,0.6541033547492281,0.4940113133214333,0.20339622641509433,0.24362745098039218,0.39068840712170516,0.008897800614073564,0.020202020202020204,0.6000000000000014,0.0,1.0,0.0,0.45,5.668716372673797e-06,0.0,0.0,0.0,1.4712449325589932e-06,0.0,0.0036354330375410375,0.0,0.0,6.779223955372753e-06,0.0013222611826246076,0.03312156029362849,1,4
825,1.0,0.0,0.0,0.10231660231660232,0.0,0.4,0.029411764705882346,0.0,0.0,0.0,0.0,0.0,0.0,0.0,0.0,0.0,0.009770786935533304,0.0,0.0008043294090493882,9.89901386388269e-06,0.0006322670950707026,0.0008716459932247786,0.0,0.6539205352245387,0.49378352634878364,0.3713207547169811,0.12585784313725493,0.39611133452759606,0.07325020364684505,0.020202020202020204,0.6499999999999986,0.0,1.0,0.0,0.35000000000000003,0.0005239115927089607,0.0,0.0,0.0,0.0006533110077653716,0.0,0.0036354330375410375,0.0,0.0,0.0019239181765575973,0.0011210071759386506,0.03312156029362849,0,2
1087,0.8000000000000114,1.0,0.0,0.10231660231660232,0.0,0.4,0.20588235294117646,0.0,0.0,0.0,0.0,0.0,0.0,0.0,0.0,0.0,0.009770786935533304,0.0,0.0008043294090493882,9.89901386388269e-06,0.0,0.0012049639528800924,0.0,0.6541161052309996,0.49401259080569493,0.400377358490566,0.20857843137254903,0.397049683764121,0.11542076571213737,0.24242424242424243,0.14999999999999858,0.0,0.0,0.0,0.55,0.0,0.0020931415394714347,0.0,0.0,0.0,0.0,0.0036354330375410375,0.014494021853178787,0.0,0.0005055766152076668,0.0010923333491875522,0.03312156029362849,0,3
8098,0.0,0.0,1.0,0.03474903474903475,0.0,0.6000000000000001,0.2941176470588235,0.0,0.0,0.0,0.0,0.0,0.0,0.0,0.0,0.0,0.009770786935533304,0.0,0.0008043294090493882,9.89901386388269e-06,0.0070944778392009935,0.002395219035438821,0.0,0.6541652895418556,0.49406991961020175,0.41283018867924526,0.1487745098039216,0.39745183343691737,0.08490506923992733,0.020202020202020204,0.14999999999999858,0.0,1.0,0.0,0.5,0.0,0.0,0.0,0.0,0.0,2.8043709156379455e-05,0.003777556376974743,0.0,0.0,0.00047193631520270395,0.0012521466615837938,0.03312156029362849,0,4
326,0.6000000000000227,1.0,1.0,0.06756756756756757,0.0,0.6000000000000001,0.23529411764705882,0.0,0.0,0.0,0.0,0.0,0.0,0.0,0.0,0.0,0.009770786935533304,0.0,0.0008043294090493882,9.89901386388269e-06,0.0011380084707161644,0.000880122291376073,4.706352220572896e-05,0.6541121635284314,0.49400803906444546,0.3920754716981132,0.14803921568627454,0.3967815839822567,0.08459176640140362,0.24242424242424243,0.9499999999999957,0.0,0.0,1.0,0.5,0.0,0.012867931915183508,0.0,0.0,0.0,0.0,0.0036354330375410375,0.01454360707128462,0.0,0.0002452799972985432,0.0010908864058095703,0.03312156029362849,0,4
9825,0.20000000000004547,1.0,1.0,0.10231660231660232,0.0,0.6000000000000001,0.2941176470588235,0.0,0.0,0.0,0.0,0.0,0.0,0.0,0.0,0.0,0.009770786935533304,0.0,0.0008043294090493882,9.89901386388269e-06,0.007261853290897812,0.0019420694881936386,0.0,0.6540671647709541,0.49393805458707873,0.4011320754716981,0.2442401960784314,0.3970740564715632,0.13027132025816157,0.24242424242424243,0.6499999999999986,0.0,1.0,0.0,0.35000000000000003,7.949101797321855e-05,0.0,0.0,0.0,0.0,0.0,0.0036354330375410375,0.0,0.0,0.0016107691937737561,0.0011608395825766242,0.03312156029362849,1,4
11605,0.0,0.0,0.0,0.03861003861003861,0.0,0.6000000000000001,0.5588235294117647,0.0,0.0,0.0,0.0,0.0,0.0,0.0,0.0,0.0,0.009770786935533304,0.0,0.0028727676630789694,9.89901386388269e-06,0.0,0.0,0.0,0.6541023081123942,0.49404682901424213,0.580754716981132,0.2450980392156863,0.4024177725782669,0.13409361488815089,0.020202020202020204,0.6000000000000014,0.0,1.0,0.0,0.85,0.0,0.0,0.0004334928687902777,0.0012952195104799827,0.0,4.889579702136779e-05,0.0038919802717727135,0.0,0.0,1.5579424108762287e-05,0.0012904822593017263,0.03312156029362849,1,2
8526,0.20000000000004547,1.0,0.0,0.10231660231660232,0.0,0.6000000000000001,0.5588235294117647,0.0,0.0,0.0,0.0,0.0,0.0,0.0,0.0,0.0,0.009770786935533304,0.0,0.0008043294090493882,9.89901386388269e-06,0.0,9.06631498339435e-05,0.0,0.6541171256936298,0.49401325536147006,0.3920754716981132,0.19546568627450983,0.3967815839822567,0.10758819474904445,0.24242424242424243,0.3999999999999986,0.0,0.0,0.0,0.55,0.0,0.001656220583266348,0.0,0.0,0.0,0.0,0.0036354330375410375,0.011461291052331946,0.00010759753593429158,0.0,0.0010914248148730364,0.03312156029362849,0,3
7659,0.4000000000000341,0.0,0.0,0.02316602316602317,0.0,0.0,0.4411764705882353,0.0,0.0,0.0,0.0,0.0,0.0,0.0,0.0,0.0,0.009770786935533304,0.0,0.0008043294090493882,9.89901386388269e-06,0.00031920631500710714,0.00014725490513817406,1.609381073578532e-06,0.654102741477693,0.49403376381664926,0.580754716981132,0.24485294117647063,0.3921812354525403,0.06128203521523905,0.020202020202020204,0.6000000000000014,0.0,1.0,0.0,0.9,6.535656589189299e-05,0.0,7.893602703785754e-05,0.0,1.5009828620468878e-05,0.0,0.003637369976521661,0.0,0.0,3.571244015735986e-05,0.0010909639303699882,0.033260665445952776,0,2
5829,0.0,0.0,0.0,0.13706563706563707,0.0,0.6000000000000001,0.5588235294117647,0.0,0.0,0.0,0.0,0.0,0.0,0.0,0.005984329372307514,0.0,0.009770786935533304,0.0,0.0008043294090493882,9.89901386388269e-06,0.0,6.290742843656758e-05,0.0,0.6541396653276312,0.4940399575385814,0.4071698113207547,0.13750000000000004,0.3972751313079614,0.07926561814650042,0.04040404040404041,0.6499999999999986,0.0,1.0,0.0,0.5,0.0,0.0,0.0,0.0,0.0,0.0,0.0036899359011174377,0.0,0.0,4.801737118579116e-05,0.001255121393965104,0.0331254294238504,0,2
1163,0.6000000000000227,1.0,0.0,0.05791505791505792,0.7037037037037037,0.2,0.5,0.0,0.0,0.0,0.0,1.0,0.0,0.0,0.0,0.0,0.009770786935533304,0.0,0.0008043294090493882,9.89901386388269e-06,0.0,0.0,0.0,0.6535771588264477,0.49423501203390563,0.580754716981132,0.2450980392156863,0.39830487819739463,0.13327902750798926,0.020202020202020204,0.6999999999999957,0.0,1.0,0.0,0.45,0.00018609683018890315,0.0,0.003766851405197378,0.010802579011906175,0.0,0.0004604083178508689,0.003749735996355624,0.0,0.0,0.0026361971674611576,0.0014151398192967738,0.03312156029362849,0,0
4822,0.0,1.0,1.0,0.10231660231660232,0.0,0.6000000000000001,0.23529411764705882,0.0,0.0,0.0,0.0,0.0,0.0,0.0,0.0,0.0,0.01046930764129581,0.0,0.0009203074189200729,9.89901386388269e-06,0.03644049170063581,0.019580165628527896,0.0,0.6532675521210748,0.49390540750827583,0.5737735849056603,0.17683823529411766,0.395812768861429,0.0988783758380851,0.020202020202020204,0.29999999999999716,0.0,1.0,0.0,0.05,0.0,0.0,0.0,0.0,6.991543738022364e-05,0.0,0.003650766777875785,0.0,0.006628028747433266,0.003858811021329741,0.0012995946666476436,0.033158450962167366,0,4
8929,0.8000000000000114,1.0,0.0,0.23166023166023167,0.537037037037037,0.6000000000000001,0.5,0.0,0.0,0.0,0.0,1.0,1.0,0.0,0.0,0.0,0.010758934507231378,0.0,0.0011568794788553,9.89901386388269e-06,0.10375289743897484,0.03379824166673938,0.000561934975393542,0.6542027965132968,0.4941001704840982,0.2984905660377358,0.0877450980392157,0.39373499555198094,0.052760198007393955,0.020202020202020204,0.6999999999999957,0.0,1.0,0.0,0.35000000000000003,0.00024127686213751707,0.0,0.0,0.0,0.0,0.000739797384201345,0.0037116552969644247,0.0,0.0,0.004798590535384735,0.0012347066591458585,0.03312156029362849,0,0
8798,0.4000000000000341,0.0,0.0,0.1274131274131274,0.0,0.2,0.5588235294117647,0.0,0.0,0.0,0.0,0.0,0.0,0.0,0.0,0.0,0.009770786935533304,0.0,0.001064527485517369,6.901981138835998e-05,0.1867002670777186,0.06670381279680028,0.0,0.6522612755781418,0.4953675715092738,0.3969811320754717,0.13492647058823531,0.394984096808394,0.07726047997994863,0.020202020202020204,0.3999999999999986,0.0,1.0,0.0,0.05,0.0006502119512685096,0.0,0.0021003233554364293,0.002371126317963864,0.0010912881029547154,0.0,0.004463349785605867,0.0,0.0,0.02036146310490504,0.002664073028369479,0.03312156029362849,0,2
9806,0.4000000000000341,1.0,0.0,0.015444015444015444,0.0,0.2,0.5294117647058824,0.0,0.0,0.0,0.0,1.0,0.0,0.0,0.0,0.0,0.009770786935533304,0.0,0.0008043294090493882,9.89901386388269e-06,0.0,0.004433020832164726,0.0,0.6538898113477163,0.4937475281543227,0.20339622641509433,0.2450980392156863,0.39068840712170516,0.1342189360235604,0.020202020202020204,0.6000000000000014,0.0,1.0,0.0,0.75,0.0,0.0,7.157672949792957e-06,0.0,3.2711722436684e-06,0.0,0.0036354330375410375,0.0,0.0,0.004663901425478933,0.0010825576210823542,0.03312156029362849,1,0
12049,0.20000000000004547,0.0,0.0,0.03474903474903475,0.0,0.4,0.029411764705882346,0.0,0.0,0.0,0.0,0.0,0.0,0.0,0.0,0.0,0.009770786935533304,0.0,0.0008043294090493882,9.89901386388269e-06,0.0,0.0001310502174959935,0.0,0.6538797892782041,0.4937357881865291,0.20339622641509433,0.2450980392156863,0.39068840712170516,0.1342189360235604,0.020202020202020204,0.6499999999999986,0.0,1.0,0.0,0.05,0.0,0.0,0.0,0.0,0.0,0.0,0.0036354330375410375,0.0,0.0015746149897330596,0.00023537977212597999,0.0010825576210823542,0.03312156029362849,1,2
8736,0.20000000000004547,0.0,0.0,0.10231660231660232,0.0,0.0,0.4411764705882353,0.0,0.0,0.0,0.0,0.0,0.0,0.0,0.0,0.0,0.010229976072110392,0.002728240189106598,0.0008043294090493882,9.89901386388269e-06,0.0,0.0007235600784639285,0.0,0.6539121836656049,0.494149142655003,0.460754716981132,0.1550245098039216,0.39575793026968403,0.0819600225578044,0.020202020202020204,0.3999999999999986,1.0,1.0,0.0,0.45,0.00015154142140218503,0.0,9.526761883879359e-05,0.00041533167200664533,0.0002855623807929663,0.0,0.0036884658221505912,0.0,0.0,0.0016242764777301215,0.001244016298094016,0.03312207121723472,0,2
5253,0.0,1.0,0.0,0.10231660231660232,0.4444444444444444,0.6000000000000001,0.5,0.0,0.0,0.0,0.0,1.0,0.0,0.0,0.0,0.0,0.009770786935533304,0.0,0.0008043294090493882,9.89901386388269e-06,0.00015869940236480184,0.0,0.0,0.6540569932765568,0.49394340131093767,0.580754716981132,0.2450980392156863,0.40287476084280827,0.1342189360235604,0.020202020202020204,0.5,0.0,1.0,0.0,0.75,7.732536465240066e-06,0.0,0.0,0.0,5.415433475163954e-06,0.0,0.0036354330375410375,0.0,0.0,0.000706446300104221,0.0010925108031046215,0.03312156029362849,0,0
4278,0.6000000000000227,0.0,0.0,0.10231660231660232,0.0,0.6000000000000001,0.5588235294117647,0.0,0.0,0.0,0.0,0.0,0.0,0.0,0.0,0.0,0.009770786935533304,0.0,0.0008043294090493882,0.00013433508384606444,0.010291602018049075,0.001965088454741762,1.9856282705097295e-05,0.6540856934567089,0.4940500186490576,0.580754716981132,0.23529411764705885,0.398000219354367,0.1292060906071809,0.25252525252525254,0.14999999999999858,0.0,1.0,0.0,0.25000000000000006,0.0,0.0,0.0,0.0,0.0,0.0,0.003740279038044593,0.0,0.0,0.0,0.0011086460235707636,0.03312156029362849,0,2
5515,0.4000000000000341,1.0,1.0,0.15830115830115832,0.0,0.6000000000000001,0.23529411764705882,0.0,0.0,0.0,0.0,0.0,0.0,0.0,0.0,0.0,0.009840014453501795,0.0005082830162609754,0.0008043294090493882,9.89901386388269e-06,0.0,0.00019154771802680089,0.00019538756168958828,0.654072615300411,0.4939564890226864,0.5767924528301887,0.2450980392156863,0.4021496727964026,0.12738893414374336,0.020202020202020204,0.6000000000000014,0.0,1.0,0.0,0.45,0.0,0.0,0.0003803647892897018,0.0013813623757850649,0.0,2.2731305488869427e-05,0.003694249546290989,0.0,0.0,0.0008390632698576261,0.0011687986385978564,0.03312156029362849,0,4
10681,0.4000000000000341,0.0,1.0,0.02316602316602317,0.0,0.6000000000000001,0.2647058823529412,0.0,0.0,0.0,0.0,0.0,0.0,0.0,0.0,0.0,0.009815559080306404,4.94861201962972e-05,0.0008043294090493882,9.89901386388269e-06,0.010519709815070008,0.0024180718000624086,0.0,0.6522270185151222,0.4940675249579957,0.580754716981132,0.2450980392156863,0.39375936825942315,0.13409361488815089,0.020202020202020204,0.5,0.0,1.0,0.0,0.45,0.00018085581337488616,0.0,0.0,0.0,0.00034893547368585316,0.0,0.0036658060312380063,0.0,0.010010266940451746,0.00044724970721427107,0.0014898731485628535,0.03312156029362849,1,4
1337,0.4000000000000341,1.0,0.0,0.15830115830115832,0.4444444444444444,0.6000000000000001,0.5,0.0,0.0,0.0,0.0,1.0,0.0,0.0,0.0,0.0,0.009910024543412539,0.0,0.0008043294090493882,9.89901386388269e-06,0.005669075234361783,0.0013031892902803867,3.60370870124274e-05,0.6540276801561885,0.4940866953735974,0.580754716981132,0.2450980392156863,0.39776258545680554,0.13227645842471336,0.24242424242424243,0.3999999999999986,0.0,1.0,0.0,0.10000000000000002,0.0,0.0,0.0,0.0,0.0,0.0,0.0036354330375410375,0.0,0.0,0.0007144790409419079,0.001144827291080966,0.03312719533456707,0,0
401,0.6000000000000227,0.0,0.0,0.31660231660231664,0.0,0.4,0.5294117647058824,0.0,0.0,0.0,0.0,1.0,0.0,0.0,0.0,0.0,0.010343584448880859,0.0,0.0008043294090493882,0.0003087318209367585,0.08051879882989015,0.018509409729709964,0.0,0.6532339394735797,0.49450949181325937,0.580754716981132,0.24375000000000005,0.3955263895489831,0.13296572466946552,0.020202020202020204,0.0,0.0,1.0,0.0,0.2,0.0004962808434433532,0.0,0.00579186797621838,0.01712660803677773,0.0003862017947967357,0.0,0.004014987872845853,0.0,0.0,0.0014448444897188592,0.0014350412265279828,0.0331726030500175,0,1
1761,0.8000000000000114,1.0,0.0,0.15830115830115832,0.4444444444444444,0.4,0.5,0.0,0.0,0.0,0.0,1.0,0.0,0.0,0.0,0.0,0.009770786935533304,0.0,0.0008043294090493882,9.89901386388269e-06,0.0020721297821299414,0.00047633471571784065,0.0,0.6541004407983088,0.4939943046529763,0.459622641509434,0.2147058823529412,0.39896294129833415,0.11867911523278403,0.25252525252525254,1.0,0.0,0.0,0.0,0.55,0.0,0.0008410413016459808,0.0,0.0,0.0,0.0,0.003652297324834323,0.02059786951935627,0.0,0.0003024812982955752,0.0010971882504315334,0.03312156029362849,0,0
1440,0.0,0.0,1.0,0.15830115830115832,0.0,0.6000000000000001,0.6176470588235294,0.0,0.0,0.0,0.0,0.0,0.0,0.0,0.0,0.0,0.009770786935533304,0.0,0.0008043294090493882,9.89901386388269e-06,0.0028714108268419612,0.0003718768061474768,0.0,0.654060851486728,0.49404693770327074,0.580188679245283,0.24497549019607845,0.3950511217538601,0.13240177956012283,0.24242424242424243,0.44999999999999574,0.0,1.0,0.0,0.25000000000000006,0.0,0.0,0.0,0.0,0.0,0.0,0.0036354330375410375,0.0,0.0,0.0006583521829868596,0.0011039937568555476,0.03312156029362849,0,4
5370,0.8000000000000114,0.0,0.0,0.03474903474903475,0.0,0.8,0.0,0.0,0.0,0.0,0.0,0.0,0.0,0.0,0.0,0.0,0.009770786935533304,0.0,0.0008043294090493882,9.89901386388269e-06,0.00013484026670175647,0.0008024228916558739,0.0,0.654100554109419,0.4939947654168227,0.580754716981132,0.2450980392156863,0.4027468041287367,0.13315370637257973,0.020202020202020204,0.44999999999999574,0.0,0.0,0.0,0.45,0.0,0.0,0.0,0.0,0.0,0.0,0.0036354330375410375,0.0,0.0,0.00028245061015573795,0.001107186539455067,0.03312156029362849,0,2
8091,0.0,1.0,0.0,0.03088803088803089,0.0,0.6000000000000001,0.8235294117647058,1.0,0.0,0.0,0.0,0.0,0.0,0.0,0.0,0.0,0.009770786935533304,0.0,0.0008043294090493882,9.89901386388269e-06,0.0,0.00011368211638206665,0.0,0.6541025387104431,0.4939967493797705,0.3924528301886792,0.19522058823529415,0.39679377033597785,0.10859076383232034,0.24242424242424243,0.75,0.0,1.0,0.0,0.55,0.0,0.0,0.0,0.0,0.0,0.0,0.0036354330375410375,0.0,7.197125256673512e-05,3.4279849434715053e-06,0.0010835935454993472,0.03312156029362849,0,3
3481,0.20000000000004547,1.0,0.0,0.5405405405405406,1.0,0.6000000000000001,0.5,0.0,0.0,0.0,0.0,1.0,0.0,0.0,0.0,0.0,0.009770786935533304,0.0,0.000817569335145961,0.0001421186642768679,0.1867002670777186,0.1176821812008172,0.0,0.649618904221834,0.49863553501414687,0.580754716981132,0.22303921568627452,0.3958797938068951,0.12268939156588761,0.030303030303030304,0.3999999999999986,0.0,1.0,0.0,0.25000000000000006,0.0060675088722709275,0.0,0.08485945505913901,0.0,0.0,0.03193358122141195,0.008087730923392676,0.0,0.0,0.06766594133234008,0.003478072882721549,0.0331702369280741,0,0
1749,0.6000000000000227,0.0,0.0,0.10424710424710425,0.0,0.4,0.5294117647058824,0.0,0.0,0.0,0.0,1.0,0.0,0.0,0.0,0.0,0.009770786935533304,0.0,0.0008043294090493882,9.89901386388269e-06,0.0011390929768826665,0.00027032743025647867,0.0,0.6541008744949266,0.4939946276146614,0.28603773584905656,0.2450980392156863,0.39339377764779004,0.13315370637257973,0.24242424242424243,0.9499999999999957,0.0,1.0,1.0,0.05,3.794306084655551e-05,0.0,0.0,0.0,0.0,0.0,0.003638876179223804,0.0,0.0,0.00023095409007209514,0.0010850046511169825,0.03312156029362849,0,1
5062,0.20000000000004547,0.0,0.0,0.06756756756756757,0.0,0.6000000000000001,0.029411764705882346,0.0,0.0,0.0,0.0,0.0,0.0,0.0,0.0,0.0,0.00989858695348731,0.0,0.0008043294090493882,9.89901386388269e-06,0.0,0.0,0.0,0.6540737113037812,0.49398934455151927,0.5809433962264151,0.2450980392156863,0.39174861989544113,0.13133654990914218,0.24242424242424243,0.5,0.0,0.0,0.0,0.25000000000000006,0.0,0.0,0.0,0.0,0.0,0.0,0.0036354330375410375,0.0037240661392663413,0.0,0.00023732400239242653,0.0010864347908977894,0.03312156029362849,0,2
10297,0.6000000000000227,0.0,0.0,0.03474903474903475,0.0,0.6000000000000001,0.029411764705882346,0.0,0.09799999999999999,0.0,0.0,0.0,0.0,0.0,0.0,0.0,0.009770786935533304,0.0,0.0008043294090493882,9.89901386388269e-06,0.0,0.0,0.0,0.653616288929845,0.4940321591007764,0.20339622641509433,0.2450980392156863,0.39068840712170516,0.1342189360235604,0.020202020202020204,0.14999999999999858,0.0,1.0,0.0,0.8,0.00036658604394208344,0.0,0.0,0.0,0.00046261262203878896,0.0,0.0036354330375410375,0.0,0.006288501026694046,0.0012556913503753643,0.0011598246750481331,0.03312156029362849,1,2
9562,0.20000000000004547,0.0,1.0,0.04247104247104247,0.0,0.8,0.23529411764705882,0.0,0.0,0.0,0.0,0.0,0.0,0.0,0.0,0.0,0.009770786935533304,0.0,0.0008043294090493882,9.89901386388269e-06,0.0,0.0,0.0,0.6540636647166604,0.4939512176047973,0.20339622641509433,0.2450980392156863,0.39068840712170516,0.1342189360235604,0.020202020202020204,0.3999999999999986,0.0,1.0,0.0,0.8,0.0,0.0,0.0,0.0,0.0,0.0,0.0036354330375410375,0.0,0.0,0.0006146581659461929,0.0010825576210823542,0.03312156029362849,1,4
5216,0.8000000000000114,0.0,0.0,0.07335907335907337,0.0,0.6000000000000001,0.029411764705882346,0.0,0.0,0.0,0.0,0.0,0.0,0.0,0.0,0.0,0.011824270761464322,0.0,0.0008043761932405422,9.89901386388269e-06,0.022448916144537197,0.0001500803378552722,0.0,0.6540881124169888,0.49398634124075286,0.580754716981132,0.23578431372549022,0.4023690271633825,0.12688764960210538,0.020202020202020204,0.3999999999999986,0.0,1.0,0.0,0.25000000000000006,3.761040563426687e-06,0.0,0.0,0.0,0.00014814184347522203,0.0,0.003761927757018174,0.0,0.0,0.0015859546758993728,0.0011335513338545321,0.03321828854917617,0,2
9461,0.8000000000000114,1.0,0.0,0.02316602316602317,0.0,0.6000000000000001,0.0,0.0,0.0,0.0,0.0,0.0,0.0,0.0,0.0,0.0,0.009770786935533304,0.0,0.0008043294090493882,9.89901386388269e-06,0.0020576696999099137,0.018504506772936177,0.0,0.6540613448207722,0.49394849960273113,0.20339622641509433,0.14558823529411768,0.39068840712170516,0.08333855504730875,0.04040404040404041,0.5,0.0,1.0,0.0,0.35000000000000003,0.0,0.0,2.0162459013501287e-07,8.790088296436938e-07,0.0,3.613880045925187e-08,0.0036354330375410375,0.0,0.004614425051334702,0.0013382443907677716,0.0010825576210823542,0.03312156029362849,1,3
8617,0.0,1.0,0.0,0.05791505791505792,0.7037037037037037,0.6000000000000001,0.5,0.0,0.0,0.0,0.0,1.0,0.0,0.0,0.0,0.0,0.010924689264384632,0.0,0.0008164153250974964,1.091118297061916e-05,0.030055280894327165,0.006909014002927647,0.0,0.6543703074419397,0.49429996847917246,0.2939622641509434,0.0894607843137255,0.39361922519163045,0.05451469390312677,0.020202020202020204,0.44999999999999574,0.0,1.0,0.0,0.05,0.0,0.0,0.00017813532538428386,0.0007766043009902035,7.932201402349977e-05,0.0,0.0037343091981375588,0.0,0.0,0.0007227676015514958,0.0014325941964933545,0.033275268932328794,0,0
4310,0.0,0.0,0.0,0.02316602316602317,0.0,0.6000000000000001,0.47058823529411764,0.0,0.0,0.0,0.0,0.0,0.0,0.0,0.0,0.0,0.009999945069469439,0.0,0.0008043294090493882,9.89901386388269e-06,0.0,0.0015807465042541459,0.0,0.654139189222177,0.49403342377525966,0.3260377358490566,0.19411764705882356,0.3946489720810637,0.09919167867660883,0.24242424242424243,0.0,0.0,0.0,0.0,0.5,0.0,0.0029034848336073373,0.0,0.0,0.0,0.0,0.0036414857264496754,0.01956399455118697,0.0003711755646817249,0.00032645161092268566,0.0010968457841988425,0.03312156029362849,0,2
5605,0.4000000000000341,1.0,0.0,0.06756756756756757,0.0,0.0,0.4411764705882353,0.0,0.0,0.0,0.0,0.0,0.0,0.0,0.0,0.0,0.009770786935533304,0.0,0.0008043294090493882,9.89901386388269e-06,0.0,0.0,0.0,0.6541031725237585,0.4939972800151353,0.580754716981132,0.24497549019607845,0.40287476084280827,0.1179271884203271,0.25252525252525254,0.0,0.0,0.0,1.0,0.8,0.0,0.0,0.0,0.0,0.0,0.0,0.003635450706759389,0.0005144659467335815,0.0,4.553591939835283e-06,0.001082736066362089,0.03312156029362849,0,3
1459,0.0,0.0,1.0,0.03861003861003861,0.0,1.0,0.2647058823529412,0.0,0.0,0.0,0.0,0.0,0.0,0.0,0.0,0.0,0.00991139404431148,0.0,0.0008043294090493882,9.89901386388269e-06,0.0006098539676296599,0.0010211446243441776,0.0,0.6541164348934402,0.4940114484063689,0.30113207547169807,0.19718137254901963,0.39384467273547086,0.10790149758756816,0.25252525252525254,0.25,0.0,1.0,0.0,0.35000000000000003,1.1235599517095969e-05,0.0,0.0,0.0,0.0,0.0,0.0036354330375410375,0.0,0.0007953542094455853,4.4410312401989054e-05,0.0010961421645472222,0.03312156029362849,0,4
7818,0.0,0.0,0.0,0.03474903474903475,0.0,0.6000000000000001,0.5588235294117647,0.0,0.0,0.0,0.0,0.0,0.0,0.0,0.0,0.0,0.012105199039272546,0.0,0.0008043294090493882,9.89901386388269e-06,0.019140087830539405,0.004780715258292333,0.0,0.6539499046691432,0.4938081948765341,0.580754716981132,0.2450980392156863,0.3998037997050903,0.11059590199887213,0.020202020202020204,0.8999999999999986,0.0,1.0,0.0,0.4,0.00025670120177669656,0.0,0.0,0.0,0.0,2.1177337069121598e-05,0.0036432844528778603,0.0,0.0,0.002362035117915008,0.0011428179972311535,0.03312156029362849,0,2
66,0.8000000000000114,0.0,0.0,0.03861003861003861,0.0,0.6000000000000001,0.029411764705882346,0.0,0.0,0.0,0.0,0.0,0.0,0.0,0.0,0.0,0.009770786935533304,0.0,0.0008043294090493882,9.89901386388269e-06,0.0,0.0,0.0,0.6538749689175531,0.49374625144641127,0.5679245283018868,0.16482843137254904,0.4019912501980283,0.09311360360924871,0.020202020202020204,0.7999999999999972,0.0,1.0,0.0,0.05,3.315011023684569e-05,0.0,0.0,0.0,0.00010513140651062508,0.0,0.0037100603555212273,0.0,0.0,0.0,0.0011460997050617406,0.03312156029362849,0,2
2175,0.6000000000000227,1.0,1.0,0.015444015444015444,0.0,0.6000000000000001,0.23529411764705882,0.0,0.0,0.0,0.0,0.0,0.0,0.0,0.0,0.0,0.010292235689900751,0.0,0.0008043294090493882,9.89901386388269e-06,0.005308657685027597,0.001220337630899597,0.0007914457655215725,0.6542109121730774,0.49430911077918155,0.3750943396226415,0.16127450980392158,0.395282662474561,0.08778745535434553,0.020202020202020204,0.6499999999999986,0.0,1.0,0.0,0.55,0.0002693353109617815,0.0,0.0,0.0,0.0,0.0,0.003787347872486563,0.0,0.0,0.0020591956719387713,0.001266877170721491,0.03312156029362849,0,4
4511,0.6000000000000227,0.0,0.0,0.33976833976833976,0.0,1.0,0.0,0.0,0.0,0.0,0.0,0.0,0.0,0.0,0.0,0.0,0.02928995216002272,0.0012923570362355595,0.004449644420653817,9.89901386388269e-06,0.0,0.012965744536838865,0.00044710346095442515,0.6521950588182964,0.49320537951595994,0.580754716981132,0.2450980392156863,0.4013392802739493,0.13139921047684694,0.030303030303030304,0.44999999999999574,0.0,1.0,0.0,0.10000000000000002,0.0,0.0,0.0,0.0,0.0,2.9633816376586537e-06,0.0048221574247223255,0.0,0.0,0.031728149537912746,0.0031928768285406717,0.033253011512706106,0,2
1198,0.8000000000000114,0.0,0.0,0.015444015444015444,0.0,0.6000000000000001,0.029411764705882346,0.0,0.0,0.0,0.0,0.0,0.0,0.0,0.0,0.0,0.009770786935533304,0.0,0.0008043294090493882,9.89901386388269e-06,0.0064925769167923485,0.01368731019220837,0.0,0.6540511882357315,0.4939366000949704,0.580754716981132,0.2450980392156863,0.40287476084280827,0.1342189360235604,0.020202020202020204,0.7999999999999972,0.0,1.0,0.0,0.25000000000000006,1.8981713746102917e-05,0.0,0.0,0.0,0.0005398999356236433,0.0,0.0037801788816274056,0.0,0.0,0.004559961852155615,0.0013929308667579294,0.03312156029362849,0,2
11513,0.4000000000000341,0.0,1.0,0.10424710424710425,0.0,0.6000000000000001,0.23529411764705882,0.0,0.0,0.0,0.0,0.0,0.0,0.0,0.0,0.0,0.009770786935533304,0.0,0.0008043294090493882,9.89901386388269e-06,0.00020605617163539191,0.002296079587453583,0.0,0.6540358663869236,0.49391090989035075,0.580754716981132,0.2450980392156863,0.40287476084280827,0.12695031016981015,0.25252525252525254,0.6000000000000014,0.0,0.0,1.0,0.5,0.0,0.039626712228677446,0.0,0.0,0.0,0.0,0.0036354330375410375,0.04196531398140184,0.0,0.0017361976279367472,0.0010896536959035365,0.03312156029362849,1,4
11266,0.4000000000000341,0.0,1.0,0.03861003861003861,0.0,0.6000000000000001,0.9411764705882353,0.0,0.0,0.0,0.0,0.0,0.0,0.0,0.0,0.0,0.01007194168815667,0.0,0.0008043294090493882,9.89901386388269e-06,0.0,0.0,0.00022901057709164788,0.6540673201595818,0.49394516983670367,0.580754716981132,0.2450980392156863,0.399767240643927,0.10270067046807446,0.25252525252525254,0.3999999999999986,0.0,0.0,1.0,0.4,0.0,0.0,0.0,0.0,0.0,0.0,0.0036354330375410375,0.1843184507909576,0.0,0.0009138649711614372,0.0012074495392114535,0.03312156029362849,1,4
9451,0.6000000000000227,1.0,0.0,0.03474903474903475,0.0,0.6000000000000001,0.029411764705882346,0.0,0.0,0.0,0.0,0.0,0.0,0.0,0.0,0.0,0.009770786935533304,0.0,0.0008043294090493882,9.89901386388269e-06,0.0,0.0,0.0,0.6535882768993302,0.4933806529962466,0.20339622641509433,0.2450980392156863,0.39068840712170516,0.13146187104455168,0.020202020202020204,0.5,0.0,1.0,0.0,0.75,0.0,0.0,0.0,0.0,0.0,0.0,0.0036354330375410375,0.0,0.007982392197125257,0.0,0.0010825576210823542,0.03312156029362849,1,3
6780,0.8000000000000114,0.0,0.0,0.03474903474903475,0.0,0.6000000000000001,0.5294117647058824,0.0,0.0,0.0,0.0,1.0,0.0,0.0,0.0,0.0,0.021469123812136684,0.0,0.0008043294090493882,9.89901386388269e-06,0.0,0.005401147042582179,0.0,0.6544504548419618,0.4942940600659405,0.46867924528301885,0.23137254901960785,0.39971849522904257,0.12519581427407733,0.020202020202020204,0.5,0.0,1.0,0.0,0.35000000000000003,0.0001644878191539083,0.0,0.0,0.0,5.775418937385835e-06,0.0,0.0038099464101088625,0.0,0.0,0.00202302275619199,0.0013376560534523838,0.034907481358133756,0,1
1651,0.6000000000000227,1.0,1.0,0.05791505791505792,0.0,0.6000000000000001,0.23529411764705882,0.0,0.0,0.0,0.0,0.0,0.0,0.0,0.0,0.0,0.009770786935533304,0.0,0.0008043294090493882,9.89901386388269e-06,0.0,0.0021274677350126376,0.0,0.654477810198148,0.49443008127988375,0.42377358490566036,0.1607843137254902,0.3978052376948294,0.09098314430728743,0.020202020202020204,0.8999999999999986,0.0,1.0,0.0,0.5,0.00032841894999337436,0.0,9.486436965852355e-05,0.00041357365434735796,0.00017772325754475925,0.0,0.0040255018430636015,0.0,0.0,0.0008835759101683755,0.0016867486533335876,0.03312156029362849,0,4
11558,0.4000000000000341,0.0,0.0,0.20463320463320464,0.0,0.6000000000000001,0.0,0.0,0.0,0.0,0.0,0.0,0.0,0.0,0.0,0.0,0.009770786935533304,0.0,0.0008043294090493882,9.89901386388269e-06,0.0,0.0,0.0,0.6541021099836108,0.4939962602791416,0.580754716981132,0.2450980392156863,0.40287476084280827,0.1342189360235604,0.020202020202020204,0.14999999999999858,0.0,1.0,0.0,0.4,0.0005356495694854315,0.0,0.0,0.0,0.0004445663943021877,0.0,0.0036354330375410375,0.0,0.0,2.0977221295870405e-05,0.001397829685367979,0.03312156029362849,1,2
5864,0.6000000000000227,1.0,0.0,0.15830115830115832,0.4444444444444444,0.6000000000000001,0.5,0.0,0.0,0.0,0.0,1.0,0.0,0.0,0.0,0.0,0.009770786935533304,0.0,0.0008043294090493882,9.89901386388269e-06,0.0,4.3378702303683325e-05,0.0,0.654138697876047,0.4940352078280298,0.3920754716981132,0.23492647058823535,0.3967815839822567,0.12456920859702991,0.020202020202020204,0.6000000000000014,0.0,1.0,0.0,0.55,5.8927494748273725e-06,0.0,0.0,0.0,0.0,0.0004936921530738398,0.0036841561034700065,0.0,0.0,0.0003547452776949206,0.0011026108555057372,0.03312156029362849,0,0
9019,0.20000000000004547,0.0,1.0,0.05791505791505792,0.0,0.8,0.2647058823529412,0.0,0.0,0.0,0.0,0.0,0.0,0.0,0.0,0.0,0.009770786935533304,0.0,0.0008043294090493882,9.89901386388269e-06,0.0,0.0,0.0,0.6486100549865885,0.49409985295686454,0.580754716981132,0.2450980392156863,0.39098087961101163,0.1342189360235604,0.020202020202020204,0.3999999999999986,0.0,1.0,0.0,0.45,0.0,0.0,0.0,0.0,0.0,0.000739797384201345,0.0036674787172419504,0.0,0.0,0.0,0.0019422793198256411,0.03312156029362849,1,4
4463,0.20000000000004547,1.0,0.0,0.06756756756756757,0.2962962962962963,0.6000000000000001,0.5,0.0,0.000236952,0.00017450273068105523,0.0,1.0,0.0,0.0,0.0,0.0,0.009770786935533304,0.0,0.0008043294090493882,9.89901386388269e-06,0.00214515319734108,0.0004931211100958943,1.0961190014642976e-05,0.6540995982540009,0.4939933175236912,0.42849056603773583,0.22990196078431377,0.39795756711634317,0.12651168619587694,0.020202020202020204,0.44999999999999574,0.0,0.0,0.0,0.55,0.0,0.0,0.0001975920983323126,0.00010899709487581803,0.0,6.190576518669845e-05,0.0036361441254173623,0.0,8.208418891170432e-05,0.0,0.0010829650215696152,0.03312156029362849,0,0
983,0.6000000000000227,1.0,0.0,0.04633204633204634,0.0,0.4,0.5,0.0,0.0,0.0,0.0,1.0,0.0,0.0,0.0,0.0,0.01590175652034804,0.0,0.006789820851636024,9.89901386388269e-06,0.0,0.0,0.0,0.6533477475623571,0.4942176295528251,0.580754716981132,0.24387254901960786,0.39134647022264474,0.027946613196315563,0.030303030303030304,0.29999999999999716,1.0,1.0,0.0,0.2,0.012692561458101386,0.0,0.0,0.0,0.0,0.008934053555533951,0.0043018625534560805,0.0,0.0,0.008549906088561736,0.0022836441981635355,0.033235332563846004,0,0
10160,0.20000000000004547,0.0,0.0,0.05791505791505792,0.0,0.4,0.5588235294117647,0.0,0.0,0.0,0.0,0.0,0.0,0.0,0.0,0.0,0.01308323337356305,1.3530934739450613e-06,0.001514419862384302,9.89901386388269e-06,0.0,0.0,0.0,0.6537808259388231,0.4935911463799142,0.580188679245283,0.2450980392156863,0.4027224314212945,0.1319004950184849,0.24242424242424243,0.14999999999999858,0.0,1.0,0.0,0.5,0.0005657582606384952,0.0,0.0,0.0,0.0,0.0,0.0036354330375410375,0.0,0.0,0.005034686602872038,0.001502521746535513,0.03325876064338199,1,2
11556,0.6000000000000227,0.0,1.0,0.10231660231660232,0.0,0.8,0.23529411764705882,0.0,0.0,0.0,0.0,0.0,0.0,0.0,0.0,0.0,0.009770786935533304,0.0,0.0008043294090493882,9.89901386388269e-06,0.00046742215776238903,0.09667492274726795,0.0,0.6533998302521378,0.49317346569992526,0.20339622641509433,0.2450980392156863,0.39068840712170516,0.1342189360235604,0.020202020202020204,0.6000000000000014,0.0,1.0,0.0,0.2,0.0,0.0,0.0,0.0,0.0,0.0,0.0036354330375410375,0.0,0.0,0.04059345582325105,0.0010825576210823542,0.03312156029362849,1,4
5782,0.4000000000000341,0.0,0.0,0.06756756756756757,0.0,0.6000000000000001,0.5294117647058824,0.0,0.0,0.0,0.0,1.0,0.0,0.0,0.0,0.0,0.009770786935533304,5.892503838147847e-07,0.0018632271968978965,0.00037187092981497957,0.0,8.310096226759258e-08,0.0011334174952641243,0.6539567132753277,0.49681580545855103,0.580754716981132,0.24289215686274512,0.39162066318136957,0.02882386114418197,0.020202020202020204,0.10000000000000142,1.0,1.0,0.0,0.2,0.01487235601988249,0.0,0.043951035468285715,0.18405917487441162,0.010200094162805992,0.0,0.00464578642833181,0.0,0.0,0.0033387294250552956,0.002049953796435141,0.033529515431718344,0,1
3009,0.4000000000000341,0.0,0.0,0.0694980694980695,0.0,0.6000000000000001,0.5588235294117647,0.0,0.0,0.0,0.0,0.0,0.0,0.0,0.0,0.0,0.009770786935533304,0.0,0.0008043294090493882,9.89901386388269e-06,0.0,0.0,0.0,0.654058923872578,0.49392217007371797,0.5326415094339623,0.24044117647058827,0.40132100074336763,0.13070994423209475,0.020202020202020204,0.10000000000000142,0.0,1.0,0.0,0.35000000000000003,0.00022989190721898537,0.0,0.0,0.0,0.0007446534059187152,0.0,0.003966366110435432,0.0,0.0,0.004400534970306999,0.0014742035215724193,0.03312156029362849,0,2
6377,0.6000000000000227,0.0,0.0,0.06756756756756757,0.0,0.6000000000000001,0.5294117647058824,0.0,0.0,0.0,0.0,1.0,0.0,0.0,0.0,0.0,0.009770786935533304,0.0,0.0008043294090493882,9.89901386388269e-06,0.0,0.0,0.0,0.6539881846078948,0.4938627847175192,0.20339622641509433,0.2450980392156863,0.39068840712170516,0.1342189360235604,0.020202020202020204,0.14999999999999858,0.0,1.0,0.0,0.75,0.0,0.0,0.0,0.0,0.0,2.89110403674015e-07,0.0036354330375410375,0.0,0.0,0.001780275374635265,0.0010825576210823542,0.03312156029362849,0,1
10809,0.8000000000000114,1.0,0.0,0.06756756756756757,0.0,0.6000000000000001,0.1176470588235294,0.0,0.0,0.0,0.0,0.0,0.0,0.0,0.0,0.0,0.009770786935533304,0.0,0.0008043294090493882,9.89901386388269e-06,0.0004880277749259282,0.0001240697366655157,0.0,0.6541157172564088,0.494014006480293,0.580754716981132,0.2450980392156863,0.39907871165868464,0.23059088915345577,0.020202020202020204,0.5,0.0,1.0,0.0,0.45,0.0,0.0,9.637655408453615e-05,0.0,0.0,3.454869323904479e-05,0.0036354636641861802,0.0,0.0,0.00011409561826778293,0.0010895066272521552,0.03331997722808527,1,3
5144,0.0,0.0,0.0,0.0694980694980695,0.0,0.6000000000000001,0.029411764705882346,0.0,0.0,0.0,0.0,0.0,0.0,0.0,0.0,0.0,0.009770786935533304,0.0,0.0008062631556170855,9.89901386388269e-06,0.092267977135718,0.02784264500390782,0.0,0.6535602373693353,0.4933197840348069,0.32396226415094337,0.10269607843137257,0.39339377764779004,0.04649414123691961,0.030303030303030304,0.6499999999999986,1.0,1.0,0.0,0.05,0.0006229410127427245,0.0,0.0,0.0,0.0,0.005905152272642674,0.004357962321722161,0.0,0.0,0.011579016843685423,0.0020368340037877153,0.03312156029362849,0,2
6864,0.6000000000000227,1.0,1.0,0.10231660231660232,0.0,0.6000000000000001,0.23529411764705882,0.0,0.0,0.0,0.0,0.0,0.0,0.0,0.0,0.0,0.009770786935533304,0.0,0.0008043294090493882,9.89901386388269e-06,0.018131135593636986,0.005482835288491223,0.0,0.6542556124121035,0.4941747855022602,0.3,0.12732843137254904,0.39380811367430757,0.07381414875618773,0.020202020202020204,0.6499999999999986,0.0,1.0,0.0,0.35000000000000003,0.0003406525151473363,0.0,0.0,0.0,0.0,2.818826435821646e-06,0.0036634866518423966,0.0,0.0,0.0014815546269866325,0.001171361806768712,0.03312156029362849,0,4
9126,0.20000000000004547,0.0,0.0,0.02316602316602317,0.0,0.8,0.029411764705882346,0.0,0.0,0.0,0.0,0.0,0.0,0.0,0.0,0.0,0.009770786935533304,0.0,0.0008043294090493882,9.89901386388269e-06,0.009190466756993981,0.003949373231767337,0.0,0.653033708470924,0.492743666581418,0.20339622641509433,0.2450980392156863,0.39068840712170516,0.13415627545585562,0.020202020202020204,0.8999999999999986,0.0,1.0,0.0,0.10000000000000002,0.0,0.0,0.0,0.0,0.0,0.0,0.0036553124787836863,0.0,0.0,0.0033097962088533086,0.0010825576210823542,0.03312156029362849,1,2
6108,0.0,0.0,0.0,0.10231660231660232,0.0,0.6000000000000001,0.5294117647058824,0.0,0.0,0.0,0.0,1.0,0.0,0.0,0.0,0.0,0.009770786935533304,0.0,0.0008043294090493882,9.89901386388269e-06,0.0,0.00014376466472293514,1.5397862163427035e-05,0.6540947556949744,0.49401805592296005,0.580754716981132,0.22389705882352945,0.39569090532421797,0.07700983770912966,0.25252525252525254,0.0,1.0,1.0,0.0,0.25000000000000006,0.00011172462915579962,0.0,0.0,0.0,0.0,0.0,0.0036354330375410375,0.0,0.0,0.00012888200108365257,0.001099231002771296,0.03312156029362849,0,1
4184,0.0,1.0,0.0,0.10231660231660232,0.4444444444444444,0.6000000000000001,0.5,0.0,0.0,0.0,0.0,1.0,0.0,0.0,0.0,0.0,0.009770786935533304,0.0,0.0008043294090493882,9.89901386388269e-06,0.0,8.783771711684535e-05,0.0,0.6541131263415493,0.4940090424970849,0.2792452830188679,0.05588235294117647,0.39313786421964686,0.03747101948743656,0.24242424242424243,0.0,0.0,1.0,0.0,0.45,0.00010839128815102976,0.0,0.0,0.0,0.0,0.0,0.0036354330375410375,0.0,0.0,9.585566853125172e-05,0.001099190505606423,0.03312156029362849,0,0
5383,0.8000000000000114,0.0,0.0,0.05791505791505792,0.0,0.6000000000000001,0.029411764705882346,0.0,0.0,0.0,0.0,0.0,0.0,0.0,0.0,0.0,0.010019208378817193,0.0013288359998113526,0.0008043294090493882,1.0202664595903631e-05,0.0903755138751719,0.024336781607762627,0.0,0.6530303051617888,0.4940629724403961,0.580566037735849,0.24056372549019608,0.39515470576048944,0.10696158907199702,0.030303030303030304,0.5,1.0,1.0,0.0,0.10000000000000002,0.0008112645961893965,0.0,0.0002413446343916104,0.0,3.93479761750352e-05,0.0,0.003822319574746488,0.0,0.007700205338809035,0.0026252992451781814,0.0014995192559995774,0.03312201169215438,0,2
6656,1.0,1.0,0.0,0.15830115830115832,0.0,0.4,0.0,0.0,0.0,0.0,0.0,0.0,0.0,0.0,0.0,0.0,0.009770786935533304,0.0,0.0008043294090493882,9.89901386388269e-06,0.0,0.0,3.0056278968723395e-05,0.654092062071214,0.493983195857899,0.580754716981132,0.2450980392156863,0.40287476084280827,0.13340434864339873,0.24242424242424243,0.0,0.0,1.0,0.0,0.5,0.0001553160397293786,0.0,0.0,0.0,0.0,0.0,0.0036478588171844207,0.0,0.0,0.00017649006063440235,0.0011098887958078492,0.03312156029362849,0,3
308,0.8000000000000114,1.0,0.0,0.03861003861003861,0.537037037037037,0.4,0.5,0.0,0.0,0.0,0.0,1.0,0.0,0.0,0.0,0.0,0.00994677532577755,0.0,0.0008043294090493882,1.548618733306801e-05,0.0,0.002329901679096493,0.0,0.6541471382284825,0.49403933645841774,0.37396226415094336,0.18112745098039218,0.39619663900364377,0.09906635754119934,0.020202020202020204,0.0,0.0,1.0,0.0,0.35000000000000003,0.0005937691872895756,0.0,0.013501387429210867,0.05414738341046636,0.0,0.0010632035095111902,0.003761930112913954,0.0,0.0,0.0018063689913691526,0.0011410888624705246,0.03312156029362849,0,0
1235,0.0,1.0,1.0,0.06756756756756757,0.0,0.6000000000000001,0.32352941176470584,0.0,0.0,0.0,0.0,0.0,0.0,0.0,0.0,0.0,0.009770786935533304,0.0,0.0008043294090493882,9.89901386388269e-06,6.507036999012377e-05,0.0006559158951781082,0.0,0.6541048874310875,0.4939993738316371,0.3920754716981132,0.15992647058823534,0.3967815839822567,0.0886020427345072,0.25252525252525254,0.7999999999999972,0.0,0.0,0.0,0.55,0.0,0.0016396100175588397,0.0,0.0,0.0,0.0,0.0036354330375410375,0.0017046656523580358,0.0,0.00020199529189291794,0.0010835626149841933,0.03312156029362849,0,4
6382,0.6000000000000227,1.0,0.0,0.06756756756756757,0.2962962962962963,0.6000000000000001,0.5,0.0,0.0,0.0,0.0,1.0,0.0,0.0,0.0,0.0,0.009770786935533304,0.0,0.0008043294090493882,9.89901386388269e-06,0.0,0.0,8.510146136368643e-05,0.6541028481624225,0.49399712435691934,0.580754716981132,0.24411764705882358,0.40287476084280827,0.13371765148192244,0.25252525252525254,0.14999999999999858,0.0,0.0,1.0,0.85,0.0,9.461714643517284e-05,0.0,0.0,0.0,0.0,0.0036421826789513187,0.0033632989215524006,0.0,0.00010862107514910457,0.0010839573260293396,0.03312157021447521,0,0
1873,0.6000000000000227,1.0,0.0,0.06756756756756757,0.0,0.6000000000000001,0.0,0.0,0.0,0.0,0.0,0.0,0.0,0.0,0.0,0.0,0.009770786935533304,0.0,0.0008043294090493882,9.89901386388269e-06,0.00048007472970491307,0.00011035807789136295,0.0,0.6541150897381551,0.4940105847167663,0.3918867924528302,0.1897058823529412,0.39677549080539615,0.1036405789836456,0.24242424242424243,0.6000000000000014,0.0,0.0,1.0,0.55,0.0,0.0,0.0,0.0,0.0,0.0,0.003643908765259614,0.011526323378881966,0.0,3.5431038408268916e-05,0.001089681255785629,0.03312156029362849,0,3
11857,0.6000000000000227,1.0,1.0,0.03861003861003861,0.0,0.6000000000000001,0.32352941176470584,0.0,0.0,0.0,0.0,0.0,0.0,0.0,0.0,0.0,0.009770786935533304,0.0,0.0008043294090493882,9.89901386388269e-06,0.0014366091685597325,0.0003291629115419342,0.000271550433577048,0.6535537862563904,0.49335382233317643,0.39773584905660375,0.2450980392156863,0.39696437928807327,0.1342189360235604,0.020202020202020204,0.6499999999999986,0.0,1.0,0.0,0.35000000000000003,0.0,0.0,0.0,0.0,4.568685061850746e-05,0.0,0.0036354330375410375,0.0,0.00654517453798768,0.002653823149745127,0.0010909397906890908,0.03312156029362849,1,4
1542,1.0,0.0,0.0,0.02316602316602317,0.0,0.2,0.0,0.0,0.0,0.0,0.0,0.0,0.0,0.0,0.0,0.0,0.009770786935533304,0.0,0.0008043294090493882,9.89901386388269e-06,0.0008979711058637079,0.0002952577189367564,3.457994468905224e-06,0.654099349102086,0.49401885401097034,0.3832075471698113,0.1263480392156863,0.3952278238828161,0.07068112037095056,0.0,0.7999999999999972,0.0,1.0,0.0,0.05,0.00010168387285018938,0.0,0.0,0.0,0.0,2.200852947968439e-05,0.003644926119587365,0.0,0.0,0.00012153997363009792,0.0011022014227250127,0.03312156029362849,0,2
3931,0.6000000000000227,0.0,0.0,0.13706563706563707,0.0,0.6000000000000001,0.029411764705882346,0.0,0.0,0.0,0.0,0.0,0.0,0.0,0.0,0.0,0.010543019898471825,0.0,0.0008043294090493882,9.89901386388269e-06,0.0022431202543817664,0.000515641470870412,1.3375261625010772e-05,0.6540623424223888,0.4940536473099138,0.580754716981132,0.24007352941176474,0.39472818338025084,0.12431856632621094,0.24242424242424243,0.3500000000000014,0.0,1.0,1.0,0.25000000000000006,5.312300073793109e-05,0.0,0.0,0.0,0.0,0.0,0.003671359662890538,0.0,0.0,2.1923754451903583e-05,0.0011050615535822266,0.03312156029362849,0,2
7601,1.0,0.0,0.0,0.03474903474903475,0.0,0.4,0.029411764705882346,0.0,0.0,0.0,0.0,0.0,0.0,0.0,0.0,0.0,0.011731445689544831,4.7041822307880316e-05,0.0008043294090493882,9.89901386388269e-06,0.0,0.0,0.0005491469203764586,0.6542614522414275,0.4941586405234058,0.3933962264150943,0.13394607843137257,0.39682423622028057,0.0766338743029012,0.020202020202020204,0.5,0.0,1.0,0.0,0.45,0.00012515982640313067,0.0,0.0,0.0,1.1503883249264468e-05,0.0,0.0037108389790765843,0.0,0.0,0.0006979019197227323,0.0014301202509623663,0.03312156029362849,0,2
8743,0.6000000000000227,1.0,0.0,0.10231660231660232,0.4444444444444444,0.4,0.5,0.0,0.0,0.0,0.0,1.0,0.0,0.0,0.0,0.0,0.009770786935533304,0.0,0.0008043294090493882,9.89901386388269e-06,0.00022015475179991873,0.006667356404653488,0.0,0.6541031291209648,0.49399745430575626,0.580754716981132,0.24558823529411766,0.40287476084280827,0.13446957829437936,0.020202020202020204,0.29999999999999716,0.0,1.0,0.0,0.10000000000000002,0.0,0.0,5.040614753375321e-07,0.0,0.0,4.6980440597027436e-07,0.0036354330375410375,0.0,0.0,0.002042158075130174,0.0010825629744407462,0.03312156029362849,0,0
9009,0.6000000000000227,1.0,0.0,0.015444015444015444,0.0,0.4,0.029411764705882346,0.0,0.0,0.0,0.0,0.0,0.0,0.0,0.0,0.0,0.009770786935533304,0.0,0.0008043294090493882,9.89901386388269e-06,0.0,0.0,0.0,0.6536296682551465,0.49344274509743363,0.20339622641509433,0.2450980392156863,0.39068840712170516,0.1342189360235604,0.020202020202020204,0.3999999999999986,0.0,1.0,0.0,0.75,0.0,0.0,0.0,0.0,0.0,0.0,0.0036354330375410375,0.0,0.0,0.007316650132182076,0.0010825576210823542,0.03312156029362849,1,3
9861,0.4000000000000341,0.0,1.0,0.02316602316602317,0.0,0.6000000000000001,0.23529411764705882,0.0,0.0,0.0,0.0,0.0,0.0,0.0,0.0,0.0,0.010084808976822552,0.0,0.0008043294090493882,9.89901386388269e-06,0.00027763357862452807,0.00016861185244094535,0.0,0.654069407138188,0.49395794545567023,0.20339622641509433,0.2431372549019608,0.39068840712170516,0.1332163669402845,0.020202020202020204,0.7999999999999972,0.0,1.0,0.0,0.55,0.0,0.0,0.0,0.0,0.0,0.0,0.0036354330375410375,0.0,0.000513347022587269,4.244050015835244e-05,0.0010825576210823542,0.03312156029362849,1,4
11508,0.20000000000004547,0.0,0.0,0.03474903474903475,0.0,0.4,0.5588235294117647,0.0,0.0,0.0,0.0,0.0,0.0,0.0,0.0,0.0,0.009770786935533304,0.0,0.0008043294090493882,9.89901386388269e-06,0.0,8.559399113562035e-06,0.0,0.6526421516586552,0.49355616869779717,0.580754716981132,0.2450980392156863,0.39126116574659703,0.1342189360235604,0.020202020202020204,0.6000000000000014,0.0,1.0,0.0,0.45,0.0004831579347626604,0.0,0.0,0.0,0.0006663643936563738,0.0,0.0036354330375410375,0.0,0.0034094199178644766,0.0034028122779164605,0.0012544297698017324,0.03312156029362849,1,2
10593,0.4000000000000341,1.0,0.0,0.02316602316602317,0.14814814814814814,0.2,0.5,0.0,0.0,0.0,0.0,1.0,0.0,0.0,0.0,0.0,0.009770786935533304,0.0,0.0008043294090493882,9.89901386388269e-06,0.0,0.00415189027681346,0.0,0.6540953600208956,0.4939883519877827,0.20339622641509433,0.2450980392156863,0.39068840712170516,0.1342189360235604,0.020202020202020204,0.10000000000000142,0.0,1.0,0.0,0.8,0.0,0.0,0.0,0.0,0.0,0.0,0.0036354330375410375,0.0,0.0,0.00140332494073935,0.001085531709077932,0.03341918569531365,1,0
9279,0.6000000000000227,0.0,0.0,0.05791505791505792,0.0,0.8,0.5588235294117647,0.0,0.0,0.0,0.0,0.0,0.0,0.0,0.0,0.0,0.009770786935533304,0.0,0.0008043294090493882,9.89901386388269e-06,0.008586758324307832,0.005589869327891882,0.00035915296012264703,0.6539994603886381,0.4940619538689277,0.580754716981132,0.2450980392156863,0.40216185915012376,0.1342189360235604,0.020202020202020204,0.29999999999999716,0.0,1.0,0.0,0.45,9.053652879757816e-05,0.0,0.0,0.0,9.043460872687088e-05,0.0,0.0036355445499413005,0.0,0.0,0.003133817787762708,0.0015632226346845909,0.03312156029362849,1,2
7141,0.4000000000000341,0.0,0.0,0.10231660231660232,0.0,0.6000000000000001,0.5294117647058824,0.0,0.0,0.0,0.0,1.0,0.0,0.0,0.0,0.0,0.009770786935533304,0.0,0.0008526574785114364,0.00019809161587939478,0.0,0.0,0.00014495303858649887,0.6541115800756094,0.49401537596205386,0.5732075471698114,0.24375000000000005,0.40248479752373295,0.13346700921110347,0.24242424242424243,0.29999999999999716,0.0,1.0,0.0,0.4,0.0,0.0,0.0,0.0,0.0,0.0,0.0036354330375410375,0.0,0.0,0.00017446908443638555,0.001186829195775447,0.03312156029362849,0,1
7739,0.0,0.0,0.0,0.06756756756756757,0.0,0.6000000000000001,0.8235294117647058,1.0,0.0,0.0,0.0,0.0,0.0,0.0,0.0,0.0,0.009770786935533304,0.0,0.0008043294090493882,9.89901386388269e-06,0.00016629094553031627,0.00048422930713326194,0.0,0.6541046077978213,0.49399918673123777,0.3920754716981132,0.20943627450980395,0.3967815839822567,0.11598471082148006,0.24242424242424243,0.29999999999999716,0.0,1.0,0.0,0.55,1.3095753153158987e-05,0.0,0.0,0.0,0.0,0.0,0.0036354330375410375,0.0,0.0002651180698151951,6.559218951538015e-05,0.0010887980507872086,0.03312156029362849,0,2
1248,0.20000000000004547,1.0,1.0,0.05791505791505792,0.0,0.4,0.32352941176470584,0.0,0.0,0.0,0.0,0.0,0.0,0.0,0.0,0.0,0.009770786935533304,0.0036572916275879083,0.0008043294090493882,9.89901386388269e-06,0.06685293662579765,0.015367944053108163,0.0,0.6531859780612846,0.49441509422735946,0.580754716981132,0.2450980392156863,0.3938507659123314,0.06723478914718968,0.030303030303030304,0.6499999999999986,1.0,1.0,0.0,0.10000000000000002,0.0026604406102468895,0.0,0.0,0.0,0.0,0.001221274622719958,0.0036673946902924565,0.0,0.0,0.0008435401158658911,0.0019104071092759653,0.03312156029362849,0,4
1475,0.4000000000000341,0.0,1.0,0.03474903474903475,0.0,0.6000000000000001,0.23529411764705882,0.0,0.0012684,0.0,0.0,0.0,0.0,0.0,0.0,0.0,0.009925721130638873,0.0,0.0008043294090493882,9.89901386388269e-06,0.002265533381822809,0.0022708999958865024,0.0,0.6540546776878159,0.49402921323992516,0.580754716981132,0.21164215686274512,0.39068840712170516,0.1085281032646156,0.0,0.5,0.0,1.0,0.0,0.55,8.551275620383131e-05,0.0,0.0,0.0,1.8547077075344754e-05,0.0,0.0036354330375410375,0.0,0.0004917864476386037,0.0006990786906734763,0.001094488026372215,0.03312156029362849,0,4
8128,0.8000000000000114,0.0,0.0,0.138996138996139,0.0,0.0,0.4411764705882353,0.0,0.0,0.0,0.0,0.0,0.0,0.0,0.0,0.0,0.009770786935533304,0.0,0.0008043294090493882,9.89901386388269e-06,0.0,0.0,0.0,0.6528106128102926,0.492444317975961,0.580754716981132,0.2450980392156863,0.40287476084280827,0.13240177956012283,0.020202020202020204,0.14999999999999858,0.0,1.0,0.0,0.75,0.0,0.0,0.0,0.0,0.0,1.3371356169923193e-06,0.0036354330375410375,0.0,0.019892197125256673,0.00013888455416497612,0.0012610029008170254,0.03312156029362849,0,2
4707,0.8000000000000114,1.0,0.0,0.15830115830115832,0.4444444444444444,0.6000000000000001,0.5,0.0,0.0,0.0,0.0,1.0,0.0,0.0,0.0,0.0,0.009770786935533304,0.0,0.0008043294090493882,9.89901386388269e-06,0.029823919578806726,0.017988865302065764,0.0,0.6541970272549275,0.4940979943744748,0.27999999999999997,0.13933823529411765,0.39316223692708907,0.07907763644338618,0.24242424242424243,0.5499999999999972,0.0,1.0,0.0,0.35000000000000003,0.0009372458773004236,0.0,0.0,0.0,0.0,0.0,0.0037017852715932648,0.0,0.0,0.0060141181815716645,0.0011765169917639802,0.03312156029362849,0,0
4048,0.6000000000000227,1.0,0.0,0.03861003861003861,0.537037037037037,0.6000000000000001,0.5,0.0,0.0,0.0,0.0,1.0,0.0,0.0,0.0,0.0,0.009770786935533304,0.0,0.0008043294090493882,9.89901386388269e-06,0.0,6.739488039901758e-05,4.556288309658141e-05,0.6540970610128252,0.4939892180064359,0.5788679245283018,0.2412990196078432,0.40281382907420277,0.13171251331537065,0.020202020202020204,0.6999999999999957,0.0,1.0,0.0,0.45,2.8024504414847227e-05,0.0,0.0001833775647277942,0.00035424055834640863,0.0,5.655722271872918e-05,0.003648865569981161,0.0,0.0,0.00014029156291043085,0.0011175902462405311,0.03312156029362849,0,0
9866,0.8000000000000114,0.0,0.0,0.015444015444015444,0.0,0.6000000000000001,0.029411764705882346,0.0,0.0,0.0,0.0,0.0,0.0,0.0,0.0,0.0,0.009770786935533304,0.0,0.0008043294090493882,9.89901386388269e-06,0.0007577083083294411,0.0014885875370993858,0.0,0.6538117558960858,0.49365585245224003,0.20339622641509433,0.2450980392156863,0.39068840712170516,0.13415627545585562,0.020202020202020204,0.7999999999999972,0.0,1.0,0.0,0.55,0.0,0.0,3.225993442160206e-06,0.0,0.0,1.15644161469606e-06,0.0036354330375410375,0.0,0.004363449691991787,0.000560449956280401,0.0010825576210823542,0.03312156029362849,1,2
4873,0.20000000000004547,1.0,1.0,0.03474903474903475,0.0,0.6000000000000001,0.9411764705882353,0.0,0.0,0.0,0.0,0.0,0.0,0.0,0.0,0.0,0.009770786935533304,0.00920842307671239,0.0008043294090493882,2.2176625128596083e-05,0.1867002670777186,0.09456523861818057,0.0,0.6518035748962157,0.49696386281789096,0.580754716981132,0.24485294117647063,0.3990543389512424,0.13359233034651294,0.030303030303030304,0.29999999999999716,0.0,1.0,0.0,0.25000000000000006,0.013928341627344274,0.0,0.003845484995350033,0.0,0.0016001979857436055,0.0,0.004436646884885157,0.0,0.009738809034907599,0.012279349051241213,0.0037329282329660735,0.03312652071698991,0,4
6784,0.0,1.0,0.0,0.06756756756756757,0.2962962962962963,0.6000000000000001,0.5,0.0,0.0,0.0,0.0,1.0,0.0,0.0,0.0,0.0,0.009770786935533304,0.0,0.0008043294090493882,9.89901386388269e-06,0.0002241312744104263,5.1522596605907397e-05,0.0,0.6541010789187717,0.4939948302420648,0.580754716981132,0.2450980392156863,0.40287476084280827,0.13171251331537065,0.24242424242424243,0.3999999999999986,0.0,0.0,0.0,0.5,0.0,0.0,0.0,0.0,0.0,0.0,0.0036354330375410375,0.00879550631257672,0.0,3.686362913091372e-05,0.001083831175130194,0.03312156029362849,0,0
7239,0.4000000000000341,1.0,1.0,0.05791505791505792,0.0,0.6000000000000001,0.2647058823529412,0.0,0.0,0.0,0.0,0.0,0.0,0.0,0.0,0.0,0.009854777974181597,0.0,0.0009966436241529626,9.89901386388269e-06,0.0,0.0,0.002252611541580676,0.6540552396049005,0.4945999071107849,0.580754716981132,0.24325980392156868,0.39876186646193595,0.13002067798734257,0.020202020202020204,0.14999999999999858,0.0,1.0,0.0,0.2,0.0017495491724179868,0.0,0.0019696706210289407,0.008587037256789245,0.0,0.010833183658468097,0.00409051160917041,0.0,0.0,0.003250036710137268,0.0013819313510106846,0.03318273223452151,0,4
1656,0.20000000000004547,1.0,0.0,0.03474903474903475,0.2222222222222222,0.6000000000000001,0.5,0.0,0.0,0.0,0.0,1.0,0.0,0.0,0.0,0.0,0.009770786935533304,0.0,0.0008043294090493882,9.89901386388269e-06,0.007655890531393561,0.0017599121789030755,0.0,0.6540106831583359,0.494167752933932,0.4766037735849057,0.23713235294117652,0.3945453880744343,0.12926875117488565,0.020202020202020204,0.19999999999999574,0.0,1.0,0.0,0.45,0.0,0.0,4.889396310774062e-05,0.00021315964118859574,9.556831444899163e-05,0.0,0.003683190971498717,0.0,0.0,0.0007447936839121598,0.0011503780297796458,0.03312156029362849,0,0
8821,0.6000000000000227,1.0,0.0,0.10231660231660232,0.4444444444444444,0.6000000000000001,0.5,0.0,0.0,0.0,0.0,1.0,0.0,0.0,0.0,0.0,0.009770786935533304,0.0,0.0008043294090493882,9.89901386388269e-06,0.0,6.149471207801851e-06,0.0,0.6540981570161954,0.4939916289619962,0.580754716981132,0.2450980392156863,0.40287476084280827,0.1342189360235604,0.24242424242424243,0.29999999999999716,0.0,0.0,1.0,0.5,0.0,0.023699492578756684,0.0,0.0,0.0,0.0,0.0036354330375410375,0.023400438404384754,0.0,8.388330320629153e-05,0.001093539738414825,0.03312156029362849,0,0
557,0.6000000000000227,1.0,0.0,0.10424710424710425,0.2962962962962963,0.6000000000000001,0.5,0.0,0.0,0.0,0.0,1.0,0.0,0.0,0.0,0.0,0.009770786935533304,0.0,0.0008043294090493882,9.89901386388269e-06,0.00026968053340351293,6.199331785162406e-05,6.06780161524879e-06,0.6541011130446324,0.49399400381727204,0.580754716981132,0.2450980392156863,0.40287476084280827,0.13102324707061846,0.020202020202020204,0.10000000000000142,0.0,1.0,0.0,0.85,0.0,0.0,0.0005269458663178561,0.002297289576273794,0.0,0.00021271297950315653,0.0036522125125862358,0.0,0.0,4.3387033314385616e-05,0.0010885455507163842,0.03312156029362849,0,0
10818,1.0,0.0,0.0,0.1274131274131274,0.0,0.6000000000000001,0.5588235294117647,0.0,0.0,0.0,0.0,0.0,0.0,0.0,0.0,0.0,0.00985563579342599,0.0014378800569495218,0.0008043294090493882,9.89901386388269e-06,0.055697706197157436,0.012803614559454791,0.0,0.652580311623272,0.49438843280863387,0.580754716981132,0.2450980392156863,0.3969460997574916,0.13378031204962718,0.020202020202020204,0.5,0.0,1.0,0.0,0.5,2.1004800547368536e-05,0.0,0.0,0.0,0.0005835364342616697,0.0,0.003973449503747909,0.0,0.0,0.02014445119240154,0.0017164307454833202,0.033148083677342004,1,2
1926,0.20000000000004547,1.0,0.0,0.05405405405405406,0.537037037037037,0.6000000000000001,0.5,0.0,0.0,0.0,0.0,1.0,0.0,0.0,0.0,0.0,0.009770786935533304,0.0,0.0014344812744325566,9.89901386388269e-06,0.00445876635254548,0.0017563388375255692,0.0,0.6541152809092388,0.4940271947293932,0.3920754716981132,0.20514705882352943,0.39566653261677576,0.11341562754558558,0.25252525252525254,0.14999999999999858,0.0,0.0,0.0,0.55,0.0,0.0018242185832701326,0.0,0.0,0.0,0.0,0.003647682910299499,0.01638706499301366,0.0,0.0001405729646595218,0.001094413376763526,0.03312156029362849,0,0
10705,0.6000000000000227,0.0,0.0,0.03474903474903475,0.0,0.6000000000000001,0.029411764705882346,0.0,0.0,0.0,0.0,0.0,0.0,0.0,0.0,0.0,0.009770786935533304,0.0,0.0008043294090493882,9.89901386388269e-06,0.0,0.0,0.0,0.6544411355001245,0.49439346433430975,0.2788679245283019,0.12377450980392159,0.3931256778659258,0.07218497399586442,0.020202020202020204,0.5,0.0,0.0,0.0,0.35000000000000003,0.0012880817152729224,0.0,7.056860654725451e-07,3.0765309037529285e-06,0.0003642739846848724,0.0,0.0036354330375410375,0.0,0.0,0.0,0.0012192015983578462,0.03312156029362849,1,2
7679,0.0,0.0,0.0,0.10231660231660232,0.0,0.8,0.029411764705882346,0.0,0.0,0.0,0.0,0.0,0.0,0.0,0.0,0.0,0.009770786935533304,0.0,0.0008043294090493882,9.89901386388269e-06,0.0,0.00047201346567992585,0.0,0.6540978452449828,0.49399126368922497,0.5292452830188679,0.24301470588235294,0.4012113235598777,0.13315370637257973,0.020202020202020204,0.14999999999999858,0.0,1.0,0.0,0.35000000000000003,3.2104622426795675e-05,0.0,0.0,0.0,5.423259246081821e-05,0.0,0.003644514230475126,0.0,0.0,0.0006243025713468553,0.0011173700645925918,0.03312156029362849,0,2
8664,0.0,0.0,0.0,0.03581081081081081,0.0,0.0,0.7941176470588235,0.3333333333333333,0.0,0.0,0.0,0.0,0.0,0.0,0.0,0.0,0.009770786935533304,0.0,0.0008043294090493882,9.89901386388269e-06,0.002832368604847887,0.0006510960393665879,0.0,0.6540993971433462,0.49399308190140406,0.20339622641509433,0.13799019607843138,0.39068840712170516,0.07945359984961464,0.020202020202020204,0.29999999999999716,0.0,1.0,0.0,0.35000000000000003,0.0,0.0,0.0,0.0,0.0,7.715633898050274e-05,0.0036354330375410375,0.0,0.0,3.537987445388874e-05,0.0010825576210823542,0.03312156029362849,0,2
7988,0.4000000000000341,0.0,0.0,0.10231660231660232,0.0,0.6000000000000001,0.5294117647058824,0.0,0.0,0.0,0.0,1.0,0.0,0.0,0.0,0.0,0.009849871850082091,0.0,0.0008043294090493882,9.89901386388269e-06,0.0,1.9113221321546293e-05,8.242640903868427e-06,0.6541073289210618,0.4940001517345421,0.3920754716981132,0.13100490196078432,0.3967815839822567,0.07400213045930197,0.24242424242424243,0.29999999999999716,0.0,0.0,1.0,0.45,0.0,8.431439049000958e-05,0.0,0.0,0.0,0.0,0.0036354330375410375,0.01593956226138562,0.0,2.020976198016783e-05,0.0010938628730755445,0.03312156029362849,0,1
12437,0.4000000000000341,0.0,0.0,0.04247104247104247,0.0,0.6000000000000001,0.029411764705882346,0.0,0.0,0.0,0.0,0.0,0.0,0.0,0.0,0.0,0.009770786935533304,0.0,0.0008043294090493882,9.89901386388269e-06,0.0,0.0003556721185052962,1.776843698802244e-05,0.6540312673473885,0.49391218116381075,0.2788679245283019,0.2450980392156863,0.3931256778659258,0.13327902750798926,0.04040404040404041,0.9499999999999957,0.0,1.0,0.0,0.8,1.0624600147586218e-05,0.0,2.0162459013501287e-07,0.0,0.0,7.227760091850375e-08,0.003664586069873158,0.0,0.0,0.001901840930242553,0.0010908282128211234,0.03312156029362849,1,2
2674,0.4000000000000341,1.0,1.0,0.03474903474903475,0.0,0.6000000000000001,0.23529411764705882,0.0,0.0,0.0,0.0,0.0,0.0,0.0,0.0,0.0,0.009770786935533304,0.0,0.0008043294090493882,9.89901386388269e-06,0.001043656434230485,0.0003048143295975296,0.0,0.6540821553007262,0.49397262390898816,0.580754716981132,0.2450980392156863,0.40287476084280827,0.1336549909142177,0.020202020202020204,0.9499999999999957,0.0,1.0,0.0,0.8,0.0,0.0,0.0,0.0,0.0,2.529716032147631e-07,0.0036354330375410375,0.0,0.0,0.0003490916607359116,0.0010870829933764255,0.03312156029362849,0,4
5488,0.20000000000004547,0.0,0.0,0.0694980694980695,0.0,0.6000000000000001,0.5294117647058824,0.0,0.0,0.0,0.0,1.0,0.0,0.0,0.0,0.0,0.010358408167402373,1.4622139153922435e-06,0.0008784667572980415,9.89901386388269e-06,0.0,0.0012992004440915423,0.0,0.6536155534015857,0.4949426529163276,0.580754716981132,0.24436274509803926,0.39120632715485204,0.03264615577417132,0.030303030303030304,0.5,1.0,0.0,0.0,0.25000000000000006,8.415497982714297e-05,0.0,0.0,0.0,0.0007707445261588837,0.0,0.0038892022779985574,0.0,0.0,0.0015464305211406902,0.0017371596431311653,0.03312463575611257,0,1
6838,0.6000000000000227,1.0,0.0,0.03861003861003861,0.537037037037037,0.4,0.5,0.0,0.0,0.0,0.0,1.0,0.0,0.0,0.0,0.0,0.009770786935533304,0.0,0.0008043294090493882,9.89901386388269e-06,0.004114977897764327,0.0009457720515674711,0.0,0.6541698412027687,0.49407666454077914,0.28547169811320755,0.14301470588235296,0.3933206595254634,0.08164671971928067,0.24242424242424243,0.5499999999999972,0.0,1.0,1.0,0.05,0.00011174499580144994,0.0,0.0,0.0,0.0,0.0,0.0036354330375410375,0.0,0.0,0.00033901236172301783,0.0011329759469636542,0.03312156029362849,0,0
2595,0.20000000000004547,0.0,0.0,0.03474903474903475,0.0,0.6000000000000001,0.5588235294117647,0.0,0.0,0.0,0.0,0.0,0.0,0.0,0.0,0.0,0.00977977146340878,0.0,0.0008043294090493882,9.89901386388269e-06,0.0,0.0,0.0,0.6541026328050492,0.49401464696921177,0.20339622641509433,0.24497549019607845,0.39068840712170516,0.010338993671282663,0.020202020202020204,0.14999999999999858,0.0,1.0,0.0,0.45,0.0,0.0,0.0,0.0,0.0,7.589148096442893e-07,0.0036354330375410375,0.0,0.0,6.651314069422323e-06,0.0010954298704722813,0.03312156029362849,0,2
3586,0.20000000000004547,0.0,0.0,0.03581081081081081,0.0,0.0,0.7941176470588235,0.3333333333333333,0.0,0.0,0.0,0.0,0.0,0.0,0.0,0.0,0.009770786935533304,0.0,0.0008043294090493882,9.89901386388269e-06,0.0014051584897311726,0.011717651184541891,0.0,0.6544144593479617,0.4943622104159489,0.2766037735849056,0.1400735294117647,0.39305255974359915,0.08051882950059529,0.020202020202020204,0.5,0.0,1.0,0.0,0.75,0.0006190306167778621,0.0,0.0,0.0,0.0005468805232823807,0.0,0.0036354330375410375,0.0,0.0010953798767967147,0.001198336557515192,0.0011804705460727683,0.03312156029362849,0,2
8403,0.20000000000004547,0.0,0.0,0.047972972972972976,0.0,0.0,0.7941176470588235,0.3333333333333333,0.0,0.0,0.0,0.0,0.0,0.0,0.0,0.0,0.009770786935533304,0.0,0.0008043294090493882,9.89901386388269e-06,0.012075253159889467,0.002775821442624395,0.0,0.6537412213865667,0.4942692525715034,0.5683018867924529,0.24375000000000005,0.3907066866522868,0.06441506360047622,0.020202020202020204,0.5,1.0,1.0,0.0,0.45,0.0007165800605610354,0.0,0.0,0.0,0.00022669693194877084,0.0,0.0036701581560426347,0.0,0.0007632956878850103,0.0,0.0012394574177418613,0.03312156029362849,0,2
844,0.0,1.0,1.0,0.10231660231660232,0.0,0.6000000000000001,0.2647058823529412,0.0,0.0,0.0,0.0,0.0,0.0,0.0,0.0,0.0,0.009770786935533304,0.0,0.0008043294090493882,9.89901386388269e-06,0.000916407710694243,0.0009378774601520499,0.0,0.6541552704542147,0.49405589173835524,0.2949056603773585,0.1616421568627451,0.39364359789907266,0.08778745535434553,0.020202020202020204,0.14999999999999858,0.0,1.0,0.0,0.35000000000000003,0.0,0.0,0.0,0.0,0.0,2.4755078314587535e-05,0.0036359650773380666,0.0,0.0,0.00033622392620929846,0.001098147939059573,0.03312156029362849,0,4
7720,0.0,1.0,0.0,0.05791505791505792,0.7037037037037037,0.6000000000000001,0.5,0.0,0.0,0.0,0.0,1.0,0.0,0.0,0.0,0.0,0.009770786935533304,0.00488313975476141,0.0008043294090493882,9.89901386388269e-06,0.05211919734975613,0.011980998133967892,0.0,0.6532774906981899,0.4941957582148618,0.580754716981132,0.2450980392156863,0.39139521563752916,0.0370950560812081,0.020202020202020204,0.0,1.0,1.0,0.0,0.2,4.188061233895168e-05,0.0,0.0005656577876237786,0.002466059271565383,0.0004300104603949551,0.0,0.0035843517199360855,0.0,0.0,0.0012246604120437902,0.0018647601127659706,0.03312156029362849,0,0
9466,0.8000000000000114,0.0,0.0,0.02316602316602317,0.0,0.8,0.029411764705882346,0.0,0.0,0.0,0.0,0.0,0.0,0.0,0.0,0.0,0.009770786935533304,0.0,1.200794239618547e-06,9.89901386388269e-06,0.0003625865616671896,0.0006427859431398286,0.0,0.6539391271922295,0.4937954103295402,0.580754716981132,0.2450980392156863,0.47192873420343906,0.1342189360235604,0.020202020202020204,0.5,0.0,1.0,0.0,0.25000000000000006,1.2817408995937879e-05,0.0,0.0,0.0,0.0,0.0,0.0036354330375410375,0.0,0.0,0.0027100523356089357,0.0010841190172800326,0.033225729184218296,1,2
12095,0.6000000000000227,0.0,0.0,0.06756756756756757,0.0,0.6000000000000001,0.5294117647058824,0.0,0.0,0.0,0.0,1.0,0.0,0.0,0.0,0.0,0.009770786935533304,0.0,0.0008043294090493882,9.89901386388269e-06,0.0,0.0,0.0,0.6540452410590399,0.49392963235188436,0.20339622641509433,0.22818627450980397,0.39068840712170516,0.1255717776803058,0.23232323232323235,0.7999999999999972,0.0,0.0,0.0,0.0,0.0,0.0,0.0,0.0,0.0,0.0,0.0036354330375410375,0.0,0.0008401437371663245,0.0,0.0010825576210823542,0.03312156029362849,1,1
2043,0.6000000000000227,1.0,1.0,0.05791505791505792,0.0,0.6000000000000001,0.23529411764705882,0.0,0.0,0.0,0.0,0.0,0.0,0.0,0.0,0.0,0.01020633336977811,0.0,0.0008043294090493882,9.89901386388269e-06,0.015183086331028878,0.003579823252563353,0.0,0.6542008659172756,0.4942093342508892,0.2788679245283019,0.06029411764705883,0.3930403733898781,0.039664139357102585,0.020202020202020204,0.6000000000000014,0.0,1.0,0.0,0.45,0.00023671473351184427,0.0,0.0010856476055819768,0.0,6.050886073694753e-05,0.0,0.0037872634528877723,0.0,0.0,0.001216550925274533,0.001442980604000311,0.03312156029362849,0,4
7258,0.4000000000000341,0.0,0.0,0.03861003861003861,0.0,0.6000000000000001,0.5588235294117647,0.0,0.0,0.0,0.0,0.0,0.0,0.0,0.0,0.0,0.011287907991812793,0.0,0.0008043294090493882,9.89901386388269e-06,0.01715146502323012,0.00394272515478593,0.0,0.6542070228189167,0.4941156963236645,0.38773584905660374,0.14301470588235296,0.396641440914464,0.0818347014223949,0.020202020202020204,0.44999999999999574,0.0,1.0,0.0,0.45,2.6999383250447535e-05,0.0,0.0,0.0,0.00017643983111422906,0.0,0.003730806766410991,0.0,0.0,0.0007939622440715047,0.0012756722428782805,0.0331334008241922,0,2
173,0.6000000000000227,0.0,0.0,0.10231660231660232,0.0,0.0,0.4411764705882353,0.0,0.0,0.0,0.0,0.0,0.0,0.0,0.0,0.0,0.009770786935533304,0.0,0.0008043294090493882,9.89901386388269e-06,0.006554393768282966,0.0015596388598381776,0.0,0.6541803682024913,0.4940858844758087,0.28471698113207544,0.1448529411764706,0.3933145663486029,0.08145873801616645,0.25252525252525254,0.5,0.0,0.0,1.0,0.5,0.0,0.0,0.0,0.0,0.0,0.0,0.0036573138122489683,0.027922270459251032,0.0,0.00024722422756498974,0.0011076541156561052,0.03312156029362849,0,2
9128,0.0,0.0,0.0,0.10231660231660232,0.0,0.6000000000000001,0.029411764705882346,0.0,0.0,0.0,0.0,0.0,0.0,0.0,0.0,0.0,0.009770786935533304,0.0,0.0008043294090493882,9.89901386388269e-06,0.0,2.060903864236296e-05,0.0,0.6540673807909653,0.4938700870675435,0.580754716981132,0.2450980392156863,0.40287476084280827,0.11491948117049944,0.020202020202020204,0.8999999999999986,0.0,1.0,0.0,0.2,0.0,0.0,0.0,0.0,0.0,0.0,0.003640169566007135,0.0,0.0,0.0005636477034291617,0.0011479590553084428,0.03312156029362849,1,2
3642,0.6000000000000227,1.0,0.0,0.09266409266409267,0.7037037037037037,0.2,0.5,0.0,0.0,0.0,0.0,1.0,0.0,0.0,0.0,0.0,0.010478231971329573,0.0,0.006796339448936811,1.4403166388859987e-05,0.0024882186480112327,0.012276089650980114,0.0026633951864151535,0.6540184244276059,0.4939617119186877,0.5754716981132075,0.2450980392156863,0.4020887410277971,0.12914343003947618,0.030303030303030304,0.6499999999999986,0.0,1.0,0.0,0.4,0.003112838121195676,0.0,0.0,0.0,0.0008082299688554665,0.0,0.003909163782944217,0.0,0.0,0.009138470637774041,0.002022641903713484,0.033160683152680004,0,0
12288,0.4000000000000341,0.0,1.0,0.06756756756756757,0.0,0.8,0.23529411764705882,0.0,0.0,0.0,0.0,1.0,0.0,0.0,0.0,0.0,0.009770786935533304,0.0,0.0008043294090493882,9.89901386388269e-06,0.00024835191212897235,0.00012963750113744441,0.0,0.6536914894053446,0.49351446704655827,0.20339622641509433,0.2450980392156863,0.39068840712170516,0.13403095432044615,0.020202020202020204,0.8999999999999986,0.0,1.0,0.0,0.05,0.0,0.0,0.0,0.0,0.0,0.0,0.0036354330375410375,0.0,0.0,0.004798232387704074,0.0010825576210823542,0.03312156029362849,1,4
4705,0.4000000000000341,1.0,0.0,0.10231660231660232,0.0,0.8,0.0,0.0,0.0,0.0,0.0,0.0,0.0,0.0,0.0,0.0,0.009770786935533304,0.0,0.0008043294090493882,9.89901386388269e-06,0.0,0.0013552104926598998,0.0,0.6541003665828448,0.4939921661963378,0.39301886792452834,0.13333333333333336,0.3968120498665595,0.07538066294880633,0.24242424242424243,0.6000000000000014,0.0,1.0,1.0,0.5,0.0,0.0,0.0,0.0,0.0,0.0,0.0036354330375410375,0.0,0.0,0.0005111023222807254,0.0010931012587080103,0.03312180831479656,0,3
4874,0.8000000000000114,1.0,0.0,0.05791505791505792,0.0,0.2,0.029411764705882346,0.0,0.0,0.0,0.0,0.0,0.0,0.0,0.0,0.0,0.017390554492102157,0.0,0.0008205479286494302,9.89901386388269e-06,0.09596035913060201,0.02205906733297018,0.0014349372142383509,0.6542366483731357,0.4942835789500036,0.490188679245283,0.228921568627451,0.39935899779427003,0.12463186916473465,0.020202020202020204,0.44999999999999574,0.0,1.0,0.0,0.35000000000000003,0.0,0.0,0.001590918828460319,0.006935819170303566,3.3995148867214185e-05,0.0,0.003918298768831953,0.0,0.0,0.004918518844451858,0.0014322576784366549,0.03312156029362849,0,3
11561,0.6000000000000227,0.0,0.0,0.03474903474903475,0.0,0.4,0.029411764705882346,0.0,0.0,0.0,0.0,0.0,0.0,0.0,0.0,0.0,0.009770786935533304,0.0,0.0008043294090493882,9.89901386388269e-06,0.0007284266418338854,0.00021739211729202219,9.699783227243584e-05,0.6539920852269026,0.493858139037895,0.580754716981132,0.24264705882352944,0.40287476084280827,0.128454163794724,0.020202020202020204,0.6000000000000014,0.0,1.0,0.0,0.85,3.32655212288642e-07,0.0,0.000211201758166426,0.0009207617490517693,0.00011759003381186932,0.0,0.0036354330375410375,0.0,0.001026694045174538,0.0007948831952503478,0.0010998095124545692,0.03312156029362849,1,2
6513,0.6000000000000227,1.0,0.0,0.5405405405405406,0.0,0.6000000000000001,1.0,0.0,0.0,0.0,0.0,1.0,0.0,0.0,0.0,0.0,0.06922365025716141,0.001174026829530235,0.001917418884984575,0.00019981230336084678,0.0,0.02706814403557386,0.0,0.6452859234806481,0.5020292792855897,0.580377358490566,0.2439950980392157,0.3946550652579242,0.08897800614073564,0.030303030303030304,0.3999999999999986,1.0,1.0,0.0,0.2,0.012646559994459185,0.0,0.042819014206972685,0.0,0.03130328714151181,0.0,0.011095798338248808,0.0,0.0,0.026152966920968575,0.007748207061423256,0.03373881057460671,0,0
5511,0.6000000000000227,0.0,0.0,0.06756756756756757,0.0,0.4,0.029411764705882346,0.0,0.0,0.0,0.0,0.0,0.0,0.0,0.0,0.0,0.009770786935533304,0.0,0.0008043294090493882,9.89901386388269e-06,0.0,3.008254834086851e-05,0.0,0.6541009967516508,0.49399448282534825,0.580754716981132,0.2450980392156863,0.40287476084280827,0.13415627545585562,0.25252525252525254,0.6499999999999986,0.0,1.0,0.0,0.45,0.0,0.0,0.0,0.0,0.0,0.0,0.0036354330375410375,0.0,0.0,4.7428985710419186e-05,0.001195943189301629,0.03312156029362849,0,2
8819,1.0,1.0,0.0,0.09266409266409267,0.0,0.6000000000000001,0.029411764705882346,0.0,0.0,0.0,0.0,0.0,0.0,0.0,0.0,0.0,0.013866888876966372,2.127848608220056e-06,0.000789935472904351,0.0008223873992233828,0.026145274662031728,0.008508707526578804,0.0010546883130160933,0.653550121536536,0.494793241990406,0.580754716981132,0.24325980392156868,0.3945210153669921,0.07657121373519646,0.020202020202020204,0.3500000000000014,1.0,1.0,0.0,0.2,0.0033020171037596614,0.0,0.0,0.0,0.0010445212959495423,0.0,0.004102152875518986,0.0,0.0,0.005455228725899859,0.0017221446129085578,0.033184061627982375,0,3
11227,0.4000000000000341,0.0,0.0,0.02316602316602317,0.0,0.2,0.0,0.0,0.0,0.0,0.0,0.0,0.0,0.0,0.0,0.0,0.009770786935533304,0.0,0.0008043294090493882,9.89901386388269e-06,0.0,0.00014949863111939904,0.0,0.6540904694206091,0.4939826221350978,0.20339622641509433,0.2450980392156863,0.39068840712170516,0.1342189360235604,0.020202020202020204,0.3999999999999986,0.0,1.0,0.0,0.8,0.0,0.0,0.0,0.0,7.512740081152306e-07,0.0,0.0036354330375410375,0.0,0.0,0.0002467637519755682,0.0010825576210823542,0.03312156029362849,1,2
6977,0.6000000000000227,0.0,0.0,0.03474903474903475,0.0,0.4,0.5294117647058824,0.0,0.0,0.0,0.0,1.0,0.0,0.0,0.0,0.0,0.009770786935533304,0.0,0.0008043294090493882,9.89901386388269e-06,0.002435439347908132,0.0010843844566298154,0.0,0.6540959408231654,0.4939889959702774,0.580754716981132,0.2450980392156863,0.40287476084280827,0.13403095432044615,0.25252525252525254,1.0,0.0,0.0,0.0,0.5,0.0,0.0319070043811944,0.0,0.0,0.0,0.0,0.0036354330375410375,0.01731721262798026,0.0,0.00027771794437557207,0.0010851748185184628,0.03312156029362849,0,1
11265,0.4000000000000341,0.0,0.0,0.10231660231660232,0.0,0.4,0.5588235294117647,0.0,0.0,0.0,0.0,0.0,0.0,0.0,0.0,0.0,0.009770786935533304,0.0,0.0008043294090493882,9.89901386388269e-06,0.0,0.0,0.0,0.6538024968543129,0.4940191785253559,0.580754716981132,0.2450980392156863,0.39267478277824497,0.13409361488815089,0.25252525252525254,0.3999999999999986,0.0,0.0,1.0,0.25000000000000006,0.0,0.0,0.0,0.0,0.0,0.0,0.0036354330375410375,0.08275981437827667,0.004620123203285421,6.971088784298397e-05,0.0011415192130034848,0.03312156029362849,1,2
1640,0.6000000000000227,0.0,0.0,0.06756756756756757,0.0,0.8,0.0,0.0,0.0,0.0,0.0,0.0,0.0,0.0,0.0,0.0,0.009770786935533304,0.0,0.0009602767128959454,9.89901386388269e-06,0.0,0.0,0.0,0.6540759119248166,0.49395641022314063,0.580754716981132,0.2450980392156863,0.4030941152097881,0.1316498527476659,0.020202020202020204,0.7999999999999972,0.0,1.0,0.0,0.85,6.347604561017965e-06,0.0,0.0,0.0,3.2617813185669595e-05,0.0,0.0036354330375410375,0.0,0.0,0.00042553060857988817,0.0011164320868069198,0.033220768760856875,0,2
10821,0.20000000000004547,0.0,0.0,0.06756756756756757,0.0,0.4,0.5294117647058824,0.0,0.0,0.0,0.0,1.0,0.0,0.0,0.0,0.0,0.009770786935533304,0.0,0.0008043294090493882,9.89901386388269e-06,0.0,0.0,0.0,0.6540895983828641,0.4939816016227539,0.5662264150943396,0.12426470588235296,0.4024055862245458,0.07243561626668339,0.020202020202020204,0.29999999999999716,0.0,1.0,0.0,0.75,0.0,0.0,0.0,0.0,0.0,0.0,0.0036354330375410375,0.0,0.0,0.00010849316526315413,0.0010825606943066163,0.03312156029362849,1,1
10717,0.20000000000004547,0.0,0.0,0.06756756756756757,0.0,0.6000000000000001,0.029411764705882346,0.0,0.0,0.0,0.0,0.0,0.0,0.0,0.0,0.0,0.009770786935533304,0.0,0.0008043294090493882,9.89901386388269e-06,0.002614021363325472,0.006276449478146732,0.0,0.6540932677411849,0.49398590066201176,0.20339622641509433,0.2450980392156863,0.39068840712170516,0.1342189360235604,0.020202020202020204,0.5,0.0,1.0,0.0,0.75,4.0882646702085755e-05,0.0,0.007590056883337492,0.0,0.0,0.002722227422194066,0.0036354330375410375,0.0,0.0,0.0009842154084341733,0.0010825576210823542,0.03312156029362849,1,2
4010,0.4000000000000341,0.0,0.0,0.02316602316602317,0.0,0.6000000000000001,0.6470588235294117,0.0,0.0,0.0,0.0,1.0,0.0,0.0,0.0,0.0,0.009770786935533304,0.0,0.0008043294090493882,9.89901386388269e-06,0.004720855342783479,0.0006119554861385517,0.0,0.6540630249396024,0.49409259447062687,0.20339622641509433,0.24154411764705885,0.39068840712170516,0.1027633310357792,0.24242424242424243,0.7999999999999972,0.0,1.0,0.0,0.10000000000000002,7.663289870028961e-05,0.0,0.0,0.0,0.0,0.0,0.0036354330375410375,0.0,0.0003126540041067762,0.00031018147342979106,0.001102615564478397,0.03312156029362849,0,1
2046,0.20000000000004547,0.0,0.0,0.02316602316602317,0.0,0.6000000000000001,0.5294117647058824,0.0,0.0,0.0,0.0,1.0,0.0,0.0,0.0,0.0,0.009770786935533304,0.0,0.0008043294090493882,9.89901386388269e-06,0.0,0.00021888793461283886,0.0,0.6541024118152524,0.49399661390665983,0.20339622641509433,0.24485294117647063,0.39068840712170516,0.13428159659126512,0.04040404040404041,0.3999999999999986,0.0,1.0,0.0,0.85,1.7725770597666207e-05,0.0,0.00011805119752405004,4.175291940807546e-05,0.0,3.9499708901962294e-05,0.0036354330375410375,0.0,0.0,4.3233541451245104e-05,0.0010825576210823542,0.03312156029362849,0,1
9385,0.6000000000000227,1.0,1.0,0.03861003861003861,0.0,0.6000000000000001,0.23529411764705882,0.0,0.0,0.0,0.0,0.0,0.0,0.0,0.0,0.0,0.009794098549736173,0.0,0.0008043294090493882,9.89901386388269e-06,0.0030865045498648705,0.0007095160158407054,0.0,0.6537377431993294,0.49405490577359545,0.580754716981132,0.2450980392156863,0.39506940128444173,0.1339682937527414,0.020202020202020204,0.14999999999999858,1.0,1.0,0.0,0.45,0.0005338301491406691,0.0,0.0,0.0,0.0,0.0002656563221759605,0.0036391050937637803,0.0,0.0025667351129363453,0.0001437962937854726,0.0011866451988647873,0.03312156029362849,1,4
4927,0.6000000000000227,1.0,0.0,0.03861003861003861,0.537037037037037,0.6000000000000001,0.5,0.0,0.0,0.0,0.0,1.0,0.0,0.0,0.0,0.0,0.010055778567657069,0.0,0.0008043294090493882,9.89901386388269e-06,0.0018075102775034378,0.0005966649090813147,0.0,0.6541209925180959,0.49401838315457125,0.3950943396226415,0.21311274509803926,0.39687907481202556,0.11786452785262237,0.020202020202020204,0.14999999999999858,0.0,1.0,0.0,0.55,3.097766803414435e-05,0.0,0.0,0.0,2.3007766498528935e-06,0.0,0.0036385369302314547,0.0,0.0,0.0001854437526509324,0.0010933339810936644,0.03312156029362849,0,0
781,0.20000000000004547,0.0,1.0,0.03474903474903475,0.0,0.6000000000000001,0.32352941176470584,0.0,0.0,0.0,0.0,0.0,0.0,0.0,0.0,0.0,0.009930958342867793,0.0,0.0008239787693340544,9.89901386388269e-06,0.0,0.0005404055576261545,0.0,0.6541030900253186,0.49399426195371504,0.580754716981132,0.2450980392156863,0.394630692550482,0.048749921674290375,0.020202020202020204,0.0,0.0,1.0,0.0,0.4,0.0,0.0,0.00021765374505074638,0.0002144781544330613,0.0,6.450775881976459e-05,0.0036354330375410375,0.0,0.0,8.892295271273845e-05,0.0011004810615239708,0.03312156029362849,0,4
1921,0.20000000000004547,0.0,0.0,0.03474903474903475,0.0,0.6000000000000001,0.5294117647058824,0.0,0.0,0.0,0.0,1.0,0.0,0.0,0.0,0.0,0.009770786935533304,0.0,0.0008043294090493882,9.89901386388269e-06,0.0,0.00023110377606617495,0.0,0.6540750292909054,0.49396427969698936,0.3594339622641509,0.11409313725490199,0.3957335575622418,0.06717212857948494,0.020202020202020204,0.44999999999999574,0.0,1.0,0.0,0.35000000000000003,2.58045400389618e-05,0.0,1.0081229506750644e-07,4.395044148218469e-07,0.0,3.613880045925187e-08,0.0036357043582050576,0.0,0.00014050308008213552,6.129441734744572e-05,0.0011055814241638536,0.03312411987208298,0,1
8532,0.4000000000000341,0.0,0.0,0.06756756756756757,0.0,0.6000000000000001,0.5294117647058824,0.0,0.0,0.0,0.0,1.0,0.0,0.0,0.0,0.0,0.01067920246588419,0.0,0.0008043294090493882,9.89901386388269e-06,0.0,0.00038434195048761566,0.0,0.6540902666533592,0.49358623829392084,0.580754716981132,0.2450980392156863,0.6277739187657662,0.13409361488815089,0.020202020202020204,0.3999999999999986,0.0,1.0,0.0,0.75,0.0,0.0,0.0005689845933610063,0.0,0.0,0.00033887353190640483,0.0036354330375410375,0.0,0.0,0.0003214631253706189,0.0011464851468659676,0.038178711910595554,0,1
860,0.20000000000004547,1.0,0.0,0.06756756756756757,0.0,0.6000000000000001,0.0,0.0,0.0,0.0,0.0,0.0,0.0,0.0,0.0,0.0,0.009770786935533304,0.0,0.0008043294090493882,9.89901386388269e-06,0.00018942707708236028,4.354490422821851e-05,1.544135894919943e-06,0.6540974085664937,0.4939905075241257,0.40773584905660376,0.21433823529411766,0.3972873176616825,0.1169246193370512,0.24242424242424243,0.7999999999999972,0.0,0.0,0.0,0.5,0.0,0.0008904524781176823,0.0,0.0,0.0,0.0,0.0036354330375410375,0.0037978260820873246,0.0,6.605266510480169e-05,0.0010839878104312944,0.03312156029362849,0,3
5072,0.20000000000004547,0.0,1.0,0.05791505791505792,0.0,0.6000000000000001,0.23529411764705882,0.0,0.0,0.0,0.0,0.0,0.0,0.0,0.0,0.0,0.009770786935533304,0.0,0.0008043294090493882,9.89901386388269e-06,0.01485773448107826,0.003417028467481139,0.00028675256020449925,0.6538296842317479,0.4936716212894203,0.44716981132075473,0.17401960784313728,0.39856079162553776,0.09775048561939972,0.020202020202020204,0.9499999999999957,0.0,1.0,0.0,0.5,0.0004101774545156624,0.0,0.0,0.0,0.0002271038720364999,0.0,0.003739231449720996,0.0,0.0029438655030800823,0.00011153742054877435,0.0015191009983393949,0.03312156029362849,0,4
9005,0.6000000000000227,0.0,0.0,0.05791505791505792,0.0,0.8,0.5588235294117647,0.0,0.0,0.0,0.0,0.0,0.0,0.0,0.0,0.0,0.011175940006228971,0.0,0.0008043294090493882,9.89901386388269e-06,0.04385417585484391,0.01104079384687235,0.0,0.6530722345797191,0.4931179438505196,0.580754716981132,0.24497549019607845,0.3990299662438002,0.1157340685506611,0.020202020202020204,0.3999999999999986,1.0,1.0,0.0,0.5,0.00019494953216491108,0.0,0.0,0.0,0.001033768686708393,0.0,0.0038254324983707294,0.0,0.0,0.005949319033349177,0.0014772855689622365,0.03312156029362849,1,2
2664,0.6000000000000227,1.0,0.0,0.03474903474903475,0.0,0.6000000000000001,0.47058823529411764,0.0,0.0,0.0,0.0,0.0,0.0,0.0,0.0,0.0,0.009770786935533304,0.0,0.0008043294090493882,9.89901386388269e-06,0.0,0.0,0.0,0.6541004354972042,0.49399409193302024,0.20339622641509433,0.2450980392156863,0.39068840712170516,0.12738893414374336,0.020202020202020204,0.0,0.0,0.0,0.0,0.25000000000000006,0.0,0.0,0.0,0.0,0.0,1.15644161469606e-06,0.0036354330375410375,0.0,0.0,4.684060023504721e-05,0.0010825576210823542,0.03312156029362849,0,3
1039,0.6000000000000227,0.0,0.0,0.03474903474903475,0.0,0.6000000000000001,0.0,0.0,0.0,0.0,0.0,0.0,0.0,0.0,0.0,0.0,0.009770786935533304,0.0,0.0008253511056079041,9.89901386388269e-06,0.0,1.7700504962997218e-05,0.0,0.6540362248741203,0.4939129586785406,0.580754716981132,0.2450980392156863,0.4005288877514959,0.11911773920671723,0.020202020202020204,0.6000000000000014,0.0,1.0,0.0,0.4,7.132399306743821e-05,0.0,0.0,0.0,6.135404399607716e-05,0.0,0.0036354330375410375,0.0,0.0,0.0010435911774923626,0.0010909868804156876,0.03312156029362849,0,2
5812,0.6000000000000227,0.0,0.0,0.06756756756756757,0.0,0.6000000000000001,0.029411764705882346,0.0,0.0,0.0,0.0,0.0,0.0,0.0,0.0,0.0,0.009770786935533304,0.0,0.0008043294090493882,9.89901386388269e-06,0.006655975845878659,0.0062511036846551165,0.0,0.6540808018624652,0.4939692238832672,0.5367924528301887,0.24485294117647063,0.40145505063429976,0.12588508051882952,0.020202020202020204,1.0,0.0,1.0,0.0,0.85,0.0,0.0,0.0,0.0,0.0,0.0,0.0036570644799455636,0.0,0.0,0.001807673672205847,0.0010830248007383263,0.03312156029362849,0,2
9184,0.0,0.0,0.0,0.03861003861003861,0.0,0.4,0.5588235294117647,0.0,0.0,0.0,0.0,0.0,0.0,0.0,0.0,0.0,0.009770786935533304,0.0,0.000980097615214843,9.89901386388269e-06,0.022321305918945454,0.016717503680333867,0.0,0.6540856646319527,0.49396297775769626,0.580754716981132,0.24497549019607845,0.40288085401966883,0.13290306410176078,0.030303030303030304,0.8999999999999986,0.0,1.0,0.0,0.5,0.0,0.0,5.776544507368119e-05,0.0,0.0,4.560716617957586e-05,0.0038380875852033858,0.0,0.0,0.0038304406086259357,0.0012859852399798794,0.03318816885852563,1,2
270,0.6000000000000227,1.0,0.0,0.31660231660231664,0.6666666666666666,0.6000000000000001,0.5,0.0,0.0,0.0,0.0,1.0,0.0,0.0,0.0,0.0,0.016792157846566687,0.0,0.0009273718317843218,3.236916803343235e-05,0.01807510277503438,0.006844527656207995,0.00038218450818912895,0.6546429094555297,0.4945317986836875,0.3394339622641509,0.13149509803921572,0.3943382200611755,0.06009148442884893,0.020202020202020204,0.5,1.0,1.0,0.0,0.10000000000000002,0.0,0.0,0.00046484549255627216,0.002026554856743536,0.0008085899543176884,0.0,0.00421858988326114,0.0,0.0,0.0029621371388400416,0.0015455103544906603,0.03522162993003581,0,0
3201,0.6000000000000227,1.0,1.0,0.03861003861003861,0.0,0.6000000000000001,0.23529411764705882,0.0,0.0,0.0,0.0,0.0,0.0,0.0,0.0,0.0,0.009770786935533304,0.0,0.0008043294090493882,9.89901386388269e-06,0.0007837364563254907,0.0,0.0,0.6541327732290497,0.49403135441378937,0.3920754716981132,0.18075980392156865,0.3967815839822567,0.10057021116611319,0.24242424242424243,0.3999999999999986,0.0,1.0,1.0,0.55,0.0,0.0,0.0,0.0,0.0,0.0,0.0036354330375410375,0.0,0.0,8.825782130579622e-05,0.0011014877407423405,0.03312156029362849,0,4
11893,0.6000000000000227,1.0,1.0,0.06756756756756757,0.0,0.8,0.32352941176470584,0.0,0.0,0.0,0.0,0.0,0.0,0.0,0.0,0.0,0.009770786935533304,0.0,0.0008043294090493882,9.89901386388269e-06,0.0056365400493667206,0.025016879882960603,0.0,0.6538327406498526,0.49368066576930364,0.580754716981132,0.2450980392156863,0.40287476084280827,0.1342189360235604,0.020202020202020204,0.6499999999999986,0.0,1.0,0.0,0.45,0.0,0.0,0.0,0.0,0.0,0.0,0.0036409348394864046,0.0,0.0,0.0114830844292226,0.001083667005472838,0.03312156029362849,1,4
8628,0.6000000000000227,1.0,1.0,0.03861003861003861,0.0,0.6000000000000001,0.23529411764705882,0.0,0.0,0.0,0.0,0.0,0.0,0.0,0.0,0.0,0.009885885208886135,0.0,0.0008043294090493882,9.89901386388269e-06,0.0007132435555028566,0.0006283263757052675,0.0,0.6541247132308673,0.49401702492988836,0.4443396226415094,0.2450980392156863,0.39846330079576897,0.12695031016981015,0.24242424242424243,0.14999999999999858,0.0,1.0,1.0,0.5,0.00022587967802587135,0.0,0.0,0.0,0.0,0.0,0.0036354330375410375,0.0,0.0,0.00032253756841260254,0.0010997614809334405,0.03312156029362849,0,4
11495,0.20000000000004547,0.0,0.0,0.10231660231660232,0.0,0.6000000000000001,0.1176470588235294,0.0,0.0,0.0,0.0,0.0,0.0,0.0,0.0,0.0,0.009770786935533304,0.0,0.0008043294090493882,9.89901386388269e-06,0.0,0.0,2.7163742714859277e-05,0.6540769357006371,0.49396012428251934,0.580754716981132,0.2450980392156863,0.40287476084280827,0.1332163669402845,0.020202020202020204,0.6000000000000014,0.0,1.0,0.0,0.85,2.3068620639934804e-05,0.0,0.0,0.0,3.67185171466319e-05,0.0,0.0036354330375410375,0.0,0.0,0.0002279609987408551,0.0012033064859292137,0.03312156029362849,1,2
9932,0.0,0.0,1.0,0.04247104247104247,0.0,0.4,0.23529411764705882,0.0,0.0,0.0,0.0,0.0,0.0,0.0,0.0,0.0,0.009770786935533304,0.0,0.0008043294090493882,9.89901386388269e-06,0.0,0.0,0.0,0.6539148070497298,0.49377681518944017,0.20339622641509433,0.2450980392156863,0.39068840712170516,0.1342189360235604,0.25252525252525254,0.9499999999999957,0.0,0.0,0.0,0.05,0.0,0.0,0.0,0.0,0.0,0.0,0.0036354330375410375,2.3943018088486754e-05,0.0,0.002913403472292928,0.0010825576210823542,0.03312156029362849,1,4
4046,0.0,1.0,0.0,0.06756756756756757,0.0,0.6000000000000001,0.1764705882352941,0.0,0.0,0.0,0.0,0.0,0.0,0.0,0.0,0.0,0.009864048441805204,0.0,0.0008043294090493882,9.89901386388269e-06,0.0005028493592014564,0.0007078539965953536,0.0,0.6541058151243876,0.493999650600485,0.39754716981132077,0.20857843137254903,0.3969582861112127,0.11065856256657686,0.24242424242424243,0.14999999999999858,0.0,0.0,0.0,0.55,0.0,0.0036648374719223616,0.0,0.0,0.0,0.0,0.0036354330375410375,0.005800620927418131,0.0,0.000252366204980197,0.0010857603668766587,0.03312156029362849,0,3
6270,0.8000000000000114,0.0,0.0,0.06756756756756757,0.0,0.8,0.029411764705882346,0.0,0.0,0.0,0.0,0.0,0.0,0.0,0.0,0.0,0.009770786935533304,0.0,0.0008043294090493882,9.89901386388269e-06,0.00043850199332233405,0.0001748444246110148,0.0,0.6541023120882227,0.49399519318578544,0.5013207547169811,0.20625000000000002,0.4010346214309217,0.11404223322263302,0.25252525252525254,0.0,0.0,0.0,0.0,0.55,0.0,0.0,0.0,0.0,0.0,0.0,0.003635588134013234,0.0039012444731211433,0.0,5.003834738380794e-05,0.0010851837903505827,0.03313752293600554,0,2
7591,0.6000000000000227,1.0,0.0,0.05791505791505792,0.7037037037037037,0.4,0.5,0.0,0.0,0.0,0.0,1.0,0.0,0.0,0.0,0.0,0.0224708158982199,1.6957316600892137e-05,0.0008043294090493882,2.0405329191807262e-05,0.009715367741580978,0.0022337538657528884,0.0,0.653689991180665,0.49489066578940333,0.5781132075471698,0.24436274509803926,0.3944235245372233,0.11247571903001444,0.030303030303030304,0.29999999999999716,1.0,1.0,0.0,0.25000000000000006,0.0002229061477609239,0.0,1.2097475408100772e-06,5.274052977862163e-06,0.0,2.1683280275551124e-07,0.004476058665392171,0.0,0.0,0.001702813147703685,0.0014015280629267465,0.03312540462173359,0,0
10903,0.20000000000004547,1.0,0.0,0.10424710424710425,0.2962962962962963,0.4,0.5,0.0,0.0,0.0,0.0,1.0,0.0,0.0,0.0,0.0,0.009770786935533304,5.183220968741162e-05,0.0008043294090493882,9.89901386388269e-06,0.0,0.0,0.0,0.6540093118288469,0.4938747579785493,0.20339622641509433,0.2442401960784314,0.39068840712170516,0.1208095745347453,0.020202020202020204,0.5,0.0,1.0,0.0,0.0,0.0,0.0,0.0,0.0,0.0,3.830712848680698e-06,0.003639551143364832,0.0,0.0,0.0007483751607187717,0.0010825576210823542,0.03312156029362849,1,0
8222,0.8000000000000114,1.0,0.0,0.03861003861003861,0.0,0.6000000000000001,0.1764705882352941,0.0,0.0,0.0,0.0,0.0,0.0,0.0,0.0,0.0,0.009770786935533304,0.0,0.0008043294090493882,9.89901386388269e-06,0.0008415767852056006,0.0001946224536307018,0.0,0.6542245933300203,0.49413241347261966,0.38,0.1400735294117647,0.3963916206631814,0.07976690268813837,0.24242424242424243,0.7999999999999972,0.0,1.0,0.0,0.5,6.106599254155785e-05,0.0,0.0,0.0,0.0,0.0,0.0036354330375410375,0.0,0.0,1.1921201370580011e-05,0.001193100060314123,0.03312156029362849,0,3
6334,0.0,0.0,0.0,0.06756756756756757,0.0,0.6000000000000001,0.5588235294117647,0.0,0.0,0.0,0.0,0.0,0.0,0.0,0.0,0.0,0.009770786935533304,0.0,0.0008043294090493882,9.89901386388269e-06,0.0,0.0,0.0,0.6540994958764188,0.4939930151352865,0.3681132075471698,0.11960784313725492,0.39600775052096665,0.06967855128767467,0.24242424242424243,0.0,0.0,0.0,0.0,0.5,0.0,4.6047011265117455e-05,0.0,0.0,0.0,0.0,0.0036354330375410375,0.006614529071342239,0.0,4.834993688926228e-05,0.0010863457169623218,0.03312156029362849,0,2
6788,0.0,1.0,0.0,0.03474903474903475,0.0,0.6000000000000001,0.5588235294117647,0.0,0.0,0.0,0.0,0.0,0.0,0.0,0.0,0.0,0.009770786935533304,0.0,0.0008043294090493882,9.89901386388269e-06,0.0,0.0,0.001101469106114302,0.6540661741270372,0.49415234121784585,0.5449056603773585,0.24178921568627454,0.3995722589843893,0.1261357227896485,0.020202020202020204,0.6000000000000014,0.0,1.0,0.0,0.35000000000000003,0.0,0.0,0.0,0.0,0.0,0.0009165883960480052,0.004013341886994084,0.0,0.0,0.002483754165385436,0.0012776026242599435,0.03313436810674768,0,3
9083,0.0,0.0,1.0,0.20463320463320464,0.0,0.6000000000000001,0.23529411764705882,0.0,0.0,0.0,0.0,0.0,0.0,0.0,0.0,0.0,0.009770786935533304,0.0,0.0008043294090493882,9.89901386388269e-06,0.0,0.0,0.0,0.654103463753191,0.49399784636260957,0.580754716981132,0.2450980392156863,0.40287476084280827,0.1342189360235604,0.020202020202020204,1.0,0.0,1.0,0.0,0.2,0.0,0.0,0.0,0.0,0.0,0.0,0.0036354330375410375,0.0,0.0,7.674593157025758e-08,0.002004648820044638,0.03312156029362849,1,4
6697,0.8000000000000114,0.0,1.0,0.10231660231660232,0.0,0.6000000000000001,0.23529411764705882,0.0,0.0,0.0,0.0,0.0,0.0,0.0,0.0,0.0,0.010004866243029372,0.0,0.0008043294090493882,9.89901386388269e-06,0.0057102864686888605,0.0036831177486619706,0.0,0.6540783199515684,0.49396190406536333,0.550566037735849,0.24497549019607845,0.40189985254512,0.1283288426593145,0.25252525252525254,0.8999999999999986,0.0,1.0,0.0,0.35000000000000003,1.634762757532755e-05,0.0,0.0,0.0,0.0,0.0,0.0036354330375410375,0.0,0.0,0.0012254022893823028,0.0010980603521681034,0.03312156029362849,0,4
10451,0.6000000000000227,0.0,0.0,0.015444015444015444,0.0,0.6000000000000001,0.5588235294117647,0.0,0.0,0.0,0.0,0.0,0.0,0.0,0.0,0.0,0.009770786935533304,0.0,0.0008043294090493882,9.89901386388269e-06,0.0,0.0,0.0,0.6513673271218537,0.4907921744809261,0.20339622641509433,0.2450980392156863,0.39068840712170516,0.1342189360235604,0.04040404040404041,0.14999999999999858,0.0,1.0,0.0,0.8,0.0,0.0,0.0,0.0,0.0,0.0,0.0036354330375410375,0.0,0.0,0.042252856355663164,0.0010825576210823542,0.03312156029362849,1,2
6795,0.6000000000000227,1.0,0.0,0.015444015444015444,0.35185185185185186,0.6000000000000001,0.5,0.0,0.0,0.0,0.0,1.0,0.0,0.0,0.0,0.0,0.011082046422619098,0.0,0.0008136862472801817,8.932392366949359e-05,0.02530514388504813,0.007083858427538662,0.0,0.6538620766312343,0.49457854389403044,0.580754716981132,0.24460784313725495,0.3980672442998331,0.1322137978570086,0.020202020202020204,0.5,0.0,1.0,0.0,0.25000000000000006,0.002156420441456413,0.0,0.009425344715041447,0.04109102575935376,0.0023196837123904603,0.0,0.003847798587609382,0.0,0.0,0.0017100272652712893,0.0014049457361468647,0.033182806640871934,0,0
5130,0.4000000000000341,0.0,0.0,0.02316602316602317,0.0,0.6000000000000001,0.029411764705882346,0.0,0.0,0.0,0.0,0.0,0.0,0.0,0.0,0.0,0.009770786935533304,0.0,0.0008043294090493882,9.89901386388269e-06,0.005482540173723427,0.001260309193750309,0.00010276115638727788,0.6540757164465856,0.49414746108045987,0.580754716981132,0.2442401960784314,0.39361922519163045,0.12883012720095247,0.25252525252525254,0.0,0.0,1.0,0.0,0.10000000000000002,0.00013281089628576945,0.0,0.0,0.0,0.0,0.0,0.0036354330375410375,0.0,0.0,0.00038091564036037845,0.0011178539487094723,0.03337659550033251,0,2
6503,0.8000000000000114,0.0,0.0,0.02316602316602317,0.0,0.6000000000000001,0.029411764705882346,0.0,0.0,0.0,0.0,0.0,0.0,0.0,0.0,0.0,0.009770786935533304,0.0,0.0008736323908787982,1.9271699792262412e-05,0.05422530832510314,0.016561772477044396,0.002227339909046916,0.6539440462859532,0.4956202998967708,0.580754716981132,0.24264705882352944,0.39302818703615694,0.04687010464314807,0.030303030303030304,0.0,1.0,1.0,0.0,0.10000000000000002,0.0030604618974649236,0.0,0.004956839736174224,0.02160999257237539,0.0,1.0118864128590524e-06,0.0042797995894744804,0.0,0.0,0.005376436236154395,0.0018790568016013795,0.03318579777615887,0,2
3854,0.4000000000000341,0.0,0.0,0.06756756756756757,0.0,0.8,0.5588235294117647,0.0,0.0,0.0,0.0,0.0,0.0,0.0,0.0,0.0,0.009770786935533304,0.0,0.0008129532949521028,9.89901386388269e-06,0.0006373281238477122,0.0011861831354076165,0.0,0.6541022922090806,0.49399635382934126,0.580754716981132,0.2450980392156863,0.40258838153036236,0.130897925935209,0.25252525252525254,0.0,0.0,1.0,1.0,0.45,0.0,0.0,0.0,0.0,0.0,0.0,0.0036354330375410375,0.0,0.0,0.00033821932043012515,0.0010862816749341504,0.03312156029362849,0,2
2470,0.20000000000004547,0.0,0.0,0.06756756756756757,0.0,0.0,0.4411764705882353,0.0,0.0,0.0,0.0,0.0,0.0,0.0,0.0,0.0,0.009770786935533304,0.0,0.0008043294090493882,9.89901386388269e-06,0.0004768212112054069,0.0005805433224014018,0.0,0.6541031533072544,0.49399748264253873,0.580754716981132,0.2450980392156863,0.40287476084280827,0.1342189360235604,0.25252525252525254,0.6000000000000014,0.0,0.0,0.0,0.5,0.0,0.0059549929363043675,0.0,0.0,0.0,0.0,0.0036354330375410375,0.016775637005927133,0.0,7.894598160860496e-05,0.001093130404770367,0.03312156029362849,0,2
260,0.8000000000000114,0.0,0.0,0.13706563706563707,0.0,0.6000000000000001,0.5294117647058824,0.0,0.0,0.0,0.0,1.0,0.0,0.0,0.0001623553536121842,0.0,0.010427093904795457,0.0,0.0008043294090493882,9.89901386388269e-06,0.0,0.00015839043408203145,2.6946258785997313e-05,0.6542299457890426,0.4941415802276602,0.35754716981132073,0.2450980392156863,0.39566653261677576,0.13133654990914218,0.020202020202020204,0.0,0.0,1.0,0.0,0.35000000000000003,0.00015655161623216499,0.0,0.0,0.0,0.0001944860588508303,0.0,0.0037507776949397705,0.0,0.0,0.0007420308303756304,0.0011288942094622566,0.03312156029362849,0,1
4979,0.8000000000000114,1.0,1.0,0.03861003861003861,0.0,0.6000000000000001,0.23529411764705882,0.0,0.0,0.0,0.0,0.0,0.0,0.0,0.0,0.0,0.009770786935533304,0.0,0.0008043294090493882,0.0006647623042313122,0.0251844021985109,0.0057810846420696125,0.0,0.6544488307160486,0.4946592998423106,0.44358490566037734,0.2431372549019608,0.3969095406963283,0.13133654990914218,0.020202020202020204,0.6499999999999986,0.0,1.0,0.0,0.85,0.00040406746082056495,0.0,0.0024762524037431604,0.010795546941269026,0.00030805364641091603,0.0,0.004223742227332443,0.0,0.0,3.3717045936533165e-05,0.0012953547572330147,0.03480982550341749,0,4
9813,0.6000000000000227,0.0,0.0,0.015444015444015444,0.0,1.0,0.5588235294117647,0.0,0.0,0.0,0.0,0.0,0.0,0.0,0.0,0.0,0.009770786935533304,0.0,0.0008043294090493882,9.89901386388269e-06,0.0,0.0,0.0,0.6537601595826497,0.4935956294141705,0.580377358490566,0.2127450980392157,0.4028625744890872,0.11767654614950813,0.020202020202020204,0.6000000000000014,0.0,1.0,0.0,0.35000000000000003,7.50850336308649e-06,0.0,0.0,0.0,5.884979730235973e-06,0.0,0.003686879518991921,0.0,0.0,0.00016398047378845035,0.0014763730196289267,0.03312156029362849,1,2
12391,0.6000000000000227,0.0,0.0,0.05791505791505792,0.0,0.8,0.029411764705882346,0.0,0.0,0.0,0.0,0.0,0.0,0.0,0.0,0.0,0.009880647996657214,0.0,0.0008043294090493882,9.89901386388269e-06,0.0,0.0008131429157883933,0.0,0.6540974642280917,0.4940033021636723,0.580754716981132,0.2450980392156863,0.40275289730559727,0.1342189360235604,0.020202020202020204,0.9499999999999957,0.0,1.0,0.0,0.45,0.0,0.0,0.0,0.0,3.360386032132083e-05,0.0,0.0036494007509725638,0.0,0.0,0.00034093101001227426,0.0012734265090328196,0.03312156029362849,1,2
1373,0.6000000000000227,1.0,0.0,0.06756756756756757,0.2962962962962963,0.6000000000000001,0.5,0.0,0.0,0.0,0.0,1.0,0.0,0.0,0.0,0.0,0.009770786935533304,0.0,0.0008043294090493882,9.89901386388269e-06,0.0,0.0016169785238028163,0.0,0.6547638925893452,0.494921137534933,0.36754716981132074,0.1343137254901961,0.39583714156887123,0.0775111222507676,0.020202020202020204,0.7999999999999972,0.0,1.0,0.0,0.05,4.9131138190467385e-05,0.0,0.004243189499391346,0.018498740819851537,0.0,5.193145625994494e-05,0.00465108915708375,0.0,0.0,0.0023221016515212836,0.0019085207443966367,0.04387810938185903,0,0
5241,0.4000000000000341,1.0,0.0,0.10231660231660232,0.4444444444444444,0.6000000000000001,0.5,0.0,0.0,0.0,0.0,1.0,0.0,0.0,0.0,0.0,0.009770786935533304,0.0,0.0008043294090493882,0.0002627995868730574,0.0,0.00022312608368848608,0.0,0.6540973691395284,0.49398308872157076,0.5766037735849057,0.2450980392156863,0.40114429861441164,0.10953067234789148,0.25252525252525254,0.14999999999999858,0.0,0.0,1.0,0.5,0.0,0.01706178436584119,0.0,0.0,0.0,0.0,0.0036354330375410375,0.02306925239934143,0.0,0.00017193646869456707,0.0010935127237821985,0.03312156029362849,0,0
8905,0.4000000000000341,0.0,0.0,0.10231660231660232,0.0,0.8,0.5588235294117647,0.0,0.0,0.0,0.0,0.0,0.0,0.0,0.0,0.0,0.009770786935533304,0.0,0.0008043294090493882,9.89901386388269e-06,0.004024963885944656,0.0009252461138873758,8.099101510819532e-05,0.6540839858383987,0.4939746959876842,0.580754716981132,0.2450980392156863,0.4026554064758284,0.13196315558618962,0.020202020202020204,0.3999999999999986,0.0,1.0,0.0,0.2,7.888680748559224e-06,0.0,0.0,0.0,5.470213871589023e-05,0.0,0.0037162712820964358,0.0,0.0,0.00039611133481128947,0.001120230046745406,0.03312156029362849,0,2
6452,0.6000000000000227,1.0,0.0,0.10424710424710425,0.2962962962962963,0.6000000000000001,0.5,0.0,0.0,0.0,0.0,1.0,0.0,0.0,0.0,0.0,0.009770786935533304,0.0,0.0008043294090493882,9.89901386388269e-06,0.011314291333060519,0.010960933822133194,0.0,0.6541744157246951,0.4940774292457306,0.30283018867924527,0.21004901960784317,0.39389951132721585,0.11354094868099507,0.020202020202020204,0.7999999999999972,0.0,1.0,0.0,0.35000000000000003,0.00010510546931944399,0.0,0.0,0.0,0.00012372543821147705,0.0,0.003657876871340437,0.0,0.0,0.003335327022089014,0.0011117734258025134,0.03312156029362849,0,0
10560,0.6000000000000227,1.0,1.0,0.03474903474903475,0.0,0.6000000000000001,0.23529411764705882,0.0,0.0,0.0,0.0,0.0,0.0,0.0,0.0,0.0,0.009770786935533304,0.0,0.0008043294090493882,9.89901386388269e-06,0.0,0.014496048756996581,0.0,0.6532462883966799,0.49410398935075456,0.580754716981132,0.2450980392156863,0.390785897951474,0.1231280155398208,0.020202020202020204,0.10000000000000142,0.0,1.0,0.0,0.35000000000000003,0.0,0.0,0.00017309471063090855,0.0,6.792769156708543e-06,0.0,0.0036500619723882073,0.0,0.0,0.013862208307900584,0.0012384809255166465,0.03312156029362849,1,4
11544,0.20000000000004547,0.0,0.0,0.10231660231660232,0.0,0.6000000000000001,0.5588235294117647,0.0,0.0,0.0,0.0,0.0,0.0,0.0,0.0,0.0,0.009770786935533304,0.0,0.0008043294090493882,9.89901386388269e-06,0.0,0.0,0.0,0.65397660003781,0.49384921217506766,0.580754716981132,0.2450980392156863,0.40287476084280827,0.12193746475343067,0.020202020202020204,0.6000000000000014,0.0,1.0,0.0,0.8,0.0,0.0,0.0,0.0,0.0,0.0,0.0036354330375410375,0.0,0.0,0.00018516235090184144,0.0012497093964714177,0.03312156029362849,1,2
9260,0.8000000000000114,0.0,1.0,0.05791505791505792,0.0,0.4,0.23529411764705882,0.0,0.0,0.0,0.0,0.0,0.0,0.0,0.0,0.0,0.009770786935533304,0.0,0.0008115653639478685,9.89901386388269e-06,9.760555498518564e-05,2.2437259812249994e-05,0.0,0.6540593887131851,0.4937135306143389,0.580754716981132,0.2450980392156863,0.40287476084280827,0.12300269440441133,0.020202020202020204,0.29999999999999716,0.0,1.0,0.0,0.4,5.321125620241583e-05,0.0,0.0,0.0,8.871293912494014e-05,0.0,0.003652673875509859,0.0,0.0,0.0006806852490738045,0.0014371221463303553,0.03312156029362849,1,4
1009,0.6000000000000227,0.0,0.0,0.03861003861003861,0.0,0.6000000000000001,0.0,0.0,0.0,0.0,0.0,0.0,0.0,0.0,0.0,0.0,0.009770786935533304,0.00018875653961533602,0.0008043294090493882,9.89901386388269e-06,0.002989983501046187,0.0006733670972543026,6.874666991326676e-05,0.6541109896650877,0.49400600968501074,0.2788679245283019,0.05600490196078432,0.3931256778659258,0.037408358919731814,0.020202020202020204,0.3999999999999986,0.0,1.0,0.0,0.8,0.0,0.0,0.0,0.0,0.0,3.360908442710424e-05,0.0036447274390432344,0.0,0.0,0.00011895619393389924,0.0011068507649203663,0.03312156029362849,0,2
1505,0.4000000000000341,0.0,0.0,0.20463320463320464,0.0,0.4,0.029411764705882346,0.4444444444444444,0.0,0.0,0.0,0.0,0.0,0.0,0.0,0.0,0.013848904771754992,0.0008394308199207397,0.0009192625719843009,9.89901386388269e-06,0.0,0.0,0.0009380081851816498,0.6535389491273317,0.49578269178628803,0.580377358490566,0.24325980392156868,0.39185829707893105,0.036029826430227466,0.030303030303030304,0.3999999999999986,1.0,1.0,0.0,0.45,0.006107902719477406,0.0,0.01822585482525449,0.07945800315564171,0.004350252143991242,0.0,0.004457793012758961,0.0,0.0,0.007963464843456208,0.002201905057646939,0.03332581564638166,0,2
517,0.8000000000000114,1.0,0.0,0.03861003861003861,0.0,0.6000000000000001,0.029411764705882346,0.0,0.0,0.0,0.0,0.0,0.0,0.0,0.0,0.0,0.009770786935533304,0.0,0.0008043294090493882,9.89901386388269e-06,0.013995190576653618,0.003217170653227579,0.0,0.654005160401329,0.4938773692324624,0.39264150943396225,0.22254901960784318,0.3967084658599301,0.11968168431605992,0.24242424242424243,0.6999999999999957,0.0,1.0,0.0,0.05,0.0,0.0,0.0,0.0,0.0,0.0,0.0036354330375410375,0.0,0.001026694045174538,0.000958505521358137,0.0011087330156446342,0.03312156029362849,0,3
4618,0.8000000000000114,0.0,0.0,0.015444015444015444,0.0,0.6000000000000001,0.029411764705882346,0.0,0.0,0.0,0.0,0.0,0.0,0.0,0.0,0.0,0.009770786935533304,0.0,0.0008043294090493882,9.89901386388269e-06,0.0,0.0,0.0,0.6530205527859717,0.49467209952813346,0.33962264150943394,0.13762254901960785,0.39143177469869245,0.07863901246945298,0.04040404040404041,0.6499999999999986,0.0,1.0,0.0,0.0,3.632051807641295e-06,0.0,9.073106556075579e-06,3.955539733396622e-05,0.0,2.0779810264069827e-05,0.0038405090534161376,0.0,0.0020779774127310064,0.0010232790876034345,0.0013870609092810574,0.03312156029362849,0,2
7256,0.8000000000000114,0.0,1.0,0.03861003861003861,0.0,0.6000000000000001,0.23529411764705882,0.0,0.0,0.0,0.0,0.0,0.0,0.0,0.0,0.0,0.009770786935533304,0.0,0.0008043294090493882,9.89901386388269e-06,0.0,0.0007548060402765434,0.0,0.6540962393416165,0.4940664516538379,0.5777358490566038,0.23958333333333337,0.39613570723503827,0.12331599724293504,0.020202020202020204,0.9499999999999957,0.0,1.0,0.0,0.25000000000000006,0.0,0.0,0.0,0.0,4.9850160746812697e-05,0.0,0.0036760498587396252,0.0,0.0,0.0003132513106926013,0.0011030643047887964,0.03312156029362849,0,4
9018,0.0,0.0,1.0,0.05791505791505792,0.0,0.8,0.2647058823529412,0.0,0.0,0.0,0.0,0.0,0.0,0.0,0.0,0.0,0.009770786935533304,0.0,0.0008043294090493882,9.89901386388269e-06,0.0,0.0,0.0,0.6464808060352296,0.4940671736595282,0.580754716981132,0.2450980392156863,0.3907980843051951,0.1342189360235604,0.020202020202020204,0.3999999999999986,0.0,1.0,0.0,0.45,0.0013249113994905934,0.0,0.0,0.0,0.001819961284659146,0.0,0.0036530547453276583,0.0,0.04446806981519508,0.003963594799900333,0.0022445254239401007,0.03312156029362849,1,4
504,0.8000000000000114,1.0,0.0,0.06756756756756757,0.2962962962962963,0.6000000000000001,0.5,0.0,0.0,0.0,0.0,1.0,0.0,0.0,0.0,0.0,0.009912071270030737,0.0,0.0008043294090493882,9.89901386388269e-06,0.0009178537189162457,0.00025237762240667863,1.0004260727650335e-06,0.6541095036992125,0.4940049239592496,0.3922641509433962,0.18848039215686277,0.3967876771591173,0.10526975374396894,0.25252525252525254,0.6999999999999957,0.0,0.0,0.0,0.05,0.0,0.001498735599533138,0.0,0.0,0.0,0.0,0.0036401522894380805,0.006099599711355332,0.0,4.732665780165884e-05,0.0010867300186994837,0.03312156029362849,0,0
6516,0.8000000000000114,0.0,0.0,0.23166023166023167,0.0,0.8,0.029411764705882346,0.0,0.0,0.0,0.0,0.0,1.0,0.0,0.0,0.0,0.009770786935533304,0.0,0.0008043294090493882,9.89901386388269e-06,0.0002389528586859545,5.492973605887869e-05,0.0,0.6541166900090978,0.494010686030468,0.560566037735849,0.24375000000000005,0.40222279091872926,0.1332163669402845,0.020202020202020204,0.6999999999999957,0.0,1.0,0.0,0.55,0.00034226148015371194,0.0,0.0,0.0,0.00041496932869081475,0.0,0.0036614629373672024,0.0,0.0,0.000511869781596428,0.0012544397825646507,0.03312156029362849,0,2
3897,0.8000000000000114,0.0,0.0,0.03474903474903475,0.0,0.6000000000000001,0.029411764705882346,0.0,0.0,0.0,0.0,0.0,0.0,0.0,0.0,0.0,0.010357715892222688,0.0,0.0008043294090493882,9.89901386388269e-06,0.0062572390786614016,0.00143839455588976,0.0,0.6541550975056781,0.49405381073163185,0.32396226415094337,0.17144607843137258,0.39458804031245814,0.09292562190613449,0.24242424242424243,0.29999999999999716,0.0,1.0,0.0,0.05,0.00032893490501651596,0.0,0.0,0.0,0.0,0.0,0.003664899404011925,0.0,0.0,0.00024896380201391556,0.0011044442816187444,0.033123747840330876,0,2
1625,0.6000000000000227,1.0,0.0,0.03861003861003861,0.537037037037037,0.6000000000000001,0.5,0.0,0.0,0.0,0.0,1.0,0.0,0.0,0.0,0.0,0.009891227767338051,0.0,0.0008043294090493882,9.89901386388269e-06,0.0,0.0006617329625368397,0.0,0.6541580896478899,0.4940531997440209,0.39301886792452834,0.20073529411764707,0.3968425157508622,0.10520709317626419,0.25252525252525254,0.25,0.0,1.0,1.0,0.55,0.0,0.0,0.0,0.0,0.0,0.0,0.0036354330375410375,0.0,0.0,0.00027562022224598504,0.0011082534935234806,0.03313293950481959,0,0
8306,0.8000000000000114,1.0,0.0,0.06756756756756757,0.0,0.6000000000000001,0.1764705882352941,0.0,0.0,0.0,0.0,0.0,0.0,0.0,0.0,0.0,0.009770786935533304,0.0,0.0008043294090493882,9.89901386388269e-06,0.00022883080113193522,0.00018157560255468977,0.0,0.6541023054618419,0.493996489302452,0.20339622641509433,0.24522058823529416,0.39068840712170516,0.13428159659126512,0.24242424242424243,0.14999999999999858,0.0,0.0,0.0,0.8,0.0,0.0,0.0,0.0,0.0,0.0,0.0036354330375410375,0.0006971280040860691,0.0,5.7661776586453525e-05,0.0010825576210823542,0.03312156029362849,0,3
11397,0.20000000000004547,0.0,0.0,0.03861003861003861,0.0,0.8,0.5588235294117647,0.0,0.0,0.0,0.0,0.0,0.0,0.0,0.0,0.0,0.009770786935533304,0.0,0.0008043294090493882,9.89901386388269e-06,0.006953492037555725,0.0015984470092171431,6.513643669415815e-05,0.6540034110368204,0.4938804734687554,0.44301886792452827,0.2450980392156863,0.3984267417346056,0.13415627545585562,0.020202020202020204,0.6999999999999957,0.0,1.0,0.0,0.35000000000000003,4.200960109473707e-05,0.0,0.0,0.0,0.0,0.0,0.00365233816036118,0.0,0.0006846252566735113,0.0004835505328470029,0.0011015927260485845,0.03312156029362849,1,2
6161,0.8000000000000114,1.0,0.0,0.06756756756756757,0.0,0.6000000000000001,0.0,0.0,0.0,0.0,0.0,0.0,0.0,0.0,0.0,0.0,0.009770786935533304,0.0,0.0008043294090493882,9.89901386388269e-06,6.145534943511688e-05,6.681317366314444e-05,0.0,0.6541033328821718,0.4939976907043936,0.580754716981132,0.2450980392156863,0.40287476084280827,0.13415627545585562,0.25252525252525254,0.8999999999999986,0.0,0.0,0.0,0.75,0.0,0.0,0.0,0.0,0.0,0.0,0.0036354330375410375,0.0014120201828829511,0.0,1.829111369091139e-05,0.0010834792413840506,0.03312156029362849,0,3
53,0.8000000000000114,0.0,0.0,0.10424710424710425,0.0,0.4,0.029411764705882346,0.0,0.0,0.0,0.0,0.0,0.0,0.0,0.0,0.0,0.009770786935533304,0.0,0.0008043294090493882,9.89901386388269e-06,0.00020858668602389673,0.0007969382281462128,0.0,0.6540832069073457,0.493974008529578,0.580754716981132,0.2450980392156863,0.40287476084280827,0.13403095432044615,0.25252525252525254,0.8500000000000014,0.0,1.0,0.0,0.5,0.0,0.0,0.0,0.0,0.0,0.0,0.0036354330375410375,0.0,0.0,0.0005432844495858534,0.0010917049243940864,0.03312156029362849,0,2
11783,0.6000000000000227,0.0,1.0,0.10231660231660232,0.0,0.6000000000000001,0.2941176470588235,0.0,0.0,0.0,0.0,0.0,0.0,0.0,0.0,0.0,0.009770786935533304,0.0,0.0008043294090493882,9.89901386388269e-06,0.0,0.0,0.0,0.653316146352728,0.4930729582379153,0.27999999999999997,0.23186274509803925,0.39316223692708907,0.12720095244062912,0.020202020202020204,0.6000000000000014,0.0,1.0,0.0,0.0,0.00033491590995582806,0.0,0.0,0.0,0.00039686049478687057,0.0,0.0036354330375410375,0.0,0.010266940451745381,0.0037963654150087417,0.0011225264392230583,0.03312156029362849,1,4
1231,0.20000000000004547,0.0,0.0,0.02316602316602317,0.0,0.4,0.5588235294117647,0.0,0.0,0.0,0.0,0.0,0.0,0.0,0.0,0.0,0.009770786935533304,0.0,0.0008043294090493882,9.89901386388269e-06,0.0,0.0003971394986768249,0.0,0.654091516057443,0.49398384838024595,0.580754716981132,0.24497549019607845,0.40287476084280827,0.13415627545585562,0.020202020202020204,0.8500000000000014,0.0,1.0,0.0,0.5,0.0,0.0,0.00011976500654019764,0.00030457655947153993,0.0,1.7888706227329677e-05,0.0036354774069115646,0.0,0.0,0.00015832685682944138,0.0010865996545090107,0.03312156029362849,0,2
4840,0.4000000000000341,0.0,1.0,0.10231660231660232,0.0,0.4,0.2647058823529412,0.0,0.0,0.0,0.0,0.0,0.0,0.0,0.0,0.0,0.009770786935533304,0.0,0.0008043294090493882,9.89901386388269e-06,0.0011864497461532566,0.0014319126808328877,0.0,0.654154559112245,0.49405740445672885,0.279811320754717,0.057598039215686285,0.39315614375022856,0.03828560686759823,0.24242424242424243,0.75,0.0,1.0,1.0,0.45,0.00019523466520401564,0.0,0.0,0.0,0.0,0.0,0.0036354330375410375,0.0,0.0,0.000522307228289983,0.0011913679514654984,0.03312156029362849,0,4
8204,0.6000000000000227,1.0,0.0,0.02316602316602317,0.0,0.6000000000000001,0.47058823529411764,0.0,0.0,0.0,0.0,0.0,0.0,0.0,0.0,0.0,0.012356976512231863,1.2439730324978789e-05,0.0008043294090493882,9.89901386388269e-06,0.07340588438585861,0.016874232095170544,0.0,0.6539946711719765,0.4940858235323176,0.580754716981132,0.24485294117647063,0.3907371525365896,0.03640578983645592,0.030303030303030304,0.14999999999999858,1.0,1.0,0.0,0.25000000000000006,0.0005589761676369371,0.0,0.0,0.0,0.0,0.0010275345134579084,0.0036946959885413378,0.0,0.0,0.0006091068768959443,0.001169638570615941,0.03312156029362849,0,3
10967,0.4000000000000341,1.0,1.0,0.03474903474903475,0.0,0.4,0.2647058823529412,0.0,0.0,0.0,0.0,0.0,0.0,0.0,0.0,0.0,0.009770786935533304,0.0,0.0008043294090493882,9.89901386388269e-06,0.0,0.0,6.6985050089484845e-06,0.6540474251141235,0.4939321783923803,0.5809433962264151,0.2450980392156863,0.40288085401966883,0.1342189360235604,0.020202020202020204,0.3999999999999986,0.0,1.0,0.0,0.75,0.0,0.0,0.0,0.0,0.0,0.0,0.0036354330375410375,0.0,0.0,0.0,0.0010828106168345114,0.03312156029362849,1,4
5342,0.20000000000004547,0.0,1.0,0.10231660231660232,0.0,0.6000000000000001,0.2647058823529412,0.0,0.0,0.0,0.0,0.0,0.0,0.0,0.0,0.0,0.010186618576617517,0.0,0.0008043294090493882,9.89901386388269e-06,0.0420076233553464,0.00965658111838106,0.0,0.6542313363350356,0.4941475057205966,0.42679245283018863,0.23161764705882354,0.3979027285245982,0.12738893414374336,0.24242424242424243,0.6000000000000014,0.0,1.0,0.0,0.35000000000000003,0.000386484256742451,0.0,0.0,0.0,0.0,0.0,0.0036354330375410375,0.0,0.0,0.0015039132750507675,0.001229115373714172,0.03312156029362849,0,4
2445,0.6000000000000227,1.0,1.0,0.03861003861003861,0.0,0.4,0.23529411764705882,0.0,0.0,0.0,0.0,0.0,0.0,0.0,0.0,0.0,0.009770786935533304,0.0,0.0008043294090493882,9.89901386388269e-06,0.00013556327081275783,0.0005382449326071971,0.0,0.6541004626653651,0.49399406398441287,0.5516981132075471,0.21825980392156863,0.40193641160628335,0.12018296885769787,0.020202020202020204,0.6999999999999957,0.0,1.0,0.0,0.85,0.0002330894705860864,0.0,0.0,0.0,0.00018271609939035836,0.0,0.0036354330375410375,0.0,0.0,0.00016091063652564006,0.0010953729662552991,0.03312156029362849,0,4
11678,0.0,0.0,0.0,0.03474903474903475,0.0,0.6000000000000001,0.0,0.0,0.0,0.0,0.0,0.0,0.0,0.0,0.0,0.0,0.009770786935533304,0.0,0.0008043294090493882,9.89901386388269e-06,0.0,0.0,2.638080057095621e-05,0.6541030088521548,0.49399731339819414,0.580754716981132,0.2450980392156863,0.40287476084280827,0.1342189360235604,0.020202020202020204,0.6000000000000014,0.0,1.0,0.0,0.8,4.955883774912421e-07,0.0,0.0,0.0,5.103967792632848e-05,0.0,0.0036354330375410375,0.0,0.0,3.811714601322793e-05,0.001272126634306219,0.03312156029362849,1,2
789,0.6000000000000227,0.0,0.0,0.03474903474903475,0.0,0.6000000000000001,0.5294117647058824,0.0,0.0,0.0,0.0,1.0,0.0,0.0,0.0,0.0,0.01018544471870414,0.0,0.0008697804924737883,1.60631237239078e-05,0.0200850542036182,0.006277363588731676,0.0,0.6539860972979695,0.49381228352488654,0.580754716981132,0.2433823529411765,0.39878014599251765,0.0933642458800677,0.020202020202020204,0.14999999999999858,1.0,1.0,0.0,0.25000000000000006,0.0,0.0,0.0,0.0,0.0,0.0007708044749953832,0.0037283825496531617,0.0,0.0,0.0020572002777179445,0.0011969333127634899,0.033176124950604104,0,1
3920,0.8000000000000114,1.0,0.0,0.13706563706563707,0.4444444444444444,0.6000000000000001,0.5,0.0,0.0,0.0,0.0,1.0,0.0,0.0,0.00024835179662137765,0.0,0.009770786935533304,0.0,0.0008043294090493882,9.89901386388269e-06,0.0,0.0,0.00011243919122163529,0.6541035436010785,0.4939978778047929,0.3920754716981132,0.19068627450980397,0.3967815839822567,0.10627232282724483,0.24242424242424243,0.8999999999999986,0.0,1.0,0.0,0.55,2.5716284574477056e-05,0.0,0.0,0.0,0.0,0.0,0.0036354330375410375,0.0,0.0,0.00036229196096599595,0.0010915562199943075,0.03312156029362849,0,0
2627,0.0,0.0,0.0,0.03474903474903475,0.0,0.8,0.5588235294117647,0.0,0.0,0.0,0.0,0.0,0.0,0.0,0.0,0.0,0.010012586616228902,0.0,0.0008043294090493882,1.0162177831634172e-05,0.0036837059455520063,0.001378811165943896,7.3727051884205725e-06,0.6540457923739154,0.49402325979838135,0.580754716981132,0.24497549019607845,0.39689126116574663,0.09041919919794475,0.25252525252525254,0.3999999999999986,1.0,1.0,0.0,0.2,7.317056893973435e-05,0.0,0.0,0.0,0.0,0.0,0.0036354330375410375,0.0,0.0,0.0010979272970441049,0.0011660293165607742,0.03312156029362849,0,2
5809,0.8000000000000114,1.0,0.0,0.10231660231660232,0.0,0.6000000000000001,0.029411764705882346,0.0,0.0,0.0,0.0,0.0,0.0,0.0,0.0,0.0,0.009770786935533304,0.0,0.0008043294090493882,9.89901386388269e-06,0.0,0.0,8.792875243889196e-05,0.6540994084081934,0.49399309509935757,0.580754716981132,0.2450980392156863,0.40287476084280827,0.1342189360235604,0.24242424242424243,0.0,0.0,1.0,0.0,0.5,0.00020539083250164437,0.0,0.0,0.0,0.0,0.0,0.0036655178266542282,0.0,0.0,0.00014556145021158855,0.0011243892592390885,0.03312156029362849,0,3
3353,0.4000000000000341,0.0,0.0,0.10231660231660232,0.0,0.8,0.5294117647058824,0.0,0.0,0.0,0.0,1.0,0.0,0.0,0.0,0.0,0.009770786935533304,0.0,0.0008043294090493882,1.1285685540111655e-05,0.0022709559126553192,0.0005220402449650166,0.0,0.6540554304446651,0.4941439391677568,0.580754716981132,0.23235294117647062,0.3908772956043823,0.02224450153518391,0.24242424242424243,0.29999999999999716,1.0,1.0,0.0,0.25000000000000006,0.00036807959795644065,0.0,0.0,0.0,0.0,0.0,0.0036354330375410375,0.0,0.0,0.00045730342424997483,0.0011786952633800747,0.03312181823564329,0,1
10650,0.8000000000000114,0.0,0.0,0.10231660231660232,0.0,0.8,0.029411764705882346,0.0,0.0,0.0,0.0,0.0,0.0,0.0,0.0,0.0,0.009770786935533304,0.0,0.0008043294090493882,9.89901386388269e-06,0.004480817977931022,0.001100838447158799,0.0,0.6539577168406869,0.49380736806356623,0.580754716981132,0.2450980392156863,0.40291131990397155,0.1326524218309418,0.020202020202020204,0.3500000000000014,0.0,1.0,0.0,0.35000000000000003,0.00010557390216940145,0.0,0.0,0.0,0.0004753373255512407,0.0,0.0037534665573235753,0.0,0.0,0.002268558573262434,0.0012545683623023263,0.033167573180729014,1,2
5197,0.20000000000004547,1.0,0.0,0.15830115830115832,0.4444444444444444,0.6000000000000001,0.5,0.0,0.0,0.0,0.0,1.0,0.0,0.0,0.0,0.0,0.009770786935533304,0.0,0.0008043294090493882,9.89901386388269e-06,0.000477905717371909,0.00010985947211775738,0.0,0.654100164146914,0.49399354965240233,0.580754716981132,0.2450980392156863,0.40287476084280827,0.13359233034651294,0.25252525252525254,0.3500000000000014,0.0,1.0,0.0,0.5,0.0,0.0,0.0,0.0,0.0,0.0,0.0036354330375410375,0.0,0.0,2.6349436505788435e-05,0.0010948640502311225,0.03312156029362849,0,0
1507,0.20000000000004547,1.0,0.0,0.06756756756756757,0.0,0.6000000000000001,0.5588235294117647,0.0,0.0,0.0,0.0,0.0,0.0,0.0,0.0,0.0,0.009770786935533304,0.0,0.0008043294090493882,9.89901386388269e-06,0.0,0.0,0.0,0.6541061192752624,0.49400093701277403,0.38490566037735846,0.1778186274509804,0.39655004326155574,0.09969296321824678,0.24242424242424243,0.5,0.0,1.0,0.0,0.55,0.0,0.0,0.0,0.0,0.0,0.0,0.0036354330375410375,0.0,0.0,0.0,0.0010850742447760789,0.03312156029362849,0,3
9216,0.4000000000000341,1.0,0.0,0.02316602316602317,0.0,0.6000000000000001,0.029411764705882346,0.0,0.0,0.0,0.0,0.0,0.0,0.0,0.0,0.0,0.009770786935533304,0.0,0.0008043294090493882,9.89901386388269e-06,0.0,0.0006033960870249897,0.0,0.6540323096770749,0.4939144488827583,0.20339622641509433,0.24497549019607845,0.39068840712170516,0.13409361488815089,0.12121212121212122,0.25,0.0,1.0,0.0,0.85,0.0,0.0,0.0,0.0,0.0,0.0,0.0036354330375410375,0.0,0.0011550308008213552,0.0001326169697534051,0.0010825576210823542,0.03312156029362849,1,3
2265,0.6000000000000227,0.0,0.0,0.20463320463320464,0.0,0.6000000000000001,0.029411764705882346,0.0,0.0,0.0,0.0,0.0,0.0,0.0,0.0,0.0,0.009770786935533304,0.0,0.0027396666392459326,9.89901386388269e-06,0.023535591323372265,0.005410288148431614,0.0031019515289653033,0.6541912579965581,0.4941249562407296,0.5650943396226416,0.2450980392156863,0.4016744050012796,0.1274515947114481,0.020202020202020204,0.9499999999999957,0.0,1.0,0.0,0.4,0.0003780728320888668,0.0,0.0011618617006530117,0.005065288380821786,0.0001363718840147501,0.0,0.0037851054523531063,0.0,0.0,0.003816191447331058,0.0015296743272768735,0.03312156029362849,0,2
1360,0.4000000000000341,1.0,0.0,0.15830115830115832,0.4444444444444444,0.4,0.5,0.0,0.0,0.0,0.0,1.0,0.0,0.0,0.0,0.0,0.009868232191804169,0.0,0.0008043294090493882,9.89901386388269e-06,0.000305469236898081,7.022031311611573e-05,0.0,0.6541393992784456,0.4940318190593868,0.39283018867924524,0.22843137254901966,0.3968059566896989,0.11216241619149071,0.24242424242424243,0.5499999999999972,0.0,1.0,1.0,0.35000000000000003,0.00014993245639580936,0.0,0.0,0.0,0.0,0.0,0.0036354330375410375,0.0,0.0,7.237141347075289e-05,0.0010971655977946337,0.03312156029362849,0,0
635,0.8000000000000114,0.0,0.0,0.02316602316602317,0.0,0.6000000000000001,0.0,0.0,0.0,0.0,0.0,0.0,0.0,0.0,0.0,0.0,0.009770786935533304,0.0,0.0008043294090493882,9.89901386388269e-06,0.002458936981515677,0.003363012842007204,0.0,0.6540433339866701,0.4939273980159956,0.20339622641509433,0.2450980392156863,0.39068840712170516,0.1342189360235604,0.020202020202020204,0.3999999999999986,0.0,1.0,0.0,0.8,0.0,0.0,0.0,0.0,0.0,0.0,0.0036354330375410375,0.0,0.0,0.0017898941980587374,0.0010825576210823542,0.03312156029362849,0,2
6379,0.6000000000000227,1.0,0.0,0.05791505791505792,0.0,0.6000000000000001,0.5294117647058824,0.0,0.0,0.0,0.0,1.0,0.0,0.0,0.0,0.0,0.011806376953015509,0.0,0.0008043294090493882,9.89901386388269e-06,0.0,0.0,0.0,0.6545385141405576,0.4944854924993853,0.2949056603773585,0.13615196078431374,0.39364359789907266,0.07801240679240555,0.030303030303030304,0.10000000000000142,0.0,1.0,0.0,0.05,0.000129545444099834,0.0,0.0,0.0,0.0,1.1166889341908828e-05,0.0040790831587406455,0.0,0.0,0.0,0.0015411878645660208,0.03316684895891825,0,0
4161,0.4000000000000341,0.0,0.0,0.0694980694980695,0.0,0.6000000000000001,0.5294117647058824,0.0,0.0,0.0,0.0,1.0,0.0,0.0,0.0,0.0,0.009770786935533304,6.896411899461925e-06,0.0011955544102092463,9.89901386388269e-06,0.0052631084260345105,0.0011648261881048452,0.0,0.6540203742401313,0.49480025670267946,0.580754716981132,0.2450980392156863,0.390785897951474,0.015226517952252648,0.030303030303030304,0.14999999999999858,1.0,1.0,0.0,0.45,0.0,0.0,0.0,0.0,0.0,0.00042408882338932074,0.0040704542977963555,0.0,0.0,2.090047536430015e-05,0.0014985821704403043,0.033121669422942444,0,1
6180,1.0,0.0,0.0,0.10231660231660232,0.0,1.0,0.5588235294117647,0.0,0.0,0.0,0.0,0.0,0.0,0.0,0.0,0.0,0.009770786935533304,0.0,0.0008043294090493882,9.89901386388269e-06,0.00011206563720521315,0.0002655075744449583,0.0,0.654069380963984,0.49395246287052547,0.5673584905660377,0.23529411764705885,0.4024421452857091,0.12770223698226707,0.020202020202020204,0.9499999999999957,0.0,1.0,0.0,0.45,0.00014274303048124462,0.0,0.0,0.0,0.00028848921911624854,0.0,0.0036394109675659102,0.0,0.0,0.0005561010201580864,0.0011417099016121344,0.03312156029362849,0,2
1639,0.8000000000000114,0.0,0.0,0.10231660231660232,0.0,0.0,0.4411764705882353,0.0,0.0,0.0,0.0,0.0,0.0,0.0,0.0,0.0,0.009770786935533304,0.0,0.0008043294090493882,9.89901386388269e-06,0.004052438042162708,0.0009333900081895998,0.0,0.6540649664691519,0.49395274274477424,0.20339622641509433,0.24497549019607845,0.39068840712170516,0.13415627545585562,0.11111111111111112,0.9499999999999957,0.0,1.0,0.0,0.0,0.0,0.0,1.6029154915733523e-05,6.988120195667366e-05,0.0,1.4816908188293269e-06,0.0036700686320029867,0.0,0.0,0.000594704223737926,0.0010825576210823542,0.03312156029362849,0,2
348,0.4000000000000341,0.0,1.0,0.05791505791505792,0.0,0.4,0.2941176470588235,0.0,0.0,0.0,0.0,0.0,0.0,0.0,0.0,0.0,0.010275922074796872,0.0,0.0008043294090493882,9.89901386388269e-06,0.1867002670777186,0.04305651987297187,0.0,0.652572709507997,0.49457096710420884,0.580754716981132,0.2450980392156863,0.3910783704407805,0.04060404787267373,0.24242424242424243,0.6999999999999957,0.0,1.0,1.0,0.45,0.007379086907742442,0.0,0.0,0.0,0.0,0.0,0.0036354330375410375,0.0,0.008983572895277209,0.006610229414055046,0.0022104765279545944,0.03312156029362849,0,4
12245,0.4000000000000341,0.0,0.0,0.02316602316602317,0.0,0.8,0.5588235294117647,0.0,0.0,0.0,0.0,0.0,0.0,0.0,0.0,0.0,0.009770786935533304,0.0,0.0008043294090493882,9.89901386388269e-06,0.0,0.0,0.0,0.6535582438226972,0.4933590638615826,0.20339622641509433,0.2450980392156863,0.39068840712170516,0.1342189360235604,0.020202020202020204,0.7999999999999972,0.0,1.0,0.0,0.35000000000000003,0.0,0.0,0.0,0.0,0.0,0.0,0.0036354330375410375,0.0,0.007700205338809035,0.0007449727577524903,0.0010825576210823542,0.03312156029362849,1,2
3952,0.4000000000000341,1.0,0.0,0.015444015444015444,0.35185185185185186,0.4,0.5,0.0,0.0,0.0,0.0,1.0,0.0,0.0,0.0,0.0,0.009770786935533304,0.0,0.0008043294090493882,9.89901386388269e-06,0.0,0.0005793799089296555,0.0,0.6541147289317252,0.4940110447042625,0.35886792452830185,0.15441176470588236,0.39570918485479967,0.08785011592205026,0.24242424242424243,0.8500000000000014,0.0,1.0,1.0,0.55,0.00014987814534074182,0.0,0.0,0.0,0.0,0.0,0.0036354330375410375,0.0,0.0,0.0002514452538013539,0.0010913373766859664,0.03312156029362849,0,0
528,0.8000000000000114,0.0,0.0,0.02316602316602317,0.0,0.4,0.0,0.0,0.0,0.0,0.0,0.0,0.0,0.0,0.0,0.0,0.009770786935533304,0.0,0.0008043294090493882,9.89901386388269e-06,0.0,0.0006387970969509841,0.0,0.6541034538136198,0.49399783471735653,0.20339622641509433,0.2564950980392157,0.39068840712170516,0.14004636882010152,0.020202020202020204,0.6499999999999986,0.0,1.0,0.0,0.5,0.0,0.0,0.0,0.0,0.0,0.0,0.0036354330375410375,0.0,0.0,0.00019687889645490078,0.0010825576210823542,0.03312156029362849,0,2
6183,0.6000000000000227,0.0,0.0,0.20463320463320464,0.0,0.6000000000000001,0.029411764705882346,0.0,0.0,0.0,0.0,0.0,0.0,0.0,0.0,0.0,0.009770786935533304,0.0018381120120894974,0.0008105673012032505,9.89901386388269e-06,0.09171849401135694,0.044046003030692095,0.0,0.6535550121368225,0.494456532695879,0.580754716981132,0.2450980392156863,0.39974896111334535,0.13359233034651294,0.020202020202020204,0.5,0.0,1.0,0.0,0.10000000000000002,0.0,0.0,0.010616845230444306,0.034910275173714124,0.0,0.001965842328581924,0.003732600781047615,0.0,0.0,0.01191506169605439,0.0017240096634905846,0.03312413971377643,0,2
5204,0.6000000000000227,1.0,0.0,0.06756756756756757,0.2962962962962963,0.6000000000000001,0.5,0.0,0.0,0.0,0.0,1.0,0.0,0.0,0.0,0.0,0.009770786935533304,0.0,0.0008043294090493882,9.89901386388269e-06,0.012630881819194023,0.003753836667551692,0.0,0.6535940305857049,0.4934009918189062,0.31622641509433963,0.10723039215686275,0.394332126884315,0.06372579735572405,0.020202020202020204,0.0,0.0,1.0,0.0,0.35000000000000003,0.0,0.0,0.0,0.0,0.0,0.0003065293054953744,0.0036354330375410375,0.0,0.0,0.003966843711003473,0.0011020929180813074,0.03312156029362849,0,0
4247,0.6000000000000227,1.0,0.0,0.06756756756756757,0.2962962962962963,0.2,0.5,0.0,0.0,0.0,0.0,1.0,0.0,0.0,0.0,0.0,0.009770786935533304,0.0,0.0008043294090493882,9.89901386388269e-06,0.0025399134419478307,0.0009750235902856637,0.0,0.6541092071686755,0.4940045350077971,0.28056603773584904,0.17634803921568631,0.39318051645767077,0.0990036969734946,0.25252525252525254,0.29999999999999716,0.0,1.0,1.0,0.75,0.0,0.0,0.0,0.0,0.0,0.0,0.0036354330375410375,0.0,0.0,0.0003857250520721146,0.0010889963728883804,0.03312156029362849,0,0
10548,0.6000000000000227,1.0,1.0,0.05791505791505792,0.0,0.8,0.23529411764705882,0.0,0.0,0.0,0.0,0.0,0.0,0.0,0.0,0.0,0.009770786935533304,0.0,0.0008043294090493882,9.89901386388269e-06,0.0,0.0,0.0,0.6522623142633189,0.4918407460621124,0.580754716981132,0.2450980392156863,0.40287476084280827,0.1342189360235604,0.020202020202020204,0.10000000000000142,0.0,1.0,0.0,0.75,2.0706089744497104e-06,0.0,0.0,0.0,0.0001780206368396382,0.0,0.0036359246344605067,0.0,0.0,0.028432039686856134,0.0011776728710634614,0.03312156029362849,1,4
4818,0.20000000000004547,1.0,0.0,0.06756756756756757,0.2962962962962963,0.6000000000000001,0.5,0.0,0.0,0.0,0.0,1.0,0.0,0.0,0.0,0.0,0.009770786935533304,0.0,0.0008043294090493882,9.89901386388269e-06,0.00019810312641437678,0.004407425735786307,0.0,0.654052639081789,0.493933118552478,0.580754716981132,0.2450980392156863,0.40287476084280827,0.1277648975499718,0.24242424242424243,0.44999999999999574,0.0,0.0,0.0,0.35000000000000003,0.0,0.05434051954064847,0.0,0.0,0.0,0.0,0.0036354330375410375,0.038131032723386235,0.0,0.001098797084268568,0.0010880513564277855,0.03312156029362849,0,0
1153,0.6000000000000227,0.0,0.0,0.10231660231660232,0.0,0.6000000000000001,0.5588235294117647,0.0,0.0,0.0,0.0,0.0,0.0,0.0,0.0,0.0,0.009770786935533304,0.0,0.0008043294090493882,9.89901386388269e-06,0.0,0.0,0.0,0.6540582744872679,0.49393812795217307,0.3447169811320755,0.14803921568627454,0.3952521965902583,0.08352653675042297,0.020202020202020204,0.8500000000000014,0.0,1.0,0.0,0.05,0.0,0.0,0.0,0.0,0.0,0.0,0.0036786476264865954,0.0,0.001229517453798768,7.423889780562916e-05,0.0011404408086962883,0.03312156029362849,0,2
3025,0.8000000000000114,1.0,0.0,0.05791505791505792,0.0,0.6000000000000001,0.029411764705882346,0.0,0.0,0.0,0.0,0.0,0.0,0.0,0.0,0.0,0.00980525019991327,0.0,0.0015124549263558352,9.89901386388269e-06,0.02137308602736715,0.011719063900900441,0.00015545751235053172,0.6542318333135893,0.4940865622295373,0.5635849056603773,0.2450980392156863,0.4007116830573125,0.11479416003508992,0.020202020202020204,0.8999999999999986,0.0,1.0,0.0,0.4,0.00010588619073603978,0.0,0.002517383820130703,0.0,8.148192679683105e-05,0.0,0.0038589085994595223,0.0,0.0,0.002622382899778511,0.0017619408348092517,0.03342599635658888,0,3
3826,0.6000000000000227,1.0,0.0,0.07722007722007722,0.7037037037037037,0.6000000000000001,0.5,0.0,0.0,0.0,0.0,1.0,0.0,0.0,0.0,0.0,0.009770786935533304,0.0,0.001294003943127578,9.89901386388269e-06,0.03615020555006876,0.018545309345409565,0.0,0.6530598528560344,0.4958825428442,0.580754716981132,0.24473039215686276,0.39469771749594806,0.08584497775549847,0.020202020202020204,0.3999999999999986,1.0,1.0,0.0,0.25000000000000006,0.008154261807839463,0.0,0.0,0.0,0.0,0.012492605097956024,0.004331045034485453,0.0,0.0,0.013093879204973546,0.00221966204829707,0.03340380838289325,0,0
5738,0.0,0.0,0.0,0.0,0.0,0.0,0.4411764705882353,0.3333333333333333,0.0,0.0,0.0,0.0,0.0,0.0,0.0,0.0,0.009770786935533304,0.0,0.0008043294090493882,9.89901386388269e-06,0.00167194700669068,0.0008940832530370286,0.0,0.6541063402650592,0.49400121649884765,0.3822641509433962,0.1806372549019608,0.3964708319623686,0.10125947741086536,0.020202020202020204,0.9499999999999957,0.0,1.0,0.0,0.5,0.0,0.0,0.0,0.0,0.0,3.0248175984393818e-05,0.0036354330375410375,0.0,0.0,0.0001738806989610136,0.0010845628999133726,0.03312156029362849,0,2
10937,0.8000000000000114,0.0,0.0,0.06756756756756757,0.0,0.6000000000000001,0.0,0.0,0.0,0.0,0.0,0.0,0.0,0.0,0.0,0.0,0.009770786935533304,0.0,0.0008043294090493882,9.89901386388269e-06,0.0005187554496434867,0.0009502595035299211,0.0,0.6540859558613852,0.49397733402567934,0.20339622641509433,0.2450980392156863,0.39068840712170516,0.1342189360235604,0.020202020202020204,0.3999999999999986,0.0,1.0,0.0,0.75,0.00038558133545195324,0.0,0.0,0.0,0.0,0.0002679330666048934,0.0036354330375410375,0.0,0.0,0.0005262468527772562,0.0010825576210823542,0.03312156029362849,1,2
10811,0.4000000000000341,0.0,1.0,0.06756756756756757,0.0,0.6000000000000001,0.23529411764705882,0.0,0.0,0.0,0.0,0.0,0.0,0.0,0.0,0.0,0.009770786935533304,0.0,0.0008043294090493882,9.89901386388269e-06,0.0,0.0,0.0,0.6539761911901198,0.49384762065714827,0.5809433962264151,0.24485294117647063,0.40288085401966883,0.1332163669402845,0.020202020202020204,0.5,0.0,1.0,0.0,0.85,0.0,0.0,0.0,0.0,0.0,0.0,0.0036471033599375694,0.0,0.0017989476386036961,0.00017101551751572396,0.0010826548241916764,0.03312156029362849,1,4
10651,0.0,0.0,0.0,0.0694980694980695,0.0,0.6000000000000001,0.5588235294117647,0.0,0.0,0.0,0.0,0.0,0.0,0.0,0.0,0.0,0.009770786935533304,0.0,0.0010626405231408255,9.89901386388269e-06,0.007830496024200393,0.005329597114069782,0.0,0.6537951869624273,0.49431872665281545,0.580754716981132,0.2450980392156863,0.40194859796000443,0.1342189360235604,0.020202020202020204,0.3500000000000014,0.0,1.0,0.0,0.45,0.00029435234070226404,0.0,0.0,0.0,8.623999551489418e-05,0.0,0.0036236508100949464,0.0,0.0,0.005853719184589826,0.0024435248736528765,0.03312245813025691,1,2
2296,0.8000000000000114,1.0,0.0,0.05791505791505792,0.7037037037037037,0.6000000000000001,0.5,0.0,0.0,0.0,0.0,1.0,0.0,0.0,0.0,0.0,0.011990446903509557,0.0,0.0008043294090493882,9.89901386388269e-06,0.04066355871299484,0.010265544969877978,0.0,0.6541582384101369,0.4940597684431018,0.40452830188679245,0.14901960784313728,0.3971837336550531,0.08503039037533681,0.25252525252525254,0.44999999999999574,0.0,1.0,0.0,0.5,0.00044727190512678776,0.0,0.0,0.0,0.0,0.0,0.0038508471167489644,0.0,0.0,0.001929264809790325,0.0013903683429728063,0.033121877760723624,0,0
8725,0.8000000000000114,0.0,0.0,0.06756756756756757,0.0,0.6000000000000001,0.0,0.0,0.0,0.0,0.0,0.0,0.0,0.0,0.0,0.0,0.009770786935533304,0.0,0.0008043294090493882,9.89901386388269e-06,0.00024076036896345792,5.5345240870216655e-05,6.828995366265663e-06,0.6541023942553436,0.4939965933333794,0.3943396226415094,0.2183823529411765,0.39685470210458335,0.12055893226392633,0.24242424242424243,0.75,0.0,0.0,0.0,0.55,0.0,0.006528583104026926,0.0,0.0,0.0,0.0,0.0036354330375410375,0.004650660939290779,0.0,9.982087499571502e-05,0.001084696436464374,0.03312156029362849,0,2
8186,0.0,0.0,0.0,0.015444015444015444,0.0,0.6000000000000001,0.5294117647058824,0.0,0.0,0.0,0.0,1.0,0.0,0.0,0.0,0.0,0.009770786935533304,0.0,0.0008043294090493882,9.89901386388269e-06,0.00015110785919928742,3.47362022278537e-05,0.0,0.6540530336827606,0.4939387622302902,0.5677358490566037,0.24056372549019608,0.40245433163943023,0.1319004950184849,0.25252525252525254,0.9499999999999957,0.0,0.0,0.0,0.5,0.0,0.0,0.0,0.0,0.0,0.0,0.0036354330375410375,0.013723906261693944,0.0,0.000773471080342246,0.0010891177652467333,0.03312156029362849,0,1
8754,0.4000000000000341,0.0,0.0,0.06756756756756757,0.0,0.4,0.5294117647058824,0.0,0.0,0.0,0.0,1.0,0.0,0.0,0.0,0.0,0.009770786935533304,0.0,0.0008043294090493882,9.89901386388269e-06,0.00024690590390696963,0.0006551679865176999,0.0,0.6540989044719401,0.4939924864407972,0.3920754716981132,0.24276960784313728,0.3967815839822567,0.13277774296635128,0.020202020202020204,0.29999999999999716,0.0,1.0,0.0,0.55,0.0,0.0,0.0,0.0,0.0,0.0,0.0036354330375410375,0.0,0.0002566735112936345,2.6835494072400068e-05,0.0010831802464042284,0.03312156029362849,0,1
4805,0.20000000000004547,0.0,0.0,0.0,0.0,0.0,0.4411764705882353,0.3333333333333333,0.0,0.0,0.0,0.0,0.0,0.0,0.0,0.0,0.009770786935533304,0.0,0.0008043294090493882,9.89901386388269e-06,0.00021581672713391048,0.0009100386377924063,0.0,0.654095854348897,0.493988652823487,0.580754716981132,0.2450980392156863,0.40287476084280827,0.13378031204962718,0.25252525252525254,0.6000000000000014,0.0,1.0,0.0,0.5,5.60897421209951e-05,0.0,0.0,0.0,0.0,0.0,0.0036354330375410375,0.0,0.0,0.00018731123698580867,0.001092940261411183,0.03312156029362849,0,2
1175,0.20000000000004547,1.0,0.0,0.15830115830115832,0.4444444444444444,0.6000000000000001,0.5,0.0,0.0,0.0,0.0,1.0,0.0,0.0,0.0,0.0,0.009770786935533304,0.0,0.0008043294090493882,9.89901386388269e-06,0.0025706411166653894,0.004180393906871245,0.0,0.654112076391525,0.4940096581427971,0.35,0.11482843137254903,0.39538015330432985,0.06748543141800865,0.020202020202020204,0.9499999999999957,0.0,1.0,0.0,0.45,8.893435267308591e-06,0.0,0.0,0.0,3.4198618911078725e-05,0.0,0.003648241650248704,0.0,0.0,0.0006991810185822367,0.001123326320189469,0.03312156029362849,0,0
5612,0.20000000000004547,1.0,0.0,0.10424710424710425,0.2962962962962963,0.6000000000000001,0.5,0.0,0.0,0.0,0.0,1.0,0.0,0.0,0.0,0.0,0.009770786935533304,0.0,0.0008043294090493882,9.89901386388269e-06,0.0,1.3046851076012035e-05,0.0,0.6541083848348288,0.4940036103747035,0.3949056603773585,0.19215686274509805,0.396872981635165,0.10714957077511124,0.25252525252525254,0.6999999999999957,0.0,0.0,0.0,0.55,0.0,0.00013267426533465347,0.0,0.0,0.0,0.0,0.0036354330375410375,0.0034582986384841382,0.0,1.0002553081323572e-05,0.0010854466501612585,0.03312156029362849,0,0
5008,0.8000000000000114,1.0,0.0,0.06756756756756757,0.2962962962962963,0.4,0.5,0.0,0.0,0.0,0.0,1.0,0.0,0.0,0.0,0.0,0.01736874782394208,0.0,0.0008106764643159431,8.961745271044717e-05,0.04057535221145268,0.009327335105876858,0.0,0.6539748423903253,0.4945942040421821,0.580754716981132,0.24497549019607845,0.39608696182015385,0.13108590763832323,0.020202020202020204,0.10000000000000142,0.0,1.0,0.0,0.25000000000000006,0.0007633554567379486,0.0,1.612996721080103e-06,7.0320706371495505e-06,0.0,8.311924105627931e-07,0.004188178409933093,0.0,0.0,0.001754335249764518,0.0012737453808340789,0.0331254294238504,0,0
8966,0.6000000000000227,1.0,0.0,0.15830115830115832,0.4444444444444444,0.6000000000000001,0.5,0.0,0.0,0.0,0.0,1.0,0.0,0.0,0.0,0.0,0.009986265109940447,0.0,0.0008043294090493882,9.89901386388269e-06,0.020465354366004926,0.004704511675892951,0.0,0.6542926535489805,0.4942173923778376,0.30754716981132074,0.18504901960784315,0.3940518407487296,0.10270067046807446,0.24242424242424243,0.29999999999999716,0.0,1.0,1.0,0.35000000000000003,0.00010326568232903128,0.0,0.0,0.0,0.0,0.0,0.003661582695402696,0.0,0.0,0.0010092857460804574,0.0011446934075530317,0.03312156029362849,0,0
2547,1.0,1.0,0.0,0.03861003861003861,0.0,0.4,0.1764705882352941,0.0,0.0,0.0,0.0,0.0,0.0,0.0,0.0,0.0,0.009770786935533304,0.0,0.0008059200715486232,9.89901386388269e-06,0.0,0.0,9.225668262324504e-05,0.6541006793480145,0.4939916448771754,0.580754716981132,0.24497549019607845,0.4028686676659477,0.12870480606554296,0.020202020202020204,0.10000000000000142,0.0,1.0,0.0,0.5,0.0,0.0,3.3268057372277125e-06,1.4503645689120948e-05,0.0,1.4816908188293269e-06,0.0036528517456412644,0.0,0.0,0.00015116390321621734,0.0010921166868770743,0.03312156029362849,0,3
2143,0.6000000000000227,0.0,0.0,0.15830115830115832,0.0,0.0,0.4411764705882353,0.0,0.0,0.0,0.0,0.0,0.0,0.0,0.0,0.0,0.009770786935533304,0.0,0.0008043294090493882,9.89901386388269e-06,0.0,3.5401009925994436e-05,0.0,0.6541047983062669,0.49399939712214325,0.39264150943396225,0.13700980392156864,0.39679986351283836,0.0789523153079767,0.24242424242424243,1.0,0.0,1.0,0.0,0.5,5.7977051284591886e-05,0.0,0.0,0.0,0.0,0.0,0.0036354330375410375,0.0,0.0,6.037346616860263e-05,0.0010938055723134965,0.03312156029362849,0,2
5887,0.8000000000000114,1.0,0.0,0.10231660231660232,0.4444444444444444,0.6000000000000001,0.5,0.0,0.0,0.0,0.0,1.0,0.0,0.0,0.0,0.0,0.009867419520941062,0.0,0.0008043294090493882,9.89901386388269e-06,0.013524876402447225,0.003109056301317441,0.0,0.6540623039893806,0.4940626160956522,0.5818867924528301,0.24473039215686276,0.39071887300600794,0.12983269628422836,0.24242424242424243,0.5,0.0,1.0,0.0,0.10000000000000002,0.0,0.0,0.0,0.0,0.0,0.0,0.0037590260787155575,0.0,0.0,0.0006347911819947905,0.001097243320627585,0.03312156029362849,0,0
7128,0.8000000000000114,0.0,0.0,0.015444015444015444,0.0,0.8,0.029411764705882346,0.0,0.0,0.0,0.0,0.0,0.0,0.0,0.0,0.0,0.009770786935533304,0.0,0.0008043294090493882,9.89901386388269e-06,0.023216746510420657,0.005336993099711598,4.219188219922098e-06,0.6543137330599915,0.4942302972591132,0.2820754716981132,0.22549019607843138,0.39322926187255514,0.1212481985086785,0.020202020202020204,0.5,0.0,1.0,0.0,0.35000000000000003,0.00027055052081891755,0.0,0.0,0.0,0.0007290957733339955,0.0,0.0038149448356558594,0.0,0.0,0.0011753127780441146,0.0011846133019462084,0.03312156029362849,0,2
5817,0.6000000000000227,1.0,1.0,0.05791505791505792,0.0,0.6000000000000001,0.23529411764705882,0.0,0.0,0.0,0.0,0.0,0.0,0.0,0.0,0.0,0.009770786935533304,0.0,0.0008043294090493882,9.89901386388269e-06,0.0,0.002411506824043269,0.0002581751719520372,0.6545252196329294,0.4944008699389112,0.4611320754716981,0.24007352941176474,0.3992249479033379,0.13027132025816157,0.020202020202020204,0.14999999999999858,0.0,1.0,0.0,0.35000000000000003,0.0008934168558609242,0.0,0.0022120233783712263,0.009006324468529286,0.0012934434173050553,0.0,0.004005112350384539,0.0,0.0,0.005052517240973528,0.0014683313335295506,0.033982049894557276,0,4
11659,0.8000000000000114,0.0,0.0,0.15057915057915058,0.0,0.6000000000000001,0.0,0.0,0.0,0.0,0.0,0.0,1.0,0.0,0.0,0.0,0.009770786935533304,0.0,0.0008043294090493882,9.89901386388269e-06,1.0,0.0,0.0,0.6495539772869947,0.490908293957375,0.580754716981132,0.24460784313725495,0.3947464629108325,0.13302838523717025,0.020202020202020204,0.6000000000000014,0.0,1.0,0.0,0.8,0.0011991066293085358,0.0,0.0,0.0,0.001044709114451571,0.0,0.006498828819027878,0.0,0.0,0.015935908960906135,0.001550090400435717,0.03312156029362849,1,2
4032,0.8000000000000114,1.0,0.0,0.015444015444015444,0.35185185185185186,0.6000000000000001,0.5,0.0,0.0,0.0,0.0,1.0,0.0,0.0,0.0,0.0,0.009770786935533304,0.0,0.0008043294090493882,9.89901386388269e-06,0.0,0.0007335321939360397,0.0,0.6540946871119341,0.49398756360414997,0.39264150943396225,0.2386029411764706,0.39679986351283836,0.130897925935209,0.020202020202020204,0.7999999999999972,0.0,1.0,0.0,0.35000000000000003,0.0,0.0,7.67181565463724e-05,0.0,0.0,2.7501627149490675e-05,0.0036504290994806223,0.0,0.0,0.0003592477056803757,0.0010825896916645732,0.03312156029362849,0,0
9317,0.4000000000000341,0.0,0.0,0.03474903474903475,0.0,0.4,0.0,0.0,0.0,0.0,0.0,0.0,0.0,0.0,0.0,0.0,0.009770786935533304,0.0,0.0008043294090493882,9.89901386388269e-06,0.00013484026670175647,0.0052591274980668635,0.0,0.6538315966052222,0.49367932540067544,0.20339622641509433,0.1392156862745098,0.39068840712170516,0.08008020552666208,0.020202020202020204,0.29999999999999716,0.0,1.0,0.0,0.75,0.0,0.0,0.00010524803605047672,0.0,0.0,3.996951330793257e-05,0.0036354330375410375,0.0,0.0,0.003994651320209097,0.0010825576210823542,0.03312156029362849,1,2
9323,0.6000000000000227,0.0,0.0,0.10231660231660232,0.0,0.8,0.5588235294117647,0.0,0.0,0.0,0.0,0.0,0.0,0.0,0.0,0.0,0.009969484961563302,0.0,0.0008043294090493882,0.026957656512721143,0.021622522445662627,0.0,0.0,0.6540534650601451,0.49404627043026994,0.580754716981132,0.2450980392156863,0.39595900510608223,0.06873864277210352,0.020202020202020204,0.29999999999999716,0.0,1.0,0.0,0.45,0.0002095320504505438,0.0,0.0,0.0,0.00027407414908553755,0.0,0.0036354330375410375,0.0,0.0,0.003538499084932676,0.0013353275903925127,0.03312156029362849,1,2
9071,1.0,0.0,0.0,0.02316602316602317,0.0,0.4,0.5588235294117647,0.0,0.0,0.0,0.0,0.0,0.0,0.0,0.0,0.0,0.009877623055111199,0.0,0.0008043294090493882,9.89901386388269e-06,0.014680959975938422,0.003374813178649202,0.0,0.6537767238778416,0.49361182602031356,0.20339622641509433,0.2450980392156863,0.39068840712170516,0.13315370637257973,0.020202020202020204,0.9499999999999957,0.0,1.0,0.0,0.05,0.0,0.0,0.0,0.0,0.0,8.31192410562793e-06,0.0037013215527738614,0.0,0.0,0.0004921460771828718,0.0010825576210823542,0.03312156029362849,1,2
554,0.8000000000000114,1.0,0.0,0.03861003861003861,0.537037037037037,0.2,0.5,0.0,0.0,0.0,0.0,1.0,0.0,0.0,0.0,0.0,0.009770786935533304,0.0,0.0008043294090493882,9.89901386388269e-06,0.012985153833584697,0.008499234016880299,0.0,0.6540893631463487,0.4940163599859381,0.580754716981132,0.24497549019607845,0.39788444899401654,0.10125947741086536,0.020202020202020204,0.7999999999999972,1.0,1.0,0.0,0.10000000000000002,0.0001090498096937236,0.0,0.0,0.0,7.608214486350283e-05,0.0,0.0036799861679390478,0.0,0.0,0.0017351743488491437,0.0011120351455461243,0.03312364863186365,0,0
2276,0.0,0.0,0.0,0.02316602316602317,0.0,0.6000000000000001,0.029411764705882346,0.0,0.0,0.0,0.0,0.0,0.0,0.0,0.0,0.0,0.011172267937884556,0.0,0.0008043294090493882,8.380760203777982e-05,0.004023156375667152,0.0009248306090760377,0.00020134662134040608,0.6539974966607133,0.4946104868231978,0.580754716981132,0.23786764705882357,0.39361922519163045,0.12406792405539195,0.020202020202020204,0.44999999999999574,0.0,1.0,0.0,0.25000000000000006,0.0,0.0,0.0010432056293585565,0.004547991684576471,9.703955938155062e-06,0.0,0.004219323744796673,0.0,0.0,0.0,0.0012159550839018732,0.03312156029362849,0,2
5249,0.8000000000000114,1.0,1.0,0.06756756756756757,0.0,0.6000000000000001,0.23529411764705882,0.0,0.0,0.0,0.0,0.0,0.0,0.0,0.0,0.0,0.009770786935533304,0.0,0.0008043294090493882,9.89901386388269e-06,0.0,0.0011979834720496146,0.0,0.6540330170432161,0.4939153106314854,0.20339622641509433,0.07977941176470589,0.39068840712170516,0.04968983018986152,0.04040404040404041,0.3500000000000014,0.0,1.0,0.0,0.35000000000000003,1.221998739019501e-07,0.0,0.0,0.0,0.0,3.147689520000838e-05,0.0036354330375410375,0.0,0.0,0.0007227164375971156,0.0010825576210823542,0.03312156029362849,0,4
5395,0.8000000000000114,1.0,0.0,0.05791505791505792,0.7037037037037037,0.6000000000000001,0.5,0.0,0.0,0.0,0.0,1.0,0.0,0.0,0.0,0.0,0.011625196498923625,0.0,0.0008043294090493882,0.004541805215747894,0.17285256933970927,0.04483554527319649,0.0,0.6523098936647657,0.4954147479821554,0.580754716981132,0.2416666666666667,0.39489879233234626,0.13271508239864654,0.020202020202020204,0.0,0.0,1.0,0.0,0.25000000000000006,0.00017138532314748503,0.0,0.0024742361578418103,0.0,0.0,0.0006886971203519629,0.0051145362631737,0.0,0.010266940451745381,0.016895872654964107,0.0018149200487272772,0.03312160989786211,0,0
919,0.6000000000000227,1.0,0.0,0.15830115830115832,0.4444444444444444,0.6000000000000001,0.5,0.0,0.0,0.0,0.0,1.0,0.0,0.0,0.0,0.0,0.009770786935533304,0.0,0.0008043294090493882,9.89901386388269e-06,0.0,0.0,6.742001794720877e-06,0.6541031526446164,0.4939935477115268,0.549622641509434,0.2450980392156863,0.4018693866608173,0.13058462309668528,0.25252525252525254,0.7999999999999972,0.0,1.0,0.0,0.5,8.38155357329709e-05,0.0,0.0,0.0,0.0,0.0,0.0036354330375410375,0.0,0.0,0.0001557686591104328,0.001102492833780446,0.03312156029362849,0,0
3515,0.0,0.0,0.0,0.15830115830115832,0.0,0.0,0.4411764705882353,0.0,0.0,0.0,0.0,0.0,0.0,0.0,0.0,0.0,0.009770786935533304,0.0,0.0008043294090493882,9.89901386388269e-06,0.0,0.0014530203252488562,0.0,0.6536483930817704,0.4934571910338653,0.20339622641509433,0.16102941176470592,0.39068840712170516,0.09010589635942104,0.04040404040404041,0.14999999999999858,0.0,1.0,0.0,0.35000000000000003,0.0,0.0,0.0,0.0,0.0,1.0841640137775563e-06,0.0036354330375410375,0.0,0.001797099589322382,0.0,0.0010825576210823542,0.03312156029362849,0,2
3916,0.8000000000000114,1.0,0.0,0.06756756756756757,0.2962962962962963,0.6000000000000001,0.5,0.0,0.0,0.0,0.0,1.0,0.0,0.0,0.0,0.0,0.009770786935533304,0.0,0.0008043294090493882,9.89901386388269e-06,0.00027474156218052257,0.00024581264638753886,0.0,0.6541071616049489,0.49400217878492625,0.2879245283018868,0.11899509803921571,0.39341815035523225,0.06974121185537942,0.24242424242424243,0.75,0.0,0.0,0.0,0.05,0.0,0.0001051301627057476,0.0,0.0,0.0,0.0,0.0036354330375410375,0.0026641627933685873,0.0,8.963924807406085e-05,0.0010849190469508431,0.03312156029362849,0,0
12282,0.0,0.0,1.0,0.02316602316602317,0.0,0.6000000000000001,0.23529411764705882,0.0,0.0,0.0,0.0,0.0,0.0,0.0,0.0,0.0,0.009770786935533304,0.0,0.0008043294090493882,9.89901386388269e-06,0.022789812582874346,0.005853216277317883,0.0,0.6537401727618185,0.493571863781708,0.5424528301886792,0.23639705882352943,0.4016378459401163,0.12970737514881886,0.020202020202020204,0.8999999999999986,0.0,1.0,0.0,0.75,9.00069960106697e-05,0.0,0.0,0.0,0.00016164912407946045,0.0,0.0037032871551531442,0.0,0.0049047484599589325,0.001030314131330708,0.0011288019135981273,0.03312156029362849,1,4
12326,0.0,1.0,1.0,0.02316602316602317,0.0,0.6000000000000001,0.23529411764705882,0.0,0.0,0.0,0.0,0.0,0.0,0.0,0.0,0.0,0.009770786935533304,0.0,0.0008043294090493882,9.89901386388269e-06,0.0017746135904528754,0.0005642555337969536,0.0,0.6536386947109561,0.4934519980273469,0.3571698113207547,0.24448529411764708,0.3956543462630547,0.13359233034651294,0.020202020202020204,0.9499999999999957,0.0,1.0,0.0,0.05,0.0,0.0,0.0,0.0,0.0,0.0,0.0036388938484421558,0.0,0.0022535420944558523,0.00022046547942415994,0.0010828443727332613,0.03312156029362849,1,4
5121,0.4000000000000341,1.0,1.0,0.03861003861003861,0.0,0.6000000000000001,0.23529411764705882,0.0,0.0,0.0,0.0,0.0,0.0,0.0,0.0,0.0,0.009770786935533304,0.0,0.0008043294090493882,9.89901386388269e-06,0.0,0.0,0.0,0.6541023790146678,0.49396094682556113,0.20339622641509433,0.24497549019607845,0.39068840712170516,0.011090920483739584,0.020202020202020204,0.8999999999999986,0.0,1.0,0.0,0.4,0.0,0.0,0.0,0.0,0.0,0.0,0.0036354330375410375,0.0,0.0,1.680735901388641e-05,0.0010871278029688921,0.03312156029362849,0,4
8445,0.6000000000000227,1.0,1.0,0.10424710424710425,0.0,0.8,0.2647058823529412,0.0,0.0,0.0,0.0,0.0,0.0,0.0,0.0,0.0,0.009770786935533304,0.0,0.0008043294090493882,9.89901386388269e-06,0.0,0.001760244582752146,0.0,0.6540951174953615,0.4939930368730922,0.41358490566037737,0.21311274509803926,0.3965317637309741,0.11611003195688954,0.25252525252525254,0.5499999999999972,0.0,1.0,0.0,0.55,0.0,0.0,0.0,0.0,0.0,0.0,0.0036354330375410375,0.0,0.0,0.0007985414179885301,0.0010882747104362536,0.03312156029362849,0,4
7296,0.6000000000000227,1.0,0.0,0.10231660231660232,0.0,0.6000000000000001,0.029411764705882346,0.0,0.0,0.0,0.0,0.0,0.0,0.0,0.0,0.0,0.009992691229543174,0.0,0.0008043294090493882,9.89901386388269e-06,0.00933795959563826,0.0030429079353524375,0.00018816709525137107,0.6542753954717276,0.49419244242313803,0.3841509433962264,0.20122549019607847,0.3965561364384163,0.1104079202957579,0.24242424242424243,0.29999999999999716,0.0,1.0,1.0,0.35000000000000003,4.2457667299044225e-05,0.0,0.0,0.0,0.0,0.0,0.0037011287619691815,0.0,0.0,0.0005355075285200673,0.0011513871378365456,0.03316000357467949,0,3
7587,0.4000000000000341,0.0,1.0,0.10231660231660232,0.0,0.6000000000000001,0.9411764705882353,0.0,0.0,0.0,0.0,0.0,0.0,0.0,0.0,0.0,0.009770786935533304,0.0,0.0009140539320358259,9.89901386388269e-06,0.0,0.00031279202197521846,0.0,0.6541016004149339,0.4940424352602593,0.580754716981132,0.24448529411764708,0.3919496947318393,0.02406165799862147,0.24242424242424243,0.44999999999999574,0.0,1.0,1.0,0.4,5.845227301643281e-05,0.0,0.0,0.0,0.0,0.0,0.0036354330375410375,0.0,0.0,0.00012368885971406513,0.0011378615308821232,0.0331628955014992,0,4
3347,0.4000000000000341,0.0,0.0,0.20463320463320464,0.0,0.6000000000000001,0.0,0.0,0.0,0.0,0.0,0.0,0.0,0.0,0.0,0.0,0.009770786935533304,0.0,0.0008043294090493882,9.89901386388269e-06,0.008514096411152194,0.014724576403232461,0.0,0.6540795736627997,0.4939579202242886,0.580754716981132,0.2450980392156863,0.40287476084280827,0.1336549909142177,0.020202020202020204,0.9499999999999957,0.0,1.0,0.0,0.45,0.0,0.0,0.0008134544088997095,0.0035463611231974826,0.0,0.0005759440629190971,0.0038380581365061333,0.0,0.0,0.004295520953941697,0.0014802196059061406,0.03312156029362849,0,2
3407,0.4000000000000341,1.0,0.0,0.03861003861003861,0.537037037037037,0.6000000000000001,0.5,0.0,0.0,0.0,0.0,1.0,0.0,0.0,0.0,0.0,0.009770786935533304,0.0,0.0008043294090493882,9.89901386388269e-06,0.0,0.0,3.238335700754641e-05,0.6541341853107802,0.4940338177729885,0.38905660377358486,0.17647058823529416,0.39669018632934844,0.09912901810890408,0.25252525252525254,0.3500000000000014,0.0,1.0,0.0,0.55,1.0074700715027443e-05,0.0,0.0,0.0,0.0,0.0,0.0036354330375410375,0.0,0.0,0.00010795594374216233,0.0011017840590429667,0.03312165950209572,0,0
2354,1.0,0.0,0.0,0.10424710424710425,0.0,0.2,0.029411764705882346,0.0,0.0,0.0,0.0,0.0,0.0,0.0,0.0,0.0,0.009776596027258486,0.0,0.0008043294090493882,1.1801891784547256e-05,0.011574934315076515,0.0026608097108460466,0.0,0.6492877200329392,0.4940637029859386,0.580754716981132,0.24240196078431378,0.3914500542292741,0.07406479102700672,0.020202020202020204,0.14999999999999858,0.0,1.0,0.0,0.45,0.0006589356644887322,0.0,0.0,0.0,0.0,0.00035806323495026756,0.003696748366415191,0.0,0.0,0.0022120991496039142,0.0026679491076859823,0.03312156029362849,0,2
4629,0.6000000000000227,1.0,0.0,0.15830115830115832,0.4444444444444444,0.4,0.5,0.0,0.0,0.0,0.0,1.0,0.0,0.0,0.0,0.0,0.009832971306021522,0.0,0.0008043294090493882,9.89901386388269e-06,0.0,0.000174595121724212,1.5528352520744215e-05,0.654203697701074,0.4941124267247779,0.4050943396226415,0.2450980392156863,0.3968364225740017,0.13158719217996115,0.020202020202020204,0.14999999999999858,0.0,1.0,0.0,0.35000000000000003,0.0,0.0,0.00011331301965587723,0.0004940029622597559,6.158881712361318e-05,0.0,0.003708227075954933,0.0,0.0,0.00017255043614712912,0.0011182251148913205,0.03312156029362849,0,0
4569,0.6000000000000227,0.0,0.0,0.10231660231660232,0.0,0.8,0.029411764705882346,0.0,0.0,0.0,0.0,0.0,0.0,0.0,0.0,0.0,0.009770786935533304,0.0,0.0008043294090493882,9.89901386388269e-06,0.006059858956358026,0.0012628022226183367,0.0,0.6540839692724468,0.49396028692788724,0.5775471698113207,0.24485294117647063,0.4027711768361789,0.12964471458111412,0.020202020202020204,0.3500000000000014,0.0,1.0,0.0,0.35000000000000003,0.0,0.0,0.0,0.0,6.0399299944097394e-05,0.0,0.0036997733365969716,0.0,0.0,0.0003388844518370674,0.0011395909134834185,0.03312156029362849,0,2
9331,0.4000000000000341,0.0,0.0,0.02316602316602317,0.0,0.6000000000000001,0.5588235294117647,0.0,0.0,0.0,0.0,0.0,0.0,0.0,0.0,0.0,0.009770786935533304,0.0,0.0008043294090493882,9.89901386388269e-06,0.0,0.0,0.0,0.6540034776319466,0.4938807021038906,0.580754716981132,0.2450980392156863,0.40287476084280827,0.1342189360235604,0.020202020202020204,0.29999999999999716,0.0,1.0,0.0,0.75,0.0,0.0,0.0,0.0,0.0,0.0,0.0036354330375410375,0.0,0.0014373716632443533,0.00011151183857158427,0.0010826304862382459,0.03312156029362849,1,2
3232,0.8000000000000114,1.0,0.0,0.02316602316602317,0.14814814814814814,0.4,0.5,0.0,0.0,0.0,0.0,1.0,0.0,0.0,0.0,0.0,0.009770786935533304,0.0,0.0008043294090493882,9.89901386388269e-06,0.0,0.0,0.0,0.6540128479969154,0.49389168047213355,0.580754716981132,0.19497549019607846,0.40287476084280827,0.10859076383232034,0.020202020202020204,0.29999999999999716,0.0,1.0,0.0,0.75,0.0,0.0,0.0,0.0,0.0,0.0,0.0036354377493325978,0.0,0.001026694045174538,8.818107537422596e-05,0.0010826765846021773,0.03312156029362849,0,0
7724,0.8000000000000114,0.0,0.0,0.0694980694980695,0.0,0.6000000000000001,0.5294117647058824,0.0,0.0,0.0,0.0,1.0,0.0,0.0,0.0,0.0,0.009864846063207885,0.004216315649121824,0.0019244053241969008,2.4636196057965713e-05,0.0,0.0,0.0,0.6534518327627117,0.49416440880542584,0.580754716981132,0.23480392156862748,0.39912745707356906,0.12864214549783823,0.030303030303030304,0.3500000000000014,0.0,0.0,0.0,0.25000000000000006,0.0,0.0,0.0,0.0,0.0,0.0,0.003998277111427577,0.0,0.0,0.0,0.0015260855944288763,0.03313119343579637,0,1
6917,0.20000000000004547,0.0,0.0,0.0,0.0,0.0,0.7941176470588235,0.3333333333333333,0.0,0.0,0.0,0.0,0.0,0.0,0.0,0.0,0.011048952659138075,0.0,0.0008043294090493882,9.89901386388269e-06,0.0,0.0015551514078757274,0.00038986169087795627,0.6540961866618898,0.4943375919627867,0.580754716981132,0.24436274509803926,0.40049232869033263,0.13039664139357104,0.020202020202020204,0.14999999999999858,0.0,1.0,0.0,0.25000000000000006,0.0,0.0,0.001654027325172578,0.007210948933982042,0.0,0.0009278998405917511,0.004048809112666445,0.0,0.0,0.0009873364096513637,0.0013819977723092524,0.03312156029362849,0,2
10198,0.20000000000004547,0.0,1.0,0.015444015444015444,0.0,0.6000000000000001,0.32352941176470584,0.0,0.0,0.0,0.0,0.0,0.0,0.0,0.0,0.0,0.009770786935533304,0.0,0.0011372613080314032,9.89901386388269e-06,0.0002986006978435679,6.864139483303147e-05,0.0,0.6534946087007784,0.4932405722470837,0.20339622641509433,0.1678921568627451,0.39068840712170516,0.08891534557303091,0.020202020202020204,0.14999999999999858,0.0,1.0,0.0,0.75,4.032595838764354e-06,0.0,0.00015555337128916243,0.0,3.321257177542749e-05,0.0,0.0036354330375410375,0.0,0.0,0.0033271663713653767,0.001083615851159314,0.03312156029362849,1,4
748,0.6000000000000227,0.0,0.0,0.03474903474903475,0.0,0.0,0.4411764705882353,0.0,0.0,0.0,0.0,0.0,0.0,0.0,0.0,0.0,0.009770786935533304,0.0,0.0008043294090493882,9.89901386388269e-06,0.0008112106125435429,0.0005552806298720536,0.0,0.652924818150594,0.49260681971903214,0.20339622641509433,0.2450980392156863,0.39068840712170516,0.13327902750798926,0.020202020202020204,0.9499999999999957,0.0,1.0,0.0,0.55,0.0,0.0,0.0,0.0,0.0,0.0,0.0036354330375410375,0.0,0.012833675564681726,0.005561573005079046,0.0010825576210823542,0.03312156029362849,0,2
1357,0.0,0.0,0.0,0.03581081081081081,0.0,0.0,0.7941176470588235,0.3333333333333333,0.0,0.0,0.0,0.0,0.0,0.0,0.0,0.0,0.009770786935533304,0.0,0.0008043294090493882,9.89901386388269e-06,0.0003083612533420865,7.088512081425646e-05,0.0,0.6541161655310641,0.4940123963299687,0.3920754716981132,0.1843137254901961,0.3967815839822567,0.10238736762955074,0.24242424242424243,0.44999999999999574,0.0,1.0,0.0,0.55,9.938244189170265e-05,0.0,0.0,0.0,0.0,0.0,0.0036354330375410375,0.0,0.0,3.351239011901247e-05,0.0010902108417213748,0.033121689264635885,0,2
3517,0.6000000000000227,0.0,1.0,0.15830115830115832,0.0,0.8,0.23529411764705882,0.0,0.0,0.0,0.0,0.0,0.0,0.0,0.0,0.0,0.0097721865353531,0.0,0.0008043294090493882,9.89901386388269e-06,0.0,0.0,0.0001945393743670266,0.6540940364013479,0.4939859561710514,0.580754716981132,0.2450980392156863,0.40287476084280827,0.13371765148192244,0.020202020202020204,0.14999999999999858,0.0,1.0,0.0,0.5,9.137835015112492e-06,0.0,0.0,0.0,0.0,1.0082725328131273e-05,0.003672413926252179,0.0,0.0,0.00036804790583376524,0.001116647856890999,0.03312156029362849,0,4
5123,0.4000000000000341,1.0,1.0,0.0694980694980695,0.0,0.8,0.23529411764705882,0.0,0.0,0.0,0.0,0.0,0.0,0.0,0.0,0.0,0.009770786935533304,0.0,0.0013463866424896363,9.89901386388269e-06,0.0,0.0,0.0,0.6539197384022578,0.4947009618996891,0.58,0.24473039215686276,0.40131490756650706,0.1335296697788082,0.020202020202020204,0.29999999999999716,0.0,1.0,0.0,0.45,0.020866409190174576,0.0,0.0,0.0,0.0017170523970891952,0.0,0.004210190329506123,0.0,0.0,0.0,0.002207229914362355,0.03312156029362849,0,4
10766,0.4000000000000341,0.0,0.0,0.0637065637065637,0.0,0.6000000000000001,0.029411764705882346,0.0,0.0,0.0,0.0,0.0,0.0,0.0,0.0,0.0,0.009770786935533304,0.0,0.0008043294090493882,9.89901386388269e-06,0.023539929348038273,0.008039934998427313,0.0,0.6531977647359811,0.493078212964275,0.580754716981132,0.24473039215686276,0.39492316503978847,0.12043361112851685,0.020202020202020204,0.5,1.0,1.0,0.0,0.2,4.7013007042833587e-05,0.0,0.0005603147359852008,0.0024427655375798252,0.000324409507629258,0.0,0.0035873448855248333,0.0,0.012833675564681726,0.001980531092079257,0.0011432683732899506,0.03312156029362849,1,2
8871,0.20000000000004547,0.0,1.0,0.03474903474903475,0.0,1.0,0.23529411764705882,0.0,0.0,0.0,0.0,0.0,0.0,0.0,0.0,0.0,0.009798312398655994,0.0,0.0008067154027982406,9.89901386388269e-06,0.008158378388539517,0.001875505617417297,0.0,0.6540506322823895,0.49398864777721063,0.5743396226415094,0.2412990196078432,0.40188157301453836,0.13139921047684694,0.020202020202020204,0.7999999999999972,0.0,1.0,0.0,0.45,2.8608348256823212e-05,0.0,0.0,0.0,3.343169336112776e-05,0.0,0.003675578679583585,0.0,0.0,0.0004240212719256731,0.0012189951470828197,0.03312156029362849,0,4
2591,0.8000000000000114,1.0,1.0,0.10424710424710425,0.0,0.6000000000000001,0.23529411764705882,0.0,0.0,0.0,0.0,0.0,0.0,0.0,0.0,0.0,0.009770786935533304,0.0,0.0008325870605063844,9.89901386388269e-06,0.0019492190832597074,0.0015235730422140422,0.0,0.6541065917362073,0.49400221449703563,0.3937735849056604,0.15943627450980394,0.39668409315248787,0.09035653863024,0.25252525252525254,0.6499999999999986,0.0,0.0,0.0,0.55,0.0,0.0,0.0,0.0,0.0,0.0,0.003641364397816995,0.006804065091952389,0.0,0.00035425922012830897,0.0010866381193804203,0.03312156029362849,0,4
5069,0.8000000000000114,0.0,0.0,0.10424710424710425,0.0,0.6000000000000001,0.0,0.0,0.0,0.0,0.0,0.0,0.0,0.0,0.0,0.0,0.009770786935533304,0.0,0.0008043294090493882,9.89901386388269e-06,0.007356205327383491,0.0029930473579918818,0.0,0.653985100358991,0.493859171195492,0.20339622641509433,0.14950980392156865,0.39068840712170516,0.08534369321386052,0.020202020202020204,0.29999999999999716,0.0,1.0,0.0,0.75,5.623909752243082e-05,0.0,0.0,0.0,1.986180658954641e-05,0.0,0.0036354330375410375,0.0,0.0,0.001507955227446801,0.0010825576210823542,0.03312156029362849,0,2
3901,0.6000000000000227,1.0,0.0,0.03861003861003861,0.537037037037037,0.6000000000000001,0.5,0.0,0.0,0.0,0.0,1.0,0.0,0.0,0.0,0.0,0.00998966628799716,0.0,0.0008043294090493882,9.89901386388269e-06,0.0,7.146682755012962e-05,8.751553297405423e-05,0.6541155237660919,0.49399492495678976,0.5433962264150943,0.24080882352941177,0.4024177725782669,0.12807820038849552,0.24242424242424243,0.5,0.0,1.0,0.0,0.8,0.0005105307065166973,0.0,0.0,0.0,0.0,0.0,0.0036354330375410375,0.0,0.0,0.00013553331515307488,0.0011097764248497494,0.03326888486746265,0,0
2967,0.8000000000000114,1.0,0.0,0.03861003861003861,0.537037037037037,0.6000000000000001,0.5,0.0,0.0,0.0,0.0,1.0,0.0,0.0,0.0,0.0,0.009770786935533304,0.0,0.0008043294090493882,9.89901386388269e-06,0.013241820292990186,0.0030439051468996487,0.00029471247200084713,0.6542162225545822,0.49412948003337165,0.3311320754716981,0.1408088235294118,0.39481348785629855,0.08076947177141426,0.020202020202020204,0.0,0.0,1.0,0.0,0.35000000000000003,0.00043347689713963425,0.0,0.0,0.0,0.0,0.0012377900545298358,0.003647913395436662,0.0,0.0,0.0008740849966308536,0.0011495258048645131,0.03312156029362849,0,0
177,0.6000000000000227,1.0,0.0,0.08687258687258688,0.8888888888888888,0.6000000000000001,0.5,0.0,0.0,0.0,0.0,1.0,0.0,0.0,0.0,0.0,0.015990939622843967,0.0,0.0012768653344348412,9.89901386388269e-06,0.07121626643569096,0.02416002586101946,0.0,0.6540939403188275,0.49377843659684245,0.5788679245283018,0.2450980392156863,0.4014977028723236,0.11811517012344133,0.020202020202020204,0.14999999999999858,0.0,1.0,0.0,0.4,0.0027395989730078195,0.0,0.0,0.0,0.0,0.007091083148513484,0.0038937487642050524,0.0,0.0,0.0030577114056222023,0.002468799912642629,0.033124124832506346,0,0
6304,1.0,0.0,1.0,0.03861003861003861,0.0,0.6000000000000001,0.23529411764705882,0.0,0.0,0.0,0.0,0.0,0.0,0.0,0.0,0.0,0.009842106328501278,0.0,0.0008043294090493882,9.89901386388269e-06,0.014422847508310932,0.003629019022225768,5.2892091499229594e-05,0.6541219715658465,0.49401878646850256,0.41660377358490563,0.22781862745098042,0.3975736969741284,0.12494517200325836,0.020202020202020204,0.19999999999999574,0.0,1.0,0.0,0.75,0.0,0.0,0.0,0.0,0.0,0.0,0.0037146484625531725,0.0,0.0,0.0009988994633412826,0.0011152564298222679,0.03312156029362849,0,4
10145,0.20000000000004547,0.0,1.0,0.02316602316602317,0.0,0.8,0.23529411764705882,0.0,0.0,0.0,0.0,1.0,0.0,0.0,0.0,0.0,0.009770786935533304,0.0,0.0008043294090493882,9.89901386388269e-06,0.0,0.0,0.0,0.6537979561269281,0.4936399120416645,0.20339622641509433,0.2450980392156863,0.39068840712170516,0.1342189360235604,0.020202020202020204,0.0,0.0,1.0,0.0,0.75,0.0,0.0,0.0,0.0,0.0,0.0,0.0036354330375410375,0.0,0.002396175564681725,4.837551886645236e-05,0.0010825576210823542,0.03312156029362849,1,4
8790,0.0,0.0,1.0,0.011583011583011584,0.0,0.4,0.9411764705882353,0.0,0.0,0.0,0.0,0.0,0.0,0.0,0.0,0.0,0.015767018701136754,0.0,0.0008043294090493882,9.89901386388269e-06,0.030450402640989416,0.011471423033343014,0.0007849429960485997,0.6538531664684061,0.49319062265127134,0.580754716981132,0.24571078431372553,0.40287476084280827,0.13271508239864654,0.030303030303030304,0.14999999999999858,0.0,0.0,0.0,0.45,0.0,0.0,0.0,0.0,0.0,7.950536101035412e-07,0.0036077167089855443,0.0,0.0,0.003036452782577241,0.00646385216691442,0.03312207121723472,0,4
1088,0.0,0.0,0.0,0.02316602316602317,0.0,0.6000000000000001,0.47058823529411764,0.0,0.0,0.0,0.0,0.0,0.0,0.0,0.0,0.0,0.009770786935533304,0.0007664401566367194,0.0008043294090493882,9.89901386388269e-06,0.007331623187609444,0.0012792562131473202,0.00023386046870526965,0.6540976454596042,0.4942039230899633,0.580754716981132,0.24448529411764708,0.3946794379653664,0.06341249451720032,0.020202020202020204,0.10000000000000142,1.0,1.0,0.0,0.2,0.00010042792970175267,0.0,0.001833574022687807,0.0015413419827802171,0.0,0.0005363720764162163,0.0037056477627249074,0.0,0.0,0.00023092850809490505,0.0012038180786325863,0.03312156029362849,0,2
595,0.0,0.0,0.0,0.03474903474903475,0.0,0.0,0.4411764705882353,0.4444444444444444,0.0,0.0,0.0,0.0,0.0,0.0,0.0,0.0,0.011713882969225434,0.0,0.0008043294090493882,9.89901386388269e-06,0.0,0.0,0.00012550997534623931,0.6540923364033755,0.49384099606085263,0.580754716981132,0.2450980392156863,0.3920776514459109,0.022557804373707628,0.020202020202020204,0.3999999999999986,1.0,1.0,0.0,0.6,0.0,0.0,0.0004945851196011866,0.0,0.0,0.00022818038609971633,0.0036354330375410375,0.0,0.0,0.00031957005905855257,0.001189307503302162,0.03312156029362849,0,2
7300,0.0,1.0,0.0,0.06756756756756757,0.2962962962962963,0.4,0.5,0.0,0.0,0.0,0.0,1.0,0.0,0.0,0.0,0.0,0.009770786935533304,0.0,0.0008043294090493882,9.89901386388269e-06,0.0,0.0,0.0,0.6540932713856944,0.4940040323210397,0.580754716981132,0.24448529411764708,0.39484395374060133,0.13327902750798926,0.24242424242424243,0.3500000000000014,0.0,1.0,0.0,0.10000000000000002,0.00011939606568408871,0.0,0.0,0.0,0.0,0.0,0.0036354330375410375,0.0,0.00010605749486652978,5.106162647141137e-05,0.0010864861930519796,0.033136932645625526,0,0
3069,0.20000000000004547,0.0,0.0,0.03474903474903475,0.0,0.6000000000000001,0.5294117647058824,0.0,0.0,0.0,0.0,1.0,0.0,0.0,0.0,0.0,0.010703477245554446,0.0,0.0008043294090493882,9.89901386388269e-06,0.0,0.0,0.0,0.6540837933420389,0.49404978147407014,0.580566037735849,0.24497549019607845,0.4024177725782669,0.13428159659126512,0.030303030303030304,0.6000000000000014,0.0,1.0,0.0,0.45,0.00037767907693962716,0.0,0.0,0.0,0.0007360294063672257,0.0,0.0037411424738480374,0.0,0.0,0.0,0.0013905647814849143,0.03312156029362849,0,1
10977,0.4000000000000341,0.0,0.0,0.33204633204633205,0.0,1.0,0.5588235294117647,0.0,0.0,0.0,0.0,0.0,1.0,0.0,0.0,0.0,0.009770786935533304,0.0,0.0008043294090493882,9.89901386388269e-06,0.008415044847945006,0.004245378859364502,0.0,0.6539882406008117,0.4938628503191115,0.580754716981132,0.24497549019607845,0.40287476084280827,0.13415627545585562,0.020202020202020204,0.3999999999999986,0.0,1.0,0.0,0.75,1.3985096679889847e-06,0.0,0.0,0.0,0.0,2.1719419076010375e-05,0.0036354330375410375,0.0,0.0,0.0026140175932373535,0.0011188567120453147,0.03312156029362849,1,2
9380,0.4000000000000341,0.0,1.0,0.03474903474903475,0.0,0.6000000000000001,0.23529411764705882,0.0,0.0,0.0,0.0,0.0,0.0,0.0,0.0,0.0,0.009770786935533304,0.0,0.0008043294090493882,9.89901386388269e-06,0.0,0.0,0.0,0.6540581134662166,0.4939447137309585,0.20339622641509433,0.2450980392156863,0.39068840712170516,0.1342189360235604,0.25252525252525254,0.14999999999999858,0.0,1.0,1.0,0.75,0.0,0.0,0.0,0.0,0.0,0.0,0.0036354330375410375,0.0,0.0,0.0007003833715101707,0.0010825576210823542,0.03312156029362849,1,4
8242,0.6000000000000227,1.0,1.0,0.15830115830115832,0.0,0.6000000000000001,0.2647058823529412,0.0,0.0,0.0,0.0,0.0,0.0,0.0,0.0,0.0,0.009770786935533304,0.0,0.0008043294090493882,9.89901386388269e-06,0.0,0.0,0.0,0.6541045024383679,0.49399965758763686,0.41981132075471694,0.15710784313725493,0.3976772809807578,0.08302525220878502,0.24242424242424243,1.0,0.0,0.0,1.0,0.5,0.0,0.00925145431810579,0.0,0.0,0.0,0.0,0.003643853794358076,0.025006705975953333,0.0,1.1153742054877435e-05,0.0010975128721362507,0.03312156029362849,0,4
2088,0.6000000000000227,0.0,1.0,0.05791505791505792,0.0,0.6000000000000001,0.2941176470588235,0.0,0.0,0.0,0.0,1.0,0.0,0.0,0.0,0.0,0.009770786935533304,0.0,0.001245348384327452,9.89901386388269e-06,0.014460082220027502,0.015528495112209151,0.0,0.6546788618780551,0.4946085766135194,0.3922641509433962,0.16740196078431374,0.39679986351283836,0.09204837395826808,0.020202020202020204,0.14999999999999858,0.0,1.0,0.0,0.35000000000000003,0.00011289910572163502,0.0,0.003906980495341212,0.017032993596420676,0.0003432539639994817,0.0,0.003915983708578607,0.0,0.0,0.004204500279099371,0.0014646525849515537,0.033311445299903625,0,1
10396,0.6000000000000227,0.0,0.0,0.10231660231660232,0.0,1.0,0.029411764705882346,0.0,0.0,0.0,0.0,0.0,0.0,0.0,0.0,0.0,0.009770786935533304,0.0,0.0008043294090493882,9.89901386388269e-06,0.0,0.0005319292594748601,0.0,0.6540989538384764,0.493991787337438,0.549811320754717,0.24019607843137258,0.4018754798376778,0.13127388934143747,0.04040404040404041,0.14999999999999858,0.0,1.0,0.0,0.8,0.0,0.0,0.0,0.0,0.0,0.0,0.0036431399579366745,0.0,0.0,0.00040534642857691046,0.0011147662505524634,0.03312156029362849,1,2
4164,0.6000000000000227,1.0,0.0,0.10231660231660232,0.2962962962962963,0.6000000000000001,0.5,0.0,0.0,0.0,0.0,1.0,0.0,0.0,0.0,0.0,0.009770786935533304,0.0,0.0008043294090493882,9.89901386388269e-06,0.0002671500190150081,0.0008035032041653526,0.0,0.6541127082169261,0.49400862947877605,0.3932075471698113,0.18823529411764708,0.39681814304342,0.10495645090544523,0.24242424242424243,0.75,0.0,0.0,1.0,0.05,0.0,0.0019228306758881238,0.0,0.0,0.0,0.0,0.003638298984757654,0.007789204432980287,0.0,0.0002447939397319316,0.0010876282428422814,0.03312156029362849,0,0
8771,0.4000000000000341,1.0,1.0,0.05791505791505792,0.0,0.6000000000000001,0.23529411764705882,0.0,0.0,0.0,0.0,0.0,0.0,0.0,0.0,0.0,0.009770786935533304,0.0,0.0008043294090493882,9.89901386388269e-06,0.0,0.001217262895295696,0.0,0.6541989535438012,0.49409644400311625,0.39452830188679244,0.13357843137254904,0.3968607952814439,0.0769471771414249,0.020202020202020204,0.9499999999999957,0.0,1.0,0.0,0.5,0.0,0.0,0.0,0.0,0.0,0.00047551433644283617,0.004036350350482139,0.0,0.0,0.0014315930255343948,0.001601194104895598,0.03312156029362849,0,4
123,0.8000000000000114,1.0,0.0,0.09266409266409267,0.7037037037037037,0.6000000000000001,0.5,0.0,0.0,0.0,0.0,1.0,0.0,0.0,0.0008718260084380302,0.0,0.011824496503370741,0.0009715756745132775,0.0008043294090493882,2.0111800150853684e-05,0.06811060227688455,0.015641927925704416,0.0,0.6535415433553816,0.49463332161176504,0.580566037735849,0.24497549019607845,0.3970374974103999,0.13327902750798926,0.020202020202020204,0.3999999999999986,0.0,1.0,0.0,0.25000000000000006,0.0014669687529016105,0.0,0.0,0.0,0.002790028196096102,0.0,0.00443559105092633,0.0,0.0,0.005144510030949076,0.00150714422280264,0.037039456437601724,0,0
1718,0.4000000000000341,0.0,1.0,0.05791505791505792,0.0,0.6000000000000001,0.6176470588235294,0.0,0.0,0.0,0.0,0.0,0.0,0.0,0.0,0.0,0.010879977317453243,2.7432878979821644e-05,0.0008043294090493882,0.0006045382423804921,0.06805456945828194,0.015644088550723374,0.0,0.6530513250353734,0.49451333280589654,0.580754716981132,0.2394607843137255,0.3928636712609221,0.10501911147314996,0.030303030303030304,0.3999999999999986,1.0,1.0,0.0,0.25000000000000006,0.00016095081169263518,0.0,4.0324918027002574e-07,1.7580176592873876e-06,0.0,3.613880045925187e-08,0.00404333793736622,0.0,0.0,0.008264001911485337,0.0014402152474138894,0.03317564874996141,0,4
10397,0.0,0.0,1.0,0.08687258687258688,0.0,0.6000000000000001,0.32352941176470584,0.0,0.0,0.0,0.0,0.0,0.0,0.0,0.0,0.0,0.013694482258303973,0.00015966502992551722,0.0018910170064433528,0.0038919116756945403,0.0,0.0,0.0,0.6325442067542318,0.5150284805120622,0.580754716981132,0.24436274509803926,0.3957396507391024,0.0941161726925246,0.020202020202020204,0.14999999999999858,1.0,0.0,0.0,0.10000000000000002,0.025295794808380446,0.0,0.10951501725150399,0.11349234603061588,0.0,0.09126962472385439,0.015539095131622885,0.0,0.0,0.0,0.021676551232265584,0.04694467782685202,1,4
7753,0.8000000000000114,0.0,0.0,0.03861003861003861,0.0,0.6000000000000001,0.029411764705882346,0.0,0.0,0.0,0.0,0.0,0.0,0.0,0.0,0.0,0.009770786935533304,0.0,0.0009299137728370208,9.89901386388269e-06,0.0018010032405044254,0.00040819192665841474,0.0,0.6539234899276996,0.49391992603345164,0.27999999999999997,0.12561274509803924,0.3926321305402211,0.07224763456356915,0.25252525252525254,0.9499999999999957,0.0,1.0,0.0,0.45,0.00018660599633016126,0.0,0.0,0.0,0.0,0.0,0.0037039342411941067,0.0,0.003080082135523614,0.0005177536363501477,0.001170668546856943,0.03312156029362849,0,2
998,0.8000000000000114,1.0,0.0,0.15830115830115832,0.4444444444444444,0.6000000000000001,0.5,0.0,0.0,0.0,0.0,1.0,0.0,0.0,0.0,0.0,0.010234581207001341,0.0,0.0008043294090493882,9.89901386388269e-06,0.000489473783147931,0.0008000960647123813,0.0,0.6541071129010506,0.4939955491423542,0.3956603773584906,0.17524509803921573,0.39690344751946777,0.09104580487499218,0.25252525252525254,0.5499999999999972,0.0,1.0,0.0,0.55,0.0,0.0,0.0,0.0,0.0,0.0,0.003638359452749346,0.0,0.0,0.0003751596954926091,0.0010930788043436437,0.03312156029362849,0,0
5297,0.0,0.0,0.0,0.02316602316602317,0.0,0.6000000000000001,0.1176470588235294,0.0,0.0,0.0,0.0,0.0,0.0,0.0,0.0,0.0,0.009770786935533304,0.0,0.0008043294090493882,9.89901386388269e-06,0.00244989943012816,0.0005631752212874748,0.0,0.6536259064588146,0.4940408732436477,0.32037735849056603,0.0698529411764706,0.3909565069035694,0.04354909455479668,0.020202020202020204,0.9499999999999957,0.0,1.0,0.0,0.45,0.0,0.0,0.000478152715505183,0.00208456943950002,2.4666829933116738e-05,0.0,0.0036858405689528515,0.0,0.0018237679671457908,0.00025070337646284144,0.0011683096489632503,0.03312156029362849,0,2
3926,0.6000000000000227,0.0,0.0,0.03474903474903475,0.0,0.4,0.5294117647058824,0.0,0.0,0.0,0.0,1.0,0.0,0.0,0.0,0.0,0.009770786935533304,0.0,0.0008043294090493882,9.89901386388269e-06,0.00041428135560378797,0.0008984876040372109,0.0,0.6540798489889184,0.4940594423760159,0.580754716981132,0.2421568627450981,0.3943443132380361,0.13096058650291373,0.24242424242424243,0.29999999999999716,0.0,1.0,1.0,0.10000000000000002,0.0008535661192051215,0.0,0.0,0.0,0.0,0.0,0.0036354330375410375,0.0,0.00038501026694045176,0.00013601937271968652,0.0011000374762994303,0.0331240405053092,0,1
10899,0.6000000000000227,0.0,0.0,0.015444015444015444,0.0,0.6000000000000001,0.5294117647058824,0.0,0.0,0.0,0.0,1.0,0.0,0.0,0.0,0.0,0.009770786935533304,0.0,0.0008043294090493882,9.89901386388269e-06,0.0007989195426565196,0.004796836844972246,0.0,0.6540914839194966,0.493983810727261,0.20339622641509433,0.2450980392156863,0.39068840712170516,0.1342189360235604,0.020202020202020204,0.5,0.0,1.0,0.0,0.35000000000000003,0.0,0.0,0.0,0.0,0.0,0.0,0.0036354330375410375,0.0,0.0,0.0016051667407691273,0.0010825576210823542,0.03312156029362849,1,1
1276,0.20000000000004547,0.0,0.0,0.10231660231660232,0.0,0.0,0.4411764705882353,0.0,0.0,0.0,0.0,0.0,0.0,0.0,0.0,0.0,0.009770786935533304,0.0,0.0008043294090493882,9.89901386388269e-06,0.0,0.0,0.0,0.6541031738490346,0.4939975067093951,0.579622641509434,0.24460784313725495,0.402838201781645,0.1339682937527414,0.020202020202020204,0.6000000000000014,0.0,1.0,0.0,0.85,0.0,0.0,0.0,0.0,0.0,0.0,0.0036354330375410375,0.0,0.0,4.1442803047939096e-06,0.0011110811076852762,0.03312156029362849,0,2
8237,0.6000000000000227,1.0,0.0,0.03861003861003861,0.537037037037037,0.4,0.5,0.0,0.0,0.0,0.0,1.0,0.0,0.0,0.0,0.0,0.010621999466797618,0.0,0.0008043294090493882,9.89901386388269e-06,0.021260297386050935,0.00488716759095712,0.00029725703396853213,0.6539823828802599,0.49416430943259965,0.580754716981132,0.24497549019607845,0.396696279506209,0.11366626981640454,0.25252525252525254,0.5,1.0,1.0,0.0,0.10000000000000002,0.00011876469966892863,0.0,0.0,0.0,0.0,0.0,0.0037398965976296068,0.0,0.0,0.0,0.001197219717437464,0.03312156029362849,0,0
4659,0.6000000000000227,1.0,0.0,0.20463320463320464,0.0,0.6000000000000001,0.029411764705882346,0.0,0.0,0.0,0.0,0.0,0.0,0.0,0.0,0.0,0.009770786935533304,0.0,0.0008043294090493882,9.89901386388269e-06,0.0,0.0,0.0017913063800715648,0.6537332057851349,0.4935063332254649,0.4443396226415094,0.1575980392156863,0.3984693939726295,0.0890406667084404,0.04040404040404041,0.14999999999999858,0.0,1.0,0.0,0.45,0.0,0.0,0.0005224093130398184,0.002277511877606811,0.0,0.0004049713979463765,0.0038282352290505773,0.0,0.0,0.006308873722755834,0.0025415499713288573,0.03313396135203204,0,3
5852,0.6000000000000227,0.0,1.0,0.03861003861003861,0.0,0.6000000000000001,0.2941176470588235,0.0,0.0,0.0,0.0,0.0,0.0,0.0,0.0,0.0,0.014771737685195838,0.00014162742095429797,0.0008043294090493882,9.89901386388269e-06,0.0,0.003252820966040376,0.0,0.6535301784498175,0.49410137809684146,0.580754716981132,0.24485294117647063,0.39456366760501593,0.1322137978570086,0.020202020202020204,0.5,0.0,1.0,0.0,0.10000000000000002,0.0002376991213849433,0.0,6.048737704050386e-07,0.0,3.304040481523441e-05,0.0,0.004197289444213732,0.0,0.0,0.007504626500574828,0.0012405397379315853,0.03316968136065762,0,4
6526,0.0,0.0,0.0,0.1783783783783784,0.0,0.0,0.7941176470588235,0.3333333333333333,0.0,0.0,0.0,0.0,0.0,0.0,0.0,0.0,0.009770786935533304,0.00010811653338586828,0.0008043294090493882,9.89901386388269e-06,0.0,0.00014717180417590645,0.0007248956832898115,0.6541964520850814,0.4941062062187637,0.5513207547169812,0.20036764705882357,0.401723150416164,0.1089667272385488,0.04040404040404041,0.10000000000000142,0.0,1.0,0.0,0.0,3.222682230069762e-05,0.0,0.0,0.0,0.0,0.0,0.0036993999271158094,0.0,0.0,0.0025306459295748635,0.001170499816931327,0.03312181823564329,0,2
12029,0.4000000000000341,0.0,1.0,0.02316602316602317,0.0,0.6000000000000001,0.2647058823529412,0.0,0.0,0.0,0.0,0.0,0.0,0.0,0.0,0.0,0.009770786935533304,0.0,0.0008043294090493882,9.89901386388269e-06,0.0,0.0,0.0,0.6467916177479356,0.4854304647340004,0.20339622641509433,0.2450980392156863,0.39068840712170516,0.1342189360235604,0.020202020202020204,0.6499999999999986,0.0,1.0,0.0,0.25000000000000006,0.0,0.0,0.0,0.0,0.0,0.0,0.0036354330375410375,0.0,0.0,0.11291327044601154,0.0010825576210823542,0.03312156029362849,1,4
9269,0.6000000000000227,1.0,1.0,0.05791505791505792,0.0,0.6000000000000001,0.23529411764705882,0.0,0.0,0.0,0.0,0.0,0.0,0.0,0.0,0.0,0.010231375671930191,0.0,0.0008043294090493882,9.89901386388269e-06,0.0,0.0,0.0,0.6476564154301829,0.49427071482711377,0.20339622641509433,0.2450980392156863,0.39068840712170516,0.13403095432044615,0.020202020202020204,0.29999999999999716,0.0,1.0,0.0,0.45,0.004084266018779229,0.0,0.0,0.0,0.005266837736975495,0.0,0.003638664148603586,0.0,0.0,0.012048574035009448,0.0020834661173781115,0.03312156029362849,1,4
6988,0.20000000000004547,0.0,0.0,0.03581081081081081,0.0,0.0,0.7941176470588235,0.3333333333333333,0.0,0.0,0.0,0.0,0.0,0.0,0.0,0.0,0.009925841526322296,0.0,0.0008043294090493882,9.89901386388269e-06,0.019191059620365002,0.004411580783899687,0.0,0.654277928737075,0.49418290030277356,0.2920754716981132,0.15514705882352944,0.39361922519163045,0.08628360172943168,0.24242424242424243,0.25,0.0,1.0,0.0,0.35000000000000003,0.001794898903399377,0.0,0.0,0.0,0.0,0.0,0.0036354330375410375,0.0,0.0,0.0005193653009131231,0.0011516704692862575,0.033271429564647056,0,2
10172,0.8000000000000114,1.0,0.0,0.015444015444015444,0.0,0.6000000000000001,0.029411764705882346,0.0,0.0,0.0,0.0,0.0,0.0,0.0,0.0,0.0,0.014901719874911894,0.0022225869754844995,0.0019404055175715575,9.89901386388269e-06,0.1867002670777186,0.06316886406386142,0.0,0.6533284207290452,0.4956591465201324,0.580754716981132,0.2439950980392157,0.39177299260288334,0.06240992543392443,0.020202020202020204,0.14999999999999858,1.0,0.0,0.0,0.8,0.0009931115863192651,0.0,0.0,0.0,0.002111737327560899,0.0,0.004741764444469386,0.0,0.0,0.01009116905031003,0.001705738899139218,0.03348292713550789,1,3
7599,0.6000000000000227,1.0,0.0,0.06756756756756757,0.0,0.0,0.4411764705882353,0.0,0.0,0.0,0.0,0.0,0.0,0.0,0.0,0.0,0.009880587798815503,0.0,0.0008043294090493882,9.89901386388269e-06,3.6150205550068757e-07,8.310096226759258e-08,6.0090809544560594e-05,0.6541020119131763,0.4939941206579778,0.580754716981132,0.2450980392156863,0.4042335392827113,0.13371765148192244,0.24242424242424243,0.10000000000000142,0.0,0.0,0.0,0.6,0.0,0.0,0.0,0.0,0.0,0.0,0.0036374571446655284,0.0034929001613991126,0.0,9.316956092629271e-05,0.0010855239268810102,0.03314636241043559,0,3
138,0.4000000000000341,1.0,0.0,0.06756756756756757,0.2962962962962963,0.6000000000000001,0.5,0.0,0.0,0.0,0.0,1.0,0.0,0.0,0.0,0.0,0.009770786935533304,0.0,0.0008064970765728554,9.89901386388269e-06,5.53098144916052e-05,0.0008376576996573332,0.0,0.654097170679426,0.49399007121531074,0.5809433962264151,0.24301470588235294,0.40223497727245033,0.1267623284666959,0.24242424242424243,0.29999999999999716,0.0,0.0,1.0,0.45,0.0,0.0,0.0,0.0,0.0,0.0,0.0036354330375410375,0.0017027347638025128,0.0,0.00034487063449954746,0.0010847599828112129,0.033326510105652254,0,0
2161,0.8000000000000114,1.0,1.0,0.06756756756756757,0.0,0.6000000000000001,0.23529411764705882,0.0,0.0,0.0,0.0,0.0,0.0,0.0,0.0,0.0,0.009843656422925355,0.0,0.0008043294090493882,9.89901386388269e-06,0.0009070086572512251,0.0021484922784663386,0.0,0.6541109707799028,0.49401961522234594,0.2818867924528302,0.1504901960784314,0.39296725526755144,0.08559433548467951,0.020202020202020204,0.9499999999999957,0.0,1.0,0.0,0.05,0.0,0.0,0.0,0.0,0.0,0.0,0.00367362996112406,0.0,0.001026694045174538,0.0001286517632889418,0.0010998113464754998,0.03312156029362849,0,4
2262,0.0,1.0,0.0,0.06756756756756757,0.0,0.6000000000000001,1.0,0.0,0.0,0.0,0.0,1.0,0.0,0.0,0.0,0.0,0.009770786935533304,8.053088578802058e-06,0.0008043294090493882,9.89901386388269e-06,0.0,0.0,4.012578487503232e-05,0.6540973038696783,0.49399062941110783,0.580754716981132,0.2450980392156863,0.40287476084280827,0.1342189360235604,0.24242424242424243,0.3500000000000014,0.0,0.0,0.0,0.5,0.0,0.02149260020323763,0.0,0.0,0.0,0.0,0.0036477912815053885,0.010129750304443198,0.0,0.00012299814632993282,0.001083675382487359,0.03312156029362849,0,0
7674,0.6000000000000227,0.0,0.0,0.03474903474903475,0.0,0.6000000000000001,0.47058823529411764,0.0,0.0,0.0,0.0,0.0,0.0,0.0,0.0,0.0,0.009905600002046726,0.0002402504759342614,0.0008043294090493882,9.89901386388269e-06,0.0,0.0,0.0,0.6538760788363229,0.4939956989779437,0.580754716981132,0.2450980392156863,0.3961905458267832,0.12713829187292439,0.020202020202020204,0.29999999999999716,1.0,1.0,0.0,0.45,0.0,0.0,0.00023721133029384265,0.0001762412703435606,4.487297044304929e-05,0.0,0.0036395853038536452,0.0,0.0,0.0,0.001157330505718775,0.03312156029362849,0,2
3180,0.8000000000000114,1.0,0.0,0.015444015444015444,0.35185185185185186,0.4,0.5,0.0,0.0,0.0,0.0,1.0,0.0,0.0,0.0,0.0,0.009770786935533304,0.0,0.0008043294090493882,9.89901386388269e-06,0.01720315981716672,0.02387906150759273,0.0,0.6530285952242454,0.4927362749511202,0.36207547169811316,0.12745098039215688,0.395812768861429,0.07393946989159723,0.24242424242424243,0.7999999999999972,0.0,1.0,0.0,0.35000000000000003,7.001373886393398e-05,0.0,0.0,0.0,0.0,0.0,0.003654377973457539,0.0,0.0,0.015003829621985357,0.001108073759472281,0.03312156029362849,0,0
10028,0.8000000000000114,0.0,0.0,0.3088803088803089,0.0,0.6000000000000001,0.029411764705882346,0.0,0.0,0.0,0.0,0.0,1.0,0.0,0.0,0.0,0.009779967106394344,0.0,0.0008895390158711471,9.89901386388269e-06,0.0,0.0010855478701015618,0.00020654448724020702,0.6540829451653074,0.4939589267623288,0.580754716981132,0.2450980392156863,0.4011564849681327,0.11598471082148006,0.020202020202020204,0.14999999999999858,0.0,1.0,0.0,0.4,3.8404704814629545e-05,0.0,0.0,0.0,3.2085660763254638e-06,0.0,0.0036404958575726935,0.0,0.0,0.0008940901027935008,0.0013995519797262179,0.03312156029362849,1,2
1465,0.8000000000000114,1.0,0.0,0.10424710424710425,0.2962962962962963,0.6000000000000001,0.5,0.0,0.0,0.0,0.0,1.0,0.0,0.0,0.0,0.0,0.009770786935533304,0.0,0.0008043294090493882,9.89901386388269e-06,0.0,2.3102067510390738e-05,0.0,0.6541021841990748,0.49399634723036456,0.33584905660377357,0.08602941176470588,0.3949658172778123,0.05288551914280344,0.25252525252525254,0.6499999999999986,0.0,1.0,0.0,0.5,6.0197015660477316e-05,0.0,0.0,0.0,0.0,0.0,0.0036354330375410375,0.0,0.0,1.4044505477357136e-05,0.0010849225167201713,0.03312156029362849,0,0
1280,0.20000000000004547,0.0,1.0,0.40540540540540543,0.0,0.6000000000000001,0.32352941176470584,0.3333333333333333,0.0,0.0,0.0,0.0,0.0,0.0,0.0,0.0,0.03475096491496717,1.0584682820376688e-05,0.012411019392437102,0.0005929387844172922,0.0,0.07266398001255656,0.0,0.6534818055392801,0.5158894986936009,0.580566037735849,0.24448529411764708,0.39600775052096665,0.0917977316874491,0.030303030303030304,0.3999999999999986,1.0,1.0,0.0,0.25000000000000006,0.0,0.0,0.007668388036604945,0.0,0.0,0.07123243067042172,0.018734428775554375,0.0,0.0,0.025715873258698767,0.010539560646695482,0.04467301722552648,0,4
10307,0.0,0.0,1.0,0.06756756756756757,0.0,0.6000000000000001,0.32352941176470584,0.0,0.0,0.0,0.0,0.0,0.0,0.0,0.0,0.0,0.009770786935533304,0.0,0.0008043294090493882,9.89901386388269e-06,0.0,0.0,0.0,0.654085425750928,0.49397671294551565,0.20339622641509433,0.2450980392156863,0.39068840712170516,0.1342189360235604,0.020202020202020204,0.14999999999999858,0.0,1.0,0.0,0.8,0.0,0.0,0.0,0.0,0.0,0.0,0.0036354330375410375,0.0,0.0,0.0002786133135772251,0.0010825576210823542,0.03312156029362849,1,4
8667,0.8000000000000114,0.0,1.0,0.10231660231660232,0.0,0.6000000000000001,0.23529411764705882,0.0,0.0,0.0,0.0,0.0,0.0,0.0,0.0,0.0,0.009770786935533304,0.0,0.0008043294090493882,9.89901386388269e-06,0.0,0.00028944065157802495,3.762471969311973e-05,0.6540812812811099,0.4939718572631611,0.580754716981132,0.2450980392156863,0.40287476084280827,0.1342189360235604,0.020202020202020204,0.6499999999999986,0.0,1.0,0.0,0.45,0.00016654485036459113,0.0,0.0,0.0,0.0004032306723140143,0.0,0.003732068741250586,0.0,0.0,0.00047316425010782804,0.0012079619250049583,0.03312156029362849,0,4
997,0.8000000000000114,1.0,0.0,0.06756756756756757,0.2962962962962963,0.4,0.5,0.0,0.0,0.0,0.0,1.0,0.0,0.0,0.0,0.0,0.009770786935533304,0.0,0.0008043294090493882,9.89901386388269e-06,0.00020316415519138642,0.00018880538627197033,0.0,0.6541056676874166,0.49400038502777854,0.3366037735849057,0.10220588235294119,0.39499018998525454,0.06096873237671534,0.25252525252525254,0.10000000000000142,0.0,0.0,0.0,0.5,0.0,0.0006963821977628721,0.0,0.0,0.0,0.0,0.0036354330375410375,0.0038424682254910194,0.0,4.387309088099725e-05,0.0010848725520418456,0.03312156029362849,0,0
7560,0.0,0.0,0.0,0.0972972972972973,0.0,0.0,0.7941176470588235,0.3333333333333333,0.0,0.0,0.0,0.0,0.0,0.0,0.0,0.0,0.009770786935533304,4.551413612761976e-05,0.0014449453385206607,9.89901386388269e-06,0.09309473233664807,0.04172948060652068,0.0,0.6563578051883656,0.49663895754004944,0.39547169811320754,0.2115196078431373,0.39687907481202556,0.1166113164985275,0.25252525252525254,0.14999999999999858,0.0,1.0,0.0,0.55,0.009252309141431086,0.0,0.0,0.0,0.0,0.0,0.0036354330375410375,0.0,0.0,0.006263107565562771,0.0020004651704612587,0.03312463575611257,0,2
3431,0.0,0.0,0.0,0.06756756756756757,0.0,0.0,0.4411764705882353,0.0,0.0,0.0,0.0,0.0,0.0,0.0,0.0,0.0,0.009770786935533304,0.0,0.0008043294090493882,9.89901386388269e-06,0.0,0.0,0.0,0.6541011070808896,0.493995085273107,0.20339622641509433,0.2450980392156863,0.39068840712170516,0.1342189360235604,0.020202020202020204,0.6000000000000014,0.0,1.0,0.0,0.85,0.0,0.0,0.0,0.0,0.0,0.0,0.0036354330375410375,0.0,0.0,3.645431749587235e-05,0.0010825576210823542,0.03312156029362849,0,2
8654,0.20000000000004547,0.0,1.0,0.02316602316602317,0.0,0.2,0.2647058823529412,0.0,0.0,0.0,0.0,0.0,0.0,0.0,0.0,0.0,0.009770786935533304,0.0,0.0011647392229691667,9.89901386388269e-06,0.0010584780185060132,0.0004264741383572851,0.0,0.6540972236904717,0.4939994083792212,0.580754716981132,0.23223039215686275,0.3998220792356719,0.12726361300833386,0.020202020202020204,0.6000000000000014,0.0,1.0,0.0,0.8,8.257317034830107e-05,0.0,4.244197622342021e-05,0.0,0.0,9.92732848615649e-05,0.0036364272255602834,0.0,0.0,6.669221453455384e-05,0.001087816006931069,0.03312156029362849,0,4
10356,0.6000000000000227,0.0,1.0,0.15830115830115832,0.0,0.8,0.32352941176470584,0.0,0.0,0.0,0.0,0.0,0.0,0.0,0.0,0.0,0.011562048962968018,0.0,0.0008043294090493882,0.006545130798564987,0.0,0.0011727207795202664,0.0,0.6540279399103125,0.4938618418401957,0.580754716981132,0.2450980392156863,0.3946245993736215,0.06040478726737265,0.020202020202020204,0.0,0.0,1.0,0.0,0.45,6.001371584962439e-06,0.0,4.0324918027002574e-07,0.0,0.0,0.0,0.0036354330375410375,0.0,0.0,0.0015273463661568862,0.0011328806770115293,0.03312156029362849,1,4
11608,0.20000000000004547,0.0,0.0,0.20463320463320464,0.0,0.4,0.5588235294117647,0.0,0.0,0.0,0.0,0.0,0.0,0.0,0.0,0.0,0.009770786935533304,0.0,0.000915769352378138,9.89901386388269e-06,0.0,0.0,0.0,0.6540143492034663,0.4937820140185851,0.580754716981132,0.24497549019607845,0.4028077358973422,0.1292060906071809,0.020202020202020204,0.6000000000000014,0.0,1.0,0.0,0.4,4.739318442830632e-05,0.0,0.0,0.0,0.0,3.198283840643791e-05,0.0036399968003165873,0.0,0.0,0.0006999740598751293,0.0015423657025485362,0.03312156029362849,1,2
6466,0.0,1.0,0.0,0.06756756756756757,0.0,0.6000000000000001,0.029411764705882346,0.0,0.0,0.0,0.0,0.0,0.0,0.0,0.0,0.0,0.009779018990387384,0.0,0.0008043294090493882,9.89901386388269e-06,0.0006752858396752844,0.00015523259751586293,0.0,0.6541023236843889,0.49399611354895295,0.41660377358490563,0.2212009803921569,0.3975736969741284,0.12030828999310736,0.24242424242424243,0.3999999999999986,0.0,0.0,0.0,0.55,0.0,0.0019360770763890479,0.0,0.0,0.0,0.0,0.0036376495428209117,0.005713885413504032,0.0,0.00011476074967472516,0.0010857024217288782,0.03312156029362849,0,3
7520,0.20000000000004547,0.0,0.0,0.03474903474903475,0.0,0.6000000000000001,0.5588235294117647,0.0,0.0,0.0,0.0,0.0,0.0,0.0,0.0,0.0,0.009776806719704477,0.0,0.0008043294090493882,9.89901386388269e-06,0.00972079027241349,0.0028136323804561496,0.0,0.6540613938559895,0.49439524450532885,0.580754716981132,0.24436274509803926,0.39183392437148884,0.04975249075756627,0.020202020202020204,0.14999999999999858,0.0,1.0,0.0,0.4,0.00020520074380890802,0.0,0.0,0.0,0.000330294487359494,0.0,0.0036354330375410375,0.0,0.0,0.0005264259266175868,0.001182568864289915,0.03312156029362849,0,2
2074,0.8000000000000114,1.0,0.0,0.06756756756756757,0.2962962962962963,0.6000000000000001,0.5,0.0,0.0,0.0,0.0,1.0,0.0,0.0,0.0,0.0,0.009770786935533304,0.0,0.0008043294090493882,9.89901386388269e-06,6.145534943511688e-05,0.00029376190161593975,0.0,0.6540994435280112,0.49399302134608813,0.3920754716981132,0.2024509803921569,0.3967815839822567,0.11172379221755752,0.24242424242424243,0.3500000000000014,0.0,1.0,0.0,0.55,0.0,0.0,0.0,0.0,0.0,0.0,0.0036354330375410375,0.0,0.0,0.00018859033584531297,0.0010842288602633358,0.03312156029362849,0,0
5916,0.6000000000000227,1.0,0.0,0.05791505791505792,0.7037037037037037,0.6000000000000001,0.5,0.0,0.0,0.0,0.0,1.0,0.0,0.0,0.0,0.0,0.0,2.4890372694102295e-05,0.0008106140853944045,9.89901386388269e-06,0.0,0.0,0.0,0.6542081960196223,0.4947746371459284,0.580754716981132,0.3099264705882353,0.39418589063966175,0.06309919167867661,0.020202020202020204,0.29999999999999716,1.0,1.0,0.0,0.45,0.0003337074889805754,0.0,0.01631102609274227,0.07111005630051555,0.0009213280101604802,0.0,0.003949784923285068,0.0,0.0,0.0,0.0014349412971713313,0.03312156029362849,0,0
7649,0.8000000000000114,1.0,0.0,0.10231660231660232,0.4444444444444444,0.6000000000000001,0.5,0.0,0.0,0.0,0.0,1.0,0.0,0.0,0.0,0.0,0.009813542452609061,0.0,0.0008043294090493882,9.89901386388269e-06,0.02552602164095905,0.006509547677307329,0.0,0.6542410612113727,0.49415095077462945,0.3173584905660377,0.24387254901960786,0.3944052450066416,0.13246444012782757,0.24242424242424243,0.14999999999999858,0.0,1.0,0.0,0.25000000000000006,0.0007686779401345668,0.0,0.0,0.0,0.0,0.0,0.0036354330375410375,0.0,0.0,0.0028712699558608567,0.0011535415176124088,0.033183069543310094,0,0
7795,0.20000000000004547,0.0,1.0,0.03474903474903475,0.0,0.6000000000000001,0.23529411764705882,0.0,0.0,0.0,0.0,0.0,0.0,0.0,0.0,0.0,0.009770786935533304,0.0,0.0008043294090493882,9.89901386388269e-06,0.0,0.0007197374341996193,5.1695929890488794e-05,0.6540971491436887,0.49410785712747374,0.580754716981132,0.24485294117647063,0.3911332090325254,0.024500281972554674,0.020202020202020204,0.3999999999999986,1.0,1.0,0.0,0.2,0.0004373058265218954,0.0,0.0005795698843430945,0.0,7.659864574408205e-05,0.0,0.003667966780317749,0.0,0.0,0.00019659749470580983,0.001113474604135984,0.03312156029362849,0,4
3127,0.20000000000004547,1.0,1.0,0.03474903474903475,0.0,0.8,0.23529411764705882,0.0,0.0,0.0,0.0,0.0,0.0,0.0,0.0,0.0,0.021626240179004302,0.0,0.0011564272316741452,9.89901386388269e-06,0.13930300957691244,0.03403316808706986,0.0,0.6540705654295369,0.49420837041211024,0.5783018867924529,0.2450980392156863,0.4021801386807054,0.13058462309668528,0.030303030303030304,0.29999999999999716,0.0,1.0,0.0,0.4,0.0008114071627089487,0.0,0.0,0.0,0.0016313758570803876,0.0,0.004133376347592608,0.0,0.0,0.001862521431301391,0.002730517970936949,0.03312156029362849,0,4
6344,0.6000000000000227,1.0,0.0,0.06756756756756757,0.0,0.0,0.4411764705882353,0.0,0.0,0.0,0.0,0.0,0.0,0.0,0.0,0.0,0.009770786935533304,0.0,0.0008043294090493882,9.89901386388269e-06,0.0016039846202565507,0.001762072803922033,0.0,0.6541185934369581,0.4940154011934355,0.2843396226415094,0.14693627450980395,0.39330237999488177,0.08377717902124195,0.020202020202020204,0.9499999999999957,0.0,1.0,0.0,0.35000000000000003,1.4602884931283039e-05,0.0,0.0,0.0,9.156151973904373e-06,0.0,0.0036403713877456393,0.0,0.000513347022587269,0.00018646703173853582,0.0010932998286498484,0.03312156029362849,0,3
937,0.6000000000000227,1.0,0.0,0.05791505791505792,0.7037037037037037,0.6000000000000001,0.5,0.0,0.0,0.0,0.0,1.0,0.0,0.0,0.0,0.0,0.009770786935533304,0.0012017215975695299,0.0008043294090493882,9.89901386388269e-06,0.0,0.0,0.0,0.653404698985368,0.49485799347921877,0.580754716981132,0.2450980392156863,0.3971837336550531,0.11047058086346265,0.030303030303030304,0.14999999999999858,1.0,1.0,0.0,0.45,0.0,0.0,0.013121829138281705,0.011853873572160034,0.0,0.0021466808860800203,0.0042415013623729085,0.0,0.0,0.0,0.001855002030916213,0.033136441563712746,0,0
33,0.6000000000000227,1.0,0.0,0.15830115830115832,0.4444444444444444,0.6000000000000001,0.5,0.0,0.0,0.0,0.0,1.0,0.0,0.0,0.0,0.0,0.009770786935533304,0.0,0.0008043294090493882,9.89901386388269e-06,0.0004334409645453244,0.0005520396923436175,0.0,0.6541120310008172,0.4940078729255017,0.3920754716981132,0.17058823529411768,0.3967815839822567,0.0961213108590764,0.24242424242424243,0.29999999999999716,0.0,0.0,1.0,0.55,0.0,0.0008936063829988547,0.0,0.0,0.0,0.0,0.003643211420108674,0.01886864296457198,0.0,0.0002643129883279671,0.0010943482442364227,0.03312156029362849,0,0
208,1.0,1.0,0.0,0.06756756756756757,0.2962962962962963,0.6000000000000001,0.5,0.0,0.0,0.0,0.0,1.0,0.0,0.0,0.0,0.0,0.009770786935533304,0.0,0.0008043294090493882,9.89901386388269e-06,0.002023688506692849,0.0012216672462958785,0.0,0.6541212678442145,0.49401870572808126,0.3949056603773585,0.23664215686274512,0.396872981635165,0.1298953568519331,0.25252525252525254,0.14999999999999858,0.0,0.0,0.0,0.55,0.0,0.0004425979849911974,0.0,0.0,0.0,0.0,0.0036405822404179675,0.009086684306749606,0.0,0.00032279338818450335,0.0010908314347497852,0.03312156029362849,0,0
1878,0.6000000000000227,0.0,1.0,0.03861003861003861,0.0,0.6000000000000001,0.23529411764705882,0.0,0.0,0.0,0.0,0.0,0.0,0.0,0.0,0.0,0.009770786935533304,0.0,0.0008043294090493882,9.89901386388269e-06,0.019928162311530905,0.02746644694772243,0.0,0.6529129453329482,0.4926083009952225,0.580754716981132,0.24436274509803926,0.4025701019997807,0.1332163669402845,0.030303030303030304,0.9499999999999957,0.0,1.0,0.0,0.6,0.0,0.0,2.8227442618901804e-06,0.0,0.0,1.0118864128590524e-06,0.003772603498746163,0.0,0.012833675564681726,0.01000224609759729,0.0011725598189814641,0.03312156029362849,0,4
10351,0.20000000000004547,0.0,0.0,0.10231660231660232,0.0,0.6000000000000001,0.029411764705882346,0.0,0.0,0.0,0.0,0.0,0.0,0.0,0.0,0.0,0.009863928046121781,0.0,0.0008043294090493882,9.89901386388269e-06,0.013295684099259788,0.0029721890164627163,0.0,0.6539772013818599,0.4939143215613248,0.5662264150943396,0.2450980392156863,0.3946611584347848,0.12005764772228837,0.020202020202020204,0.0,0.0,1.0,0.0,0.25000000000000006,0.0,0.0,0.0,0.0,0.0,3.613880045925187e-08,0.0036739629277276623,0.0,0.0,0.0010189045695039296,0.0011008866775584342,0.03312156029362849,1,2
6481,0.0,0.0,0.0,0.02316602316602317,0.0,0.6000000000000001,0.5294117647058824,0.0,0.0,0.0,0.0,1.0,0.0,0.0,0.0,0.0,0.011775465361296535,0.0,0.0008043294090493882,9.89901386388269e-06,0.0,0.0018429300402084006,0.0,0.6540924748947324,0.4939832408862109,0.580754716981132,0.24485294117647063,0.40287476084280827,0.13146187104455168,0.020202020202020204,0.29999999999999716,0.0,1.0,0.0,0.75,0.0,0.0,0.001871983507108527,0.0,0.0,0.0006768074550008691,0.0036354330375410375,0.0,0.0,0.000736223721553481,0.00109287056861582,0.033121585095745296,0,1
2626,0.6000000000000227,1.0,0.0,0.06756756756756757,0.0,0.6000000000000001,0.5588235294117647,0.0,0.0,0.0,0.0,0.0,0.0,0.0,0.0,0.0,0.009770786935533304,0.0,0.0008043294090493882,9.89901386388269e-06,0.0,0.0,0.0,0.6541020218527474,0.49399000056744213,0.5792452830188679,0.2450980392156863,0.40282601542792384,0.12638636506046746,0.020202020202020204,0.6000000000000014,0.0,1.0,0.0,0.35000000000000003,0.0,0.0,0.0,0.0,0.0,0.0,0.0036543316408405285,0.0,0.0,2.6988985935540583e-05,0.0010964931069307002,0.03312156029362849,0,3
4234,0.4000000000000341,1.0,0.0,0.31660231660231664,0.6666666666666666,0.6000000000000001,0.5,0.0,0.0,0.0,0.0,1.0,0.0,0.0,0.0,0.0,0.012812403283701968,3.248515541882619e-05,0.0009251417853393161,9.89901386388269e-06,0.016911066156322166,0.0038874630148779806,0.0,0.6539850195171463,0.4943607396204864,0.580754716981132,0.24460784313725495,0.3980672442998331,0.11078388370198637,0.030303030303030304,0.3999999999999986,1.0,1.0,0.0,0.10000000000000002,0.0,0.0,0.0009209203154416712,0.0040148728293975715,0.0,5.420820068887781e-07,0.004086309083747824,0.0,0.0,0.0013962643150348861,0.0013803688643140746,0.03316001349552621,0,0
725,0.6000000000000227,1.0,0.0,0.06756756756756757,0.2962962962962963,0.6000000000000001,0.5,0.0,0.0,0.0,0.0,1.0,0.0,0.0,0.0,0.0,0.009770786935533304,0.0,0.0008043294090493882,9.89901386388269e-06,0.0025167773103957868,0.0012174290972202313,0.0,0.6540361609295463,0.49391895792474655,0.38169811320754715,0.21237745098039215,0.3964464592549264,0.1174885644463939,0.020202020202020204,0.7999999999999972,0.0,1.0,0.0,0.75,0.00013517342718120714,0.0,0.0,0.0,0.00010226717435468576,0.0,0.0036354330375410375,0.0,0.001026694045174538,0.0006217187916506566,0.0010972977960060372,0.03312156029362849,0,0
11788,0.6000000000000227,0.0,1.0,0.03474903474903475,0.0,0.6000000000000001,0.32352941176470584,0.0,0.0,0.0,0.0,0.0,0.0,0.0,0.0,0.0,0.009770786935533304,0.0,0.0008043294090493882,9.89901386388269e-06,0.0,0.0,0.0,0.6532162811629317,0.49295841863413276,0.20339622641509433,0.18590686274509807,0.39068840712170516,0.10395388182216933,0.25252525252525254,0.75,0.0,1.0,0.0,0.75,0.0,0.0,0.0,0.0,0.0,0.0,0.0036354330375410375,0.0,0.009881930184804929,0.000541672785022878,0.0010825576210823542,0.03312156029362849,1,4
4092,0.8000000000000114,0.0,0.0,0.2953667953667954,0.0,0.6000000000000001,0.029411764705882346,0.0,0.0,0.0,0.0,0.0,1.0,0.0,0.0,0.0,0.009770786935533304,0.0,0.0008043294090493882,9.89901386388269e-06,0.0009634029779093324,0.0005330095719843388,0.0,0.6541402030584262,0.49404030806069876,0.3920754716981132,0.17683823529411766,0.3967815839822567,0.09912901810890408,0.020202020202020204,0.6499999999999986,0.0,1.0,0.0,0.55,0.00029250576482996795,0.0,0.0,0.0,0.0,0.0,0.0037025434773851934,0.0,0.0,0.0005212072032708093,0.0011227151451063777,0.03312156029362849,0,2
7837,0.8000000000000114,1.0,0.0,0.06756756756756757,0.2962962962962963,0.6000000000000001,0.5,0.0,0.0,0.0,0.0,1.0,0.0,0.0,0.0,0.0,0.009924095788912657,0.0,0.0008043294090493882,9.89901386388269e-06,0.0,0.0,1.4745410376841145e-05,0.6541015818610679,0.4939956496797057,0.580754716981132,0.2450980392156863,0.40287476084280827,0.13434425715896986,0.24242424242424243,0.14999999999999858,0.0,0.0,0.0,0.85,0.0,5.25650813528738e-05,0.0,0.0,0.0,0.0,0.0036383590601000494,0.0022300990460869885,0.0,4.640570662281575e-05,0.0010834750280927234,0.03312156029362849,0,0
4718,0.0,0.0,0.0,0.15405405405405406,0.0,0.0,0.7941176470588235,0.3333333333333333,0.0,0.0,0.0,0.0,0.0,0.0,0.0,0.0,0.009770786935533304,0.0,0.0008173198194598065,9.89901386388269e-06,0.0019043928283776221,0.0004377758692256777,0.0,0.654097059024911,0.49451837325959974,0.20339622641509433,0.24448529411764708,0.39068840712170516,0.031267623284666965,0.04040404040404041,0.10000000000000142,1.0,1.0,0.0,0.6,2.649700599107285e-05,0.0,0.0,0.0,0.0,0.0,0.004126606288418898,0.0,0.0,9.869526799935124e-05,0.0011543929990055427,0.03312232915924951,0,2
5860,0.8000000000000114,0.0,0.0,0.10231660231660232,0.0,0.8,0.5588235294117647,0.0,0.0,0.0,0.0,0.0,0.0,0.0,0.0,0.0,0.009770786935533304,0.0,0.0008043294090493882,9.89901386388269e-06,0.01807510277503438,0.004629887011776653,0.00678212757959591,0.6539394114639622,0.49378506662758953,0.580754716981132,0.2450980392156863,0.40287476084280827,0.1298953568519331,0.020202020202020204,0.6999999999999957,0.0,1.0,0.0,0.45,0.0,0.0,0.0,0.0,0.0,0.00011799318349945736,0.003690163245060227,0.0,0.0,0.010639109419744478,0.0011414956681401864,0.03312156029362849,0,2
3601,0.4000000000000341,0.0,0.0,0.02316602316602317,0.0,0.6000000000000001,0.5294117647058824,0.0,0.0,0.0,0.0,1.0,0.0,0.0,0.0,0.0,0.009770786935533304,0.0,0.0008043294090493882,9.89901386388269e-06,0.00950569654939058,0.002207909466487667,0.0,0.6543023797505937,0.4942195409270288,0.27962264150943394,0.1522058823529412,0.3931439573965074,0.08609562002631746,0.020202020202020204,0.6499999999999986,0.0,1.0,0.0,0.05,7.488136717436166e-06,0.0,0.0016282193776352965,0.006403139819539488,0.00033581948162750806,0.0,0.0037587688934262184,0.0,0.0023100616016427105,0.0008468146089462221,0.0013401165660192587,0.03312156029362849,0,1
2988,0.8000000000000114,0.0,0.0,0.10424710424710425,0.0,0.2,0.5294117647058824,0.0,0.0,0.0,0.0,1.0,0.0,0.0,0.0,0.0,0.009770786935533304,0.00012184388491992382,0.1994130143483216,0.04722198042626895,0.0,0.07107666853228327,0.0,0.649495266228585,0.7921740504399122,0.5767924528301887,0.2410539215686275,0.39082855018949786,0.012030828999310735,0.030303030303030304,0.3500000000000014,1.0,1.0,0.0,0.2,0.6754797283613572,0.0,0.0,0.0,1.0,0.0,0.15386226394475955,0.0,0.0,0.03257401761370294,0.12191535534533214,0.05120154450122784,0,1
11673,0.4000000000000341,1.0,0.0,0.05791505791505792,0.0,0.4,0.0,0.0,0.0,0.0,0.0,0.0,0.0,0.0,0.0,0.0,0.009770786935533304,0.0,0.00252551980160384,9.89901386388269e-06,0.1866991825715521,0.1342550061058432,0.0,0.6543386131316615,0.49424118673525774,0.3939622641509434,0.18504901960784315,0.39681814304342,0.1027633310357792,0.020202020202020204,0.6000000000000014,0.0,1.0,0.0,0.35000000000000003,0.0,0.0,0.0,0.0,0.0008451519560459629,0.0,0.004757244642991802,0.0,0.0,0.04200430186528429,0.0021911009890491374,0.033291950836093244,1,3
11010,0.20000000000004547,0.0,1.0,0.04247104247104247,0.0,0.6000000000000001,0.2647058823529412,0.0,0.0,0.0,0.0,0.0,0.0,0.0,0.0,0.0,0.009770786935533304,0.0,0.0008043294090493882,9.89901386388269e-06,0.0,0.0,0.0,0.6540504119552307,0.4939356906007058,0.20339622641509433,0.2450980392156863,0.39068840712170516,0.1342189360235604,0.020202020202020204,0.3999999999999986,0.0,1.0,0.0,0.25000000000000006,0.0,0.0,0.0,0.0,0.0,0.0,0.0036354330375410375,0.0,0.0,0.0008193139834668798,0.0010825576210823542,0.03312156029362849,1,4
6398,0.6000000000000227,0.0,0.0,0.03861003861003861,0.0,0.6000000000000001,0.5588235294117647,0.0,0.0,0.0,0.0,0.0,0.0,0.0,0.0,0.0,0.009770786935533304,0.0,0.0008043294090493882,9.89901386388269e-06,0.0,0.0,0.0,0.6540944333215527,0.4939838957376084,0.580754716981132,0.2450980392156863,0.40287476084280827,0.12964471458111412,0.020202020202020204,0.6000000000000014,0.0,1.0,0.0,0.5,0.0,0.0,0.0,0.0,0.0,0.0,0.0036354330375410375,0.0,0.0,0.0001394985216175382,0.001094618043585755,0.03312156029362849,0,2
3991,0.0,1.0,0.0,0.06756756756756757,0.2962962962962963,0.6000000000000001,0.5,0.0,0.0,0.0,0.0,1.0,0.0,0.0,0.0,0.0,0.010120551445338893,0.0,0.0008043294090493882,9.89901386388269e-06,0.0006026239265196462,0.0006982973859345804,0.0,0.6541053304046383,0.49400000655705384,0.40094339622641506,0.2189950980392157,0.3970679632947026,0.1208095745347453,0.020202020202020204,0.3500000000000014,0.0,1.0,0.0,0.55,0.0,0.0,7.460109834995476e-06,3.2523326696816674e-05,0.0,5.420820068887781e-07,0.0036485165047563943,0.0,0.0,0.00036878978317227774,0.0010889886898277253,0.03312156029362849,0,0
333,0.8000000000000114,0.0,0.0,0.05791505791505792,0.0,0.6000000000000001,0.5294117647058824,0.0,0.0,0.0,0.0,1.0,0.0,0.0,0.0,0.0,0.011047869097987262,0.00495460273186517,0.0008058888820878538,0.0003990274269487191,0.0,0.00469071691615653,0.0,0.6537417601113188,0.49684051940278845,0.580754716981132,0.24411764705882358,0.39701921787981825,0.13208847672159912,0.020202020202020204,0.14999999999999858,0.0,1.0,0.0,0.2,0.012479017178457728,0.0,0.021520098191175396,0.0938196889187752,0.0,0.0015164202060706678,0.00533456004512489,0.0,0.0,0.006046121235036462,0.0020567003663487095,0.033133465309695895,0,1
9420,0.20000000000004547,1.0,1.0,0.02316602316602317,0.0,0.6000000000000001,0.23529411764705882,0.0,0.0,0.0,0.0,1.0,0.0,0.0,0.0,0.0,0.009770786935533304,0.0,0.0008043294090493882,9.89901386388269e-06,0.004166311189645424,0.0017166996785239275,0.00019112487668389378,0.6518328784083318,0.49398944780609644,0.580754716981132,0.2450980392156863,0.39094432054984835,0.1342189360235604,0.020202020202020204,0.5,0.0,1.0,0.0,0.75,0.0005616170426895958,0.0,0.0,0.0,0.0002667648790482498,0.0,0.0036354330375410375,0.0,0.0,0.0006035555878456957,0.0014298451973909086,0.03312156029362849,1,4
1932,0.0,0.0,1.0,0.015444015444015444,0.0,0.6000000000000001,0.32352941176470584,0.0,0.0,0.0,0.0,0.0,0.0,0.0,0.0,0.0,0.009770786935533304,0.0,0.0008043294090493882,9.89901386388269e-06,0.0018671581166610513,0.03034847142012481,0.0,0.6534296174900461,0.4932204624477345,0.5592452830188679,0.1607843137254902,0.40140630521941534,0.09110846544269692,0.020202020202020204,0.6499999999999986,0.0,1.0,0.0,0.05,0.0,0.0,6.351174589252906e-06,2.7688778133776357e-05,0.0,2.529716032147631e-07,0.0036559729149007363,0.0,0.011267659137577003,0.004168813420919202,0.0011095888094653618,0.03312156029362849,0,4
4403,0.8000000000000114,1.0,0.0,0.10231660231660232,0.4444444444444444,0.6000000000000001,0.5,0.0,0.0,0.0,0.0,1.0,0.0,0.0,0.0,0.0,0.009770786935533304,0.0,0.0008043294090493882,9.89901386388269e-06,0.0013841913705121328,0.007057515422499835,0.0,0.6539849320489208,0.49385897400254003,0.41245283018867923,0.2450980392156863,0.3974396470831963,0.1342189360235604,0.020202020202020204,0.0,0.0,1.0,0.0,0.35000000000000003,7.437220103310353e-05,0.0,1.0081229506750644e-07,0.0,2.3946859008672974e-05,0.0,0.0036354330375410375,0.0,0.0,0.004516114343251807,0.001097292987897111,0.03312156029362849,0,0
7667,0.4000000000000341,0.0,1.0,0.10231660231660232,0.0,0.6000000000000001,0.2647058823529412,0.0,0.0,0.0,0.0,0.0,0.0,0.0,0.0,0.0,0.009770786935533304,0.0,0.0008043294090493882,9.89901386388269e-06,0.002424232784187611,0.00029949586801240364,0.0,0.6540915223525047,0.4939838557555729,0.580754716981132,0.2450980392156863,0.40287476084280827,0.1342189360235604,0.24242424242424243,0.6499999999999986,0.0,1.0,1.0,0.8,0.0,0.0,0.0,0.0,0.0,0.0,0.0036354330375410375,0.0,0.0,0.00010511634427406279,0.001085034540701338,0.03312156029362849,0,4
12362,0.8000000000000114,0.0,0.0,0.05791505791505792,0.0,0.8,0.029411764705882346,0.0,0.0,0.0,0.0,0.0,0.0,0.0,0.0,0.0,0.009770786935533304,0.0,0.0008043294090493882,9.89901386388269e-06,0.005224066204040436,0.003466141136181286,0.0,0.6532851991668754,0.4929575724124098,0.20339622641509433,0.2450980392156863,0.39068840712170516,0.12438122689391568,0.030303030303030304,0.9499999999999957,0.0,1.0,0.0,0.55,0.0,0.0,2.681607048795671e-05,0.00011690817434261128,0.0,2.529716032147631e-07,0.0036354330375410375,0.0,0.01152464065708419,0.0018471466630101494,0.0010825576210823542,0.03312156029362849,1,2
1870,0.8000000000000114,1.0,0.0,0.20463320463320464,0.6666666666666666,0.2,0.5,0.0,0.0,0.0,0.0,1.0,0.0,0.0,0.0,0.0,0.009772291881576098,0.0,0.0008043294090493882,9.89901386388269e-06,0.0017677450513983622,0.0005432309903432526,0.0,0.6540320545614173,0.494337539947323,0.580754716981132,0.24497549019607845,0.3908102706589162,0.012344131837834452,0.020202020202020204,0.5499999999999972,1.0,1.0,0.0,0.4,0.0010860038571303976,0.0,0.0,0.0,0.0009297015850425978,0.0,0.003654024196441212,0.0,0.0,0.0009225116794516862,0.0017598748350149901,0.03312156029362849,0,0
7651,0.0,1.0,1.0,0.015444015444015444,0.0,0.6000000000000001,0.2647058823529412,0.0,0.0,0.0,0.0,0.0,0.0,0.0,0.0,0.0,0.009770786935533304,0.0,0.0008043294090493882,9.89901386388269e-06,0.0023212046983699147,0.000533591278720212,0.0,0.6541063240304265,0.4939916949517636,0.3183018867924528,0.2425245098039216,0.3943991518297811,0.12306535497211606,0.25252525252525254,0.8999999999999986,0.0,1.0,0.0,0.35000000000000003,0.0002513176184431273,0.0,0.0,0.0,0.0,0.0,0.0036354330375410375,0.0,0.0,0.0009826037438711978,0.0010979607697883848,0.03312156029362849,0,4
4461,0.4000000000000341,0.0,0.0,0.02316602316602317,0.0,0.6000000000000001,0.029411764705882346,0.0,0.0,0.0,0.0,0.0,0.0,0.0,0.0,0.0,0.009770786935533304,0.0,0.0008043294090493882,9.89901386388269e-06,0.003486325823248631,0.0023557460783617144,0.0,0.6540957841092614,0.49398884885191363,0.20339622641509433,0.12916666666666668,0.39068840712170516,0.07494203897487312,0.04040404040404041,0.7999999999999972,0.0,1.0,0.0,0.35000000000000003,0.0,0.0,0.0,0.0,0.0,0.0,0.0036354330375410375,0.0,0.0005428131416837783,0.0,0.0010825576210823542,0.03312156029362849,0,2
2419,0.0,0.0,0.0,0.15830115830115832,0.0,0.6000000000000001,0.5588235294117647,0.0,0.0,0.0,0.0,0.0,0.0,0.0,0.0,0.0,0.009770786935533304,0.0,0.0008043294090493882,9.89901386388269e-06,0.0,0.00043511663843311474,0.0,0.654102972407061,0.49399677383480195,0.580754716981132,0.2450980392156863,0.40287476084280827,0.13378031204962718,0.25252525252525254,0.0,0.0,1.0,0.0,0.5,0.0,0.0,0.0,0.0,0.0,0.0,0.0036354330375410375,0.0,0.0,0.00014159624374712523,0.0011028825880122666,0.03312156029362849,0,2
2758,0.0,1.0,0.0,0.06756756756756757,0.2962962962962963,0.6000000000000001,0.5,0.0,0.0,0.0,0.0,1.0,0.0,0.0,0.0,0.0,0.009770786935533304,0.0,0.0008043294090493882,9.89901386388269e-06,0.000540445572973528,0.0002350926222550194,0.0,0.6540976047073629,0.4939855322838397,0.580754716981132,0.2450980392156863,0.40287476084280827,0.10370323955135036,0.25252525252525254,0.6000000000000014,0.0,0.0,0.0,0.5,0.0,0.03464038861154384,0.0,0.0,0.0,0.0,0.0036354330375410375,0.01717448134595599,0.0,0.00012466097484728839,0.001084096959460732,0.03312156029362849,0,0
4708,0.8000000000000114,0.0,0.0,0.05791505791505792,0.0,0.6000000000000001,0.029411764705882346,0.0,0.0,0.0,0.0,0.0,0.0,0.0,0.0,0.0,0.012652111480684056,0.00012904583405543786,0.0008511136002033554,9.89901386388269e-06,0.0810740659871392,0.01863696970679072,0.0022719241144636185,0.6531978253673647,0.4953809600567268,0.580754716981132,0.2439950980392157,0.3953862464811904,0.12237608872736389,0.030303030303030304,0.29999999999999716,1.0,1.0,0.0,0.10000000000000002,0.00021918584048879786,0.0,0.0,0.0,0.0,0.0014851962824738742,0.005062067715603505,0.0,0.0,0.01361350032565857,0.0016922263781719762,0.03323190491130326,0,2
9268,0.4000000000000341,0.0,0.0,0.06756756756756757,0.0,0.4,0.5294117647058824,0.0,0.0,0.0,0.0,1.0,0.0,0.0,0.0,0.0,0.009770786935533304,0.0,0.0008043294090493882,9.89901386388269e-06,0.0,0.0,0.0,0.6540976537425801,0.49399103932401583,0.20339622641509433,0.2450980392156863,0.39068840712170516,0.1342189360235604,0.04040404040404041,0.29999999999999716,0.0,1.0,0.0,0.85,0.0,0.0,0.0,0.0,0.0,0.0,0.0036354330375410375,0.0,7.700205338809035e-05,1.3046808366943789e-05,0.0010825576210823542,0.03312156029362849,1,1
1160,0.0,0.0,0.0,0.02316602316602317,0.0,0.6000000000000001,0.5294117647058824,0.0,0.0,0.0,0.0,1.0,0.0,0.0,0.0,0.0,0.009770786935533304,0.0,0.0008043294090493882,9.89901386388269e-06,0.0015591583653744654,0.003994995660052246,0.0,0.654062252303611,0.4939495628143363,0.20339622641509433,0.2450980392156863,0.39068840712170516,0.1342189360235604,0.04040404040404041,0.44999999999999574,0.0,1.0,0.0,0.35000000000000003,0.0,0.0,2.0162459013501285e-06,8.790088296436938e-06,0.0,2.529716032147631e-07,0.0036354330375410375,0.0,0.0010935318275154004,0.0006660779400982656,0.0010825576210823542,0.03312156029362849,0,1
7931,0.6000000000000227,0.0,1.0,0.05791505791505792,0.0,0.6000000000000001,0.23529411764705882,0.0,0.0,0.0,0.0,0.0,0.0,0.0,0.0,0.0,0.009770786935533304,0.0,0.0008089298545128616,9.89901386388269e-06,0.0,0.001997830233875193,0.0,0.653972920408599,0.4938443339785572,0.580754716981132,0.24497549019607845,0.40287476084280827,0.13415627545585562,0.020202020202020204,0.6000000000000014,0.0,1.0,0.0,0.45,0.00020471194431330022,0.0,2.66144458978217e-05,0.00011602916551296759,0.0,0.0003043609774678193,0.0036695299171679136,0.0,0.0,0.002620208431717354,0.0015178909410702608,0.03312156029362849,0,4
1226,0.6000000000000227,1.0,0.0,0.02316602316602317,0.0,0.6000000000000001,0.47058823529411764,0.0,0.0,0.0,0.0,0.0,0.0,0.0,0.0,0.0,0.009770786935533304,0.0,0.0008043294090493882,9.89901386388269e-06,0.0,0.0,0.0,0.6540906125504325,0.493982789826742,0.20339622641509433,0.2450980392156863,0.39068840712170516,0.1342189360235604,0.25252525252525254,0.0,0.0,0.0,1.0,0.55,0.0,0.0,0.0,0.0,0.0,0.0,0.0036354330375410375,0.0003981492201488684,0.0,0.00019849056101787618,0.0010825576210823542,0.03312156029362849,0,3
511,0.8000000000000114,1.0,0.0,0.10424710424710425,0.2962962962962963,0.6000000000000001,0.5,0.0,0.0,0.0,0.0,1.0,0.0,0.0,0.0,0.0,0.009770786935533304,0.0,0.0008043294090493882,9.89901386388269e-06,0.00167194700669068,0.00038434195048761566,0.0,0.6540969288165299,0.4940181797508177,0.580754716981132,0.24301470588235294,0.39600165734410614,0.11855379409737454,0.020202020202020204,0.5,0.0,1.0,0.0,0.10000000000000002,5.838438419759839e-07,0.0,5.8067881958883704e-05,0.0002531545429373838,0.0,0.0,0.003658113246217051,0.0,0.0,7.23458314935628e-05,0.001090516528399187,0.03312156029362849,0,0
6619,0.4000000000000341,0.0,0.0,0.03474903474903475,0.0,0.6000000000000001,0.0,0.0,0.0,0.0,0.0,0.0,0.0,0.0,0.0,0.0,0.009770786935533304,0.0,0.0008337722600156182,9.89901386388269e-06,0.0,0.012973971532103355,0.0,0.6506750747609974,0.49001427468134007,0.4913207547169811,0.18921568627450983,0.3999683154803252,0.1056457171501974,0.020202020202020204,0.6499999999999986,0.0,1.0,0.0,0.45,0.005121369559703196,0.0,3.225993442160206e-06,0.0,0.005096267234049667,0.0,0.00393901494572587,0.0,0.0,0.04711703908056328,0.003838016095677686,0.03312156029362849,0,2
11794,0.4000000000000341,0.0,0.0,0.03474903474903475,0.0,0.6000000000000001,0.5294117647058824,0.0,0.0,0.0,0.0,1.0,0.0,0.0,0.0,0.0,0.009770786935533304,0.0,0.0008043294090493882,9.89901386388269e-06,0.001353825197850075,0.0007725065452395405,0.0,0.6539218919759902,0.4937847428895542,0.20339622641509433,0.2433823529411765,0.39068840712170516,0.13315370637257973,0.05050505050505051,0.75,0.0,1.0,0.0,0.55,0.0,0.0,0.0,0.0,0.0,0.0,0.0036354330375410375,0.0,0.0011165297741273102,0.00031690953343078363,0.0010825576210823542,0.03312156029362849,1,1
4210,0.6000000000000227,0.0,0.0,0.03474903474903475,0.0,0.6000000000000001,0.5294117647058824,0.0,0.0,0.0,0.0,1.0,0.0,0.0,0.0,0.0,0.009770786935533304,0.0,0.0008043294090493882,9.89901386388269e-06,0.0841782841377236,0.028139647843052198,0.0,0.6545223832106645,0.49448220426809375,0.2811320754716981,0.17806372549019608,0.39185829707893105,0.04210790149758757,0.030303030303030304,0.75,1.0,1.0,0.0,0.05,0.0,0.0,0.013416705101354162,0.020328837203169706,0.0,0.003144653860762261,0.004065106021725998,0.0,0.0,0.007975309298895217,0.0014891484128864644,0.03312156029362849,0,1
9655,0.20000000000004547,0.0,0.0,0.04247104247104247,0.0,0.8,0.5588235294117647,0.0,0.0,0.0,0.0,0.0,0.0,0.0,0.0,0.0,0.009770786935533304,0.0,0.0008043294090493882,9.89901386388269e-06,0.0,0.0,0.0,0.6541034230009495,0.493997798617072,0.20339622641509433,0.24325980392156868,0.39068840712170516,0.13327902750798926,0.020202020202020204,0.3999999999999986,0.0,1.0,0.0,0.2,0.0,0.0,0.0,0.0,0.0,0.0,0.0036354330375410375,0.0,0.0,6.907133841323183e-07,0.0010825576210823542,0.03312156029362849,1,2
6152,0.6000000000000227,0.0,1.0,0.03474903474903475,0.0,0.6000000000000001,0.6176470588235294,0.0,0.0,0.0,0.0,0.0,0.0,0.0,0.0,0.0,0.009770786935533304,0.0,0.0008043294090493882,9.89901386388269e-06,0.015477710506261939,0.004020923160279734,0.0,0.6539852242723103,0.4938942998777238,0.40188679245283015,0.24325980392156868,0.3957030916779391,0.130897925935209,0.25252525252525254,0.19999999999999574,0.0,1.0,0.0,0.6,0.0001917248132702763,0.0,0.0,0.0,0.0,0.0,0.003695639524801309,0.0,0.0,0.00047063163436600954,0.0011081240215594064,0.03312156029362849,0,4
8986,0.8000000000000114,0.0,0.0,0.015444015444015444,0.0,0.2,0.0,0.0,0.0,0.0,0.0,0.0,0.0,0.0,0.0,0.0,0.009811902061422417,0.0,0.0008043294090493882,9.89901386388269e-06,0.028161733127614563,0.0073044083813968525,0.0,0.6533834746879383,0.49435844550563185,0.2816981132075472,0.07732843137254902,0.39160847682764843,0.03828560686759823,0.24242424242424243,0.7999999999999972,1.0,1.0,0.0,0.45,1.4867651324737264e-05,0.0,0.0,0.0,0.0,0.0,0.003945838797853228,0.0,0.0,0.005218314035142474,0.0014635891502206015,0.033122180346548666,0,2
5987,0.6000000000000227,0.0,0.0,0.03474903474903475,0.0,0.6000000000000001,0.5294117647058824,0.0,0.0,0.0,0.0,1.0,0.0,0.0,0.0,0.0,0.009770786935533304,0.0,0.0008043294090493882,9.89901386388269e-06,0.0,0.0,0.0,0.6540913093143647,0.4942357367568216,0.5160377358490565,0.2386029411764706,0.39770774686506055,0.11654865593082275,0.020202020202020204,0.29999999999999716,0.0,1.0,0.0,0.45,0.0,0.0,0.0056857126295122955,0.009046319370278074,0.0,0.0006071679865158907,0.0038322622402375372,0.0,0.0,0.0,0.0012528364021581015,0.03312156029362849,0,1
490,0.8000000000000114,1.0,0.0,0.05791505791505792,0.7037037037037037,0.4,0.5,0.0,0.0,0.0,0.0,1.0,0.0,0.0,0.0,0.0,0.009770786935533304,0.0,0.0008043294090493882,1.5405213804529093e-05,0.0,0.0,0.0,0.6538021751435292,0.4959515522257098,0.580754716981132,0.2450980392156863,0.39652567055411353,0.11122250767591955,0.020202020202020204,0.29999999999999716,1.0,1.0,0.0,0.6,0.0017235816992138223,0.0,0.00014224614834025157,0.000620140729313626,0.0,1.1889665351093866e-05,0.005012844414470539,0.0,0.0,0.0,0.0019063669594383723,0.03478857008931381,0,0
10363,0.4000000000000341,0.0,0.0,0.138996138996139,0.0,0.8,0.5588235294117647,0.0,0.0,0.0,0.0,0.0,0.0,0.0,0.008729380314079768,0.0,0.009770786935533304,0.0,0.0008043294090493882,9.89901386388269e-06,0.0,0.0,0.0,0.6539746449241801,0.49384554547305143,0.580754716981132,0.2450980392156863,0.40287476084280827,0.13309104580487502,0.020202020202020204,0.0,0.0,1.0,0.0,0.2,0.0,0.0,0.0,0.0,0.0,0.0,0.0036550655023760616,0.0,0.0,0.0019893568742098367,0.0010826468437222215,0.03312156029362849,1,2
12221,0.8000000000000114,0.0,0.0,0.03474903474903475,0.0,0.6000000000000001,0.029411764705882346,0.0,0.0,0.0,0.0,0.0,0.0,0.0,0.0,0.0,0.009770786935533304,0.0,0.0008043294090493882,9.89901386388269e-06,0.0,0.0,0.0,0.6540596746415129,0.4939464050098792,0.20339622641509433,0.2450980392156863,0.39068840712170516,0.13390563318503665,0.25252525252525254,0.7999999999999972,0.0,0.0,0.0,0.10000000000000002,0.0,0.0,0.0,0.0,0.0,0.0,0.0036354330375410375,0.0002671577405421796,0.0006416837782340863,3.67357192449633e-05,0.0010825576210823542,0.03312156029362849,1,2
4479,0.4000000000000341,1.0,1.0,0.015444015444015444,0.0,0.6000000000000001,0.2647058823529412,0.0,0.0,0.0,0.0,0.0,0.0,0.0,0.0,0.0,0.009770786935533304,0.0,0.0008043294090493882,9.89901386388269e-06,0.0005603281860260658,0.00025063250219905923,9.721531620129781e-06,0.6541096971895294,0.49400514948898405,0.39471698113207543,0.2138480392156863,0.3968668884583044,0.11824049125885082,0.25252525252525254,0.29999999999999716,0.0,0.0,1.0,0.55,0.0,0.0009392328736131491,0.0,0.0,0.0,0.0,0.0036383484585690387,0.003899236349023399,0.0,5.848039985653628e-05,0.0010852916010404225,0.03312156029362849,0,4
3912,0.6000000000000227,0.0,0.0,0.03474903474903475,0.0,0.6000000000000001,0.5294117647058824,0.0,0.0,0.0,0.0,1.0,0.0,0.0,0.0,0.0,0.01118077088302634,0.0,0.0008043294090493882,0.0008609510421900425,0.0,0.002614023869089392,0.0,0.6540906741757732,0.4941784025178633,0.580754716981132,0.24485294117647063,0.3929002303220854,0.04624349896610064,0.25252525252525254,0.3500000000000014,1.0,1.0,0.0,0.45,0.0005585552569601636,0.0,0.0,0.0,0.0,0.0,0.0036354330375410375,0.0,0.0,0.0009911225422754965,0.001160560811395172,0.03312156029362849,0,1
1301,0.6000000000000227,1.0,0.0,0.015444015444015444,0.35185185185185186,0.6000000000000001,0.5,0.0,0.0,0.0,0.0,1.0,0.0,0.0,0.0,0.0,0.010085486202541809,0.0,0.0008043294090493882,9.89901386388269e-06,4.121123432707838e-05,0.0008781278682816507,0.0,0.6541113143577428,0.49400340541824944,0.4020754716981132,0.19178921568627455,0.39710452235586596,0.09737452221317126,0.25252525252525254,0.3500000000000014,0.0,0.0,1.0,0.55,0.0,0.006129929527046732,0.0,0.0,0.0,0.0,0.003640309349156761,0.010951845415842725,0.0,0.0003168327874992134,0.0010885923430341813,0.03312156029362849,0,0
1665,0.8000000000000114,1.0,1.0,0.03861003861003861,0.0,0.6000000000000001,0.23529411764705882,0.0,0.0,0.0,0.0,0.0,0.0,0.0,0.0,0.0,0.00982826082490758,0.0,0.0008043294090493882,9.89901386388269e-06,0.022200564232408224,0.012761233068698318,0.0,0.6540768005224705,0.4939660738423121,0.5522641509433962,0.21580882352941178,0.40197297066744664,0.11918039977442198,0.020202020202020204,0.29999999999999716,0.0,1.0,0.0,0.35000000000000003,5.3279145021250253e-05,0.0,0.0,0.0,3.10526590020962e-05,0.0,0.0036800925758984533,0.0,0.0,0.0026069825495100797,0.0011123800406173448,0.03312652071698991,0,4
9865,0.20000000000004547,0.0,0.0,0.02316602316602317,0.0,0.6000000000000001,0.029411764705882346,0.0,0.0,0.0,0.0,0.0,0.0,0.0,0.0,0.0,0.009770786935533304,0.0,0.0008043294090493882,9.89901386388269e-06,0.0,5.850307743638518e-05,0.0,0.6539760142657548,0.4938485258814868,0.20339622641509433,0.13382352941176473,0.39068840712170516,0.07732314054765338,0.020202020202020204,0.7999999999999972,0.0,1.0,0.0,0.75,0.0,0.0,4.0324918027002574e-07,0.0,0.0,1.445552018370075e-07,0.0036354330375410375,0.0,0.0,0.0005644151627448643,0.0010825576210823542,0.03312156029362849,1,2
795,1.0,0.0,0.0,0.03474903474903475,0.0,0.6000000000000001,0.5294117647058824,0.0,0.0,0.0,0.0,1.0,0.0,0.0,0.0,0.0,0.010738813378639233,4.899507820978488e-06,0.0008043294090493882,1.378574323375074e-05,0.09724152241529645,0.02235357714324653,0.0,0.65168170183947,0.49409296673055,0.580754716981132,0.23713235294117652,0.3924919874724284,0.10971865405100571,0.020202020202020204,0.5,1.0,1.0,0.0,0.10000000000000002,0.00031347662096791926,0.0,0.003892060275671221,0.008976438168321402,0.0,0.0006617737140098203,0.004038423931418014,0.0,0.008238629363449693,0.0025713980192386705,0.0016452357878418461,0.033290239490033555,0,1
7294,0.6000000000000227,1.0,0.0,0.06756756756756757,0.0,0.6000000000000001,0.0,0.0,0.0,0.0,0.0,0.0,0.0,0.0,0.0,0.0,0.009770786935533304,0.0,0.0008043294090493882,9.89901386388269e-06,0.0006713093170647768,0.002106193888672134,0.0,0.6541022885645711,0.4939964695055218,0.580754716981132,0.2450980392156863,0.40287476084280827,0.1342189360235604,0.25252525252525254,0.6000000000000014,0.0,0.0,1.0,0.5,0.0,0.026804827324759056,0.0,0.0,0.0,0.0,0.0036354330375410375,0.01196764726713233,0.0,0.0006190838480000778,0.0010837918180323857,0.03312156029362849,0,3
3850,0.0,0.0,0.0,0.03474903474903475,0.0,0.8,0.5588235294117647,0.0,0.0,0.0,0.0,0.0,0.0,0.0,0.0,0.0,0.009770786935533304,0.0,0.0008043294090493882,9.89901386388269e-06,0.0,7.595427951257961e-05,0.0,0.6541009463911573,0.4939948779876024,0.5809433962264151,0.2450980392156863,0.40288085401966883,0.1336549909142177,0.36363636363636365,0.29999999999999716,0.0,1.0,0.0,0.4,0.0,0.0,0.0,0.0,0.0,0.0,0.0036354330375410375,0.0,0.0,6.234327841223924e-05,0.0010827630809947153,0.03312156029362849,0,2
9966,0.20000000000004547,1.0,1.0,0.06756756756756757,0.0,0.6000000000000001,0.23529411764705882,0.0,0.0,0.0,0.0,0.0,0.0,0.0,0.0,0.0,0.009770786935533304,0.0,0.0008043294090493882,9.89901386388269e-06,0.0,0.0,0.0,0.6540944323275956,0.4939872157992583,0.20339622641509433,0.12904411764705884,0.39068840712170516,0.07456607556864467,0.25252525252525254,0.0,0.0,0.0,0.0,0.75,0.0,0.0,0.0,0.0,0.0,0.0,0.0036354330375410375,0.0021239774110754376,0.0,3.793807217289733e-05,0.0010825576210823542,0.03312156029362849,1,4
8528,0.0,0.0,0.0,0.10231660231660232,0.0,0.6000000000000001,0.5588235294117647,0.0,0.0,0.0,0.0,0.0,0.0,0.0,0.0,0.0,0.009770786935533304,0.0,0.0008261776263182908,9.89901386388269e-06,0.0,0.0,5.7459254005330834e-05,0.6538519120945369,0.49370023522891043,0.580754716981132,0.24497549019607845,0.40281382907420277,0.1332163669402845,0.020202020202020204,0.6999999999999957,0.0,1.0,0.0,0.5,0.0,0.0,0.0,0.0,0.0,0.0,0.0036651942836337472,0.0,0.0,0.003946582785068925,0.0011328741835860722,0.033124888737704,0,2
8349,0.6000000000000227,1.0,0.0,0.06756756756756757,0.0,0.6000000000000001,0.1764705882352941,0.0,0.0,0.0,0.0,0.0,0.0,0.0,0.0,0.0,0.009770786935533304,0.0,0.0008043294090493882,9.89901386388269e-06,0.001210308881816302,0.00029716904106891104,0.0,0.6541048032760524,0.49399968825346996,0.4049056603773585,0.17928921568627454,0.39719592000877424,0.1040792029575788,0.04040404040404041,0.9499999999999957,0.0,1.0,0.0,0.8,0.0,0.0,0.0,0.0,0.0,5.7027027124699454e-05,0.0036354330375410375,0.0,0.0,5.9299023126619024e-05,0.0010838299854949956,0.03312156029362849,0,3
775,0.20000000000004547,0.0,0.0,0.06756756756756757,0.0,0.6000000000000001,0.5588235294117647,0.0,0.0,0.0,0.0,0.0,0.0,0.0,0.0,0.0,0.009770786935533304,0.0,0.0008043294090493882,9.89901386388269e-06,0.0,0.0013095880643749914,0.0,0.6541054228426493,0.4939999611405669,0.3956603773584906,0.19546568627450983,0.3968973543426072,0.10815213985838713,0.24242424242424243,0.3999999999999986,0.0,1.0,0.0,0.55,0.0,0.0,0.0,0.0,0.0,0.0,0.0036354330375410375,0.0,0.0,0.00025083128634879187,0.001086506912531682,0.03312156029362849,0,2
9589,0.20000000000004547,0.0,0.0,0.04247104247104247,0.0,0.8,0.5588235294117647,0.0,0.0,0.0,0.0,0.0,0.0,0.0,0.0,0.0,0.009770786935533304,0.0,0.0008043294090493882,9.89901386388269e-06,0.0,0.0,0.0,0.6540570383359455,0.4939434541027516,0.20339622641509433,0.2450980392156863,0.39068840712170516,0.1342189360235604,0.020202020202020204,0.3999999999999986,0.0,1.0,0.0,0.2,0.0,0.0,0.0,0.0,0.0,0.0,0.0036354330375410375,0.0,0.0,0.0007169860747065364,0.0010825576210823542,0.03312156029362849,1,2
7271,0.0,0.0,0.0,0.015444015444015444,0.0,0.6000000000000001,0.0,0.0,0.0,0.0,0.0,0.0,0.0,0.0,0.0,0.0,0.009770786935533304,0.0,0.0008043294090493882,9.89901386388269e-06,0.0,0.0,0.0,0.6540624348603997,0.4939973739535101,0.2939622641509434,0.0939950980392157,0.3928880439683643,0.05633185036656432,0.020202020202020204,0.9499999999999957,0.0,1.0,0.0,0.05,2.766469367502482e-05,0.0,0.0,0.0,5.667423298719271e-05,0.0,0.0036447572803897836,0.0,0.0,0.000531849305781885,0.001109357623691839,0.03312156029362849,0,2
129,0.0,0.0,1.0,0.02316602316602317,0.0,0.6000000000000001,0.23529411764705882,0.0,0.0,0.0,0.0,0.0,0.0,0.0,0.0,0.0,0.04280865672052843,0.0,0.0008043294090493882,9.89901386388269e-06,0.00045151606732035877,0.0007518975065971776,0.0,0.6533596399278261,0.4931252947224316,0.52,0.24191176470588235,0.40091275789371067,0.13246444012782757,0.020202020202020204,0.9499999999999957,0.0,1.0,0.0,0.30000000000000004,0.00011114078531382362,0.0,3.024368852025193e-06,1.3185132444655407e-05,0.0,0.00028965248568090375,0.0036354330375410375,0.0,0.0,0.011671777092976673,0.001092825511182687,0.03312156029362849,0,4
10530,0.0,0.0,0.0,0.10231660231660232,0.0,0.8,0.5588235294117647,0.0,0.0,0.0,0.0,0.0,0.0,0.0,0.0,0.0,0.010020638077557846,0.00016093082704630453,0.0008043294090493882,9.89901386388269e-06,0.0,5.48466350966111e-06,0.0,0.654030540102105,0.4939476172807236,0.20339622641509433,0.2450980392156863,0.39068840712170516,0.11072122313428161,0.020202020202020204,0.25,0.0,1.0,0.0,0.45,4.109989092235589e-05,0.0,0.0,0.0,5.7895053250379956e-05,0.0,0.0036354330375410375,0.0,0.0,0.0005427472280648616,0.001089573048550723,0.03312156029362849,1,2
2382,0.0,1.0,0.0,0.10424710424710425,0.2962962962962963,0.6000000000000001,0.5,0.0,0.0,0.0,0.0,1.0,0.0,0.0,0.0,0.0,0.009770786935533304,0.0,0.0008043294090493882,5.223804759866928e-05,0.0,0.00016595262164838237,0.0,0.6541016931842639,0.493997350663004,0.3920754716981132,0.22867647058823531,0.39589807333747673,0.12538379597719157,0.24242424242424243,1.0,0.0,0.0,0.0,0.55,0.0,0.000813917719667898,0.0,0.0,0.0,0.0,0.0036354330375410375,0.00225774937020208,0.0,0.0001311843790307603,0.0010841073192005832,0.03312156029362849,0,0
4256,0.0,0.0,0.0,0.0694980694980695,0.0,0.6000000000000001,0.0,0.0,0.0,0.0,0.0,0.0,0.0,0.0,0.0,0.0,0.01890495159604419,5.400370647221055e-05,0.0008047348720393893,9.89901386388269e-06,0.023734417453897642,0.006180384765765395,0.0006077153424189854,0.6536739984108096,0.49441685188422263,0.580754716981132,0.24276960784313728,0.3916633154193934,0.03352340372203773,0.020202020202020204,0.29999999999999716,1.0,1.0,0.0,0.10000000000000002,0.00019245801251368798,0.0,0.0,0.0,0.00021113929936405126,0.0,0.004205370166739828,0.0,0.0,0.0021554862340822543,0.001724545693283654,0.03315279607953535,0,2
618,0.8000000000000114,0.0,0.0,0.06756756756756757,0.0,0.0,0.4411764705882353,0.0,0.0,0.0,0.0,0.0,0.0,0.0,0.0,0.0,0.009770786935533304,0.0,0.0008043294090493882,9.89901386388269e-06,0.002833453111014389,0.0006649739000652758,1.957355359757674e-07,0.6540927909730926,0.494181300633177,0.580754716981132,0.24289215686274512,0.3910235318490355,0.021367253587317503,0.030303030303030304,0.6000000000000014,1.0,1.0,0.0,0.45,2.0339490122791253e-05,0.0,0.0008125470982441019,0.0,0.0,0.00031184170916288443,0.003646735054897264,0.0,0.0,0.00016646192557588868,0.0011369823409024971,0.03312156029362849,0,2
5425,0.8000000000000114,0.0,0.0,0.06756756756756757,0.0,0.6000000000000001,0.5294117647058824,0.0,0.0,0.0,0.0,1.0,0.0,0.0,0.0,0.0,0.009770786935533304,0.0,0.0008043294090493882,1.7429552018002034e-05,0.0002816101012350356,0.00036007646950547863,0.0,0.6541015778852395,0.49399254932516373,0.39283018867924524,0.20575980392156865,0.396696279506209,0.10370323955135036,0.25252525252525254,0.6000000000000014,0.0,0.0,0.0,0.55,0.0,0.003784685857406914,0.0,0.0,0.0,0.0,0.003644265290821018,0.009685105287877334,0.0,0.00025369646779408144,0.001086999669344416,0.03312156029362849,0,1
2069,0.4000000000000341,0.0,0.0,0.07335907335907337,0.0,0.6000000000000001,0.5294117647058824,0.0,0.0,0.0,0.0,1.0,0.0,0.0,0.005650559384621315,0.0,0.009770786935533304,0.0,0.0008043294090493882,9.89901386388269e-06,0.0,0.0,0.0,0.654059962226436,0.4939698965907195,0.4173584905660377,0.14154411764705885,0.3973238767228458,0.08133341688075696,0.020202020202020204,0.9499999999999957,0.0,1.0,0.0,0.5,6.480666645933421e-05,0.0,0.0,0.0,2.897100393794358e-05,0.0,0.0036526405003196394,0.0,0.0,0.0,0.0011630686119611764,0.03312156029362849,0,1
3151,0.8000000000000114,1.0,1.0,0.03474903474903475,0.0,0.6000000000000001,0.23529411764705882,0.0,0.0,0.0,0.0,0.0,0.0,0.0,0.0,0.0,0.010645943158338458,0.0,0.000988284848666787,9.89901386388269e-06,7.591543165514439e-06,1.745120207619444e-06,0.0006927733069968994,0.654003797023497,0.49414907161895927,0.580754716981132,0.24485294117647063,0.3955995076713097,0.12864214549783823,0.24242424242424243,0.29999999999999716,0.0,1.0,0.0,0.10000000000000002,0.0002436597596786051,0.0,0.0,0.0,0.0,0.0,0.003757359282451064,0.0,0.0,0.002349909260726907,0.0011482007495262167,0.03316645212504934,0,4
10563,0.20000000000004547,0.0,1.0,0.02316602316602317,0.0,0.6000000000000001,0.23529411764705882,0.0,0.0,0.0,0.0,0.0,0.0,0.0,0.0,0.0,0.009770786935533304,0.0,0.0008043294090493882,9.89901386388269e-06,0.0,0.0,0.0,0.6540627969921058,0.4939514640959873,0.20339622641509433,0.2450980392156863,0.39068840712170516,0.1342189360235604,0.020202020202020204,0.10000000000000142,0.0,1.0,0.0,0.75,0.0,0.0,0.0,0.0,0.0,3.975268050517706e-07,0.0036354330375410375,0.0,0.0005724332648870637,5.75338667005031e-05,0.0010827189157879811,0.03312156029362849,1,4
3542,0.0,0.0,0.0,0.02316602316602317,0.0,0.6000000000000001,0.5294117647058824,0.0,0.0,0.0,0.0,1.0,0.0,0.0,0.0,0.0,0.009770786935533304,0.0,0.0008043294090493882,9.89901386388269e-06,0.00037343162333221025,0.0002833742813324907,0.0,0.6541017952305269,0.49404595212668606,0.580566037735849,0.2450980392156863,0.39128553845403924,0.07036781753242685,0.11111111111111112,0.10000000000000142,1.0,1.0,0.0,0.8,0.0,0.0,3.931679507632751e-06,0.0,0.0,5.063045944341187e-05,0.0036354330375410375,0.0,0.0,8.66461567428208e-05,0.0010900235237457866,0.03312156029362849,0,1
8433,0.20000000000004547,0.0,1.0,0.03861003861003861,0.0,0.6000000000000001,0.23529411764705882,0.0,0.0,0.0,0.0,0.0,0.0,0.0,0.0,0.0,0.009770786935533304,0.0,0.0008043294090493882,9.89901386388269e-06,0.002821885045238367,0.0006486861114608276,0.0,0.6540298118628645,0.4939100958871613,0.39754716981132077,0.1263480392156863,0.39694000658063106,0.07312488251143556,0.04040404040404041,0.8999999999999986,0.0,1.0,0.0,0.45,0.0,0.0,0.0,0.0,0.0,0.0,0.00367021823138503,0.0,0.0,0.00030549997160400535,0.0011401151460607723,0.03312156029362849,0,4
7554,0.6000000000000227,1.0,0.0,0.31660231660231664,0.6666666666666666,0.6000000000000001,0.5,0.0,0.0,0.0,0.0,1.0,0.0,0.0,0.0,0.0,0.009770786935533304,0.0,0.0008043294090493882,9.89901386388269e-06,0.0836457916099711,0.022640857169805597,0.0,0.6549819121110299,0.49499950348910843,0.31169811320754715,0.10747549019607844,0.39418589063966175,0.0632245128140861,0.030303030303030304,0.5,0.0,1.0,0.0,0.35000000000000003,0.0002421797834280148,0.0,0.0,0.0,0.0,0.0012111557585913672,0.0038755278735916666,0.0,0.0,0.002059988713231664,0.001552362157551139,0.033122180346548666,0,0
4990,0.4000000000000341,1.0,0.0,0.06756756756756757,0.0,0.6000000000000001,0.1764705882352941,0.0,0.0,0.0,0.0,0.0,0.0,0.0,0.0,0.0,0.009773857025460603,0.0,0.0008043294090493882,9.89901386388269e-06,0.0,1.3296153962814812e-05,0.0,0.654105810154602,0.494000595418684,0.4345283018867925,0.2431372549019608,0.3981525487758808,0.1332163669402845,0.24242424242424243,0.29999999999999716,0.0,0.0,0.0,0.35000000000000003,0.0,6.518070087756352e-05,0.0,0.0,0.0,0.0,0.0036354330375410375,0.002619984063218218,0.0,4.3642853086286474e-05,0.0010847203283046052,0.03312156029362849,0,3
12109,0.20000000000004547,0.0,1.0,0.02316602316602317,0.0,0.8,0.23529411764705882,0.0,0.0,0.0,0.0,0.0,0.0,0.0,0.0,0.0,0.009770786935533304,0.0,0.0008043294090493882,9.89901386388269e-06,0.0,8.534468824881757e-05,0.0,0.6540533093401983,0.4939389726211956,0.20339622641509433,0.2450980392156863,0.39068840712170516,0.1339682937527414,0.020202020202020204,0.7999999999999972,0.0,1.0,0.0,0.05,0.0,0.0,0.0,0.0,0.0,0.0,0.0036354330375410375,0.0,0.0003976899383983573,1.724225262611787e-05,0.0010825576210823542,0.03312156029362849,1,4
1977,0.4000000000000341,0.0,1.0,0.10231660231660232,0.0,0.6000000000000001,0.5882352941176471,0.0,0.0,0.0,0.0,0.0,0.0,0.0,0.0,0.0,0.009770786935533304,0.0,0.0008043294090493882,9.89901386388269e-06,0.0,0.0,0.0,0.6540896238944299,0.4939796925776008,0.580754716981132,0.2450980392156863,0.40313067427095145,0.13428159659126512,0.24242424242424243,0.6499999999999986,0.0,1.0,1.0,0.35000000000000003,0.00011435871532657498,0.0,0.0,0.0,0.0,0.0,0.0036354330375410375,0.0,0.0,0.00021378858337754752,0.0010974875923882882,0.03314718088029022,0,4
665,0.20000000000004547,1.0,0.0,0.06756756756756757,0.0,0.6000000000000001,0.5588235294117647,0.0,0.0,0.0,0.0,0.0,0.0,0.0,0.0,0.0,0.009770786935533304,0.0,0.0008043294090493882,9.89901386388269e-06,5.1694793936598326e-05,0.0008970748876786619,0.0,0.6541052760683164,0.49399991455955455,0.3920754716981132,0.2177696078431373,0.3967815839822567,0.1198070054514694,0.24242424242424243,0.6499999999999986,0.0,1.0,0.0,0.55,0.0,0.0,0.0,0.0,0.0,0.0,0.0036354330375410375,0.0,0.0,0.00017068295181225286,0.0010848285851076441,0.03312156029362849,0,3
8175,0.8000000000000114,1.0,0.0,0.06756756756756757,0.0,0.6000000000000001,0.1764705882352941,0.0,0.0,0.0,0.0,0.0,0.0,0.0,0.0,0.0,0.009812007407645412,0.0,0.0008043294090493882,9.89901386388269e-06,0.015062344644491648,0.0034624015928792448,0.00011989888998160063,0.6542755236921945,0.49419369312331757,0.30490566037735845,0.20661764705882354,0.3939665362726819,0.11172379221755752,0.020202020202020204,0.29999999999999716,0.0,1.0,0.0,0.35000000000000003,0.0002453841356769993,0.0,0.0,0.0,0.00020570821434705159,0.0,0.00373548479013188,0.0,0.0,0.0009279862225703646,0.0011363926288211073,0.033125032589981486,0,3
1263,0.0,0.0,0.0,0.10231660231660232,0.0,0.8,0.5588235294117647,0.0,0.0,0.0,0.0,0.0,0.0,0.0,0.0,0.0,0.009914975815893328,0.0,0.0008043294090493882,9.89901386388269e-06,0.0,0.0,9.075604351409749e-05,0.6541560036632409,0.4940587091132477,0.3932075471698113,0.20833333333333337,0.39682423622028057,0.11479416003508992,0.020202020202020204,0.0,0.0,1.0,0.0,0.35000000000000003,0.0,0.0,0.0,0.0,0.0,1.712979141768539e-05,0.003709717180035911,0.0,0.0,0.00019892545463010765,0.0011066016354826034,0.03312284008285574,0,2
8504,0.0,1.0,0.0,0.10424710424710425,0.0,0.6000000000000001,0.5588235294117647,0.0,0.0,0.0,0.0,0.0,0.0,0.0,0.0,0.0,0.010041015046977266,0.0,0.0008043294090493882,9.89901386388269e-06,0.0,0.0,0.0,0.6540700492344792,0.49395869773901846,0.3145283018867924,0.23529411764705885,0.39427728829257,0.1292060906071809,0.020202020202020204,0.10000000000000142,0.0,1.0,0.0,0.5,7.46777007178584e-07,0.0,0.0,0.0,1.1034336994192449e-05,0.0,0.0036294474916621355,0.0,0.0004639630390143737,0.00045848019520071875,0.0010891157329532698,0.03312156029362849,0,3
4347,0.6000000000000227,1.0,0.0,0.015444015444015444,0.0,0.6000000000000001,0.1764705882352941,0.0,0.0,0.0,0.0,0.0,0.0,0.0,0.0,0.0,0.009770786935533304,0.0,0.0008043294090493882,1.445377484419681e-05,0.0004858587625929241,0.010036934222679832,0.0,0.654077287230134,0.4939673524910991,0.580754716981132,0.19497549019607846,0.4024360521088486,0.10859076383232034,0.020202020202020204,0.6000000000000014,0.0,1.0,0.0,0.75,4.331306641635787e-06,0.0,1.945677294802874e-05,0.0,0.0,1.1817387750175362e-05,0.0036354330375410375,0.0,0.0,0.0033643114022453816,0.0010832968802217883,0.03312156029362849,0,3
388,0.8000000000000114,0.0,0.0,0.05791505791505792,0.0,0.6000000000000001,0.0,0.0,0.0,0.0,0.0,0.0,0.0,0.0,0.0,0.0,0.009770786935533304,0.0,0.0008043294090493882,0.00011604518808733643,0.036017172793644504,0.008207466538358781,0.0,0.6525155092643903,0.4939231016939635,0.580754716981132,0.24497549019607845,0.39299162797499365,0.13284040353405605,0.24242424242424243,0.5,0.0,1.0,0.0,0.10000000000000002,0.0020555648121960033,0.0,0.0,0.0,0.0,0.0,0.0038520490162461648,0.0,0.010266940451745381,0.010055200790380768,0.0013783031619286127,0.03312156029362849,0,2
2011,0.6000000000000227,0.0,0.0,0.05791505791505792,0.0,0.4,0.5294117647058824,0.0,0.0,0.0,0.0,1.0,0.0,0.0,0.0,0.0,0.009770786935533304,0.0,0.0010829760515624167,9.89901386388269e-06,0.0,0.0,0.00019601826508328795,0.653858059387926,0.49445905156411774,0.5766037735849057,0.2450980392156863,0.40035218562253994,0.1342189360235604,0.020202020202020204,0.25,0.0,1.0,0.0,0.4,0.0007562678640516355,0.0,0.0,0.0,0.0,0.0010262696554418347,0.0037335847601851465,0.0,0.0,0.004445073192594939,0.0016409757041969805,0.03312156029362849,0,1
1860,0.6000000000000227,1.0,0.0,0.10424710424710425,0.2962962962962963,0.6000000000000001,0.5,0.0,0.0,0.0,0.0,1.0,0.0,0.0,0.0,0.0,0.009770786935533304,0.0,0.0008043294090493882,9.89901386388269e-06,0.0,7.894591415421294e-06,0.0,0.6541094016529495,0.4940048032367928,0.39301886792452834,0.1849264705882353,0.39681814304342,0.10351525784823612,0.25252525252525254,0.9499999999999957,0.0,1.0,0.0,0.55,0.0,0.0,0.0,0.0,0.0,0.0,0.0036354330375410375,0.0,0.0,6.728060000992581e-06,0.0010856653943333333,0.03312156029362849,0,0
5843,0.0,1.0,1.0,0.03861003861003861,0.0,0.6000000000000001,0.2647058823529412,0.0,0.0,0.0,0.0,0.0,0.0,0.0,0.0,0.0,0.009770786935533304,0.0,0.0008063723187297781,9.89901386388269e-06,0.0,0.0,0.00010822000300171318,0.6540971865827397,0.49398851346862527,0.580566037735849,0.2450980392156863,0.40287476084280827,0.1339682937527414,0.020202020202020204,0.14999999999999858,0.0,1.0,0.0,0.45,3.705371731982465e-05,0.0,0.0,0.0,5.2354407440530134e-05,0.0,0.003636378929696789,0.0,0.0,0.00014064971059109206,0.0012071160448108827,0.033177920623860935,0,4
5288,0.0,0.0,0.0,0.03581081081081081,0.0,0.0,0.7941176470588235,0.3333333333333333,0.0,0.0,0.0,0.0,0.0,0.0,0.0,0.0,0.009770786935533304,0.0,0.0008043294090493882,9.89901386388269e-06,0.009328922044250744,0.004311859629178576,0.0,0.6540913580182629,0.49398294781400864,0.3924528301886792,0.2175245098039216,0.39679986351283836,0.11949370261294569,0.24242424242424243,0.29999999999999716,0.0,1.0,0.0,0.55,0.0,0.0,0.0,0.0,0.0,0.0,0.0036354330375410375,0.0,0.0,0.0014002039395221595,0.0010983757542000344,0.033121689264635885,0,2
7044,0.6000000000000227,0.0,0.0,0.02316602316602317,0.0,0.6000000000000001,0.0,0.0,0.0,0.0,0.0,0.0,0.0,0.0,0.0,0.0,0.009774278410352584,0.0,0.0008043294090493882,9.89901386388269e-06,0.0,0.0,0.0,0.6540992026590722,0.49399274224818956,0.5522641509433962,0.24154411764705885,0.401954691136865,0.13171251331537065,0.24242424242424243,0.29999999999999716,0.0,0.0,1.0,0.5,0.0,0.0,0.0,0.0,0.0,0.0,0.0036354330375410375,0.0029975886291363205,0.0,7.654127575273689e-05,0.001084749672639495,0.03312156029362849,0,2
7879,0.4000000000000341,0.0,1.0,0.0694980694980695,0.0,0.6000000000000001,0.23529411764705882,0.0,0.0,0.0,0.0,0.0,0.0,0.0,0.0,0.0,0.010422579066667078,0.0005998678027675956,0.0008043294090493882,9.89901386388269e-06,0.0,0.00441598513489987,0.0,0.6533833613768281,0.49417669415923815,0.580754716981132,0.24497549019607845,0.39492925821664904,0.11360360924869982,0.020202020202020204,0.0,1.0,1.0,0.0,0.25000000000000006,0.0008955757202998586,0.0,0.0,0.0,0.0,0.0001187159595086424,0.0036941219352695613,0.0,0.0,0.012474079061612147,0.0013606483312011302,0.03312156029362849,0,4
11863,0.0,0.0,1.0,0.02316602316602317,0.0,0.6000000000000001,0.23529411764705882,0.0,0.0,0.0,0.0,0.0,0.0,0.0,0.0,0.0,0.009770786935533304,0.0,0.0008043294090493882,9.89901386388269e-06,0.009725851301190499,0.018614532446978468,0.0,0.6536637888147233,0.49348315994820846,0.37867924528301883,0.24497549019607845,0.39634896842515754,0.13428159659126512,0.020202020202020204,0.6499999999999986,0.0,1.0,0.0,0.45,0.0,0.0,0.0,0.0,0.0,0.00033374182224119107,0.0036354330375410375,0.0,0.01166534907597536,0.00021353276360564668,0.0010827202541275791,0.03312156029362849,1,4
3855,0.6000000000000227,1.0,0.0,0.03861003861003861,0.537037037037037,0.6000000000000001,0.5,0.0,0.0,0.0,0.0,1.0,0.0,0.0,0.0,0.0,0.01001099137342354,0.0007002258727665692,0.0008043294090493882,9.89901386388269e-06,0.023308206530462332,0.007581217686710203,0.0010434878906797024,0.6539903577294501,0.4938590512493854,0.580754716981132,0.2450980392156863,0.4027955495436211,0.1316498527476659,0.020202020202020204,0.5,0.0,1.0,0.0,0.2,1.3686385877018412e-05,0.0,0.0012352530514621563,0.00538524759481209,0.0,0.0013662634901624763,0.0036646681335761686,0.0,0.0,0.0036585808858629392,0.0011203668052250694,0.03312156029362849,0,0
4360,0.0,0.0,0.0,0.05791505791505792,0.0,0.6000000000000001,0.5588235294117647,0.0,0.0,0.0,0.0,0.0,0.0,0.0,0.0,0.0,0.009895261022732737,0.0,0.0008043294090493882,9.89901386388269e-06,0.0,0.0006482706066494897,0.0,0.6540997132217063,0.49391319468900285,0.580754716981132,0.2450980392156863,0.40325253780816245,0.1342189360235604,0.020202020202020204,0.29999999999999716,0.0,1.0,0.0,0.45,2.6816083439594606e-06,0.0,0.0,0.0,4.4340818020634336e-05,0.0,0.0036354330375410375,0.0,0.0,0.00025715003471474306,0.001493406959919199,0.03414629943290059,0,2
3336,0.6000000000000227,0.0,0.0,0.05791505791505792,0.0,0.2,0.5294117647058824,0.0,0.0,0.0,0.0,1.0,0.0,0.0,0.0,0.0,0.011202141116834003,6.430467614482456e-05,0.0008529069941975909,3.194405700860303e-05,0.12425512501464084,0.0453811861914455,0.0007870090933727883,0.655839356829917,0.49717598731333834,0.39622641509433965,0.20404411764705882,0.3960930549970144,0.1122877373269002,0.020202020202020204,0.6999999999999957,0.0,1.0,0.0,0.05,0.004105936129751174,0.0,0.015251186434697576,0.06648954638749346,0.002413076462524285,0.0,0.005766863386948448,0.0,0.0,0.01425090086932675,0.00233654142638915,0.03324429108843673,0,1
11610,0.20000000000004547,1.0,0.0,0.03861003861003861,0.0,0.6000000000000001,0.5588235294117647,0.0,0.0,0.0,0.0,0.0,0.0,0.0,0.0,0.0,0.009770786935533304,0.0,0.0008043294090493882,9.89901386388269e-06,0.0,5.983269283266665e-06,0.0,0.6541713523488907,0.49407738499376896,0.4645283018867924,0.1849264705882353,0.3991091775429874,0.10345259728053138,0.05050505050505051,0.6000000000000014,0.0,1.0,0.0,0.35000000000000003,1.132385498158071e-05,0.0,0.0,0.0,0.0,0.0,0.003714964937886313,0.0,0.0,1.8419023576861819e-06,0.0012196427547438568,0.03312156029362849,1,3
662,0.8000000000000114,0.0,0.0,0.0694980694980695,0.0,0.4,0.029411764705882346,0.0,0.0,0.0,0.0,0.0,0.0,0.0,0.0,0.0,0.009770786935533304,0.0,0.006139224294718572,1.1923352077355632e-05,0.08495298304266158,0.02512673935507836,0.0,0.6536867081403398,0.4937071540619336,0.5767924528301887,0.2450980392156863,0.4019790638443072,0.1297700357165236,0.020202020202020204,0.3999999999999986,0.0,1.0,0.0,0.4,0.0005610060433200861,0.0,0.0,0.0,0.0,0.0027189026525518147,0.004046176399132069,0.0,0.0,0.009110944430317508,0.0022071058453248063,0.03312156029362849,0,2
8227,0.6000000000000227,1.0,0.0,0.06756756756756757,0.0,0.6000000000000001,0.5588235294117647,0.0,0.0,0.0,0.0,0.0,0.0,0.0,0.0,0.0,0.009770786935533304,0.0,0.0008043294090493882,9.89901386388269e-06,0.0,0.0002507987041235944,0.0,0.6541058581958622,0.4939981988256025,0.3966037735849056,0.19485294117647062,0.3969095406963283,0.09374020928629614,0.25252525252525254,0.6499999999999986,0.0,1.0,0.0,0.55,1.1337432745347593e-06,0.0,0.0,0.0,0.0,0.0,0.0036354330375410375,0.0,0.0,0.00011169091241191486,0.001084968862924769,0.03312156029362849,0,3
10599,0.6000000000000227,1.0,1.0,0.03474903474903475,0.0,0.4,0.23529411764705882,0.0,0.0,0.0,0.0,0.0,0.0,0.0,0.0,0.0,0.009770786935533304,0.0,0.0008043294090493882,9.89901386388269e-06,0.0005447835976395361,0.000125233150137262,0.0004028889782167879,0.6538668506072204,0.4937182888647428,0.580754716981132,0.24497549019607845,0.4028321086047844,0.1332163669402845,0.25252525252525254,0.10000000000000142,0.0,0.0,0.0,0.8,0.0,0.0,0.0,0.0,0.0,0.0,0.0036354330375410375,0.005559646035688845,0.0,0.004121307689277212,0.0010895855397203044,0.03312156029362849,1,4
10627,0.8000000000000114,1.0,0.0,0.06756756756756757,0.2962962962962963,0.6000000000000001,0.5,0.0,0.0,0.0,0.0,1.0,0.0,0.0,0.0,0.0,0.009770786935533304,0.0,0.0008043294090493882,9.89901386388269e-06,0.002100326942458995,0.0012977877277329933,0.0,0.6538867055630753,0.49374389134178936,0.20339622641509433,0.2450980392156863,0.39068840712170516,0.1342189360235604,0.020202020202020204,0.10000000000000142,0.0,1.0,0.0,0.75,0.0,0.0,2.1271394259243857e-05,6.372814014916781e-05,0.0,2.3851608303106235e-06,0.0036354330375410375,0.0,0.0,0.0031387039454060144,0.0010825576210823542,0.03312156029362849,1,0
8170,0.20000000000004547,1.0,0.0,0.10231660231660232,0.4444444444444444,0.6000000000000001,0.5,0.0,0.0,0.0,0.0,1.0,0.0,0.0,0.0,0.0,0.009770786935533304,0.0,0.0008043294090493882,9.89901386388269e-06,0.0016578484265261531,0.0006342265440262665,0.0,0.6541116022739849,0.4940073814958222,0.5026415094339622,0.21789215686274513,0.4003582787994005,0.12030828999310736,0.24242424242424243,1.0,0.0,0.0,0.0,0.5,0.0,0.012297916172992944,0.0,0.0,0.0,0.0,0.003641970255681804,0.022615416353251275,0.0,4.461496821950974e-05,0.0010966697181895044,0.03312156029362849,0,0
10379,0.6000000000000227,1.0,1.0,0.08687258687258688,0.0,0.4,0.23529411764705882,0.0,0.0,0.0,0.0,0.0,0.0,0.0,0.0,0.0,0.022308793407252774,0.0,0.0008043294090493882,9.89901386388269e-06,0.002948049262608107,0.0006776883472922174,0.0,0.6520630420979526,0.49155457794225366,0.560566037735849,0.2136029411764706,0.40222279091872926,0.11704994047246071,0.030303030303030304,0.14999999999999858,0.0,1.0,0.0,0.8,0.0004503404797381034,0.0,0.0,0.0,0.002039364598112465,0.0,0.0036354330375410375,0.0,0.0,0.024532016100273165,0.0015327897340203745,0.03312156029362849,1,4
1344,0.6000000000000227,1.0,0.0,0.15830115830115832,0.4444444444444444,0.6000000000000001,0.5,0.0,0.0,0.0,0.0,1.0,0.0,0.0,0.0,0.0,0.009896570325789967,0.0,0.0008043294090493882,9.89901386388269e-06,0.007831219028311395,0.002728620096056402,0.0,0.6541576311023444,0.49406111851610757,0.28264150943396227,0.14191176470588238,0.39324754140313684,0.08133341688075696,0.25252525252525254,0.0,0.0,0.0,0.0,0.35000000000000003,0.0,0.003784685857406914,0.0,0.0,0.0,0.0,0.003656990661877784,0.0749618050934832,0.0,0.0009840107526166526,0.0011149407303815374,0.03312156029362849,0,0
2802,0.0,1.0,0.0,0.06563706563706564,0.0,0.6000000000000001,0.8235294117647058,1.0,0.0,0.0,0.0,0.0,0.0,0.0,0.0,0.0,0.009770786935533304,0.0,0.0008043294090493882,9.89901386388269e-06,0.009824902864397687,0.006299219141808052,4.336629541507558e-05,0.6540714623101667,0.4939672927121333,0.3109433962264151,0.07732843137254902,0.39412495887105625,0.04818597656494768,0.25252525252525254,0.0,0.0,1.0,0.0,0.45,0.0,0.0,0.0,0.0,0.0,0.0,0.0036354330375410375,0.0,0.0,0.0017655401557737755,0.0013255806613727387,0.033122765676505316,0,3
4584,0.20000000000004547,0.0,0.0,0.0,0.0,0.0,0.7941176470588235,0.3333333333333333,0.0,0.0,0.0,0.0,0.0,0.0,0.0,0.0,0.009770786935533304,0.0,0.0008043294090493882,9.89901386388269e-06,0.0,0.001384129627529022,0.0,0.6540435755182472,0.4939878236814685,0.580754716981132,0.2450980392156863,0.4018023617153512,0.1342189360235604,0.020202020202020204,0.3999999999999986,0.0,1.0,0.0,0.45,0.000264562726997722,0.0,4.637365573105296e-06,0.0,0.00023607220550837547,0.0,0.003642863925481094,0.0,0.0,0.0006977228458824018,0.0011858211286493458,0.03312156029362849,0,2
179,0.20000000000004547,1.0,0.0,0.10231660231660232,0.4444444444444444,0.6000000000000001,0.5,0.0,0.0,0.0,0.0,1.0,0.0,0.0,0.0,0.0,0.009770786935533304,0.0,0.0008043294090493882,9.89901386388269e-06,0.0,0.0007309560641057443,0.0,0.6541058217507683,0.4939986428979195,0.3920754716981132,0.18370098039215688,0.3967815839822567,0.10006892662447524,0.25252525252525254,0.10000000000000142,0.0,1.0,0.0,0.55,1.493554014357168e-05,0.0,0.0,0.0,0.0,0.0,0.0036354330375410375,0.0,0.0,0.00021688400261754792,0.0010920400545430548,0.03312156029362849,0,0
10844,0.4000000000000341,0.0,1.0,0.04247104247104247,0.0,0.6000000000000001,0.23529411764705882,0.0,0.0,0.0,0.0,0.0,0.0,0.0,0.0,0.0,0.009770786935533304,0.0,0.0008043294090493882,9.89901386388269e-06,0.011959572502129246,0.004388644918313832,0.0,0.654086677142926,0.493978179082877,0.20339622641509433,0.2450980392156863,0.39068840712170516,0.1342189360235604,0.24242424242424243,0.5,0.0,0.0,1.0,0.35000000000000003,0.0,0.0,0.0,0.0,0.0,0.0,0.0036354330375410375,0.0,0.0007665297741273101,0.0,0.0010825576210823542,0.03312156029362849,1,4
4359,0.20000000000004547,1.0,0.0,0.20270270270270271,0.0,0.6000000000000001,0.1764705882352941,0.0,0.0,0.0,0.0,0.0,1.0,0.0,0.0,0.0,0.009770786935533304,0.0,0.0008043294090493882,9.89901386388269e-06,0.0009091776695842293,0.0004457535616033666,0.0,0.6541053154952816,0.49400001587325626,0.4190566037735849,0.19289215686274513,0.39765290827331556,0.1075255341813397,0.25252525252525254,0.6999999999999957,0.0,0.0,0.0,0.85,0.0,0.0002552560350495552,0.0,0.0,0.0,0.0,0.003641709536548795,0.0030543567526687006,0.0,4.614988685091489e-05,0.0010845050539018586,0.03312156029362849,0,3
11491,0.8000000000000114,0.0,0.0,0.08687258687258688,0.0,0.8,0.0,0.0,0.0,0.0,0.0,0.0,0.0,0.0,0.0,0.0,0.009770786935533304,0.0,0.0008043294090493882,0.0002874661480042252,0.0,0.004082085468508682,0.0,0.6509185269945037,0.4928689295224013,0.580188679245283,0.2450980392156863,0.3980367784155303,0.13371765148192244,0.020202020202020204,0.6000000000000014,0.0,1.0,0.0,0.2,0.0010511225820132742,0.0,0.0,0.0,0.0015744198963401515,0.0,0.003917641473909277,0.0,0.0,0.03154656866381752,0.002033647863318053,0.03312156029362849,1,2
10672,0.8000000000000114,0.0,1.0,0.05791505791505792,0.0,0.8,0.23529411764705882,0.0,0.0,0.0,0.0,0.0,0.0,0.0,0.0,0.0,0.01037073367549285,0.0033781397142777264,0.0008043294090493882,9.89901386388269e-06,0.0,0.0,0.0,0.6532985996965951,0.4947418301389834,0.580377358490566,0.24497549019607845,0.39782351722541104,0.13146187104455168,0.020202020202020204,0.5,0.0,1.0,0.0,0.5,0.0010757051233132166,0.0,3.1352623765994505e-05,0.0,0.0,1.1239166942827333e-05,0.003993761644515522,0.0,0.0,0.004510102578612137,0.0016909290809883051,0.033213377730048364,1,4
991,0.20000000000004547,0.0,0.0,0.10231660231660232,0.0,0.4,0.5588235294117647,0.0,0.0,0.0,0.0,0.0,0.0,0.0,0.0,0.0,0.009770786935533304,0.0,0.0008043294090493882,9.89901386388269e-06,0.005152850299106801,0.002197355644279683,0.0,0.6541000915880452,0.49399161925761864,0.3922641509433962,0.2175245098039216,0.3967876771591173,0.11448085719656623,0.25252525252525254,0.04999999999999716,0.0,0.0,0.0,0.55,0.0,0.0010685429737412187,0.0,0.0,0.0,0.0,0.003651305100061561,0.014223542984321108,0.0,0.000287822825365656,0.0010880484814760566,0.03312156029362849,0,2
11346,0.0,0.0,1.0,0.02316602316602317,0.0,0.8,0.5882352941176471,0.0,0.0,0.0,0.0,1.0,0.0,0.0,0.0,0.0,0.009770786935533304,0.0,0.0008043294090493882,9.89901386388269e-06,0.0,0.0,0.0,0.653813593060139,0.49371236065458063,0.580754716981132,0.2450980392156863,0.4001145517249784,0.1342189360235604,0.25252525252525254,0.44999999999999574,0.0,1.0,0.0,0.75,0.0002171220203962316,0.0,0.0,0.0,0.0,0.0,0.0036354330375410375,0.0,0.003976822381930185,0.0005127907327752711,0.0011178069581191422,0.03312156029362849,1,1
7496,0.6000000000000227,1.0,0.0,0.10231660231660232,0.0,0.0,0.4411764705882353,0.0,0.0,0.0,0.0,0.0,0.0,0.0,0.0,0.0,0.009796988046138334,0.0,0.0008043294090493882,9.89901386388269e-06,2.7474156218052256e-05,6.315673132337036e-06,5.819869936346151e-05,0.6540926186871939,0.4939834147886567,0.5792452830188679,0.24473039215686276,0.4026919655369917,0.1315245316122564,0.020202020202020204,0.9499999999999957,0.0,1.0,0.0,0.25000000000000006,0.00014683672625695994,0.0,0.0,0.0,0.0,0.0,0.0036870939055079197,0.0,0.0,0.0002404194216324269,0.001105983570428989,0.03312156029362849,0,3
6038,0.4000000000000341,1.0,0.0,0.03474903474903475,0.0,0.6000000000000001,0.029411764705882346,0.0,0.0,0.0,0.0,0.0,0.0,0.0,0.0,0.0,0.010599274781551439,1.4894940257540391e-05,0.0008121267742417161,1.3137955005439397e-05,0.04914367393092997,0.011296994113543337,0.0,0.6539164987647264,0.4943702584503447,0.5737735849056603,0.24154411764705885,0.3917608062491622,0.03790964346136976,0.020202020202020204,0.14999999999999858,1.0,1.0,0.0,0.2,0.0,0.0,0.0,0.0,0.0,0.00017801973106227473,0.00405049004430562,0.0,0.0,0.0007097719571389321,0.0013572563838421736,0.033161313126446906,0,3
4302,0.6000000000000227,0.0,1.0,0.03474903474903475,0.0,0.6000000000000001,0.23529411764705882,0.0,0.0,0.0,0.0,0.0,0.0,0.0,0.0,0.0,0.009770786935533304,0.0,0.0008043294090493882,9.89901386388269e-06,0.018209581539680636,0.005851720459997067,0.0006519733219423951,0.6540961253678682,0.49399271429958225,0.580754716981132,0.24497549019607845,0.40285038813536606,0.1339682937527414,0.020202020202020204,0.9499999999999957,0.0,1.0,0.0,0.6,0.0026792526019459068,0.0,0.0,0.0,0.0007790867979573299,0.0,0.003769717133766118,0.0,0.0,0.0013674078447644693,0.0016248639790260033,0.03312156029362849,0,4
1184,0.6000000000000227,0.0,0.0,0.03474903474903475,0.0,0.6000000000000001,0.0,0.0,0.0,0.0,0.0,0.0,0.0,0.0,0.0,0.0,0.010374992672793954,0.00013891032196226315,0.0008043294090493882,9.89901386388269e-06,0.010190019940453382,0.0023424499243988994,0.0,0.6537474289800203,0.494018492231775,0.580754716981132,0.24497549019607845,0.3959955641672456,0.11855379409737454,0.020202020202020204,0.44999999999999574,1.0,1.0,0.0,0.10000000000000002,2.1215255885755228e-05,0.0,0.0020010232447949354,0.00872372312979884,0.0,9.085294435455921e-05,0.003710516614003993,0.0,0.0025667351129363453,0.0005936297806959424,0.0012363930166074844,0.03312156029362849,0,2
2832,0.0,0.0,0.0,0.13706563706563707,0.0,0.0,0.7941176470588235,0.4444444444444444,0.0,0.0,0.0,0.0,0.0,0.0,0.0,0.0,0.009770786935533304,0.0,0.0008043294090493882,9.89901386388269e-06,0.0,0.00027614449761521014,3.9429836302674035e-05,0.6541000683957127,0.49399358419998646,0.580754716981132,0.2450980392156863,0.40287476084280827,0.13384297261733194,0.25252525252525254,0.9499999999999957,0.0,0.0,0.0,0.5,0.0,0.008711926323099892,0.0,0.0,0.0,0.0,0.0036401456144000365,0.01950328741500132,0.0,0.00018301346481787423,0.001096519774586394,0.03312156029362849,0,2
6524,0.8000000000000114,0.0,0.0,0.03474903474903475,0.0,0.6000000000000001,0.5294117647058824,0.0,0.0,0.0,0.0,1.0,0.0,0.0,0.0,0.0,0.01078862709265569,0.0,0.0008043294090493882,0.00011102482931792354,0.0019199374167641517,0.00044134921060318415,4.849891613621792e-05,0.654068704079194,0.4940719792672945,0.580754716981132,0.2439950980392157,0.3943991518297811,0.08396516072435618,0.020202020202020204,0.3999999999999986,1.0,1.0,0.0,0.2,2.9640258303106346e-05,0.0,0.0005231149991052909,0.0022805884085105635,0.0,3.180214440414165e-05,0.003711365129134163,0.0,0.0,0.00043284705405625273,0.0011214198802161702,0.03312156029362849,0,1
2861,0.8000000000000114,1.0,0.0,0.06756756756756757,0.0,0.6000000000000001,0.1764705882352941,0.0,0.0,0.0,0.0,0.0,0.0,0.0,0.0,0.0,0.009951485806891494,0.0,0.0008043294090493882,9.89901386388269e-06,7.410792137764096e-05,0.0002824601707475472,0.0,0.6541008105503526,0.4939934351407472,0.3920754716981132,0.23112745098039217,0.3967815839822567,0.1208095745347453,0.24242424242424243,0.0,0.0,0.0,0.0,0.55,0.0,5.27753416782853e-05,0.0,0.0,0.0,0.0,0.0036408260756312185,0.006107941149915192,0.0,0.00023804029775374892,0.0010853865735837478,0.03312156029362849,0,3
8101,0.20000000000004547,0.0,0.0,0.02316602316602317,0.0,0.6000000000000001,0.5294117647058824,0.0,0.0,0.0,0.0,1.0,0.0,0.0,0.0,0.0,0.009770786935533304,0.0,0.0008043294090493882,9.89901386388269e-06,0.0,0.0,0.0,0.6540150373531035,0.49389420205759804,0.580754716981132,0.20404411764705882,0.40287476084280827,0.11316498527476661,0.25252525252525254,0.3500000000000014,0.0,1.0,0.0,0.75,3.304827700859406e-05,0.0,0.0,0.0,0.0,0.0,0.0036354330375410375,0.0,0.000479235112936345,0.00010358142564265765,0.001083359435205962,0.03312156029362849,0,1
5594,0.6000000000000227,1.0,0.0,0.05791505791505792,0.7037037037037037,0.6000000000000001,0.5,0.0,0.0,0.0,0.0,1.0,0.0,0.0,0.0,0.0,0.016437622657805444,0.0,0.0008043294090493882,9.89901386388269e-06,0.028687718618368063,0.006594643062669344,0.0,0.6538520790793309,0.49458503806349174,0.580754716981132,0.2439950980392157,0.3912185135085732,0.02938780625352466,0.020202020202020204,0.44999999999999574,1.0,1.0,0.0,0.10000000000000002,0.0022338544282189485,0.0,0.0,0.0,0.0,0.000795884802514104,0.003901145491656296,0.0,0.0,0.0020359928186273633,0.001499684119610799,0.03312156029362849,0,0
5921,0.0,0.0,1.0,0.03861003861003861,0.0,0.6000000000000001,0.23529411764705882,0.0,0.0,0.0,0.0,0.0,0.0,0.0,0.0,0.0,0.009931454975061916,0.0,0.0008043294090493882,1.1356537377583208e-05,0.019234078364969584,0.00442146979840953,0.00034840925403686597,0.6540766736272798,0.49417589529487765,0.580754716981132,0.24497549019607845,0.3950267490464179,0.08885268500532616,0.25252525252525254,0.3500000000000014,0.0,1.0,0.0,0.25000000000000006,0.000538962543844551,0.0,0.0,0.0,0.0,0.0,0.0036354330375410375,0.0,0.0,0.0008233303538857233,0.0011535693253351676,0.033185604319647774,0,4
7923,0.0,0.0,0.0,0.0,0.0,0.0,0.7941176470588235,0.3333333333333333,0.0,0.0,0.0,0.0,0.0,0.0,0.0,0.0,0.0099116197862179,0.0,0.001126485349335606,9.89901386388269e-06,0.015307443038121114,0.00322057779268055,0.0,0.653882976898647,0.4937260042330759,0.37981132075471696,0.22732843137254904,0.3966170682070218,0.12425590575850619,0.24242424242424243,0.5499999999999972,0.0,1.0,0.0,0.10000000000000002,9.547204592684025e-05,0.0,0.0,0.0,0.0,0.0,0.0036354330375410375,0.0,0.0013256160164271048,0.0020408278123162896,0.0011189353271046645,0.03336628278016412,0,2
3562,0.20000000000004547,0.0,0.0,0.03474903474903475,0.0,0.6000000000000001,0.5294117647058824,0.0,0.0,0.0,0.0,1.0,0.0,0.0,0.0,0.0,0.009770786935533304,0.0,0.0008043294090493882,9.89901386388269e-06,0.016816714119836484,0.003865773663726139,0.0,0.6539183703859592,0.4941489951484641,0.580754716981132,0.23958333333333337,0.39148661329043744,0.057146437746725995,0.030303030303030304,0.5,1.0,1.0,0.0,0.10000000000000002,2.393759752101534e-05,0.0,0.0019883208956164296,0.006446211252192029,0.0,0.00019529407768179713,0.0037339962566480885,0.0,0.0,0.0023957265818743507,0.001191641468424825,0.033143594494199916,0,1
452,0.4000000000000341,1.0,0.0,0.06756756756756757,0.0,0.6000000000000001,0.0,0.0,0.0,0.0,0.0,0.0,0.0,0.0,0.0,0.0,0.009770786935533304,0.0,0.0008043294090493882,9.89901386388269e-06,7.193890904463682e-05,1.6537091491250924e-05,0.0,0.6541132926637052,0.49400936196519407,0.3369811320754717,0.2450980392156863,0.39500237633897567,0.1342189360235604,0.24242424242424243,0.6999999999999957,0.0,0.0,0.0,0.35000000000000003,0.0,0.0,0.0,0.0,0.0,0.0,0.0036354330375410375,0.0018783683868128962,0.0,1.8265531713721303e-05,0.0010852884782480271,0.03312156029362849,0,3
11789,0.0,0.0,1.0,0.08687258687258688,0.0,0.6000000000000001,0.23529411764705882,0.0,0.0,0.0,0.0,0.0,0.0,0.0,0.0,0.0,0.009770786935533304,0.0,0.0008043294090493882,9.89901386388269e-06,0.0006246755519051881,0.00028370668518156106,0.0,0.6540944926276601,0.49398510878480306,0.580754716981132,0.24276960784313728,0.40287476084280827,0.11178645278526227,0.24242424242424243,0.75,0.0,1.0,0.0,0.4,0.0018701265035497943,0.0,0.0,0.0,0.0,0.0,0.0036354330375410375,0.0,0.0,0.0002033255547068024,0.0010825998531318914,0.03312156029362849,1,4
5926,1.0,1.0,0.0,0.06756756756756757,0.0,0.6000000000000001,0.029411764705882346,0.0,0.0,0.0,0.0,0.0,0.0,0.0,0.0,0.0,0.009770786935533304,0.0,0.0008043294090493882,9.89901386388269e-06,0.00033583540956013877,0.0002696626225583379,4.175691434149705e-06,0.6540927051614622,0.49398524154068807,0.580754716981132,0.24497549019607845,0.40287476084280827,0.13415627545585562,0.25252525252525254,0.14999999999999858,0.0,0.0,0.0,0.85,0.0,0.009972436973941807,0.0,0.0,0.0,0.0,0.0036463125642540142,0.014982922835437243,0.0,0.00023000755691606197,0.0010866092707268631,0.03312156029362849,0,3
573,0.0,1.0,0.0,0.06756756756756757,0.2962962962962963,0.6000000000000001,0.5,0.0,0.0,0.0,0.0,1.0,0.0,0.0,0.0,0.0,0.009770786935533304,0.0,0.0008043294090493882,9.89901386388269e-06,0.0,0.00013246293385454257,0.0,0.6540997430404195,0.4939934693001562,0.3920754716981132,0.2041666666666667,0.3967815839822567,0.11316498527476661,0.25252525252525254,0.29999999999999716,0.0,0.0,0.0,0.55,0.0,0.00038057118899480636,0.0,0.0,0.0,0.0,0.0036354330375410375,0.004108621903984326,0.0,0.0001403683088420011,0.001084210916599096,0.03312156029362849,0,0
547,0.6000000000000227,0.0,0.0,0.03474903474903475,0.0,0.6000000000000001,0.5294117647058824,0.0,0.0,0.0,0.0,1.0,0.0,0.0,0.0,0.0,0.009770786935533304,6.251510090509077e-05,0.0008043294090493882,1.4332314551388433e-05,0.0,0.0,0.0006583238526651644,0.6540878841381732,0.4942754598795641,0.580754716981132,0.24460784313725495,0.40136974615825205,0.13183783445078015,0.24242424242424243,0.3999999999999986,1.0,1.0,1.0,0.2,0.002215599124834374,0.0,0.0,0.0,0.0,0.0,0.003729662979009702,0.0,0.0,0.0008784595147303583,0.0014928657254721371,0.03312156029362849,0,1
8911,0.20000000000004547,1.0,0.0,0.02316602316602317,0.14814814814814814,0.8,0.5,0.0,0.0,0.0,0.0,1.0,0.0,0.0,0.0,0.0,0.02068169089416595,0.0,0.0008043294090493882,0.00027395369042929334,0.0965333398885706,0.022190782358164317,0.0,0.6532827838511049,0.4949244098510453,0.580754716981132,0.24203431372549022,0.39583104839201066,0.13183783445078015,0.020202020202020204,0.14999999999999858,0.0,1.0,0.0,0.25000000000000006,3.4399264503398954e-05,0.0,0.0023026536316369146,0.009453739962817927,0.00015415203554014386,0.0,0.004359276518918218,0.0,0.0,0.0033106915780549617,0.0015504536357162436,0.034301223375324444,0,0
9314,0.20000000000004547,0.0,1.0,0.0694980694980695,0.0,1.0,0.23529411764705882,0.0,0.0,0.0,0.0,0.0,0.0,0.0,0.0,0.0,0.013134762726068292,0.0,0.0010974635560897618,0.000671250308205493,0.0,0.0060905526255541275,0.0,0.6537929326677082,0.49359571442451794,0.579811320754717,0.24362745098039218,0.4027772700130394,0.13227645842471336,0.020202020202020204,0.29999999999999716,0.0,1.0,0.0,0.45,0.0006236877897499031,0.0,0.000657901037610547,0.005423044974486769,0.0005132297083355527,0.0,0.003767898382223801,0.0,0.0,0.0031769234193280023,0.0025548737368446465,0.03406641181466493,1,4
5023,1.0,1.0,0.0,0.03861003861003861,0.0,0.6000000000000001,0.1764705882352941,0.0,0.0,0.0,0.0,0.0,0.0,0.0,0.0,0.0,0.00994641413872728,0.0,0.0008043294090493882,9.89901386388269e-06,0.0023342187723679395,0.0005365829133618452,3.934284273112925e-05,0.6541713559934,0.4940755993882984,0.39584905660377356,0.20931372549019608,0.39690344751946777,0.11454351776427096,0.020202020202020204,0.10000000000000142,0.0,1.0,0.0,0.55,0.0,0.0,0.0,0.0,0.0,0.0,0.0037022183637675254,0.0,0.0,0.00013770778321423217,0.0011133569293876257,0.03312156029362849,0,3
160,0.6000000000000227,1.0,0.0,0.06756756756756757,0.2962962962962963,0.6000000000000001,0.5,0.0,0.0,0.0,0.0,1.0,0.0,0.0,0.0,0.0,0.009770786935533304,0.0,0.0008043294090493882,9.89901386388269e-06,0.00010628160431720215,2.4431682906672218e-05,0.0,0.6541043748805392,0.49399891384414085,0.3920754716981132,0.2450980392156863,0.3967815839822567,0.1342189360235604,0.24242424242424243,0.10000000000000142,0.0,0.0,0.0,0.55,0.0,0.0,0.0,0.0,0.0,0.0,0.0036354330375410375,0.0006485468480291073,0.0,4.834993688926227e-06,0.0010829593708024236,0.03312156029362849,0,0
11086,0.20000000000004547,0.0,1.0,0.04247104247104247,0.0,0.6000000000000001,0.2647058823529412,0.0,0.0,0.0,0.0,0.0,0.0,0.0,0.0,0.0,0.009770786935533304,0.0,0.0008043294090493882,9.89901386388269e-06,0.0,0.0,0.0,0.6540470987648733,0.4939318088496829,0.20339622641509433,0.2450980392156863,0.39068840712170516,0.1342189360235604,0.020202020202020204,0.3999999999999986,0.0,1.0,0.0,0.25000000000000006,0.0,0.0,0.0,0.0,0.0,0.0,0.0036354330375410375,0.0,0.0,0.0008704779378470516,0.0010825576210823542,0.03312156029362849,1,4
2119,0.6000000000000227,0.0,1.0,0.015444015444015444,0.0,0.6000000000000001,0.2647058823529412,0.0,0.0,0.0,0.0,0.0,0.0,0.0,0.0,0.0,0.009770786935533304,0.0,0.0008043294090493882,9.89901386388269e-06,0.0020685147615749342,0.0004755037060951647,0.0,0.6541534723858078,0.49405512470435314,0.3920754716981132,0.18639705882352944,0.3967815839822567,0.10338993671282663,0.020202020202020204,1.0,0.0,1.0,0.0,0.55,8.87849972716502e-05,0.0,0.0,0.0,5.08675109661354e-05,0.0,0.0036799602530854653,0.0,0.0,0.0001181375706638165,0.0011114006238722679,0.03312156029362849,0,4
10176,0.4000000000000341,0.0,0.0,0.02316602316602317,0.0,0.8,0.5588235294117647,0.0,0.0,0.0,0.0,0.0,0.0,0.0,0.0,0.0,0.009904952875248325,0.0,0.0008043294090493882,9.89901386388269e-06,0.0,0.0007774095020133285,0.0,0.6541004043532148,0.49399426195371504,0.580754716981132,0.2450980392156863,0.40287476084280827,0.1342189360235604,0.020202020202020204,0.14999999999999858,0.0,1.0,0.0,0.5,0.0,0.0,1.0081229506750644e-07,0.0,0.0,7.227760091850375e-08,0.0036354330375410375,0.0,0.0,0.000286620472437722,0.0010836018729457348,0.03312156029362849,1,2
2329,1.0,0.0,0.0,0.0694980694980695,0.0,0.6000000000000001,0.5294117647058824,0.0,0.0,0.0,0.0,1.0,0.0,0.0,0.0,0.0,0.009988778369831912,0.0,0.000809007828164785,9.89901386388269e-06,0.0,0.0005412365672488304,9.273514726674136e-05,0.6539981135767579,0.4938664483141346,0.580754716981132,0.2450980392156863,0.4028564813122266,0.13359233034651294,0.25252525252525254,0.44999999999999574,0.0,1.0,0.0,0.45,0.0,0.0,0.0,0.0,0.0,0.0,0.003726907758894755,0.0,0.0,0.0017763357501479919,0.0014323593426779704,0.03315181887613315,0,1
7104,0.8000000000000114,1.0,1.0,0.03474903474903475,0.0,0.8,0.23529411764705882,0.0,0.0,0.0,0.0,0.0,0.0,0.0,0.0,0.0,0.009770786935533304,0.0,0.0008472149176071915,9.89901386388269e-06,0.10800958414249544,0.02482890550631131,0.0,0.6549729539069414,0.4950131389159265,0.3784905660377358,0.2442401960784314,0.396342875248297,0.13359233034651294,0.030303030303030304,0.19999999999999574,0.0,1.0,0.0,0.35000000000000003,0.0005927847994164765,0.0,0.0,0.0,0.00037111370846708817,0.0,0.0043478810510293765,0.0,0.0,0.012666557857990353,0.0017132109482511744,0.03312156029362849,0,4
3628,0.6000000000000227,1.0,0.0,0.05791505791505792,0.7037037037037037,0.6000000000000001,0.5,0.0,0.0,0.0,0.0,1.0,0.0,0.0,0.0,0.0,0.009770786935533304,0.0003120626384506521,0.0009051181515254182,2.9373147477492395e-05,0.0,0.004848110138691351,0.0,0.651592628373306,0.49727000565216334,0.58,0.22953431372549024,0.3940823066330324,0.10758819474904445,0.030303030303030304,0.14999999999999858,1.0,1.0,0.0,0.25000000000000006,0.0,0.0,0.0004525463925580364,0.0019729353181352706,0.0,0.00018774106838581348,0.0063461471400058965,0.0,0.0,0.006012097205373648,0.002451653155281058,0.03338229006635142,0,0
9448,0.8000000000000114,1.0,0.0,0.0637065637065637,0.0,0.4,0.029411764705882346,0.0,0.0,0.0,0.0,0.0,0.0,0.0,0.0,0.0,0.009770786935533304,0.0,0.0008043294090493882,9.89901386388269e-06,0.017462356790960712,0.005000184899641045,0.0004396437621944598,0.653781473998857,0.4934712464661441,0.580754716981132,0.2450980392156863,0.40032171973823716,0.11197443448837648,0.020202020202020204,0.5,1.0,1.0,0.0,0.10000000000000002,0.0,0.0,0.0,0.0,0.0,0.0,0.0036644046658980823,0.0,0.0,0.0057741080715742795,0.001144214083704411,0.03312156029362849,1,3
3519,0.6000000000000227,1.0,0.0,0.08687258687258688,0.8888888888888888,0.8,0.5,0.0,0.0,0.0,0.0,1.0,0.0,0.0,0.0,0.0,0.019390281645384595,0.0,0.00286523540830318,5.9819194208125457e-05,0.0,0.011910528517964973,0.0012142997684078886,0.6528665099761318,0.49711507526446225,0.580377358490566,0.23125000000000004,0.3956726257936363,0.09154708941663013,0.030303030303030304,0.14999999999999858,1.0,1.0,0.0,0.25000000000000006,0.0,0.0,0.0,0.0,0.0,0.0,0.0064471549936342045,0.0,0.0,0.007611942894887237,0.002814586863284881,0.033144646103952534,0,0
2464,0.8000000000000114,1.0,1.0,0.08687258687258688,0.0,0.6000000000000001,0.2941176470588235,0.0,0.0,0.0,0.0,0.0,0.0,0.0,0.0,0.0,0.03133640788793389,0.000572391275611195,0.0010585235143192764,1.5476065642000647e-05,0.2530514388504813,0.06454892174423933,0.0,0.6527179707067946,0.4958173480594204,0.580377358490566,0.24485294117647063,0.39403965439500854,0.07093176264176955,0.030303030303030304,0.29999999999999716,1.0,1.0,0.0,0.25000000000000006,0.0,0.0,0.019024187389894073,0.07756945268515222,0.0,0.00044147158641022087,0.005018288889618588,0.0,0.0,0.021480904844766006,0.002625330922390684,0.033122056335964635,0,4
6095,0.20000000000004547,0.0,0.0,0.0694980694980695,0.0,0.6000000000000001,0.5294117647058824,0.0,0.0,0.0,0.0,1.0,0.0,0.0,0.0,0.0,0.010897705581837348,0.0,0.0008043294090493882,9.89901386388269e-06,0.01209730478527501,0.0027808075003604503,5.267460757036763e-05,0.6533972754510532,0.4942160780169413,0.580754716981132,0.24497549019607845,0.3947952083257169,0.09192305282285859,0.020202020202020204,0.5,1.0,1.0,0.0,0.10000000000000002,0.0005910196901267817,0.0,0.0,0.0,0.0001946582258110234,0.0,0.003716388684236149,0.0,0.0,0.0011919410632176704,0.0014889771549860525,0.03312156029362849,0,1
8148,0.0,0.0,0.0,0.3127413127413127,0.0,0.2,0.5294117647058824,0.0,0.0,0.0,0.0,1.0,0.0,0.0,0.0,0.0,0.010473611786978199,0.0,0.0008043294090493882,9.89901386388269e-06,0.006805637696855944,0.0015644587156496978,0.0,0.6542120201039329,0.49409331259456607,0.3939622641509434,0.1916666666666667,0.3969460997574916,0.10270067046807446,0.020202020202020204,0.3999999999999986,0.0,1.0,0.0,0.35000000000000003,2.8309637453951775e-06,0.0,2.883231638930684e-05,0.00012569826263904822,7.334312504224939e-05,0.0,0.0035633544061457307,0.0,0.0,0.00037510853153822893,0.0011708330634912316,0.03325271388730442,0,1
2842,0.6000000000000227,1.0,0.0,0.03861003861003861,0.537037037037037,0.6000000000000001,0.5,0.0,0.0,0.0,0.0,1.0,0.0,0.0,0.0,0.0,0.009899068536221004,0.0,0.0008043294090493882,9.89901386388269e-06,0.05600787496077703,0.012849153886777431,0.0,0.6541099728469671,0.4940033712588405,0.2892452830188679,0.1297794117647059,0.3934608025932561,0.07513002067798735,0.020202020202020204,0.0,0.0,1.0,0.0,0.35000000000000003,0.0009906540110774594,0.0,0.004797052248492226,0.020913378074882763,0.0004485731890121356,0.0,0.0037943865037792157,0.0,0.0,0.006351442132800137,0.001297598508353145,0.03312156029362849,0,0
10486,0.0,0.0,0.0,0.03474903474903475,0.0,0.6000000000000001,0.029411764705882346,0.0,0.0,0.0,0.0,0.0,0.0,0.0,0.0,0.0,0.009770786935533304,0.0,0.0008043294090493882,9.89901386388269e-06,0.0,0.0,0.0,0.6537273076436606,0.4935571399119031,0.3920754716981132,0.2283088235294118,0.3967815839822567,0.12563443824801054,0.020202020202020204,0.0,0.0,1.0,0.0,0.45,0.0,0.0,0.0,0.0,0.0,0.0,0.0036354330375410375,0.0,0.0,0.0058265767067911456,0.0010928475690019875,0.03312156029362849,1,2
3279,0.4000000000000341,0.0,0.0,0.20463320463320464,0.0,1.0,0.029411764705882346,0.0,0.1035348,0.0,0.0,0.0,0.0,0.0,0.0,0.0,0.009770786935533304,0.0,0.0029772523566561626,9.89901386388269e-06,0.41133583685556835,0.10264988193430785,0.0,0.6550865224520561,0.4951146544686771,0.41962264150943396,0.24497549019607845,0.3975736969741284,0.13014599912275207,0.030303030303030304,0.14999999999999858,0.0,1.0,0.0,0.45,0.0,0.0,0.006796160059680879,0.011496995987324694,0.0,0.010939142621414624,0.004041477172349157,0.0,0.009047843942505135,0.0,0.0016391319679122552,0.03312156029362849,0,2
6544,0.20000000000004547,1.0,0.0,0.06756756756756757,0.2962962962962963,0.6000000000000001,0.5,0.0,0.0,0.0,0.0,1.0,0.0,0.0,0.0,0.0,0.010180869682734047,0.0,0.0008043294090493882,9.89901386388269e-06,0.0,0.00036215399356216845,0.0,0.6541127857455805,0.4939974065602187,0.4862264150943396,0.2450980392156863,0.40057763316638034,0.12118553794097378,0.24242424242424243,0.3500000000000014,0.0,0.0,0.0,0.35000000000000003,0.0,0.02615743578281706,0.0,0.0,0.0,0.0,0.0036354330375410375,0.01983115229172915,0.0,9.544635689621035e-05,0.0010922131960325308,0.033185604319647774,0,0
10316,0.6000000000000227,0.0,0.0,0.03474903474903475,0.0,0.6000000000000001,0.0,0.0,0.0,0.0,0.0,0.0,0.0,0.0,0.0,0.0,0.009770786935533304,0.0,0.0008043294090493882,9.89901386388269e-06,0.0076529985149495555,0.0017282507122791228,0.0,0.6539646579744857,0.4938327791702874,0.20339622641509433,0.2450980392156863,0.39068840712170516,0.13233911899241807,0.030303030303030304,0.14999999999999858,0.0,1.0,0.0,0.8,1.6456249685462616e-05,0.0,7.016535736698448e-05,0.0001639351467285489,0.0,1.7816428626411172e-05,0.0036387603476812774,0.0,0.0,0.0021433603768941534,0.0010825576210823542,0.03312156029362849,1,2
5992,0.8000000000000114,0.0,0.0,0.10231660231660232,0.0,0.2,0.029411764705882346,0.0,0.0,0.0,0.0,0.0,0.0,0.0,0.0,0.0,0.011339723284066166,0.0,0.0009758714432806011,9.89901386388269e-06,0.0,0.0008290983005437711,0.0,0.6540752685032493,0.4939666118530039,0.580754716981132,0.2410539215686275,0.39668409315248787,0.07914029701109093,0.020202020202020204,0.3999999999999986,1.0,1.0,0.0,0.2,0.0,0.0,0.0002632209024212593,0.0011475460270998423,3.756370040576153e-07,0.0,0.003655144817533995,0.0,0.0,0.00044221005770782415,0.0011106126888259728,0.033176124950604104,0,2
7368,0.20000000000004547,1.0,0.0,0.06756756756756757,0.0,0.4,0.5588235294117647,0.0,0.0,0.0,0.0,0.0,0.0,0.0,0.0,0.0,0.009770786935533304,0.0,0.0008043294090493882,9.89901386388269e-06,0.0,0.0,0.0,0.6540972525152279,0.49399032197642684,0.580754716981132,0.2450980392156863,0.40287476084280827,0.1322137978570086,0.24242424242424243,0.6499999999999986,0.0,1.0,0.0,0.10000000000000002,3.5981073982240867e-06,0.0,0.0,0.0,0.0,0.0,0.0036354330375410375,0.0,0.0,4.957787179438639e-05,0.0010837709002801503,0.03312156029362849,0,3
5939,0.20000000000004547,0.0,0.0,0.06756756756756757,0.0,0.6000000000000001,0.029411764705882346,0.0,0.0,0.0,0.0,0.0,0.0,0.0,0.0,0.0,0.009770786935533304,0.0,0.0008043294090493882,9.89901386388269e-06,0.0,0.0,1.6311294664647283e-05,0.6541042870809948,0.4939988109777388,0.48037735849056606,0.24485294117647063,0.39963928392985537,0.13409361488815089,0.24242424242424243,0.6999999999999957,0.0,1.0,0.0,0.35000000000000003,0.0,0.0,0.0,0.0,0.0,0.0,0.0036354330375410375,0.0,0.0,2.2512139927275557e-05,0.0010834448906677015,0.03312156029362849,0,2
6422,0.20000000000004547,1.0,0.0,0.03474903474903475,0.1111111111111111,0.6000000000000001,0.5,0.0,0.0,0.0,0.0,1.0,0.0,0.0,0.0,0.0,0.014306212725778589,0.0,0.0009611656125278708,5.6124776968537326e-05,0.0,0.0009879873403994082,0.00075995409262236,0.6540260792226078,0.4944873755368065,0.580754716981132,0.24473039215686276,0.39422244970082504,0.08979259352089732,0.020202020202020204,0.3999999999999986,1.0,1.0,0.0,0.25000000000000006,0.0,0.0,0.0,0.0,0.0,0.0006673390892805451,0.004089481690065165,0.0,0.0,0.0010314397383270717,0.0012368733813869035,0.03312156029362849,0,0
3835,0.6000000000000227,1.0,0.0,0.15830115830115832,0.4444444444444444,0.6000000000000001,0.5,0.0,0.0,0.0,0.0,1.0,0.0,0.0,0.0,0.0,0.009907661778125354,0.0,0.0008043294090493882,4.305767380056949e-05,0.0,0.0,0.0,0.6540958941071813,0.49399378527468946,0.5277358490566038,0.24007352941176474,0.4005593536357987,0.1292060906071809,0.24242424242424243,0.5499999999999972,0.0,1.0,0.0,0.2,6.93823728487739e-05,0.0,0.0,0.0,0.0,0.0,0.0036503450725311284,0.0,0.0,0.0003077511855967329,0.0011018168235790511,0.03312156029362849,0,0
11382,0.4000000000000341,1.0,0.0,0.10424710424710425,0.2962962962962963,0.6000000000000001,0.5,0.0,0.0,0.0,0.0,1.0,0.0,0.0,0.0,0.0,0.009770786935533304,0.0,0.0008043294090493882,9.89901386388269e-06,0.0,0.0,0.0,0.6539216395108849,0.4937832522971614,0.3937735849056604,0.2220588235294118,0.3968364225740017,0.12162416191490696,0.020202020202020204,0.6999999999999957,0.0,1.0,0.0,0.85,0.0,0.0,0.0,0.0,0.0,0.0,0.0036355143159454545,0.0,0.0023100616016427105,0.00032627253708235505,0.0010848208524788557,0.03312156029362849,1,0
3584,0.6000000000000227,1.0,0.0,0.05791505791505792,0.7037037037037037,0.2,0.5,0.0,0.0,0.0,0.0,1.0,0.0,0.0,0.0,0.0,0.009770786935533304,0.0,0.0008043294090493882,9.89901386388269e-06,0.008447941534995567,0.008068272426560563,0.0,0.6542422807967433,0.4941571130543783,0.39283018867924524,0.12904411764705884,0.3968059566896989,0.07487937840716838,0.020202020202020204,0.29999999999999716,0.0,1.0,0.0,0.45,4.841151671082257e-05,0.0,0.0,0.0,0.0,0.0002544532940335924,0.0036406309289307584,0.0,0.0,0.0028062917337980386,0.00197117714497094,0.03312156029362849,0,0
3185,0.8000000000000114,0.0,0.0,0.05791505791505792,0.0,0.4,0.0,0.0,0.0,0.0,0.0,0.0,0.0,0.0,0.0,0.0,0.020888651073970883,0.0,0.0008071364605186262,9.89901386388269e-06,0.00803366017939178,0.0018467526844727097,0.0018282786479780985,0.6536610507942119,0.4935405050560696,0.580754716981132,0.2450980392156863,0.402429958931988,0.13390563318503665,0.24242424242424243,0.29999999999999716,0.0,1.0,0.0,0.6,0.00037733284396357163,0.0,0.0,0.0,0.0,0.0,0.004138226744354749,0.0,0.0,0.008982241503074187,0.0013596332254001062,0.03312156029362849,0,2
6637,0.6000000000000227,0.0,1.0,0.06756756756756757,0.0,0.6000000000000001,0.23529411764705882,0.0,0.0,0.0,0.0,0.0,0.0,0.0,0.0,0.0,0.009770786935533304,0.0,0.0008043294090493882,9.89901386388269e-06,0.0006535957163452431,0.00015041274170434255,0.0,0.6541318041208702,0.49403092858570213,0.3922641509433962,0.1845588235294118,0.3967876771591173,0.10313929444200766,0.020202020202020204,0.6000000000000014,0.0,1.0,0.0,0.55,9.065193978959666e-05,0.0,7.873440244772252e-05,0.0003432529479758624,1.4884616285783006e-05,0.0,0.0036446948491516084,0.0,0.0,6.0322302214222454e-05,0.0010990103750101574,0.03312156029362849,0,4
8818,0.6000000000000227,0.0,0.0,0.10231660231660232,0.0,1.0,0.5588235294117647,0.0,0.0,0.0,0.0,0.0,0.0,0.0,0.0,0.0,0.009770786935533304,0.0,0.0009602767128959454,9.89901386388269e-06,0.0,0.0,0.0,0.6540706333499392,0.49417252127688854,0.580754716981132,0.24276960784313728,0.40091275789371067,0.13158719217996115,0.020202020202020204,0.0,0.0,1.0,0.0,0.25000000000000006,0.0,0.0,0.007243363400600338,0.0315783922049497,0.0,0.0,0.004253623624109943,0.0,0.0,0.0,0.0012934749849154096,0.03312156029362849,0,2
7277,0.6000000000000227,1.0,0.0,0.10231660231660232,0.4444444444444444,0.6000000000000001,0.5,0.0,0.0,0.0,0.0,1.0,0.0,0.0,0.0,0.0,0.010414000874223157,0.0,0.0008043294090493882,2.6579560742899736e-05,0.0,1.7534303038462032e-05,0.00016304770146781424,0.6540568239725295,0.49404110498418374,0.580754716981132,0.2431372549019608,0.3974762061443596,0.13240177956012283,0.24242424242424243,0.29999999999999716,0.0,1.0,0.0,0.25000000000000006,0.000393001583350555,0.0,0.0,0.0,0.0,0.0,0.0036354330375410375,0.0,0.0,0.000898643694733336,0.0011144988304735278,0.03314388219875488,0,0
1936,0.6000000000000227,0.0,0.0,0.20463320463320464,0.0,0.6000000000000001,0.5294117647058824,0.0,0.0,0.0,0.0,1.0,0.0,0.0,0.0,0.0,0.009770786935533304,2.7040045390611786e-05,0.0008043294090493882,5.118539172766335e-05,0.0668778802676272,0.0004886336581334444,0.0,0.6535688775071494,0.4954143990127384,0.5750943396226414,0.24093137254901964,0.3917303403648595,0.06366313678801931,0.030303030303030304,0.14999999999999858,1.0,1.0,0.0,0.2,0.00010540418012231541,0.0,0.0007162713564546333,0.003122678867309222,0.0,0.0002749801326944475,0.005539037663471819,0.0,0.0,0.003341824844295296,0.00153879858140664,0.033122626784651193,0,1
4328,0.8000000000000114,0.0,1.0,0.06756756756756757,0.0,0.6000000000000001,0.23529411764705882,0.0,0.0,0.0,0.0,0.0,0.0,0.0,0.0,0.0,0.009925028855459189,0.0,0.0008043294090493882,9.89901386388269e-06,0.0,0.0,0.0,0.6540836064781027,0.4939716449313802,0.580754716981132,0.2450980392156863,0.4014733301648814,0.11999498715458363,0.24242424242424243,0.6000000000000014,0.0,0.0,0.0,0.6,0.0,0.0,0.0,0.0,0.0,0.0,0.003649304551894872,0.00833634101407332,0.0,0.00029946262498714506,0.0010889264818204844,0.03312156029362849,0,4
5087,0.20000000000004547,1.0,0.0,0.10231660231660232,0.4444444444444444,0.6000000000000001,0.5,0.0,0.0,0.0,0.0,1.0,0.0,0.0,0.0,0.0,0.009770786935533304,0.0,0.0008043294090493882,9.89901386388269e-06,0.0,0.0002126553624427694,0.0,0.6539971560647445,0.49397627353129986,0.580754716981132,0.24485294117647063,0.39626366394910983,0.13346700921110347,0.24242424242424243,0.5,0.0,1.0,0.0,0.10000000000000002,0.00016883270355931096,0.0,0.0,0.0,0.0,0.0,0.0036354330375410375,0.0,0.0004107546201232033,6.15246551421565e-05,0.001109284907240347,0.03312156029362849,0,0
791,1.0,0.0,0.0,0.2953667953667954,0.0,0.0,0.4411764705882353,0.0,0.0,0.0,0.0,0.0,1.0,0.0,0.0,0.0,0.009770786935533304,0.0,0.000809007828164785,9.89901386388269e-06,0.003907475717906932,0.0008982383011504082,0.0,0.6541017150513203,0.4939957467234813,0.2822641509433962,0.14387254901960786,0.3932353550494157,0.08239864653173759,0.020202020202020204,0.3500000000000014,0.0,1.0,0.0,0.35000000000000003,4.947737116652291e-05,0.0,0.0,0.0,4.240002683300333e-05,0.0,0.0036443944724396326,0.0,0.0,0.0007009973389627327,0.0011008776065900476,0.033123048420636916,0,2
10061,0.4000000000000341,0.0,0.0,0.10231660231660232,0.0,0.6000000000000001,0.5588235294117647,0.0,0.0,0.0,0.0,0.0,0.0,0.0,0.0,0.0,0.012233826777550088,0.0,0.0008043294090493882,9.89901386388269e-06,0.01843841234081257,0.003092353007901655,0.0,0.6540739283177497,0.4939286677367552,0.5756603773584905,0.24411764705882358,0.40271024506757336,0.12926875117488565,0.020202020202020204,0.14999999999999858,0.0,1.0,0.0,0.35000000000000003,0.0,0.0,0.0,0.0,1.3319462102209609e-05,0.0,0.0037067436469119986,0.0,0.0,0.0005651826220605669,0.001220700489139484,0.03312156029362849,1,2
7273,0.4000000000000341,1.0,0.0,0.05791505791505792,0.7037037037037037,0.6000000000000001,0.5,0.0,0.0,0.0,0.0,1.0,0.0,0.0,0.0,0.0,0.0100981427987617,0.0,0.001713720516700202,1.1154103556235913e-05,0.012804764307889854,0.0029435191844803966,0.0003813798176523397,0.6546901094966805,0.49467521540967957,0.3943396226415094,0.19632352941176473,0.39679377033597785,0.10733755247822548,0.020202020202020204,0.14999999999999858,0.0,1.0,0.0,0.35000000000000003,0.00011409394893312075,0.0,0.0,0.0,0.0,0.00017364693620670524,0.0039227741855157455,0.0,0.0,0.002008696848965542,0.0014102033784735804,0.03312156029362849,0,0
10878,0.6000000000000227,0.0,1.0,0.03474903474903475,0.0,0.4,0.23529411764705882,0.0,0.0,0.0,0.0,0.0,0.0,0.0,0.0,0.0,0.010360484992941427,0.0,0.0008043294090493882,9.89901386388269e-06,0.033468944804420156,0.007693736389620524,0.0,0.6539912840974741,0.4938542056595835,0.580566037735849,0.24203431372549022,0.23629949182904988,0.12149884077949748,0.36363636363636365,0.5,0.0,1.0,0.0,0.8,0.0,0.0,0.0,0.0,9.605351224589938e-05,0.0,0.0037773922495687225,0.0,0.0,0.0017091063140924462,0.0010824573447487699,0.03311253728353407,1,4
5698,0.0,0.0,1.0,0.03474903474903475,0.0,0.6000000000000001,0.5882352941176471,0.0,0.01652662,0.0,0.0,0.0,0.0,0.0,0.0,0.0,0.010001224273605813,0.0,0.0008043294090493882,9.89901386388269e-06,0.0,0.0007763291895038499,0.0,0.6540768124499557,0.4939644532112601,0.5113207547169811,0.2450980392156863,0.4006324717581253,0.13334168807569396,0.11111111111111112,0.3999999999999986,0.0,1.0,0.0,0.8,3.93755149239617e-06,0.0,0.0,0.0,8.843121137189694e-06,0.0,0.0036354330375410375,0.0,0.0010604979466119096,0.0002725248030059847,0.0011242180013386763,0.03313014182604375,0,4
10069,0.8000000000000114,0.0,0.0,0.03861003861003861,0.0,0.6000000000000001,0.5588235294117647,0.0,0.0,0.0,0.0,0.0,0.0,0.0,0.0,0.0,0.009772969107295354,0.0,0.0008043294090493882,9.89901386388269e-06,0.0014391396829482373,0.0006391295008000545,0.0,0.6539481258172403,0.4938105984567675,0.580754716981132,0.21948529411764708,0.40287476084280827,0.1183658123942603,0.020202020202020204,0.14999999999999858,0.0,1.0,0.0,0.45,5.43789438863678e-06,0.0,0.0,0.0,1.936095725080292e-05,0.0,0.0036354330375410375,0.0,0.0,0.0022046292122644092,0.0010867990671091143,0.03312156029362849,1,2
2834,0.0,1.0,0.0,0.06756756756756757,0.2962962962962963,0.4,0.5,0.0,0.0,0.0,0.0,1.0,0.0,0.0,0.0,0.0,0.009835063181021005,0.0,0.0008043294090493882,9.89901386388269e-06,0.00018689656269385547,0.00017334860729019812,0.0,0.6541086266977248,0.49400386152399467,0.39358490566037735,0.2030637254901961,0.39683032939714113,0.11247571903001444,0.24242424242424243,0.0,0.0,0.0,0.0,0.55,0.0,0.00016673643805131572,0.0,0.0,0.0,0.0,0.0036354330375410375,0.00339496549386298,0.0,6.515729590314869e-05,0.0010855490083564398,0.03312156029362849,0,0
6970,0.0,0.0,0.0,0.13706563706563707,0.0,0.4,0.5588235294117647,0.0,0.0,0.0,0.0,0.0,0.0,0.0,0.07236637005307314,0.0,0.009770786935533304,0.0,0.0008043294090493882,9.89901386388269e-06,0.0019351205030951806,0.00044483945101842306,0.0,0.654096530902368,0.4941606889234206,0.580754716981132,0.2450980392156863,0.39146833375985574,0.02587881446205903,0.020202020202020204,0.5,1.0,1.0,0.0,0.2,1.1513943674317077e-05,0.0,0.0,0.0,4.280696692073241e-05,0.0,0.0037133311241627424,0.0,0.0,0.00010713732047207958,0.001137295413232165,0.03312156029362849,0,2
5831,0.6000000000000227,0.0,0.0,0.03861003861003861,0.0,0.8,0.1176470588235294,0.0,0.0,0.0,0.0,0.0,0.0,0.0,0.0,0.0,0.009770786935533304,0.0,0.0008043294090493882,9.89901386388269e-06,0.0011069192939431054,0.00038741668609151657,5.171767828337499e-05,0.654127010265742,0.49402237825272405,0.3128301886792453,0.18737745098039216,0.39422244970082504,0.10395388182216933,0.020202020202020204,0.29999999999999716,0.0,1.0,0.0,0.35000000000000003,0.000507020854582958,0.0,0.0,0.0,0.0,0.0028327037351979986,0.003642941277392544,0.0,0.0,0.0022455603757685467,0.0011386194772077963,0.03312156029362849,0,2
5614,0.0,1.0,0.0,0.06756756756756757,0.2962962962962963,0.6000000000000001,0.5,0.0,0.0,0.0,0.0,1.0,0.0,0.0,0.0,0.0,0.009770786935533304,0.0,0.0008043294090493882,9.89901386388269e-06,0.0,4.3461803265950916e-05,2.240084467278227e-06,0.6541032722507882,0.4939994716517629,0.580754716981132,0.24497549019607845,0.40160738005581353,0.13409361488815089,0.24242424242424243,0.3999999999999986,0.0,0.0,0.0,0.5,0.0,0.005690064926285884,0.0,0.0,0.0,0.0,0.003635452277356576,0.01199514312016298,0.0,1.8930663120663537e-05,0.0010852432225423611,0.03312156029362849,0,0
3165,0.4000000000000341,1.0,0.0,0.10231660231660232,0.4444444444444444,0.6000000000000001,0.5,0.0,0.0,0.0,0.0,1.0,0.0,0.0,0.0,0.0,0.009770786935533304,0.0,0.0008043294090493882,9.89901386388269e-06,0.0,0.0,0.00012231296159196842,0.6540890006833237,0.4940286833809105,0.580754716981132,0.2450980392156863,0.3993346250868278,0.1342189360235604,0.020202020202020204,0.29999999999999716,0.0,1.0,0.0,0.45,0.0,0.0,0.0,0.0,0.0,0.00011427088705215443,0.0036354330375410375,0.0,0.0,0.0003978764912374054,0.0011077569695326188,0.03312156029362849,0,0
761,0.6000000000000227,1.0,0.0,0.20270270270270271,0.0,0.6000000000000001,0.5588235294117647,0.0,0.0,0.0,0.0,0.0,1.0,0.0,0.0,0.0,0.009770786935533304,0.0,0.0008043294090493882,9.89901386388269e-06,0.0,0.0,0.0,0.6540475046306921,0.4939322843641832,0.20339622641509433,0.08002450980392158,0.39068840712170516,0.04981515132527102,0.25252525252525254,0.14999999999999858,0.0,1.0,0.0,0.35000000000000003,0.0,0.0,0.0,0.0,0.0,0.0,0.0036354330375410375,0.0,0.0,0.00028196455258912637,0.0010825576210823542,0.03312156029362849,0,3
5648,0.8000000000000114,0.0,0.0,0.06756756756756757,0.0,0.8,0.029411764705882346,0.0,0.02,0.0,0.0,0.0,0.0,0.0,0.0,0.0,0.009770786935533304,0.0,0.0008043294090493882,9.89901386388269e-06,0.001619890710698581,0.0,0.0,0.6540047359816442,0.49388217639292914,0.580754716981132,0.2450980392156863,0.40287476084280827,0.1342189360235604,0.24242424242424243,0.3999999999999986,0.0,1.0,0.0,0.35000000000000003,0.00014418227344053426,0.0,0.0,0.0,0.0,0.0,0.0036354330375410375,0.0,0.0012833675564681726,0.0002713480320552407,0.0010909290839723068,0.03312156029362849,0,2
1591,0.20000000000004547,0.0,0.0,0.10424710424710425,0.0,0.0,0.4411764705882353,0.0,0.0,0.0,0.0,0.0,0.0,0.0,0.0,0.0,0.015964377325188666,0.0,0.0008043294090493882,9.89901386388269e-06,0.08072123998097053,0.01855594626857982,0.019360441095684904,0.6491429839748132,0.4912468381556105,0.580754716981132,0.24473039215686276,0.4016378459401163,0.13340434864339873,0.030303030303030304,0.6000000000000014,0.0,1.0,0.0,0.8,0.013462746530014077,0.0,0.039344921706651347,0.1715293435122556,0.012943778143526487,0.0,0.010569379708551221,0.0,0.0,0.050885852706138296,0.006323468174848222,0.07757070369200739,0,2
6308,0.8000000000000114,1.0,0.0,0.05791505791505792,0.0,0.6000000000000001,0.029411764705882346,0.0,0.0,0.0,0.0,0.0,0.0,0.0,0.0,0.0,0.009770786935533304,0.0,0.0008043294090493882,9.89901386388269e-06,0.010295578540659583,0.0023667154053810366,0.0,0.6536333422519337,0.4946569086836805,0.580754716981132,0.24497549019607845,0.3968973543426072,0.13196315558618962,0.020202020202020204,0.14999999999999858,1.0,1.0,0.0,0.8,0.0018577164274668628,0.0,0.0,0.0,0.0006142604108852154,0.0,0.003935807000971827,0.0,0.0,0.0007351748604886875,0.001438891530415191,0.03312156029362849,0,3
3546,0.4000000000000341,0.0,1.0,0.10231660231660232,0.0,0.4,0.23529411764705882,0.0,0.0,0.0,0.0,0.0,0.0,0.0,0.0,0.0,0.009770786935533304,0.0,0.0008043294090493882,9.89901386388269e-06,1.192956783152269e-05,0.0,0.0,0.6541133880835875,0.4940094380475141,0.349811320754717,0.2450980392156863,0.3954167123654932,0.1342189360235604,0.25252525252525254,0.6000000000000014,0.0,0.0,0.0,0.35000000000000003,0.0,0.0005319586232910829,0.0,0.0,0.0,0.0,0.00364428884977882,0.07556625044690415,0.0028234086242299797,0.00018334603052134536,0.001135078280199595,0.03312156029362849,0,4
1791,0.6000000000000227,0.0,0.0,0.10231660231660232,0.0,0.6000000000000001,0.0,0.0,0.0,0.0,0.0,0.0,0.0,0.0,0.0,0.0,0.009770786935533304,0.0,0.0008043294090493882,9.89901386388269e-06,0.0019452425606491998,0.0017840114579606775,0.0,0.6541283193072522,0.4940263935359821,0.29056603773584905,0.14926470588235297,0.39350345483127996,0.08459176640140362,0.24242424242424243,0.0,0.0,1.0,1.0,0.35000000000000003,7.195535908259829e-05,0.0,0.0,0.0,0.0,0.0,0.0036354330375410375,0.0,0.0,0.0006718338849660349,0.0010958131312786448,0.03312156029362849,0,2
4495,0.8000000000000114,1.0,0.0,0.10231660231660232,0.0,0.6000000000000001,0.0,0.0,0.0,0.0,0.0,0.0,0.0,0.0,0.0,0.0,0.009770786935533304,0.0,0.0008043294090493882,9.89901386388269e-06,0.0033735371819324164,0.0007754981798811739,0.0,0.6540953795687188,0.4939882149619716,0.3920754716981132,0.13811274509803922,0.3967815839822567,0.07926561814650042,0.25252525252525254,0.6499999999999986,0.0,1.0,0.0,0.55,0.0,0.0,0.0,0.0,0.0,0.0,0.003659983434817235,0.0,0.0,9.659754586976421e-05,0.0010869574372948789,0.03312156029362849,0,3
5912,0.6000000000000227,0.0,0.0,0.02316602316602317,0.0,0.6000000000000001,0.5294117647058824,0.0,0.0,0.0,0.0,1.0,0.0,0.0,0.0,0.0,0.009770786935533304,0.0,0.0008043294090493882,9.89901386388269e-06,0.0,0.0,0.0,0.6540981878288658,0.4939898934311139,0.5771698113207546,0.24460784313725495,0.4033378422842102,0.13033398082586628,0.24242424242424243,0.44999999999999574,0.0,1.0,1.0,0.35000000000000003,0.0,0.0,0.0,0.0,0.0,0.0,0.0036367503759314676,0.0,0.0,8.482983636232472e-05,0.0010855316595097988,0.033134373067171034,0,1
7383,0.6000000000000227,0.0,0.0,0.05791505791505792,0.0,0.6000000000000001,0.5588235294117647,0.0,0.0,0.0,0.0,0.0,0.0,0.0,0.0,0.0,0.014630724240986107,0.0,0.0008043294090493882,9.89901386388269e-06,0.04869758039444212,0.013935698968426205,0.0,0.6539783507275948,0.49377252003193334,0.2862264150943396,0.06568627450980394,0.3933754981172084,0.041982580362178085,0.020202020202020204,0.6999999999999957,0.0,1.0,0.0,0.45,0.0012057733113180755,0.0,0.0,0.0,0.0003853253084539346,0.0,0.003720750232623898,0.0,0.0,0.0038753369785945366,0.0016188336686380365,0.03332014588247956,0,2
3533,0.6000000000000227,1.0,0.0,0.10231660231660232,0.4444444444444444,0.6000000000000001,0.5,0.0,0.0,0.0,0.0,1.0,0.0,0.0,0.0,0.0,0.009770786935533304,0.0,0.0008043294090493882,9.89901386388269e-06,0.0,0.0009610626286247081,0.0,0.6541183601883569,0.49401494275863966,0.3920754716981132,0.2144607843137255,0.3967815839822567,0.11798984898803185,0.25252525252525254,0.04999999999999716,0.0,0.0,1.0,0.55,0.0,0.0025290111940494643,0.0,0.0,0.0,0.0,0.0036671504624299087,0.019930786141194142,0.0004620123203285421,4.591964905620412e-05,0.0010942554031228276,0.03312156029362849,0,0
6353,0.6000000000000227,0.0,0.0,0.10231660231660232,0.0,0.0,0.4411764705882353,0.0,0.0,0.0,0.0,0.0,0.0,0.0,0.0,0.0,0.009770786935533304,0.0,0.0008043294090493882,9.89901386388269e-06,0.0006131074861291661,0.0002025170450461231,0.0,0.6541091740367719,0.4940045031774387,0.2922641509433962,0.08872549019607845,0.39355829342302495,0.05420139106460306,0.24242424242424243,1.0,0.0,1.0,0.0,0.5,0.0,0.0,0.0,0.0,0.0,0.0,0.003642672705273601,0.0,0.0,4.717316593851833e-05,0.0010873835249683786,0.03312156029362849,0,2
3633,0.4000000000000341,0.0,0.0,0.03474903474903475,0.0,0.6000000000000001,0.5294117647058824,0.0,0.0,0.0,0.0,1.0,0.0,0.0,0.0,0.0,0.010552124822030724,0.0,0.0008043294090493882,9.89901386388269e-06,0.0,0.013255351390341424,0.0,0.6538816390323807,0.49409261077398114,0.580754716981132,0.24473039215686276,0.39841455538088455,0.12406792405539195,0.020202020202020204,0.6499999999999986,1.0,1.0,0.0,0.10000000000000002,0.00048501129951684,0.0,0.0,0.0,0.00036067413006265364,0.0,0.0038106567126865937,0.0,0.0,0.007095033463784363,0.00125684349005081,0.03312156029362849,0,1
3536,0.4000000000000341,0.0,0.0,0.06756756756756757,0.0,0.0,0.4411764705882353,0.0,0.0,0.0,0.0,0.0,0.0,0.0,0.0,0.0,0.009770786935533304,0.0,0.0008043294090493882,9.89901386388269e-06,0.0,0.0,0.0,0.6541033358640431,0.4939976965270201,0.580566037735849,0.24411764705882358,0.4028686676659477,0.13384297261733194,0.020202020202020204,0.5,0.0,1.0,0.0,0.8,6.788881883441673e-09,0.0,0.0,0.0,0.0,1.004658652767202e-05,0.0036392625461317573,0.0,0.0,1.995394220826697e-06,0.0010827623374727166,0.03312156029362849,0,2
6860,0.8000000000000114,1.0,0.0,0.10231660231660232,0.0,0.6000000000000001,0.0,0.0,0.0,0.0,0.0,0.0,0.0,0.0,0.0,0.0,0.010034588927374539,0.0,0.0008043294090493882,9.89901386388269e-06,0.00675647341730785,0.0015531569847813053,0.0,0.654109397345802,0.4940047512213291,0.2790566037735849,0.12573529411764708,0.39313177104278635,0.07318754307914031,0.030303030303030304,0.10000000000000142,0.0,1.0,0.0,0.10000000000000002,3.299396595352653e-05,0.0,1.6230779505868537e-05,2.2414725155914194e-05,6.102536161752675e-05,0.0,0.0036775309318867796,0.0,0.0,0.0007444867001858787,0.0011084120619817782,0.03312156029362849,0,3
7409,0.4000000000000341,1.0,0.0,0.015444015444015444,0.35185185185185186,0.6000000000000001,0.5,0.0,0.0,0.0,0.0,1.0,0.0,0.0,0.0,0.0,0.009770786935533304,0.0,0.0008043294090493882,9.89901386388269e-06,0.00023208431963144143,0.00020825101144258699,9.358333458930302e-05,0.654105828377149,0.49400040637740916,0.5026415094339622,0.2450980392156863,0.40035218562253994,0.13371765148192244,0.24242424242424243,0.14999999999999858,0.0,1.0,0.0,0.35000000000000003,0.0001858320637954489,0.0,0.0,0.0,0.0,0.0,0.0036354330375410375,0.0,0.0,0.00027073406460267863,0.0010907269946930072,0.03312156029362849,0,0
9022,0.4000000000000341,0.0,0.0,0.10424710424710425,0.0,0.6000000000000001,0.5588235294117647,0.0,0.0,0.0,0.0,0.0,0.0,0.0,0.0,0.0,0.009770786935533304,0.0,0.0008043294090493882,9.89901386388269e-06,0.0,0.0,0.0,0.6538701578338352,0.4937245039363055,0.580754716981132,0.13186274509803922,0.40287476084280827,0.07632057146437748,0.020202020202020204,0.3999999999999986,0.0,0.0,0.0,0.35000000000000003,1.140532156418201e-06,0.0,0.0,0.0,1.4868964743947271e-06,0.0,0.0036354330375410375,0.0,0.0,0.0017523142735665013,0.001087246518648049,0.03312156029362849,1,2
9012,0.8000000000000114,0.0,0.0,0.03474903474903475,0.0,0.6000000000000001,0.5294117647058824,0.0,0.0,0.0,0.0,1.0,0.0,0.0,0.0,0.0,0.009770786935533304,0.0,0.0008043294090493882,9.89901386388269e-06,0.00602009373025295,0.008688538008925875,0.0,0.6540579779567309,0.49394455496734163,0.42849056603773583,0.24093137254901964,0.3983719031428607,0.13208847672159912,0.020202020202020204,0.3999999999999986,0.0,1.0,0.0,0.45,0.0,0.0,0.0002519299253736986,0.0,0.0,9.052769515042595e-05,0.0036354330375410375,0.0,0.0,0.002780453936836052,0.001077673920752949,0.03312156029362849,1,1
5202,0.6000000000000227,0.0,1.0,0.03474903474903475,0.0,0.6000000000000001,0.23529411764705882,0.0,0.0,0.0,0.0,0.0,0.0,0.0,0.0,0.0,0.023997974944604816,0.00014824011970599723,0.003443565984618138,3.445423639330948e-05,0.1867002670777186,0.04291807366983406,0.0,0.6608607472937826,0.5018132509131387,0.3366037735849057,0.2425245098039216,0.3949719104546729,0.13146187104455168,0.04040404040404041,0.3999999999999986,0.0,1.0,0.0,0.25000000000000006,0.028961899647549087,0.0,0.0,0.0,0.0010301062259188312,0.0,0.008387390657752767,0.0,0.02053511293634497,0.013211991193660172,0.004460877361866226,0.03343357092306177,0,4
6718,0.6000000000000227,0.0,0.0,0.10231660231660232,0.0,0.8,0.029411764705882346,0.0,0.0,0.0,0.0,0.0,0.0,0.0,0.0,0.0,0.009770786935533304,0.0,0.0008043294090493882,9.89901386388269e-06,0.0,0.0,0.0,0.6540999544219643,0.49399373481192616,0.530566037735849,0.23933823529411768,0.40125397579790156,0.13127388934143747,0.24242424242424243,0.5,0.0,1.0,1.0,0.4,0.0,0.0,0.0,0.0,0.0,0.0,0.0036354330375410375,0.0,0.0,8.470192647637428e-05,0.001085852811445188,0.03312156029362849,0,2
9324,0.8000000000000114,0.0,0.0,0.20463320463320464,0.0,0.8,0.1176470588235294,0.0,0.0,0.0,0.0,0.0,0.0,0.0,0.0,0.0,0.01001180404428665,0.0,0.0008043294090493882,0.06711642738314204,0.011807741638818958,0.011494525100853406,0.0,0.6539931789110395,0.49644077124799996,0.580754716981132,0.2450980392156863,0.3936923433139571,0.13403095432044615,0.020202020202020204,0.29999999999999716,0.0,1.0,0.0,0.45,0.0003292607713469211,0.0,0.0015275078948628574,0.0,0.000106430484482991,0.0,0.003637650328119505,0.0,0.0,0.0029751839472069853,0.0015401756832848592,0.03312156029362849,1,2
4171,0.4000000000000341,1.0,1.0,0.02316602316602317,0.0,0.6000000000000001,0.2647058823529412,0.0,0.0,0.0,0.0,0.0,0.0,0.0,0.0,0.0,0.00983298635548195,0.0,0.0008043294090493882,9.89901386388269e-06,0.0,1.096932701932222e-05,0.0,0.6540989757055328,0.4939844667431839,0.580754716981132,0.24485294117647063,0.39977942699764807,0.10025690832758946,0.020202020202020204,0.6000000000000014,0.0,1.0,0.0,0.45,0.0,0.0,0.0,0.0,0.0,0.0,0.0036468273274819886,0.0,0.0,7.050392913587663e-05,0.0011228543324245707,0.03312156029362849,0,4
6562,0.6000000000000227,0.0,0.0,0.03861003861003861,0.0,0.6000000000000001,0.5588235294117647,0.0,0.0,0.0,0.0,0.0,0.0,0.0,0.0,0.0,0.009770786935533304,0.0,0.0008048752246128511,9.89901386388269e-06,0.0001742439907513314,4.005466381297962e-05,0.0,0.6540974228132123,0.49399022143907534,0.580754716981132,0.2450980392156863,0.40287476084280827,0.13346700921110347,0.020202020202020204,0.3500000000000014,0.0,1.0,0.0,0.5,0.0,0.0,0.0,0.0,0.0,1.8177816631003694e-05,0.003640689433675967,0.0,0.0,9.33486347666233e-05,0.0010962948839657951,0.03312156029362849,0,2
9427,0.20000000000004547,0.0,1.0,0.0694980694980695,0.0,0.6000000000000001,0.23529411764705882,0.0,0.0,0.0,0.0,0.0,0.0,0.0,0.0,0.0,0.009770786935533304,2.424656208956392e-05,0.0008689227823026322,9.89901386388269e-06,0.0,0.0,0.0,0.6500929604679596,0.4924609765104757,0.580566037735849,0.24350490196078436,0.39330847317174233,0.09449213609875307,0.030303030303030304,0.5,1.0,1.0,0.0,0.25000000000000006,0.00018543151976432585,0.0,0.01642756510584031,0.0,0.0,0.002557506769700796,0.005337263042883377,0.0,0.0,0.000626911933020244,0.00218892222175171,0.041098744489068854,1,4
10880,0.0,1.0,1.0,0.03474903474903475,0.0,0.6000000000000001,0.23529411764705882,0.0,0.0,0.0,0.0,0.0,0.0,0.0,0.0,0.0,0.009770786935533304,0.0,0.0008043294090493882,9.89901386388269e-06,0.0,0.0,0.00014995516895032404,0.6540991758222303,0.494360180260164,0.20339622641509433,0.2450980392156863,0.39068840712170516,0.11579672911836582,0.020202020202020204,0.5,0.0,1.0,0.0,0.4,7.820791929724807e-06,0.0,0.0,0.0,1.3867266066460298e-05,0.0,0.0036354330375410375,0.0,0.0,0.00024264505364796437,0.00112957795229244,0.03312156029362849,1,4
2251,0.0,0.0,0.0,0.15405405405405406,0.0,0.0,0.7941176470588235,0.3333333333333333,0.0,0.0,0.0,0.0,0.0,0.0,0.0,0.0,0.009770786935533304,0.0,0.001158704062310305,9.89901386388269e-06,0.037504753752029836,0.01727203640154551,0.0,0.654415675951461,0.4943570962089763,0.3992452830188679,0.24007352941176474,0.39696437928807327,0.12926875117488565,0.020202020202020204,0.6000000000000014,0.0,1.0,0.0,0.55,0.0007069126927590145,0.0,0.0,0.0,0.00031051093847912623,0.0,0.003775638677809658,0.0,0.0,0.004881015665891192,0.0012449497156114282,0.03312156029362849,0,2
2033,0.6000000000000227,0.0,1.0,0.0694980694980695,0.0,0.6000000000000001,0.23529411764705882,0.0,0.0,0.0,0.0,0.0,0.0,0.0,0.0,0.0,0.022713518546541172,3.7319190974936363e-06,0.0008623262113499229,9.89901386388269e-06,0.03747764109786728,0.008615242960205858,0.000860388170970815,0.6543632334492075,0.4945015916735776,0.39264150943396225,0.14644607843137256,0.39614789358875935,0.07782442508929133,0.030303030303030304,0.3999999999999986,1.0,1.0,0.0,0.05,0.0,0.0,9.57716803141311e-06,4.175291940807546e-05,0.0,1.0082725328131273e-05,0.004173312707560013,0.0,0.0,0.00035052425145855646,0.001902133493881067,0.03315970594927781,0,4
5785,0.4000000000000341,0.0,0.0,0.05791505791505792,0.0,0.2,0.5294117647058824,0.0,0.0,0.0,0.0,1.0,0.0,0.0,0.0,0.0,0.009770786935533304,0.0,0.001085861076683578,9.89901386388269e-06,0.0398534326066178,0.009161465585190744,0.0,0.6546077787042128,0.4945296652733253,0.28320754716981134,0.1045343137254902,0.3932597277568579,0.061532677486058035,0.030303030303030304,0.10000000000000142,0.0,1.0,0.0,0.45,0.0003569186761400625,0.0,0.0002915491573352286,0.0012710467676647812,0.0,0.0007959209413145633,0.0038753680653279094,0.0,0.0,0.0036586576317945096,0.0018166934478309072,0.033250253517317155,0,1
5213,0.8000000000000114,0.0,0.0,0.20463320463320464,0.0,0.6000000000000001,0.029411764705882346,0.0,0.0,0.0,0.0,0.0,0.0,0.0,0.0,0.0,0.009805596337503112,7.036086064514318e-05,0.0008043294090493882,9.89901386388269e-06,0.10626027569592761,0.02442677994989843,0.0025460191100083514,0.6515050749988778,0.4974061340024348,0.580566037735849,0.24240196078431378,0.3951668921142106,0.08653424400025066,0.030303030303030304,0.29999999999999716,1.0,1.0,0.0,0.10000000000000002,0.01283108180405113,0.0,0.0,0.0,0.0,0.003190839247749185,0.004454098575526306,0.0,0.0,0.006229083535899956,0.003826624942109557,0.033163723892200556,0,2
6043,0.0,0.0,0.0,0.11081081081081082,0.0,0.0,0.7941176470588235,0.3333333333333333,0.0,0.0,0.0,0.0,0.0,0.0,0.0,0.0,0.009770786935533304,0.0,0.0008043294090493882,9.89901386388269e-06,0.024007713007856164,0.005518818005153091,0.0,0.6539043814336322,0.49401649584722396,0.27999999999999997,0.0625,0.39290632349894594,0.040792029575787966,0.020202020202020204,0.29999999999999716,0.0,1.0,0.0,0.45,0.00010473886969773813,0.0,0.0,0.0,0.0,9.743020603814306e-05,0.0036576679819145925,0.0,0.0,0.002326399423689218,0.0014140465445495994,0.03312156029362849,0,2
5426,0.20000000000004547,0.0,1.0,0.03474903474903475,0.0,0.6000000000000001,0.23529411764705882,0.0,0.0,0.0,0.0,0.0,0.0,0.0,0.0,0.0,0.01037210317639179,0.0,0.001025665417398807,9.89901386388269e-06,0.0,0.0,0.0,0.6540421339491227,0.4939002013038039,0.580754716981132,0.2450980392156863,0.3952461034133977,0.05927689704868726,0.020202020202020204,0.14999999999999858,0.0,1.0,0.0,0.4,0.0,0.0,0.0,0.0,0.0,4.278833974375422e-05,0.0036598530752507304,0.0,0.0,0.0,0.0012414135745528192,0.03312156029362849,0,4
12312,0.0,1.0,1.0,0.03861003861003861,0.0,0.8,0.23529411764705882,0.0,0.23367216400000002,0.0,0.0,0.0,0.0,0.0,0.0,0.0,0.009770786935533304,0.0,0.0008043294090493882,9.89901386388269e-06,0.030165177519199372,0.020654993474496938,0.0,0.6535465389838025,0.49362914484067727,0.27962264150943394,0.12144607843137256,0.39276618043115324,0.07036781753242685,0.020202020202020204,0.9499999999999957,0.0,1.0,0.0,0.45,0.0,0.0,0.0038619173994460364,0.01683653512299531,0.0,0.0017620556327922028,0.003699802785294224,0.0,0.011930467145790555,0.00440368155350138,0.0013436273777617717,0.03312156029362849,1,4
8525,0.8000000000000114,1.0,0.0,0.05791505791505792,0.0,0.6000000000000001,0.20588235294117646,0.0,0.0,0.0,0.0,0.0,0.0,0.0,0.0,0.0,0.010570259421846384,0.0009288441096425609,0.0008043294090493882,0.006815531775429636,0.0,0.0,0.0,0.6534905487173144,0.49402139733424055,0.580754716981132,0.24485294117647063,0.39927978649508283,0.13359233034651294,0.020202020202020204,0.0,0.0,1.0,0.0,0.45,0.00016247152123452613,0.0,0.0,0.0,0.0,0.00017151474697960938,0.003672902774626571,0.0,0.0,0.0058140671199451936,0.001461968916648744,0.03395266434656422,0,3
4095,0.6000000000000227,1.0,0.0,0.0694980694980695,0.3333333333333333,0.6000000000000001,0.5,0.0,0.0,0.0,0.0,1.0,0.0,0.0,0.0,0.0,0.010510768904774766,0.0,0.0008043294090493882,9.89901386388269e-06,0.11202370296677507,0.027360576321793516,0.0,0.6537860445449551,0.49426946218605866,0.4949056603773585,0.19754901960784318,0.3988045186999598,0.10978131461871048,0.020202020202020204,0.5499999999999972,0.0,1.0,0.0,0.45,0.0,0.0,0.0,0.0,0.0009315484669792144,0.0,0.0037708086988109454,0.0,0.0,0.008666636650480097,0.001768566706318333,0.03317860516228481,0,0
2436,0.20000000000004547,1.0,0.0,0.10424710424710425,0.2962962962962963,0.6000000000000001,0.5,0.0,0.0,0.0,0.0,1.0,0.0,0.0,0.0,0.0,0.009770786935533304,0.0,0.0008043294090493882,9.89901386388269e-06,0.0011774121947657394,0.0020555023016889024,0.0,0.6541151149184018,0.49401094882501223,0.3920754716981132,0.19411764705882356,0.3967815839822567,0.10639764396265432,0.24242424242424243,0.10000000000000142,0.0,1.0,0.0,0.55,0.00010904302081184016,0.0,0.0,0.0,0.0,0.0,0.0036354330375410375,0.0,0.0,0.00029769746856102915,0.0010887414439790261,0.03312156029362849,0,0
6463,0.0,0.0,0.0,0.1310810810810811,0.0,0.0,0.7941176470588235,0.3333333333333333,0.0,0.0,0.0,0.0,0.0,0.0,0.0,0.0,0.01233623835576217,2.683271655186214e-05,0.0008114562008351759,0.0011433765880427202,0.05655085104813906,0.01556688775677678,0.002205765503303809,0.6531014015883926,0.4967700570818708,0.579811320754717,0.2433823529411765,0.39253463971045227,0.053512124819850876,0.030303030303030304,0.29999999999999716,1.0,1.0,0.0,0.10000000000000002,0.01522431881224764,0.0,0.0,0.0,0.0,0.0017649105980284837,0.005648858137915273,0.0,0.0,0.0064546654107621336,0.00246189641001916,0.0331252111652225,0,2
3821,0.4000000000000341,1.0,0.0,0.03861003861003861,0.537037037037037,1.0,0.5,0.0,0.0,0.0,0.0,1.0,0.0,0.0,0.0,0.0,0.009770786935533304,0.0,0.0008062163714259316,9.89901386388269e-06,0.0,0.0,0.0,0.6535001337770184,0.49376824311865636,0.580754716981132,0.2450980392156863,0.39270524866254775,0.13171251331537065,0.020202020202020204,0.3999999999999986,0.0,1.0,0.0,0.2,0.0,0.0,0.0,0.0,0.0,0.0,0.003679008078540967,0.0,0.002118993839835729,0.003879123111218669,0.0011605884704135308,0.03312156029362849,0,0
2544,0.4000000000000341,1.0,0.0,0.06756756756756757,0.2962962962962963,0.6000000000000001,0.5,0.0,0.0,0.0,0.0,1.0,0.0,0.0,0.0,0.0,0.010651902744667919,0.0,0.0008043294090493882,9.89901386388269e-06,0.0,2.8337428133249068e-05,0.0,0.6540612305157049,0.4939482286565097,0.580754716981132,0.2450980392156863,0.40287476084280827,0.1339682937527414,0.25252525252525254,0.75,0.0,0.0,0.0,0.5,0.0,0.0,0.0,0.0,0.0,0.0,0.003641322384342248,0.011017881804441616,0.0,0.000660859216751488,0.0010858202451816364,0.03312156029362849,0,0
1074,0.0,0.0,0.0,0.02316602316602317,0.0,0.6000000000000001,0.029411764705882346,0.0,0.0,0.0,0.0,0.0,0.0,0.0,0.0,0.0,0.009770786935533304,0.0,0.0008043294090493882,9.89901386388269e-06,0.0015963930770910362,0.0005815405339486128,0.0,0.6543049053956032,0.4942180324785813,0.2822641509433962,0.07316176470588236,0.39324754140313684,0.04624349896610064,0.020202020202020204,1.0,0.0,1.0,0.0,0.45,0.0004904763494330105,0.0,0.0,0.0,0.00010790172941555,0.0,0.0034692308726364716,0.0,0.0,0.0016507282421446702,0.0013658985878759902,0.03324965330609042,0,2
8741,0.4000000000000341,0.0,1.0,0.0501930501930502,0.0,0.6000000000000001,0.23529411764705882,0.0,0.0,0.0,0.0,0.0,0.0,0.0,0.0,0.0,0.010116758981311053,0.0,0.0008043294090493882,9.89901386388269e-06,0.00027401855806952116,0.0002977507478047842,0.0,0.654112344759944,0.4940082172368174,0.3924528301886792,0.19522058823529415,0.39679377033597785,0.10865342440002508,0.020202020202020204,0.6000000000000014,0.0,1.0,0.0,0.55,0.0,0.0,1.5121844260125966e-06,6.592566222327703e-06,0.0,2.529716032147631e-07,0.0036354330375410375,0.0,0.0,0.00022900985980564862,0.0010921555978616832,0.03312156029362849,0,4
3637,0.8000000000000114,0.0,1.0,0.10231660231660232,0.0,0.6000000000000001,0.2941176470588235,0.0,0.0,0.0,0.0,0.0,0.0,0.0,0.0,0.0,0.009770786935533304,0.0,0.0008043294090493882,9.89901386388269e-06,0.0,0.0,0.0,0.6541388509454414,0.49403878292072184,0.3920754716981132,0.16004901960784315,0.3967815839822567,0.09041919919794475,0.24242424242424243,0.3999999999999986,0.0,1.0,0.0,0.55,0.0,0.0,0.0,0.0,0.0,0.0,0.0036618767897259245,0.0,0.0,0.0,0.0011076469282767824,0.03312156029362849,0,4
6640,0.4000000000000341,0.0,0.0,0.03474903474903475,0.0,0.4,0.0,0.0,0.0,0.0,0.0,0.0,0.0,0.0,0.0,0.0,0.010728369053102246,0.0,0.0008043294090493882,9.89901386388269e-06,0.007591543165514439,0.0021095179271628374,0.0,0.6539414162754474,0.4941228255475931,0.580754716981132,0.24473039215686276,0.39134647022264474,0.08841406103139296,0.25252525252525254,0.29999999999999716,1.0,1.0,0.0,0.10000000000000002,0.0006328731469381996,0.0,0.0,0.0,0.0,0.0,0.0036354330375410375,0.0,0.0002566735112936345,0.0007301096290050505,0.0011403019187868947,0.03314636241043559,0,2
785,1.0,0.0,0.0,0.2953667953667954,0.0,0.6000000000000001,0.029411764705882346,0.0,0.0,0.0,0.0,0.0,1.0,0.0,0.0,0.0,0.01144139743871728,0.0,0.0008043294090493882,9.89901386388269e-06,0.036549665321397015,0.0054585698075090856,0.0,0.6540547300362236,0.49389483167761394,0.48188679245283017,0.2450980392156863,0.39987082465055634,0.11773920671721289,0.020202020202020204,0.6499999999999986,0.0,1.0,0.0,0.35000000000000003,0.0,0.0,0.0,0.0,0.0,0.00011369266624480639,0.003680742017835196,0.0,0.0,0.0005928623213802398,0.0011142430589059082,0.03317860516228481,0,2
1801,0.6000000000000227,0.0,0.0,0.10231660231660232,0.0,0.6000000000000001,0.47058823529411764,0.0,0.0,0.0,0.0,0.0,0.0,0.0,0.0,0.0,0.00995667787073913,0.0,0.0008043294090493882,9.89901386388269e-06,0.0,0.0,3.7646468086005935e-05,0.6538558902421989,0.49370846260020346,0.580566037735849,0.24497549019607845,0.402838201781645,0.1339682937527414,0.020202020202020204,0.6499999999999986,0.0,1.0,0.0,0.45,0.0002636054946521567,0.0,6.824992376070186e-05,0.00029754448883439035,0.00012965737256722022,0.0,0.003697330272672901,0.0,0.0,0.0038613692190487495,0.0012252264562511545,0.03312156029362849,0,2
6181,0.6000000000000227,0.0,0.0,0.02316602316602317,0.0,0.0,0.4411764705882353,0.0,0.0,0.0,0.0,0.0,0.0,0.0,0.0,0.0,0.009770786935533304,2.1933208730883655e-06,0.0008043294090493882,9.89901386388269e-06,0.0,0.00017185278996938145,0.0,0.6541000700523077,0.49401361131803884,0.580754716981132,0.24485294117647063,0.3941188656941957,0.1056457171501974,0.020202020202020204,0.29999999999999716,1.0,1.0,0.0,0.2,1.2355765027863845e-06,0.0,0.00015444443604341985,0.0005142201653415609,1.3742053731774426e-05,0.0,0.00364455663659917,0.0,0.0,0.00010521867218282314,0.0010869924819650934,0.03312156029362849,0,2
10959,0.4000000000000341,0.0,1.0,0.0694980694980695,0.0,0.8,0.2941176470588235,0.0,0.0,0.0,0.0,0.0,0.0,0.0,0.0,0.0,0.010823481643006783,0.0003836456480400037,0.0008043294090493882,9.89901386388269e-06,0.010600686275502163,0.0024368526175348845,0.0,0.6538204444064791,0.4942076173524118,0.580754716981132,0.2450980392156863,0.4020948342046577,0.13409361488815089,0.020202020202020204,0.3999999999999986,0.0,1.0,0.0,0.45,0.0,0.0,0.0,0.0,0.0,5.4930976698062844e-05,0.0036784002574296744,0.0,0.0,0.003685902437501951,0.002379595117303267,0.03312156029362849,1,4
2197,0.8000000000000114,1.0,0.0,0.03474903474903475,0.0,0.6000000000000001,0.029411764705882346,0.0,0.0,0.0,0.0,0.0,0.0,0.0,0.0,0.0,0.009770786935533304,0.0,0.0008043294090493882,9.89901386388269e-06,0.009978541237985479,0.005038078938435067,0.0,0.6540268733943364,0.49402716833348626,0.580754716981132,0.24497549019607845,0.39836580996600013,0.13409361488815089,0.020202020202020204,0.5,0.0,1.0,0.0,0.45,0.0,0.0,0.00011220408441013467,0.0004891684136967156,0.0,0.00015059038151370255,0.0036551825118664783,0.0,0.0012833675564681726,0.0006152977153759451,0.0011288450874421963,0.03312156029362849,0,3
12365,0.20000000000004547,0.0,1.0,0.10231660231660232,0.0,0.6000000000000001,0.23529411764705882,0.0,0.0,0.0,0.0,0.0,0.0,0.0,0.0,0.0,0.009770786935533304,0.0,0.0008043294090493882,9.89901386388269e-06,0.0,0.0,0.0,0.6540052521767019,0.49396203915029896,0.5766037735849057,0.24325980392156868,0.4019242252525622,0.1332163669402845,0.24242424242424243,0.9499999999999957,0.0,1.0,0.0,0.45,0.00019781444031972346,0.0,0.0,0.0,0.0,0.0,0.0036354330375410375,0.0,0.0,0.0,0.0012593298771832464,0.03312156029362849,1,4
2985,0.8000000000000114,1.0,0.0,0.05791505791505792,0.0,0.6000000000000001,0.029411764705882346,0.0,0.0,0.0,0.0,0.0,0.0,0.0,0.0,0.0,0.010130664682746463,0.0,0.0008954026344957776,9.89901386388269e-06,0.05908787247364288,0.020834325351070403,0.0,0.653238160809414,0.4927652584333077,0.5783018867924529,0.2450980392156863,0.4014367711037181,0.11798984898803185,0.020202020202020204,0.3999999999999986,0.0,1.0,0.0,0.4,0.0001617043775816972,0.0,0.00015777124178064758,0.0006878244091961905,0.0,3.798187928267372e-05,0.003809139123154846,0.0,0.0,0.015844274318611247,0.0016074025135863668,0.033591699298977096,0,3
6475,0.4000000000000341,0.0,0.0,0.02316602316602317,0.0,0.0,0.4411764705882353,0.0,0.0,0.0,0.0,0.0,0.0,0.0,0.0,0.0,0.009770786935533304,0.0,0.0008043294090493882,9.89901386388269e-06,0.00033330489517163395,8.160514494677591e-05,0.0,0.6540284524608607,0.4939067257509232,0.20339622641509433,0.2450980392156863,0.39068840712170516,0.1297700357165236,0.020202020202020204,0.9499999999999957,0.0,1.0,0.0,0.55,0.0,0.0,0.0,0.0,0.0,0.0,0.0036354330375410375,0.0,0.0011421971252566735,2.1795844565953154e-05,0.0010825576210823542,0.03312156029362849,0,2
1920,0.6000000000000227,0.0,0.0,0.31660231660231664,0.0,0.4,0.029411764705882346,0.0,0.0,0.0,0.0,0.0,0.0,0.0,0.0,0.0,0.01478236260425796,2.9146069910542408e-05,0.0009639882587274935,0.0002943488979300332,0.009436288154734448,0.002169184418070969,0.0,0.6537388975148499,0.49426518566095673,0.580754716981132,0.23897058823529416,0.3988593572917048,0.12012030828999312,0.030303030303030304,0.3999999999999986,0.0,1.0,0.0,0.2,0.0,0.0,0.0,0.0,0.0,0.00102359538420785,0.004312780559800134,0.0,0.0,0.0029114848240036715,0.0014895982932639287,0.03329460962301497,0,2
12356,0.20000000000004547,0.0,1.0,0.10231660231660232,0.0,0.6000000000000001,0.32352941176470584,0.0,0.0,0.0,0.0,0.0,0.0,0.0,0.0,0.0,0.009770786935533304,3.9447039583156425e-05,0.0009896571849406367,9.89901386388269e-06,0.0001829200400833479,4.2049086907401845e-05,9.897693602507972e-05,0.6540060446918354,0.49382643017831435,0.580754716981132,0.2450980392156863,0.40231418857163753,0.10570837771790213,0.030303030303030304,0.9499999999999957,0.0,1.0,0.0,0.7,0.0008853380864196286,0.0,0.0,0.0,0.0,0.0012411871017730055,0.0036530975441009987,0.0,0.0,0.001527269620225316,0.0010978173196107314,0.03312156029362849,1,4
10374,0.4000000000000341,0.0,1.0,0.02316602316602317,0.0,0.4,0.23529411764705882,0.0,0.1303996,0.0,0.0,0.0,0.0,0.0,0.0,0.0,0.009770786935533304,0.0,0.0008043294090493882,9.89901386388269e-06,0.0,0.0,0.0,0.6521375415023726,0.49169443937248386,0.2788679245283019,0.2087009803921569,0.3931256778659258,0.11560874741525161,0.020202020202020204,0.14999999999999858,0.0,1.0,0.0,0.75,0.0,0.0,0.0,0.0,2.9017958563450783e-05,0.0,0.0036354330375410375,0.0,0.021740246406570844,0.0045581711137523085,0.0010884148891171118,0.03312156029362849,1,4
5212,0.0,0.0,0.0,0.10231660231660232,0.0,0.8,0.5588235294117647,0.0,0.0,0.0,0.0,0.0,0.0,0.0,0.0,0.0,0.009770786935533304,0.0,0.0008043294090493882,9.89901386388269e-06,0.08056073306832823,0.018519049441333004,0.0,0.6538035984901068,0.4939797678835707,0.580754716981132,0.24485294117647063,0.3924310557038229,0.05645717150197381,0.020202020202020204,0.14999999999999858,0.0,1.0,0.0,0.10000000000000002,9.1717794245297e-05,0.0,1.3105598358775836e-06,0.0,0.0,1.6262460206663342e-06,0.004053410569774478,0.0,0.0,0.0016541818090653319,0.0012738058539566554,0.03312156029362849,0,2
3241,0.0,0.0,0.0,0.03474903474903475,0.0,0.6000000000000001,0.029411764705882346,0.0,0.0,0.0,0.0,0.0,0.0,0.0,0.0,0.0,0.009770786935533304,0.0,0.0008043294090493882,9.89901386388269e-06,0.0,0.0,0.0,0.6540982812608338,0.4939917745276596,0.20339622641509433,0.2450980392156863,0.39068840712170516,0.1342189360235604,0.24242424242424243,0.5,0.0,0.0,0.0,0.35000000000000003,0.0,0.0,0.0,0.0,0.0,0.0,0.0036354330375410375,0.0008093512469330732,0.0,8.009717058215882e-05,0.0010825576210823542,0.03312156029362849,0,2
1755,0.0,0.0,0.0,0.03581081081081081,0.0,0.0,0.7941176470588235,0.3333333333333333,0.0,0.0,0.0,0.0,0.0,0.0,0.0,0.0,0.009770786935533304,0.0,0.0008043294090493882,9.89901386388269e-06,0.0,0.0,0.0,0.6541029518652807,0.49399724663207656,0.580754716981132,0.2450980392156863,0.40287476084280827,0.1342189360235604,0.020202020202020204,0.29999999999999716,0.0,1.0,0.0,0.35000000000000003,0.0,0.0,0.0,0.0,0.0,0.0,0.0036354330375410375,0.0,0.0,7.955994906116702e-06,0.0010844985109082683,0.03312156029362849,0,2
7380,0.20000000000004547,1.0,0.0,0.06756756756756757,0.0,0.6000000000000001,0.029411764705882346,0.0,0.0,0.0,0.0,0.0,0.0,0.0,0.0,0.0,0.01007623078437863,0.0,0.0008043294090493882,9.89901386388269e-06,0.0009239992538597574,0.00028063194957766015,2.3640503067295463e-05,0.654115321330161,0.4940117387613454,0.3920754716981132,0.19068627450980397,0.3967815839822567,0.10639764396265432,0.24242424242424243,0.3999999999999986,0.0,0.0,0.0,0.55,0.0,0.002171778901175334,0.0,0.0,0.0,0.0,0.0036354330375410375,0.008491738925021822,0.0,2.9956495289590542e-05,0.0010883768207907683,0.03312156029362849,0,3
140,0.20000000000004547,0.0,0.0,0.03474903474903475,0.0,0.6000000000000001,0.029411764705882346,0.0,0.0,0.0,0.0,0.0,0.0,0.0,0.0,0.0,0.009770786935533304,0.0,0.00082848564641522,1.3441605737460339e-05,0.008923316737978972,0.002180735451826164,0.0,0.6540146699202929,0.4941185684312463,0.580754716981132,0.24497549019607845,0.3911636749168282,0.11404223322263302,0.24242424242424243,0.5,1.0,1.0,0.0,0.25000000000000006,0.0010980201780640894,0.0,0.0,0.0,0.0,0.0,0.0036354330375410375,0.0,0.0,0.00024425671821093976,0.0011156464318947546,0.03312924398941533,0,2
3914,0.8000000000000114,1.0,0.0,0.15830115830115832,0.0,0.4,0.1764705882352941,0.0,0.0,0.0,0.0,0.0,0.0,0.0,0.0,0.0,0.009770786935533304,0.0,0.0008043294090493882,9.89901386388269e-06,0.019364942109060833,0.004451635447712667,0.0,0.6543589080791959,0.49429686307835413,0.2833962264150943,0.1302696078431373,0.39327191411057905,0.07544332351651106,0.020202020202020204,0.7999999999999972,0.0,1.0,0.0,0.35000000000000003,0.00019467118800768998,0.0,0.0014367768293021017,0.003227720422451644,0.00014167775669706391,0.0,0.0037562425878512476,0.0,0.0,0.0005291120342225458,0.0011655282323016526,0.03312156029362849,0,3
7706,0.4000000000000341,1.0,1.0,0.015444015444015444,0.0,0.6000000000000001,0.2647058823529412,0.0,0.0,0.0,0.0,0.0,0.0,0.0,0.0,0.0,0.010201562690822456,0.0,0.0008043294090493882,9.89901386388269e-06,0.02457852475349175,0.005330677426579261,0.0,0.6540815741671375,0.49398913881871503,0.3230188679245283,0.08921568627450982,0.39450273583641043,0.054326712200012534,0.020202020202020204,0.14999999999999858,0.0,1.0,0.0,0.45,0.0,0.0,0.0,0.0,0.0,0.0010806224113325495,0.0036856473854988752,0.0,0.0,0.0009182394892609418,0.0013334305683645334,0.03312156029362849,0,4
272,0.6000000000000227,1.0,0.0,0.0694980694980695,0.3333333333333333,0.6000000000000001,0.5,0.0,0.0,0.0,0.0,1.0,0.0,0.0,0.0,0.0,0.011638831310071332,0.0,0.0014741230790703513,9.909135554950055e-06,0.0,0.0009613950324737785,0.005388903782913283,0.6540162181741469,0.49387137115078183,0.5781132075471698,0.2450980392156863,0.4020948342046577,0.1267623284666959,0.020202020202020204,0.29999999999999716,0.0,1.0,0.0,0.4,0.003419071005193963,0.0,0.008088170433266042,0.03526143920115678,0.0,0.0009279721181926696,0.00404894182812873,0.0,0.0,0.008698460630104564,0.0023661545196973846,0.03317530648074947,0,0
9104,0.0,0.0,0.0,0.06756756756756757,0.0,0.8,0.029411764705882346,0.0,0.0,0.0,0.0,0.0,0.0,0.0,0.0,0.0,0.009770786935533304,0.0,0.0008043294090493882,9.89901386388269e-06,0.011807018634707957,0.0027136619228482354,0.0,0.6535523542955178,0.49334270810364766,0.40452830188679245,0.23995098039215687,0.3971837336550531,0.1298953568519331,0.030303030303030304,1.0,0.0,1.0,0.0,0.05,0.0,0.0,0.00020424570980676803,0.0008904359444290618,0.0,0.00022568680886802796,0.003672018921059698,0.0,0.006628028747433266,0.0018688401796673423,0.0010860096945869548,0.03312156029362849,1,2
7189,0.4000000000000341,0.0,1.0,0.10424710424710425,0.0,0.6000000000000001,0.23529411764705882,0.0,0.0,0.0,0.0,0.0,0.0,0.0,0.0,0.0,0.009770786935533304,0.0,0.0008043294090493882,9.89901386388269e-06,0.006721046215868783,0.0015624642925552755,0.0,0.6539140354076955,0.494290646454091,0.580754716981132,0.24497549019607845,0.3947952083257169,0.12287737326900185,0.020202020202020204,0.6000000000000014,1.0,1.0,0.0,0.25000000000000006,0.00011968798760507669,0.0,0.0,0.0,0.0,0.0,0.0038476077600511855,0.0,0.0,0.0008035299035405968,0.001198736898860275,0.03312463575611257,0,4
6796,0.20000000000004547,0.0,1.0,0.02316602316602317,0.0,0.6000000000000001,0.32352941176470584,0.0,0.0,0.0,0.0,0.0,0.0,0.0,0.0,0.0,0.009770786935533304,0.0,0.0008043294090493882,9.89901386388269e-06,0.0,1.578918283084259e-05,2.870787860977922e-06,0.6540835282868103,0.4939939300640026,0.580754716981132,0.2450980392156863,0.39140740199125024,0.1342189360235604,0.29292929292929293,0.0,0.0,1.0,0.0,0.2,0.0,0.0,0.0,0.0,0.0,0.0,0.0036354330375410375,0.0,0.0,0.00015771288937687934,0.0010852274103078513,0.03312156029362849,0,4
5638,0.0,1.0,1.0,0.03474903474903475,0.0,0.6000000000000001,0.23529411764705882,0.0,0.0,0.0,0.0,0.0,0.0,0.0,0.0,0.0,0.012148616732607132,0.0,0.0008043294090493882,9.89901386388269e-06,0.0810202021808696,0.018715500116133595,0.0,0.6535534141851133,0.4933472738192008,0.580754716981132,0.24497549019607845,0.40287476084280827,0.1336549909142177,0.020202020202020204,0.9499999999999957,0.0,1.0,0.0,0.5,0.0010732407591895273,0.0,0.0,0.0,0.0,0.0,0.004040176717878485,0.0,0.0,0.008489302384598421,0.0012193671559229333,0.03312156029362849,0,4
7858,0.0,0.0,0.0,0.10424710424710425,0.0,0.6000000000000001,0.5294117647058824,0.0,0.0,0.0,0.0,1.0,0.0,0.0,0.0,0.0,0.009770786935533304,0.003046457220454871,0.2758820866840886,0.002385024674658484,0.0,0.0,0.0,0.5344376342133241,0.5980293595322523,0.579622641509434,0.24362745098039218,0.39427119511570946,0.10125947741086536,0.030303030303030304,0.3999999999999986,1.0,0.0,0.0,0.2,0.35356012801685943,0.0,0.02603255733069205,0.11349234603061588,0.22043567350126198,0.0,0.05184367958968639,0.0,0.0,0.0,0.06707420858172539,0.05558703495336527,0,1
10216,0.8000000000000114,1.0,1.0,0.03474903474903475,0.0,0.6000000000000001,0.23529411764705882,0.0,0.0,0.0,0.0,0.0,0.0,0.0,0.0,0.0,0.009770786935533304,0.0,0.0008043294090493882,9.89901386388269e-06,0.0,0.004689387300760249,0.0,0.6540677796990844,0.4939560387395678,0.20339622641509433,0.2450980392156863,0.39068840712170516,0.1342189360235604,0.030303030303030304,0.14999999999999858,0.0,1.0,0.0,0.8,0.0,0.0,3.417536802788468e-05,0.0001489919966246061,0.0,4.228239653732469e-06,0.0036354330375410375,0.0,0.0,0.0019947035074425645,0.0010825576210823542,0.03312156029362849,1,4
3265,0.8000000000000114,1.0,1.0,0.15830115830115832,0.0,0.6000000000000001,0.23529411764705882,0.0,0.0,0.0,0.0,0.0,0.0,0.0,0.0,0.0,0.009770786935533304,0.0,0.0008043294090493882,9.89901386388269e-06,0.0,0.0021376891533715515,0.0,0.6541056289230894,0.4940000682768951,0.4035849056603773,0.17634803921568631,0.3971532677707504,0.09825177016103767,0.24242424242424243,0.0,0.0,0.0,0.0,0.55,0.0,0.003195956946254727,0.0,0.0,0.0,0.0,0.0036358280427335183,0.01208952495275695,0.0,0.0007260165126546367,0.001087773675745265,0.03312156029362849,0,4
6243,0.8000000000000114,1.0,1.0,0.03861003861003861,0.0,0.6000000000000001,0.23529411764705882,0.0,0.0,0.0,0.0,0.0,0.0,0.0,0.0,0.0,0.009770786935533304,0.0,0.012038679609773062,9.89901386388269e-06,0.024508393354724614,0.0056338297369314385,0.0,0.6539821691794818,0.4941268132704189,0.3920754716981132,0.22647058823529415,0.39267478277824497,0.1212481985086785,0.020202020202020204,0.6000000000000014,0.0,1.0,0.0,0.85,0.00017653129561513383,0.0,0.001590918828460319,0.006935819170303566,0.0,0.0001308947352634103,0.003736363146608599,0.0,0.0,0.00022320275098349914,0.0011372777669767247,0.03312156029362849,0,4
5366,0.20000000000004547,0.0,0.0,0.15405405405405406,0.0,0.0,0.7941176470588235,0.3333333333333333,0.0,0.0,0.0,0.0,0.0,0.0,0.0,0.0,0.010209930190820386,0.0,0.0008043294090493882,9.89901386388269e-06,0.0012956233669144642,0.0006081328418742425,0.0,0.6541046263516873,0.4939907388764867,0.5792452830188679,0.2450980392156863,0.40282601542792384,0.1312112287737327,0.24242424242424243,0.6999999999999957,0.0,1.0,0.0,0.35000000000000003,0.00018472547604844793,0.0,0.0,0.0,0.0,0.0,0.0036354330375410375,0.0,0.0,4.996160145223768e-05,0.001135113969255542,0.03312284008285574,0,2
3317,0.20000000000004547,0.0,0.0,0.03474903474903475,0.0,0.6000000000000001,0.029411764705882346,0.0,0.0,0.0,0.0,0.0,0.0,0.0,0.0,0.0,0.009770786935533304,0.0,0.0008043294090493882,9.89901386388269e-06,0.0003868071993857357,0.000138695506024612,0.0,0.654102918402058,0.4939972074263912,0.20339622641509433,0.24522058823529416,0.39068840712170516,0.13428159659126512,0.020202020202020204,0.29999999999999716,0.0,1.0,0.0,0.45,6.420924485359135e-05,0.0,7.460109834995476e-06,3.2523326696816674e-05,7.130842460360397e-05,0.0,0.0036354330375410375,0.0,0.0,1.2304931028431299e-05,0.0010825576210823542,0.03312156029362849,0,2
8156,0.20000000000004547,0.0,0.0,0.06756756756756757,0.0,0.6000000000000001,0.029411764705882346,0.0,0.0,0.0,0.0,0.0,0.0,0.0,0.0,0.0,0.009770786935533304,0.0,0.0008043294090493882,9.89901386388269e-06,0.0,0.0,0.0,0.6540953063472119,0.49398828910341613,0.3918867924528302,0.21421568627450985,0.39677549080539615,0.1183658123942603,0.25252525252525254,0.6999999999999957,0.0,1.0,0.0,0.55,0.0,0.0,0.0,0.0,0.0,0.0,0.0036354330375410375,0.0,0.0,5.965717080728023e-05,0.0010827114805679922,0.03312156029362849,0,2
5510,0.0,0.0,0.0,0.02316602316602317,0.0,0.6000000000000001,0.5294117647058824,0.0,0.0,0.0,0.0,1.0,0.0,0.0,0.0,0.0,0.009770786935533304,0.0,0.0008075575182390119,9.89901386388269e-06,0.0002946241752330604,6.772728424808796e-05,0.0,0.6541015195730892,0.49402704994008007,0.580754716981132,0.24240196078431378,0.39265041007080276,0.05883827307475406,0.020202020202020204,0.29999999999999716,0.0,1.0,0.0,0.6,2.3421642497873774e-05,0.0,0.0,0.0,0.0,4.517350057406484e-06,0.003623337868605476,0.0,0.0,4.9219724113725196e-05,0.00109022065621176,0.03312156029362849,0,1
8873,0.8000000000000114,1.0,0.0,0.10231660231660232,0.4444444444444444,0.6000000000000001,0.5,0.0,0.0,0.0,0.0,1.0,0.0,0.0,0.0,0.0,0.009770786935533304,0.0,0.0008043294090493882,9.89901386388269e-06,0.0,0.0003029030074653749,0.0,0.6540999348741412,0.49399239910139914,0.5275471698113208,0.2450980392156863,0.4011564849681327,0.13296572466946552,0.020202020202020204,0.5,0.0,1.0,0.0,0.35000000000000003,1.4663984868234014e-05,0.0,0.0,0.0,1.1723004834964744e-05,0.0,0.0036354330375410375,0.0,0.0,0.0003874646265210404,0.0011018484480480708,0.03312156029362849,0,0
582,0.6000000000000227,0.0,0.0,0.03474903474903475,0.0,0.6000000000000001,0.0,0.0,0.0,0.0,0.0,0.0,0.0,0.0,0.0,0.0,0.009770786935533304,0.0,0.0008043294090493882,9.89901386388269e-06,0.003727086192212089,0.0009551624603037091,0.0,0.653536226347496,0.49408989160738964,0.28264150943396227,0.09313725490196079,0.39096869325729056,0.055141299580174205,0.020202020202020204,0.7999999999999972,1.0,1.0,0.0,0.45,0.0,0.0,0.0,0.0,0.0,0.00019153564243403493,0.003733216062495545,0.0,0.0028234086242299797,0.00027582487806350573,0.0011947512244011346,0.03312156029362849,0,2
8969,0.0,0.0,0.0,0.03861003861003861,0.0,0.6000000000000001,0.5294117647058824,0.0,0.0,0.0,0.0,1.0,0.0,0.0,0.0,0.0,0.009770786935533304,0.0,0.0008204387655367376,9.89901386388269e-06,0.00023714534840845104,0.001455264051230081,0.0,0.6541451721813244,0.4940368412688602,0.2792452830188679,0.057598039215686285,0.39313177104278635,0.03772166175825553,0.24242424242424243,0.9499999999999957,1.0,1.0,0.0,0.45,0.0005148891686858669,0.0,0.0,0.0,0.0,0.0,0.0036354330375410375,0.0,0.0,0.0005424402443385806,0.0011609500203775265,0.03312668441096084,0,1
2010,0.6000000000000227,1.0,0.0,0.05791505791505792,0.7037037037037037,0.6000000000000001,0.5,0.0,0.0,0.0,0.0,1.0,0.0,0.0,0.0,0.0,0.011242293077255728,0.0019020347666892567,0.0008192379712971191,9.89901386388269e-06,0.05273736586466231,0.012123100779445475,0.0,0.6532803330841975,0.49432502789925087,0.580754716981132,0.24497549019607845,0.3979027285245982,0.10965599348330096,0.030303030303030304,0.3999999999999986,1.0,1.0,0.0,0.45,1.3340152900962888e-05,0.0,0.0067069411785461355,0.029239789213682654,0.0,0.0036997458358163696,0.003935404535442709,0.0,0.0,0.0020089270867602524,0.0019140465998924202,0.03312246309068027,0,0
10554,0.6000000000000227,1.0,0.0,0.10424710424710425,0.2962962962962963,0.2,0.5,0.0,0.0,0.0,0.0,1.0,0.0,0.0,0.0,0.0,0.009770786935533304,0.0,0.0008043294090493882,9.89901386388269e-06,0.0008918255709201963,0.03664071008110238,0.0,0.6540409173456234,0.4939245666667995,0.20339622641509433,0.21421568627450985,0.39068840712170516,0.11842847296196506,0.020202020202020204,0.10000000000000142,0.0,1.0,0.0,0.75,0.0,0.0,0.0,0.0,0.0,0.0,0.0036354330375410375,0.0,0.0,0.012060623146265978,0.0010825576210823542,0.03312156029362849,1,0
7040,0.0,0.0,0.0,0.02316602316602317,0.0,0.6000000000000001,0.5294117647058824,0.0,0.0,0.0,0.0,1.0,0.0,0.0,0.0,0.0,0.01587444174967134,0.0002634058336093535,0.0008083528494886294,9.89901386388269e-06,0.0,0.0009957988308525619,0.0011234784797151324,0.6539738355117758,0.494490588073953,0.580754716981132,0.2425245098039216,0.3955507622564253,0.09906635754119934,0.020202020202020204,0.14999999999999858,1.0,1.0,0.0,0.10000000000000002,0.00011250535057239541,0.0,0.0,0.0,0.00024940731915242085,0.0,0.003913197076519923,0.0,0.0,0.0030162686025742634,0.001297055935566485,0.03312284008285574,0,1
639,0.0,1.0,0.0,0.06756756756756757,0.2962962962962963,0.4,0.5,0.0,0.0,0.0,0.0,1.0,0.0,0.0,0.0,0.0,0.009770786935533304,0.0,0.0008063879134601628,9.89901386388269e-06,0.0033666686428779034,0.00038691808031791105,0.0,0.6541029429196668,0.4939972571128043,0.3937735849056604,0.2144607843137255,0.39682423622028057,0.11842847296196506,0.24242424242424243,0.44999999999999574,0.0,0.0,0.0,0.55,0.0,0.0004474339724756618,0.0,0.0,0.0,0.0,0.0036515351925494274,0.008138772497072193,0.0,1.007929901289383e-05,0.0010860763141580555,0.03312156029362849,0,0
5756,0.8000000000000114,1.0,0.0,0.06756756756756757,0.2962962962962963,0.6000000000000001,0.5,0.0,0.0,0.0,0.0,1.0,0.0,0.0,0.0,0.0,0.009770786935533304,0.0,0.0008043294090493882,9.89901386388269e-06,0.0,2.9750144491798143e-05,0.0,0.6541060274998894,0.49400026508167194,0.4543396226415094,0.2450980392156863,0.39879233234623873,0.12870480606554296,0.24242424242424243,0.75,0.0,1.0,0.0,0.5,0.0,0.0,0.0,0.0,0.0,0.0,0.0036354330375410375,0.0,0.0,3.9191589055211535e-05,0.0010848372595309646,0.03312156029362849,0,0
7966,0.8000000000000114,0.0,0.0,0.03474903474903475,0.0,0.2,0.029411764705882346,0.0,0.0,0.0,0.0,0.0,0.0,0.0,0.0,0.0,0.010501724179057577,0.0,0.0008043294090493882,9.89901386388269e-06,0.004724108861282985,0.0010859633749128999,0.00010493599567589752,0.6540191072761387,0.49413536243887174,0.580754716981132,0.2450980392156863,0.39124288621601533,0.02700670468074441,0.020202020202020204,0.5,1.0,1.0,0.0,0.45,0.0006476593316803356,0.0,0.0025168797586553656,0.01097266722044223,0.0,0.0004539033337682035,0.0036946606501046344,0.0,0.0,0.00033683789366186054,0.0012371595382202113,0.03312156029362849,0,2
8755,0.8000000000000114,0.0,0.0,0.06756756756756757,0.0,0.6000000000000001,0.029411764705882346,0.0,0.0,0.0,0.0,0.0,0.0,0.0,0.0,0.0,0.009770786935533304,0.0,0.0008043294090493882,9.89901386388269e-06,0.00024690590390696963,0.00043129399416880546,0.0,0.6540315247822792,0.49391340236268255,0.3920754716981132,0.12757352941176472,0.3967815839822567,0.07406479102700672,0.020202020202020204,0.29999999999999716,0.0,1.0,0.0,0.35000000000000003,0.0,0.0,0.0,0.0,0.0,0.0,0.0036354330375410375,0.0,0.0,0.0007068556117392624,0.001085256605938341,0.03312156029362849,0,2
8364,0.6000000000000227,0.0,0.0,0.03861003861003861,0.0,0.6000000000000001,0.029411764705882346,0.0,0.0,0.0,0.0,0.0,0.0,0.0,0.0,0.0,0.009770786935533304,0.0,0.0008115341744870992,9.89901386388269e-06,0.00030402322867607824,0.001385957848698909,0.0,0.6540428522487922,0.4939263945833562,0.580754716981132,0.24497549019607845,0.4028686676659477,0.1339682937527414,0.020202020202020204,0.7999999999999972,0.0,1.0,0.0,0.4,0.00019440642161423576,0.0,0.0,0.0,0.00014253859149802926,0.0,0.0036354330375410375,0.0,0.0,0.000973087248356486,0.0011384026661929187,0.03312156029362849,0,2
7123,0.0,1.0,0.0,0.06756756756756757,0.2962962962962963,0.6000000000000001,0.5,0.0,0.0,0.0,0.0,1.0,0.0,0.0,0.0,0.0,0.009770786935533304,0.0,0.0008043294090493882,9.89901386388269e-06,9.326753031917739e-05,0.0004925394033600212,0.0,0.6541040776873641,0.49399856565107414,0.3920754716981132,0.18909313725490198,0.3967815839822567,0.10558305658249265,0.24242424242424243,0.5,0.0,0.0,0.0,0.55,0.0,0.00010744302628527405,0.0,0.0,0.0,0.0,0.0036354330375410375,0.001229821538783789,0.00015338809034907597,1.637246540165495e-06,0.0010832152415063097,0.03312156029362849,0,0
12386,0.20000000000004547,0.0,0.0,0.10424710424710425,0.0,0.2,0.0,0.0,0.0,0.0,0.0,0.0,0.0,0.0,0.0,0.0,0.009770786935533304,0.0,0.0008043294090493882,9.89901386388269e-06,0.0,0.0002884434400308138,0.0,0.6540979711462164,0.4939907241258328,0.20339622641509433,0.15147058823529413,0.39068840712170516,0.07882699417256722,0.05050505050505051,0.9499999999999957,0.0,1.0,0.0,0.35000000000000003,0.0,0.0,0.0,0.0,0.0,0.0,0.0036354330375410375,0.0,0.0,7.293421696893478e-05,0.0010825576210823542,0.03312156029362849,1,2
191,0.8000000000000114,1.0,0.0,0.03861003861003861,0.537037037037037,0.6000000000000001,0.5,0.0,0.0,0.0,0.0,1.0,0.0,0.0,0.0,0.0,0.009770786935533304,0.0,0.0008043294090493882,9.89901386388269e-06,0.0013903369054556443,0.000319606300881161,0.0,0.6541103303402067,0.49400589711423104,0.2833962264150943,0.06384803921568628,0.39327191411057905,0.04154395638824489,0.020202020202020204,0.10000000000000142,0.0,1.0,0.0,0.5,6.2389824508828976e-06,0.0,0.0,0.0,0.0,0.0,0.003692028721868851,0.0,0.0,0.00012604240161555303,0.001114763673009534,0.03312156029362849,0,0
7471,0.4000000000000341,0.0,1.0,0.015444015444015444,0.0,0.6000000000000001,0.23529411764705882,0.0,0.0,0.0,0.0,0.0,0.0,0.0,0.0,0.0,0.009770786935533304,0.0,0.0008043294090493882,9.89901386388269e-06,0.0019351205030951806,0.00037503464271364527,0.00029434274932178177,0.6541710150661123,0.4940743207395115,0.3920754716981132,0.21507352941176475,0.3967815839822567,0.11617269252459429,0.020202020202020204,0.7999999999999972,0.0,1.0,0.0,0.35000000000000003,0.00013381565080451883,0.0,0.0,0.0,9.281364308590244e-06,0.0,0.0037299488276977,0.0,0.0,0.0003629570923729382,0.0011088779528662853,0.03312156029362849,0,4
2824,0.6000000000000227,0.0,1.0,0.08687258687258688,0.0,0.6000000000000001,0.9411764705882353,0.0,0.0,0.0,0.0,0.0,0.0,0.0,0.0,0.0,0.012846219421283535,0.0,0.002231044507750386,9.89901386388269e-06,0.1709254018818351,0.057086704635496324,3.466693826059703e-05,0.6540240326649239,0.4938818336343138,0.5773584905660377,0.2450980392156863,0.4008457329482446,0.11423021492574724,0.030303030303030304,0.0,0.0,1.0,0.0,0.4,0.0004364843718139989,0.0,0.001974106362011911,0.008606375451041407,0.0,0.00017722467745217118,0.0041260149585780675,0.0,0.0,0.007537499341264088,0.0022883052880064716,0.03328192582047982,0,4
4055,0.8000000000000114,1.0,0.0,0.20463320463320464,0.6666666666666666,0.4,0.5,0.0,0.0,0.0,0.0,1.0,0.0,0.0,0.0,0.0,0.009770786935533304,0.0,0.0014752770891188162,9.89901386388269e-06,0.026674513671284733,0.006172988780123579,0.0,0.6543478894020243,0.4948772093113074,0.36698113207547167,0.1670343137254902,0.3951729852910711,0.09167241055203962,0.030303030303030304,0.6000000000000014,0.0,1.0,0.0,0.35000000000000003,0.0004999332618966448,0.0,0.0033580575486986393,0.00021887319858127977,0.0011894232702647674,0.0,0.004195980744107829,0.0,0.0,0.010421969597355028,0.0017633383587583738,0.03696897874248268,0,0
11162,0.20000000000004547,0.0,1.0,0.04247104247104247,0.0,0.6000000000000001,0.2647058823529412,0.0,0.0,0.0,0.0,0.0,0.0,0.0,0.0,0.0,0.009770786935533304,0.0,0.0008043294090493882,9.89901386388269e-06,0.0,0.0,0.0,0.6540633138498015,0.493950806527364,0.20339622641509433,0.2450980392156863,0.39068840712170516,0.1342189360235604,0.020202020202020204,0.3999999999999986,0.0,1.0,0.0,0.8,0.0,0.0,0.0,0.0,0.0,0.0,0.0036354330375410375,0.0,0.0,0.0006200815451104911,0.0010825576210823542,0.03312156029362849,1,4
482,0.0,0.0,0.0,0.05540540540540541,0.0,0.0,0.7941176470588235,0.3333333333333333,0.0,0.0,0.0,0.0,0.0,0.0,0.0,0.0,0.011225181840749169,0.0,0.0008043294090493882,9.89901386388269e-06,0.0,0.0007967720262216777,0.0,0.6540205425502015,0.4943917854769923,0.580754716981132,0.23137254901960785,0.39580667568456845,0.12394260291998246,0.020202020202020204,0.10000000000000142,1.0,1.0,0.0,0.25000000000000006,2.8479359501037818e-05,0.0,0.0,0.0,0.0,2.3020415892543443e-05,0.00370153711723775,0.0,0.0,0.0006588382405534713,0.0012030573069233175,0.03314718088029022,0,2
8199,0.6000000000000227,1.0,0.0,0.10231660231660232,0.4444444444444444,0.4,0.5,0.0,0.0,0.0,0.0,1.0,0.0,0.0,0.0,0.0,0.009879474138743835,0.0,0.0008667083305880111,9.89901386388269e-06,0.0056759437734162956,0.0013578697234524627,0.0,0.6540829183284654,0.49402597818862265,0.580754716981132,0.18223039215686276,0.3941432384016379,0.09060718090105897,0.25252525252525254,0.10000000000000142,0.0,0.0,1.0,0.5,0.0,0.0007359111389402332,0.0,0.0,0.0,0.0,0.003641834791674442,0.014122596130638359,0.0,0.0001736504611663028,0.0010938392290759796,0.033141401987074166,0,0
1862,0.6000000000000227,1.0,0.0,0.05791505791505792,0.0,0.6000000000000001,0.1764705882352941,0.0,0.0,0.0,0.0,0.0,0.0,0.0,0.0,0.0,0.009770786935533304,0.0,0.0008043294090493882,9.89901386388269e-06,0.005560263115656075,0.0012780927996755738,0.0,0.6544611186764463,0.4944168767274292,0.2788679245283019,0.11274509803921569,0.3931256778659258,0.0665455229024375,0.020202020202020204,0.5,0.0,1.0,0.0,0.35000000000000003,0.0,0.0,1.3105598358775836e-06,0.0,1.1269110121728458e-06,0.0,0.0036354330375410375,0.0,0.014054645790554416,0.0005116395438017172,0.0018436777447598512,0.03312156029362849,0,3
12323,1.0,0.0,0.0,0.10231660231660232,0.0,1.0,0.029411764705882346,0.0,0.0,0.0,0.0,0.0,0.0,0.0,0.0,0.0,0.009770786935533304,0.0,0.0008043294090493882,9.89901386388269e-06,0.0,0.0,0.0,0.6540444339658689,0.4939310158079489,0.580754716981132,0.2450980392156863,0.4027711768361789,0.1342189360235604,0.020202020202020204,0.9499999999999957,0.0,1.0,0.0,0.35000000000000003,0.0,0.0,0.0,0.0,0.0,0.0,0.0036354330375410375,0.0,0.0,0.0009066252716166429,0.0011237161239894228,0.03312156029362849,1,2
9924,0.20000000000004547,0.0,1.0,0.02316602316602317,0.0,0.4,0.2647058823529412,0.0,0.0,0.0,0.0,0.0,0.0,0.0,0.0,0.0,0.009770786935533304,0.0,0.0008043294090493882,9.89901386388269e-06,0.0004648916433738842,9.05800488716759e-06,0.0,0.6520938213050541,0.491643155618845,0.20339622641509433,0.2450980392156863,0.39068840712170516,0.1342189360235604,0.020202020202020204,0.9499999999999957,0.0,1.0,0.0,0.05,0.0,0.0,0.0015858782137069438,0.0,0.0,0.0005692222460336763,0.0036354330375410375,0.0,0.006846175564681725,0.00850641672733859,0.0010825576210823542,0.03312156029362849,1,4
4133,0.6000000000000227,1.0,0.0,0.03861003861003861,0.537037037037037,0.2,0.5,0.0,0.0,0.0,0.0,1.0,0.0,0.0,0.0,0.0,0.009932628832975294,0.0,0.0008043294090493882,9.89901386388269e-06,0.0054355449065083385,0.001249506068655522,3.610233219108599e-05,0.654144946221742,0.4940452316736962,0.39358490566037735,0.18125000000000002,0.3968364225740017,0.10082085343693216,0.24242424242424243,0.5,0.0,1.0,1.0,0.55,0.0,0.0,0.0,0.0,0.0,0.0,0.0036354330375410375,0.0,0.0,8.590427940430832e-05,0.0011059530860270345,0.03312493338151425,0,0
614,0.0,1.0,0.0,0.06756756756756757,0.0,0.6000000000000001,0.1764705882352941,0.0,0.0,0.0,0.0,0.0,0.0,0.0,0.0,0.0,0.00978618253355108,0.0,0.0008043294090493882,9.89901386388269e-06,0.0,8.50953853620148e-05,0.0,0.6541147786295806,0.49401003933074755,0.3918867924528302,0.2388480392156863,0.39677549080539615,0.12488251143555364,0.24242424242424243,0.29999999999999716,0.0,0.0,0.0,0.35000000000000003,0.0,0.0,0.0,0.0,0.0,0.0,0.0036354330375410375,0.005138326152873699,0.0,6.508054997157843e-05,0.0010872511780525753,0.03312156029362849,0,3
6953,0.6000000000000227,0.0,0.0,0.10231660231660232,0.0,0.6000000000000001,0.0,0.0,0.0,0.0,0.0,0.0,0.0,0.0,0.0,0.0,0.009770786935533304,0.0,0.0008043294090493882,9.89901386388269e-06,0.0,0.0,0.0,0.6541874372254378,0.4940953687580829,0.30490566037735845,0.09656862745098041,0.3939665362726819,0.05814900683000189,0.020202020202020204,0.9499999999999957,0.0,1.0,0.0,0.45,0.0,0.0,0.0,0.0,8.334446027528339e-05,0.0,0.0036826789568158193,0.0,0.0,0.00031396760605392375,0.0011362471463499905,0.03312156029362849,0,2
4176,0.4000000000000341,1.0,0.0,0.06756756756756757,0.2962962962962963,0.6000000000000001,0.5,0.0,0.0,0.0,0.0,1.0,0.0,0.0,0.0,0.0,0.009770786935533304,0.0,0.0008043294090493882,9.89901386388269e-06,0.0005093563962004688,0.002078853672086096,1.7398714308957102e-06,0.6540969622797526,0.49399022920257735,0.5164150943396226,0.16740196078431374,0.4007969875333602,0.09449213609875307,0.24242424242424243,0.0,0.0,0.0,0.0,0.55,0.0,3.448269336748521e-05,0.0,0.0,0.0,0.0,0.0036364975097843925,0.0046075635067315025,0.0,0.000649219417129999,0.0010845126873943805,0.03312156029362849,0,0
10988,0.20000000000004547,1.0,1.0,0.0694980694980695,0.0,0.8,0.23529411764705882,0.0,0.0,0.0,0.0,0.0,0.0,0.0,0.0,0.0,0.011134298149224882,0.0,0.0008684081561999386,9.89901386388269e-06,0.0,0.0,0.0003386877224167362,0.6518784795038163,0.49447491201062216,0.580754716981132,0.2450980392156863,0.39817082830646244,0.12431856632621094,0.030303030303030304,0.3999999999999986,1.0,1.0,0.0,0.5,4.599467476031734e-05,0.0,0.0,0.0,0.0,0.0021354778579376526,0.0038677290732606015,0.0,0.0,0.008922558750289716,0.0025074009477141666,0.033121585095745296,1,4
4434,1.0,0.0,0.0,0.03474903474903475,0.0,0.6000000000000001,0.0,0.0,0.0,0.0,0.0,0.0,1.0,0.0,0.0,0.0,0.009770786935533304,0.0,0.0008043294090493882,9.89901386388269e-06,0.0009456893771897987,0.00021739211729202219,0.0,0.6540934599062257,0.4939858424357464,0.580754716981132,0.2450980392156863,0.4030392766180432,0.1342189360235604,0.020202020202020204,0.5,0.0,1.0,0.0,0.8,0.0,0.0,1.5827530325598512e-05,3.999490174878807e-05,0.0,2.3851608303106235e-06,0.0036354330375410375,0.0,0.0,0.00015454072420530867,0.001085786588419153,0.03312518140268233,0,2
8444,0.6000000000000227,1.0,0.0,0.03861003861003861,0.0,0.2,0.029411764705882346,0.0,0.0,0.0,0.0,0.0,0.0,0.0,0.0,0.0,0.010566542205120684,0.0,0.0008082280916455522,9.89901386388269e-06,0.003885062590465889,0.0008930860414898174,0.0,0.6540926239882985,0.4940976799526419,0.580754716981132,0.22965686274509806,0.395867607453174,0.12444388746162043,0.25252525252525254,0.3999999999999986,0.0,1.0,1.0,0.25000000000000006,0.0,0.0,0.0,0.0,0.0,0.0,0.003729693213005548,0.0,0.0,8.677406662877123e-05,0.0011100727431503756,0.03312280039946885,0,3
7173,0.8000000000000114,1.0,0.0,0.06756756756756757,0.0,0.6000000000000001,0.1764705882352941,0.0,0.0,0.0,0.0,0.0,0.0,0.0,0.0,0.0,0.009770786935533304,0.0,0.0008043294090493882,9.89901386388269e-06,0.0,0.0,0.0,0.6541001180935679,0.4939939160896989,0.580754716981132,0.24460784313725495,0.40287476084280827,0.13371765148192244,0.25252525252525254,0.5,0.0,1.0,0.0,0.35000000000000003,0.0,0.0,0.0,0.0,0.0,0.0,0.0036354330375410375,0.0,0.0,5.162442996959327e-05,0.0010826459514958228,0.03312156029362849,0,3
4957,0.0,0.0,0.0,0.08687258687258688,0.0,1.0,0.5588235294117647,0.0,0.0,0.0,0.0,0.0,0.0,0.0,0.0,0.0,0.009770786935533304,0.0,0.0010532213059884937,1.232821972005022e-05,0.0,0.008673164330906369,0.0015706689342411026,0.6541034216756734,0.4940032610171114,0.580377358490566,0.2450980392156863,0.4020704614972155,0.1261357227896485,0.030303030303030304,0.14999999999999858,0.0,1.0,0.0,0.4,2.4983085331065355e-05,0.0,0.0,0.0,0.00022553871785292652,0.0,0.004177012249233525,0.0,0.0,0.004650649961294469,0.0026381172702056722,0.03312156029362849,0,2
788,0.4000000000000341,1.0,0.0,0.10231660231660232,0.4444444444444444,0.6000000000000001,0.5,0.0,0.0,0.0,0.0,1.0,0.0,0.0,0.0,0.0,0.009770786935533304,0.0,0.0008043294090493882,9.89901386388269e-06,0.00014460082220027503,0.0010232221484008674,0.0,0.6541145268271134,0.4940106184880002,0.3920754716981132,0.18823529411764708,0.3967815839822567,0.10476846920233099,0.04040404040404041,0.9499999999999957,0.0,1.0,0.0,0.55,0.0,0.0,4.0324918027002574e-07,0.0,0.0,1.445552018370075e-07,0.003650213142367437,0.0,0.0,0.0003892042009699663,0.0010911346925890678,0.03312156029362849,0,0
4595,0.0,0.0,0.0,0.10231660231660232,0.0,0.8,0.5588235294117647,0.0,0.0,0.0,0.0,0.0,0.0,0.0,0.0,0.0,0.009770786935533304,0.0,0.0011723026672057248,9.89901386388269e-06,0.0,9.689572200401295e-05,0.0,0.6540895294685047,0.49423905565394616,0.580754716981132,0.2450980392156863,0.39611742770445657,0.13171251331537065,0.020202020202020204,0.6000000000000014,0.0,1.0,0.0,0.4,1.3944363388589196e-05,0.0,0.0003199782245442654,0.0001322908288613759,0.0,0.0001070069881598448,0.0036354330375410375,0.0,0.0,0.00024504975950383244,0.0011483215470669704,0.03312156029362849,0,2
3580,0.6000000000000227,1.0,0.0,0.05791505791505792,0.7037037037037037,0.6000000000000001,0.5,0.0,0.0,0.0,0.0,1.0,0.0,0.0,0.0,0.0,0.01037399940840571,0.0,0.0008043294090493882,9.89901386388269e-06,0.09399053443017877,0.0228475292629651,0.0,0.6547648776008385,0.4947190186409222,0.30471698113207546,0.18284313725490198,0.3939665362726819,0.10100883514004638,0.020202020202020204,0.6000000000000014,0.0,1.0,0.0,0.35000000000000003,0.0001267416358819726,0.0,0.00019053523767758717,0.0008306633440132907,0.0,5.999040876235811e-06,0.004474157457497547,0.0,0.0,0.0031665371365888276,0.0015837631238579159,0.033232276943055375,0,0
7228,0.20000000000004547,0.0,0.0,0.07162162162162163,0.0,0.0,0.7941176470588235,0.3333333333333333,0.0,0.0,0.0,0.0,0.0,0.0,0.0,0.0,0.01493037404756668,4.198954586887577e-05,0.0009170793097304491,9.89901386388269e-06,0.16853478878880906,0.04025743016091255,0.0,0.6532342277211407,0.49358272996734637,0.39301886792452834,0.18958333333333335,0.3924919874724284,0.06886396390751301,0.020202020202020204,0.14999999999999858,1.0,1.0,0.0,0.05,2.317045386818643e-05,0.0,0.005789750918021962,0.021165653608990503,0.0,0.0008741614443088435,0.004063753737548162,0.0,0.0,0.005867942763907515,0.0013922414731605546,0.033136084413230724,0,2
3339,0.6000000000000227,0.0,1.0,0.03861003861003861,0.0,0.4,0.32352941176470584,0.0,0.0,0.0,0.0,0.0,0.0,0.0,0.0,0.0,0.009770786935533304,0.0,0.0008043294090493882,9.89901386388269e-06,0.012053201534503925,0.00550435843771853,0.0,0.6542019629146029,0.49406774078335264,0.49207547169811316,0.2325980392156863,0.400364371976261,0.12507049313866783,0.020202020202020204,0.6000000000000014,0.0,1.0,0.0,0.35000000000000003,4.6266230035655e-05,0.0,0.0,0.0,0.0003011513164613573,0.0,0.003773669541586705,0.0,0.0,0.0013577122754094269,0.0012058220191240067,0.033910897581861076,0,4
2303,1.0,0.0,0.0,0.10231660231660232,0.0,0.6000000000000001,0.029411764705882346,0.0,0.0,0.0,0.0,0.0,0.0,0.0,0.0,0.0,0.009770786935533304,0.0,0.0008043294090493882,9.89901386388269e-06,0.02831247948475835,0.01129483348852438,0.0,0.6541187938849747,0.49401412370917386,0.33320754716981127,0.17671568627450981,0.3948805128017646,0.09894103640578984,0.020202020202020204,0.3999999999999986,0.0,1.0,0.0,0.35000000000000003,0.00026972906611102114,0.0,0.00020575789423278064,0.0,0.0,9.432226919864739e-05,0.003665564551920536,0.0,0.0,0.003579532576345574,0.0011450338414922588,0.03312156029362849,0,2
2913,0.6000000000000227,0.0,0.0,0.10424710424710425,0.0,0.4,0.5294117647058824,0.0,0.0,0.0,0.0,1.0,0.0,0.0,0.0,0.0,0.009770786935533304,0.0,0.0008043294090493882,9.89901386388269e-06,0.0,0.0027792285820773662,0.0,0.6540807872844276,0.4939712784940836,0.20339622641509433,0.2450980392156863,0.39068840712170516,0.1342189360235604,0.020202020202020204,0.25,0.0,1.0,0.0,0.35000000000000003,0.0,0.0,2.7320131963294244e-05,0.0,0.0,9.793614924457258e-06,0.0036354330375410375,0.0,0.0,0.001205806494854697,0.0010825576210823542,0.03312156029362849,0,1
8380,0.6000000000000227,1.0,0.0,0.15830115830115832,0.4444444444444444,0.6000000000000001,0.5,0.0,0.0,0.0,0.0,1.0,0.0,0.0,0.0,0.0,0.009770786935533304,0.0,0.0008043294090493882,9.89901386388269e-06,0.0004818822399824165,0.00042489522007420084,0.0,0.6541034329405205,0.49399558563081386,0.2788679245283019,0.05441176470588237,0.3931256778659258,0.036155147565636946,0.25252525252525254,1.0,0.0,1.0,1.0,0.35000000000000003,0.00018088296890241993,0.0,0.0,0.0,0.0,0.0,0.0036354330375410375,0.0,0.0,0.00012724475454348706,0.0010965341493450393,0.03312156029362849,0,0
3755,0.20000000000004547,0.0,0.0,0.02364864864864865,0.0,0.0,0.7941176470588235,0.3333333333333333,0.0,0.0,0.0,0.0,0.0,0.0,0.0,0.0,0.009776776620783622,0.0,0.0008043294090493882,9.89901386388269e-06,0.0,7.013721215384813e-05,0.0,0.6541126518926901,0.49400427842405453,0.3937735849056604,0.1698529411764706,0.3968364225740017,0.08622094116172693,0.25252525252525254,0.5,0.0,0.0,0.0,0.55,0.0,0.0013465071239352154,0.0,0.0,0.0,0.0,0.0036354330375410375,0.009226712344796143,0.0,8.467634449918419e-06,0.0010890456436128406,0.03312156029362849,0,2
7081,0.20000000000004547,1.0,0.0,0.015444015444015444,0.35185185185185186,0.4,0.5,0.0,0.0,0.0,0.0,1.0,0.0,0.0,0.0,0.0,0.010563833302243657,2.0056337137992117e-05,0.0013036726759660645,9.89901386388269e-06,0.06239814679586268,0.01826825073720941,8.988610779864963e-05,0.6533215326062921,0.4938492377946244,0.580754716981132,0.24068627450980395,0.3920106265004448,0.04818597656494768,0.020202020202020204,0.29999999999999716,1.0,1.0,0.0,0.10000000000000002,0.0006204834375009185,0.0,0.0,0.0,5.31682876159883e-05,0.0,0.0038434244744441387,0.0,0.0,0.002807238266954072,0.0016225977735415064,0.03340746421491062,0,0
6547,0.6000000000000227,0.0,1.0,0.06756756756756757,0.0,0.6000000000000001,0.32352941176470584,0.0,0.0,0.0,0.0,0.0,0.0,0.0,0.0,0.0,0.009770786935533304,0.0,0.0008043294090493882,9.89901386388269e-06,0.005554117580712564,0.0012767631842792923,1.5637094485175197e-05,0.6541128354434359,0.4940084373321004,0.2788679245283019,0.06213235294117648,0.3931256778659258,0.04066670844037848,0.020202020202020204,0.6000000000000014,0.0,1.0,0.0,0.45,4.750859542032483e-05,0.0,0.0,0.0,0.0,2.2261501082899155e-05,0.0036354503141100922,0.0,0.0,0.00036479899473062437,0.0011544960511545895,0.03312156029362849,0,4
6266,0.6000000000000227,1.0,0.0,0.20463320463320464,0.6666666666666666,0.6000000000000001,0.5,0.0,0.0,0.0,0.0,1.0,0.0,0.0,0.0,0.0,0.025490264391178217,0.0,0.0008043294090493882,9.89901386388269e-06,0.061437274332341855,0.014123008537377359,0.0,0.6532972880045326,0.49467056778917984,0.580754716981132,0.24448529411764708,0.3912794452771787,0.03972679992480732,0.030303030303030304,0.14999999999999858,1.0,1.0,0.0,0.25000000000000006,0.00022754295408731456,0.0,0.0015882977087885639,0.006924392055518198,0.0009254287141214425,0.0,0.004382260638149877,0.0,0.0,0.0017685844110593959,0.0018045220918452712,0.03312156029362849,0,0
8021,0.6000000000000227,0.0,0.0,0.10231660231660232,0.0,0.8,0.029411764705882346,0.0,0.0,0.0,0.0,0.0,0.0,0.0,0.0,0.0,0.011187166903708209,0.0,0.0008043294090493882,9.89901386388269e-06,0.006831304342796493,0.0015380326096486035,3.677653237055808e-05,0.6542482584547862,0.49411470570080346,0.39622641509433965,0.1769607843137255,0.3972385722467981,0.0961213108590764,0.020202020202020204,0.25,0.0,1.0,0.0,0.35000000000000003,1.2926031106072946e-05,0.0,0.0,0.0,0.00016459161394457843,0.0,0.003747517920478563,0.0,0.0,0.00033931934544929887,0.001179357642344823,0.03355014087205513,0,2
6657,0.4000000000000341,0.0,0.0,0.10231660231660232,0.0,0.6000000000000001,0.5588235294117647,0.0,0.0,0.0,0.0,0.0,0.0,0.0,0.0,0.0,0.009770786935533304,0.0,0.0008043294090493882,9.89901386388269e-06,0.0,0.0,0.0,0.6540008058752423,0.49387120501183807,0.580754716981132,0.2450980392156863,0.40287476084280827,0.13246444012782757,0.020202020202020204,0.7999999999999972,0.0,1.0,0.0,0.2,3.3937620535324924e-05,0.0,0.0,0.0,0.0,0.0,0.003667823070675157,0.0,0.0,0.0015850081427433397,0.0011319293158298773,0.03312156029362849,0,2
3547,0.8000000000000114,0.0,0.0,0.03861003861003861,0.0,0.4,0.029411764705882346,0.0,0.0,0.0,0.0,0.0,0.0,0.0,0.0,0.0,0.009770786935533304,0.0,0.0008043294090493882,9.89901386388269e-06,0.0029296126577775723,0.0006982973859345804,0.0,0.6540954017670941,0.4940331955282995,0.580754716981132,0.2450980392156863,0.3908590160738006,0.016417068738642772,0.020202020202020204,0.9499999999999957,1.0,1.0,0.0,0.45,0.0,0.0,0.00012510805817877549,0.0,0.0,4.553488857865736e-05,0.003646105638074653,0.0,0.0,8.820665735141605e-05,0.0011147921746861582,0.03312156029362849,0,2
1812,0.0,0.0,0.0,0.13706563706563707,0.0,0.0,0.4411764705882353,0.0,0.0,0.0,0.0,0.0,0.0,0.0,0.0,0.0,0.009785716000277812,0.0,0.0008043294090493882,9.89901386388269e-06,0.0006734783293977809,0.0032473363025307153,0.0,0.6540752552504878,0.4939903879661942,0.5809433962264151,0.2433823529411765,0.39098087961101163,0.03333542201892349,0.020202020202020204,0.0,0.0,1.0,0.0,0.10000000000000002,1.577736149711845e-05,0.0,0.000619693177779962,0.0005911334379353841,2.1771294693505952e-05,0.0,0.0036354330375410375,0.0,0.0,0.0013842152037783558,0.0011060883078945667,0.03312156029362849,0,2
7617,0.8000000000000114,1.0,0.0,0.05791505791505792,0.7037037037037037,0.4,0.5,0.0,0.0,0.0,0.0,1.0,0.0,0.0,0.0,0.0,0.009901085163918346,0.0,0.0008043294090493882,0.00019092545860370055,0.08798453928009034,0.020225610802460287,0.0,0.653510095546466,0.4945451942182924,0.580754716981132,0.24473039215686276,0.39776258545680554,0.13327902750798926,0.020202020202020204,0.5,0.0,1.0,0.0,0.2,0.0,0.0,0.0030037023315363544,0.013095034039616928,7.5424780106402e-05,0.0,0.004144464763731429,0.0,0.0,0.00484474042223565,0.0015104595378275772,0.033192444743463174,0,0
8355,0.6000000000000227,0.0,0.0,0.10424710424710425,0.0,0.4,0.029411764705882346,0.0,0.0,0.0,0.0,0.0,0.0,0.0,0.0,0.0,0.009770786935533304,0.0,0.0008043294090493882,9.89901386388269e-06,0.0009785860642403613,0.0008918395270558036,3.4514699510393655e-05,0.654090227557713,0.49398233799092295,0.580754716981132,0.2450980392156863,0.40287476084280827,0.1342189360235604,0.25252525252525254,0.8500000000000014,0.0,1.0,1.0,0.5,1.0930099832341094e-06,0.0,0.0,0.0,0.0,0.0,0.0036354330375410375,0.0,0.00020533880903490762,0.0002453311612529234,0.0010905299613633002,0.03312156029362849,0,2
9502,0.6000000000000227,0.0,1.0,0.21235521235521235,0.0,0.6000000000000001,0.2647058823529412,0.0,0.0,0.0,0.0,0.0,1.0,0.0,0.0,0.0,0.009770786935533304,0.0,0.0008043294090493882,9.89901386388269e-06,0.08908603604320094,0.01891278180055686,0.0,0.6537172067202179,0.4934609838927898,0.5639622641509434,0.24301470588235294,0.40423963245957184,0.13315370637257973,0.020202020202020204,0.3999999999999986,0.0,1.0,0.0,0.35000000000000003,3.56280521243019e-05,0.0,0.0,0.0,0.0,0.0,0.0038436973657053454,0.0,0.0,0.00515742892943007,0.0011736221136453512,0.03419895928730542,1,4
857,0.6000000000000227,0.0,0.0,0.05405405405405406,0.0,0.8,0.5588235294117647,0.0,0.0,0.0,0.0,0.0,0.0,0.0,0.0,0.0,0.009770786935533304,0.0,0.0008043294090493882,9.89901386388269e-06,0.007358374339716495,0.0016914369859945793,9.097352744295945e-05,0.6540979459659696,0.4939892385797163,0.580754716981132,0.2450980392156863,0.40287476084280827,0.13327902750798926,0.020202020202020204,0.0,0.0,1.0,0.0,0.45,0.0,0.0,0.0,0.0,0.0,2.8260541959134966e-05,0.003635958009650726,0.0,0.0,0.00019209506672035473,0.0011242827868888467,0.03312156029362849,0,2
2065,0.4000000000000341,1.0,0.0,0.10231660231660232,0.4444444444444444,0.6000000000000001,0.5,0.0,0.0,0.0,0.0,1.0,0.0,0.0,0.0,0.0,0.009770786935533304,0.0,0.0008043294090493882,9.89901386388269e-06,0.00010700460842820352,0.0007046130590669175,0.0,0.6541027199419557,0.4939941086245496,0.3920754716981132,0.17328431372549022,0.3967815839822567,0.0951187417758005,0.25252525252525254,0.6000000000000014,0.0,0.0,1.0,0.55,0.0,0.001407903138955372,0.0,0.0,0.0,0.0,0.0036514837554915596,0.020597637812729608,0.0,0.0003556918108509538,0.0010971483976523926,0.03312156029362849,0,0
11747,0.4000000000000341,0.0,0.0,0.10231660231660232,0.0,0.6000000000000001,0.0,0.0,0.0,0.0,0.0,0.0,0.0,0.0,0.0,0.0,0.009770786935533304,0.0,0.0008043294090493882,9.89901386388269e-06,0.0003546335164461745,0.00010221418358913887,0.0,0.6540993891916893,0.4939730850610097,0.580754716981132,0.2450980392156863,0.3920289060310265,0.023435052321574036,0.25252525252525254,0.6000000000000014,0.0,1.0,1.0,0.4,0.0,0.0,0.0,0.0,0.0,0.0,0.0036354330375410375,0.0,0.0,9.444865978579699e-05,0.001125762643507313,0.03312156029362849,1,2
10712,0.8000000000000114,0.0,1.0,0.10424710424710425,0.0,0.6000000000000001,0.2647058823529412,0.0,0.0,0.0,0.0,0.0,0.0,0.0,0.0,0.0,0.009770786935533304,0.0,0.0008043294090493882,9.89901386388269e-06,0.0,0.0,0.0,0.6536960672404615,0.49352053849333316,0.580754716981132,0.2450980392156863,0.40287476084280827,0.1342189360235604,0.020202020202020204,0.5,0.0,1.0,0.0,0.75,0.00012422974958509918,0.0,0.0,0.0,8.157583604784546e-05,0.0,0.0036354330375410375,0.0,0.0,0.0062912989044262456,0.001086509390938345,0.03312156029362849,1,4
11581,0.8000000000000114,0.0,0.0,0.15830115830115832,0.0,0.6000000000000001,0.029411764705882346,0.0,0.0,0.0,0.0,0.0,0.0,0.0,0.0,0.0,0.03234281045513105,0.0,0.0008043294090493882,9.89901386388269e-06,0.0,1.2132740491068516e-05,0.0,0.6535603347771318,0.4933613634108886,0.580754716981132,0.2450980392156863,0.40287476084280827,0.1342189360235604,0.020202020202020204,0.6000000000000014,0.0,1.0,0.0,0.75,5.1676968896758016e-05,0.0,0.0,0.0,0.00014779750955483587,0.0,0.0036354330375410375,0.0,0.0,0.008391067592188493,0.001117399656768148,0.03312156029362849,1,2
9682,0.20000000000004547,1.0,1.0,0.04247104247104247,0.0,0.8,0.23529411764705882,0.0,0.0104,0.0,0.0,0.0,0.0,0.0,0.0,0.0,0.009770786935533304,0.0,0.0008043294090493882,9.89901386388269e-06,0.0,0.0,0.0,0.654060351526303,0.4939473358537744,0.20339622641509433,0.2450980392156863,0.39068840712170516,0.1342189360235604,0.020202020202020204,0.3999999999999986,0.0,1.0,0.0,0.85,0.0,0.0,0.0,0.0,0.0,0.0,0.0036354330375410375,0.0,0.0006673511293634497,6.907133841323183e-07,0.0010825576210823542,0.03312156029362849,1,4
7429,0.4000000000000341,0.0,1.0,0.10424710424710425,0.0,0.6000000000000001,0.32352941176470584,0.0,0.0,0.0,0.0,0.0,0.0,0.0,0.0,0.0,0.019475732481694402,5.19413301288588e-05,0.00127217132058906,3.362425772578558e-05,0.012404220030395093,0.002893492405195306,0.0,0.6536813053208239,0.49842194748673896,0.580377358490566,0.24276960784313728,0.3963063161871337,0.09474277836957204,0.030303030303030304,0.14999999999999858,1.0,1.0,0.0,0.25000000000000006,0.015903926622071452,0.0,0.010464013791121966,0.045619239745263246,0.0,0.018070520532440175,0.0068572485206391965,0.0,0.0,0.0036919653660960013,0.0032420863363561694,0.03350127078109842,0,4
11715,0.6000000000000227,0.0,0.0,0.10231660231660232,0.0,0.8,0.5588235294117647,0.0,0.0,0.0,0.0,0.0,0.0,0.0,0.0,0.0,0.009770786935533304,0.0,0.0008043294090493882,9.89901386388269e-06,0.0,0.005760392502464982,0.0,0.6539782927467636,0.493795060195598,0.39867924528301885,0.23517156862745103,0.39699484517237604,0.12062159283163107,0.020202020202020204,0.6000000000000014,0.0,1.0,0.0,0.85,0.0,0.0,0.0,0.0,0.0,0.0,0.0036354330375410375,0.0,0.0,0.006324581056750547,0.0011650218442522723,0.03312156029362849,1,2
5131,0.8000000000000114,1.0,0.0,0.15830115830115832,0.4444444444444444,0.6000000000000001,0.5,0.0,0.0,0.0,0.0,1.0,0.0,0.0,0.0,0.0,0.009770786935533304,0.0,0.0008627784585310778,9.89901386388269e-06,0.0,0.00017035697264856478,6.061277097382931e-05,0.6540765778760785,0.4939656425797735,0.580754716981132,0.24497549019607845,0.4027468041287367,0.13258976126323704,0.020202020202020204,0.6999999999999957,0.0,1.0,0.0,0.5,0.00032048274707163104,0.0,0.0,0.0,3.9394930800542405e-05,0.0,0.003659563692719062,0.0,0.0,0.0005364796436532906,0.001104065779353174,0.03312156029362849,0,0
5160,0.8000000000000114,0.0,0.0,0.2953667953667954,0.0,0.6000000000000001,0.029411764705882346,0.0,0.0,0.0,0.0,0.0,1.0,0.0,0.0,0.0,0.009770786935533304,0.0,0.0008043294090493882,9.89901386388269e-06,0.00327557012489173,0.0008890971953009729,0.0,0.654199220586944,0.4941100355661478,0.2788679245283019,0.170343137254902,0.3931256778659258,0.09599598972366691,0.020202020202020204,0.7999999999999972,0.0,1.0,0.0,0.35000000000000003,7.85202078638864e-05,0.0,0.0,0.0,4.158614665754516e-05,0.0,0.0036363651869714044,0.0,0.0,0.0005979019708866867,0.0011147931660488236,0.03312156029362849,0,2
6773,0.0,0.0,0.0,0.10231660231660232,0.0,0.8,0.5588235294117647,0.0,0.0,0.0,0.0,0.0,0.0,0.0,0.0,0.0,0.009770786935533304,0.0,0.0008043294090493882,9.89901386388269e-06,0.010897840965123728,0.0025051616085188457,0.00014984642698589304,0.6544526968778768,0.49426044526660756,0.41641509433962265,0.20931372549019608,0.39845111444204784,0.11510746287361365,0.020202020202020204,0.9499999999999957,0.0,1.0,0.0,0.55,0.00027437945020117863,0.0,0.0,0.0,8.722604265054542e-05,0.0,0.003872509185798633,0.0,0.0,9.012530564067249e-05,0.0012614352836434492,0.034940086220888365,0,2
1334,0.8000000000000114,0.0,0.0,0.03474903474903475,0.0,0.6000000000000001,0.5294117647058824,0.0,0.0,0.0,0.0,1.0,0.0,0.0,0.0,0.0,0.009770786935533304,0.0021933972573973783,0.0008043294090493882,9.89901386388269e-06,0.02235637161832902,0.005139212809514728,0.0,0.6528731317183801,0.4942660726410655,0.580754716981132,0.2450980392156863,0.39370452966767816,0.1335296697788082,0.030303030303030304,0.5,0.0,0.0,0.0,0.25000000000000006,0.0005906055683318918,0.0,0.0,0.0,0.0,0.00045202411614432244,0.0037891273590992093,0.0,0.0038501026694045177,0.001435507068044478,0.0013891458441022241,0.03312156029362849,0,1
2741,0.6000000000000227,1.0,0.0,0.10231660231660232,0.4444444444444444,0.6000000000000001,0.5,0.0,0.0,0.0,0.0,1.0,0.0,0.0,0.0,0.0,0.009770786935533304,0.0,0.0008043294090493882,9.89901386388269e-06,0.0,7.404295738042499e-05,0.0,0.6541014397252015,0.4939950278231919,0.45698113207547164,0.1647058823529412,0.39887763682228644,0.09273764020302026,0.24242424242424243,0.8999999999999986,0.0,1.0,1.0,0.5,7.77734308567078e-05,0.0,0.0,0.0,0.0,0.0,0.003638903664674573,0.0,0.0,4.418007460727828e-05,0.0010968601589574879,0.03312156029362849,0,0
4152,1.0,1.0,0.0,0.10231660231660232,0.0,0.6000000000000001,0.1764705882352941,0.0,0.0,0.0,0.0,0.0,0.0,0.0,0.0,0.0,0.015273546893704833,3.89559975966441e-06,0.0008058888820878538,9.282602877880178e-05,0.058698534759868644,0.013493435647238077,0.0012463786479150283,0.6537850207691347,0.4939465847349515,0.580754716981132,0.23725490196078433,0.39971849522904257,0.1264490256281722,0.030303030303030304,0.3999999999999986,0.0,1.0,0.0,0.25000000000000006,0.0,0.0,0.0,0.0,0.0,0.0010672871939630855,0.003910794455473414,0.0,0.0,0.0057796081966701475,0.0012953400850655697,0.03363913582758235,0,3
7445,0.0,0.0,0.0,0.03581081081081081,0.0,0.0,0.7941176470588235,0.3333333333333333,0.0,0.0,0.0,0.0,0.0,0.0,0.0,0.0,0.012468402717240278,0.0,0.0008386222211652462,9.89901386388269e-06,0.09334995278783155,0.03511638913022793,0.0,0.6537910660162608,0.4934604326841445,0.5735849056603773,0.24485294117647063,0.4026675928295495,0.1285794849301335,0.030303030303030304,0.14999999999999858,0.0,1.0,0.0,0.35000000000000003,0.0,0.0,0.0,0.0,0.0,0.0,0.0046694333395763,0.0,0.0,0.009782113183876602,0.0015708872064261277,0.033218055409278184,0,2
8025,0.6000000000000227,0.0,1.0,0.015444015444015444,0.0,0.6000000000000001,0.9411764705882353,0.0,0.0,0.0,0.0,0.0,0.0,0.0,0.0,0.0,0.009770786935533304,0.0,0.0008043294090493882,9.89901386388269e-06,0.0,0.00037220920999654714,0.0,0.6541020967308494,0.493994216149053,0.580754716981132,0.24497549019607845,0.40287476084280827,0.13315370637257973,0.020202020202020204,0.8999999999999986,0.0,1.0,0.0,0.85,4.792950609709821e-06,0.0,0.0,0.0,0.0,0.0,0.0037252825834557116,0.0,0.0,0.00013427979827076067,0.0011197397187712019,0.03312156029362849,0,4
4047,0.8000000000000114,1.0,0.0,0.10231660231660232,0.0,0.6000000000000001,0.029411764705882346,0.0,0.0,0.0,0.0,0.0,0.0,0.0,0.0,0.0,0.009770786935533304,0.0,0.0008043294090493882,9.89901386388269e-06,0.007279205389561845,0.0,0.0,0.654372441799168,0.4944402809688715,0.4573584905660377,0.24387254901960786,0.39810989653785694,0.13271508239864654,0.020202020202020204,0.9499999999999957,0.0,1.0,0.0,0.35000000000000003,7.976936213043966e-05,0.0,0.0,0.0,0.0,0.0,0.004017660243959196,0.0,0.0,0.0013192369817155377,0.0012858039197484157,0.03319389814750807,0,3
10402,0.6000000000000227,0.0,0.0,0.05791505791505792,0.0,0.8,0.5588235294117647,0.0,0.0,0.0,0.0,0.0,0.0,0.0,0.0,0.0,0.009770786935533304,0.0,0.0008043294090493882,0.05738203270277897,0.0,0.0,0.0,0.6531374278950631,0.49400050497388515,0.580754716981132,0.2450980392156863,0.3941188656941957,0.09054452033335424,0.020202020202020204,0.14999999999999858,0.0,1.0,0.0,0.45,0.00012217271837441636,0.0,0.0,0.0,0.00016866101482186925,0.0,0.003643520827754474,0.0,0.0,0.0003819389194479819,0.001495654775626257,0.03312156029362849,1,2
5250,0.8000000000000114,0.0,0.0,0.02316602316602317,0.0,0.4,0.029411764705882346,0.0,0.0,0.0,0.0,0.0,0.0,0.0,0.0,0.0,0.010689436098975184,0.0010368842587194162,0.0008043294090493882,9.89901386388269e-06,0.06560973105693078,0.014518486016808831,0.0001532174278832535,0.65383310576343,0.4943628338251632,0.5750943396226414,0.2439950980392157,0.399767240643927,0.13296572466946552,0.030303030303030304,0.0,0.0,1.0,0.0,0.25000000000000006,4.5512664146592974e-05,0.0,0.0,0.0,0.00017708154432949415,0.0,0.004003849982895647,0.0,0.0,0.004476180876858083,0.001501787642481938,0.03312751280166219,0,2
7581,0.20000000000004547,0.0,0.0,0.06756756756756757,0.0,0.4,0.5588235294117647,0.0,0.0,0.0,0.0,0.0,0.0,0.0,0.0,0.0,0.009770786935533304,0.0,0.0008043294090493882,9.89901386388269e-06,0.0,0.0004892153648693175,0.0,0.6541111225240211,0.49400680932572144,0.3920754716981132,0.18357843137254906,0.3967876771591173,0.1027633310357792,0.25252525252525254,0.10000000000000142,0.0,0.0,0.0,0.55,0.0,0.0020393148961660923,0.0,0.0,0.0,0.0,0.0036354330375410375,0.005206293430028113,0.0,8.367864738877084e-05,0.001086837383276124,0.033121689264635885,0,2
11476,0.6000000000000227,0.0,0.0,0.015444015444015444,0.0,0.6000000000000001,0.5294117647058824,0.0,0.0,0.0,0.0,1.0,0.0,0.0,0.0,0.0,0.009770786935533304,0.0,0.0008043294090493882,9.89901386388269e-06,0.0,0.0,0.0,0.6530814631401407,0.49372523021192194,0.579622641509434,0.21004901960784317,0.3909565069035694,0.11617269252459429,0.020202020202020204,0.6000000000000014,0.0,1.0,0.0,0.45,0.0001879637727068496,0.0,0.0,0.0,0.0002615059609914432,0.0,0.00363778304358179,0.0,0.010780287474332649,0.0027422344629140635,0.0012040223489097493,0.03312156029362849,1,1
11251,0.6000000000000227,0.0,1.0,0.10231660231660232,0.0,0.6000000000000001,0.23529411764705882,0.0,0.0,0.0,0.0,0.0,0.0,0.0,0.0,0.0,0.009795227259268267,0.0,0.0008043294090493882,9.89901386388269e-06,0.0034530676341425677,0.003281656999947231,0.0,0.6537035881825728,0.49352434765561193,0.4850943396226415,0.24240196078431378,0.39978552017450864,0.1319004950184849,0.020202020202020204,0.29999999999999716,0.0,1.0,0.0,0.85,0.0,0.0,0.0005476123868066949,0.0,1.9267047999788518e-05,0.0,0.0036354330375410375,0.0,0.006160164271047228,0.0012559983341016454,0.0011064565991246856,0.03312156029362849,1,4
2846,0.20000000000004547,0.0,1.0,0.06756756756756757,0.0,0.4,0.23529411764705882,0.0,0.0,0.0,0.0,0.0,0.0,0.0,0.0,0.0,0.009770786935533304,0.0,0.0008043294090493882,9.89901386388269e-06,0.0,4.454211577542962e-05,0.0,0.6541022110359168,0.4939963786725478,0.580754716981132,0.2450980392156863,0.40287476084280827,0.1342189360235604,0.24242424242424243,0.9499999999999957,0.0,0.0,0.0,0.5,0.0,0.0008959192465783811,0.0,0.0,0.0,0.0,0.0036354330375410375,0.002358464517258166,0.0,1.711434274016744e-05,0.0010838389077589825,0.03312156029362849,0,4
12125,0.20000000000004547,0.0,1.0,0.04247104247104247,0.0,0.6000000000000001,0.32352941176470584,0.0,0.0,0.0,0.0,0.0,0.0,0.0,0.0,0.0,0.009770786935533304,0.0,0.0008043294090493882,9.89901386388269e-06,0.0003318588869496312,0.00045614118188681564,0.0,0.6540390559952807,0.49391253440315386,0.39264150943396225,0.24436274509803926,0.3967876771591173,0.12237608872736389,0.25252525252525254,0.7999999999999972,0.0,1.0,0.0,0.55,5.1059180645364824e-05,0.0,0.0,0.0,0.0,0.0,0.0036354330375410375,0.0,0.0005435061601642711,0.00010526983613720331,0.0010856555798429478,0.03312156029362849,1,4
11237,0.6000000000000227,0.0,0.0,0.015444015444015444,0.0,0.6000000000000001,0.5294117647058824,0.0,0.0,0.0,0.0,1.0,0.0,0.0,0.0,0.0,0.010857583720336478,0.0,0.000809007828164785,9.89901386388269e-06,0.009328199040139743,0.0021442541293906913,2.7533465393924616e-05,0.6535527932932402,0.4938994622184092,0.580754716981132,0.2450980392156863,0.39330847317174233,0.10125947741086536,0.020202020202020204,0.29999999999999716,1.0,1.0,0.0,0.45,0.00010413465921011182,0.0,0.0,0.0,0.0001529625183606281,0.0,0.0036404016217414853,0.0,0.004491786447638604,0.0002754923123600346,0.0012286032357613336,0.03312354446297306,1,1
7011,0.0,0.0,0.0,0.03474903474903475,0.0,0.0,0.4411764705882353,0.4444444444444444,0.0,0.0,0.0,0.0,0.0,0.0,0.0,0.0,0.0756763472070045,0.0,0.012488260092032301,9.89901386388269e-06,0.09334995278783155,0.2382251130276963,0.0,0.6699785288765151,0.5264994856590615,0.33490566037735847,0.15514705882352944,0.393856859089192,0.08076947177141426,0.04040404040404041,0.6000000000000014,0.0,0.0,0.0,0.55,0.0021258297396896247,0.0,0.010924625167285403,0.0,0.0,0.0043244772793554565,0.02311337820218518,0.0,0.0,0.10069536930398092,0.01017321853471246,0.03312156029362849,0,2
476,0.6000000000000227,1.0,1.0,0.03861003861003861,0.0,0.6000000000000001,0.23529411764705882,0.0,0.0,0.0,0.0,0.0,0.0,0.0,0.0,0.0,0.009770786935533304,0.0,0.0008043294090493882,9.89901386388269e-06,0.0022499887934362794,0.012642564894580197,0.0,0.6539197327698342,0.4937966291993614,0.5781132075471698,0.2450980392156863,0.4026371269452468,0.1342189360235604,0.24242424242424243,0.9499999999999957,0.0,1.0,0.0,0.5,0.0015045248474808098,0.0,0.0,0.0,0.0,0.0,0.0036354330375410375,0.0,0.0,0.006672009888969103,0.0012546269022677059,0.03312156029362849,0,4
10978,0.6000000000000227,0.0,0.0,0.33204633204633205,0.0,1.0,0.5588235294117647,0.0,0.0,0.0,0.0,0.0,1.0,0.0,0.0,0.0,0.009770786935533304,0.0,0.0008043294090493882,9.89901386388269e-06,0.0006825158807852982,0.008491422526427145,0.0,0.6540048887197197,0.4938823545653011,0.580754716981132,0.24497549019607845,0.40287476084280827,0.13415627545585562,0.020202020202020204,0.3999999999999986,0.0,1.0,0.0,0.75,2.8920636823461527e-06,0.0,6.058818933557137e-05,0.0,0.0,1.908128664248499e-05,0.003635478584859455,0.0,0.0,0.004186464985180361,0.0011387359623209565,0.03312156029362849,1,2
9261,0.6000000000000227,1.0,1.0,0.03861003861003861,0.0,1.0,0.23529411764705882,0.0,0.0,0.0,0.0,0.0,0.0,0.0,0.0,0.0,0.009770786935533304,0.0,0.0008043294090493882,9.89901386388269e-06,0.0,0.0,0.0,0.6539908931410119,0.49381334091386514,0.580754716981132,0.2450980392156863,0.40287476084280827,0.1236919606491635,0.020202020202020204,0.29999999999999716,0.0,1.0,0.0,0.4,9.148697226125998e-05,0.0,0.0,0.0,0.00011644747125786074,0.0,0.0036384505473861808,0.0,0.0,0.0017377581285453424,0.0011503693057881923,0.03312156029362849,1,4
10318,0.8000000000000114,0.0,0.0,0.03861003861003861,0.0,0.2,0.029411764705882346,0.0,0.0,0.0,0.0,0.0,0.0,0.0,0.0,0.0,0.010713575433501588,0.0,0.0008043294090493882,9.89901386388269e-06,0.0,0.0027006981727344913,2.144391538578963e-05,0.6546117379666899,0.49460130376480294,0.39301886792452834,0.22671568627450983,0.39676330445167507,0.12419324519080144,0.020202020202020204,0.14999999999999858,0.0,1.0,0.0,0.45,0.0,0.0,2.4094138521134037e-05,0.0,0.0,1.6334737807581848e-05,0.004743510163242516,0.0,0.0,0.0015602703708005267,0.0013786112774449545,0.03312156029362849,1,2
6760,0.20000000000004547,1.0,0.0,0.0694980694980695,0.3333333333333333,0.6000000000000001,0.5,0.0,0.0,0.0,0.0,1.0,0.0,0.0,0.0,0.0,0.009770786935533304,0.0,0.0016684490143935465,0.00025375079505883335,0.0,0.0,0.0,0.6533207821686762,0.4974381425331944,0.580754716981132,0.24325980392156868,0.3928332053766193,0.06573093552227584,0.030303030303030304,0.10000000000000142,1.0,1.0,0.0,0.2,0.019824363343239466,0.0,0.0,0.0,0.030698308094935182,0.0,0.004692090381943808,0.0,0.0,0.0,0.002255787502089222,0.033174770755026436,0,0
1159,0.8000000000000114,1.0,1.0,0.05791505791505792,0.0,0.6000000000000001,0.23529411764705882,0.0,0.0,0.0,0.0,0.0,0.0,0.0,0.0,0.0,0.009770786935533304,0.0,0.007227003523239463,9.89901386388269e-06,0.0,0.003918459673803793,0.0,0.6540528249517681,0.4940983872076783,0.580754716981132,0.2450980392156863,0.40214357961954206,0.1342189360235604,0.030303030303030304,0.8999999999999986,0.0,1.0,0.0,0.45,8.404635771700791e-06,0.0,0.004065457423187332,0.009150921421005674,0.0,0.0004122352968386861,0.003718768138974154,0.0,0.0,0.001981119477554629,0.0014867592288633502,0.03312156029362849,0,4
6927,0.0,0.0,0.0,0.06756756756756757,0.0,0.0,0.4411764705882353,0.0,0.0,0.0,0.0,0.0,0.0,0.0,0.0,0.0,0.009770786935533304,0.0,0.0008043294090493882,9.89901386388269e-06,0.0,0.00020675519412177032,0.0,0.6541008622361223,0.4939947984117064,0.28603773584905656,0.17598039215686276,0.39335721858662676,0.0988783758380851,0.25252525252525254,0.8999999999999986,0.0,0.0,0.0,0.05,0.0,0.0016621078723778697,0.0,0.0,0.0,0.0,0.003637229800722739,0.0020628068616364652,0.00010605749486652978,3.379379186810342e-05,0.0010835092796728058,0.03312156029362849,0,2
1379,0.4000000000000341,1.0,0.0,0.10424710424710425,0.0,0.8,0.5588235294117647,0.0,0.0,0.0,0.0,0.0,0.0,0.0,0.0,0.0,0.009770786935533304,0.0,0.0008043294090493882,9.89901386388269e-06,0.0,0.0005208768314932703,0.0,0.6541101037179862,0.49400562577983453,0.39622641509433965,0.20637254901960786,0.39691563387318884,0.11441819662886148,0.25252525252525254,0.3999999999999986,0.0,0.0,1.0,0.55,0.0,0.0011076513942677568,0.0,0.0,0.0,0.0,0.003640536300450254,0.0074242664959864165,0.0,0.00019554863364101632,0.001086475040221996,0.03312156029362849,0,3
10660,0.6000000000000227,0.0,0.0,0.05791505791505792,0.0,0.6000000000000001,0.5588235294117647,0.0,0.0,0.0,0.0,0.0,0.0,0.0,0.0,0.0,0.009770786935533304,0.0,0.0008043294090493882,9.89901386388269e-06,0.0537365575460662,0.00882158264951629,0.0,0.6539721428028221,0.4939112406155379,0.580754716981132,0.2450980392156863,0.4026432201221073,0.13403095432044615,0.020202020202020204,0.5,0.0,1.0,0.0,0.4,0.0005840135640230699,0.0,0.0,0.0,0.0001945799681018447,0.0,0.003671675745574382,0.0,0.0,0.00213036473248159,0.0016691383347897724,0.03312156029362849,1,2
6931,0.0,1.0,0.0,0.06756756756756757,0.2962962962962963,0.6000000000000001,0.5,0.0,0.0,0.0,0.0,1.0,0.0,0.0,0.0,0.0,0.010287645604470232,0.0,0.0008043294090493882,9.89901386388269e-06,0.0,0.0007622020259183591,0.0,0.6541068282979988,0.4939994724281131,0.39547169811320754,0.19436274509803925,0.39700093834923655,0.1046431480669215,0.24242424242424243,0.3500000000000014,0.0,0.0,0.0,0.55,0.0,0.0011206875344432696,0.0,0.0,0.0,0.0,0.003642170506823121,0.010248847510547865,0.0,0.00036011749290483866,0.0010888165397009146,0.03313155058627839,0,0
12425,0.20000000000004547,0.0,1.0,0.03474903474903475,0.0,0.6000000000000001,0.23529411764705882,0.0,0.0,0.0,0.0,0.0,0.0,0.0,0.0,0.0,0.009770786935533304,0.0,0.0008043294090493882,9.89901386388269e-06,0.0,0.0,0.0,0.6539586461905822,0.4938281773544497,0.3956603773584906,0.24448529411764708,0.3968973543426072,0.13390563318503665,0.020202020202020204,0.9499999999999957,0.0,1.0,0.0,0.6,1.0658544557003426e-06,0.0,0.0,0.0,0.0,1.2648580160738157e-06,0.0036791671015061304,0.0,0.0,0.0,0.001090966557481051,0.03312156029362849,1,4
5077,0.6000000000000227,1.0,0.0,0.02316602316602317,0.14814814814814814,0.6000000000000001,0.5,0.0,0.0,0.0,0.0,1.0,0.0,0.0,0.0,0.0,0.01053883614847286,0.0,0.0008355188698186996,9.89901386388269e-06,0.0611462651776638,0.018883862665687735,0.0,0.6533505120883913,0.4947257907437568,0.580754716981132,0.24375000000000005,0.39218732862940087,0.061783319756876995,0.020202020202020204,0.29999999999999716,1.0,1.0,0.0,0.10000000000000002,0.00033313722290236633,0.0,0.00297275295695063,0.0,0.0,0.0009085294435455921,0.0038308926794906463,0.0,0.007700205338809035,0.004931974964453843,0.0016002122097438579,0.03315132283379701,0,0
3328,0.20000000000004547,0.0,0.0,0.0501930501930502,0.0,0.6000000000000001,0.5588235294117647,0.0,0.0,0.0,0.0,0.0,0.0,0.0,0.0018439268348193667,0.0,0.009770786935533304,0.0,0.0008043294090493882,9.89901386388269e-06,0.0,0.0,0.0,0.6541118153121248,0.49397755722636316,0.46377358490566034,0.19705882352941176,0.39950523403892324,0.10583369885331163,0.020202020202020204,0.6000000000000014,0.0,1.0,0.0,0.45,0.0,0.0,0.0,0.0,0.0,0.0,0.0036553403568837517,0.0,0.0,0.00022322833296068922,0.0011344535730161238,0.03333215010701419,0,2
6650,0.4000000000000341,0.0,0.0,0.06756756756756757,0.0,0.0,0.4411764705882353,0.0,0.0,0.0,0.0,0.0,0.0,0.0,0.0,0.0,0.009770786935533304,0.0,0.0008087895019393997,9.89901386388269e-06,0.0,0.0,0.0,0.6539265556227373,0.49378994948220123,0.5815094339622641,0.2450980392156863,0.3985059530337928,0.13378031204962718,0.020202020202020204,0.14999999999999858,0.0,1.0,0.0,0.75,0.0,0.0,0.0,0.0,0.0,1.0841640137775562e-07,0.0036354330375410375,0.0,0.0,0.002731976090060839,0.001082602083697888,0.03312156029362849,0,2
3806,0.4000000000000341,1.0,0.0,0.06756756756756757,0.0,0.4,0.1764705882352941,0.0,0.0,0.0,0.0,0.0,0.0,0.0,0.0,0.0,0.009849616009254816,0.0,0.0008043294090493882,9.89901386388269e-06,0.00013484026670175647,0.0020743662201236457,1.5941571985581944e-05,0.6540998063223553,0.49396268817906996,0.580754716981132,0.24497549019607845,0.3912185135085732,0.13415627545585562,0.020202020202020204,0.04999999999999716,0.0,1.0,0.0,0.25000000000000006,0.00038726497815904677,0.0,1.0081229506750644e-07,4.395044148218469e-07,0.0,0.0,0.0036354330375410375,0.0,0.000513347022587269,0.0001926834521957267,0.001082342594520274,0.03351608260525562,0,3
7292,0.8000000000000114,0.0,0.0,0.0694980694980695,0.0,0.0,0.4411764705882353,0.0,0.0,0.0,0.0,0.0,0.0,0.0,0.0,0.0,0.012896770558860961,1.6368066217077353e-07,0.0008104893275513273,0.00012519519681223414,0.02765020771908109,0.006356143300961354,0.0,0.6531114541392561,0.4942835820554044,0.580754716981132,0.24350490196078436,0.3952521965902583,0.09198571339056333,0.030303030303030304,0.3999999999999986,1.0,1.0,0.0,0.2,0.00030336797584347463,0.0,0.008913823129868919,0.023241432960194087,0.00020509780421545796,0.0,0.004574140889110764,0.0,0.0,0.006703245483118197,0.0017198194213454815,0.033420068650671986,0,2
9822,0.6000000000000227,0.0,0.0,0.05791505791505792,0.0,1.0,0.5588235294117647,0.0,0.0,0.0,0.0,0.0,0.0,0.0,0.0,0.0,0.009770786935533304,0.0,0.0008043294090493882,9.89901386388269e-06,0.0024596599856266783,0.002100875427087008,0.0,0.65396987923117,0.4938396723837538,0.580754716981132,0.2450980392156863,0.40287476084280827,0.13390563318503665,0.020202020202020204,0.6000000000000014,0.0,1.0,0.0,0.5,0.0,0.0,0.0,0.0,3.36351634049923e-05,0.0,0.0036863152819525628,0.0,0.0,0.002533178545316682,0.0011819772190513281,0.03312156029362849,1,2
10099,0.0,0.0,0.0,0.06756756756756757,0.0,0.8,0.5588235294117647,0.0,0.0,0.0,0.0,0.0,0.0,0.0,0.0,0.0,0.009770786935533304,0.0,0.0008043294090493882,9.89901386388269e-06,0.054168914004445026,0.010667836728215394,0.0,0.6542586688302082,0.4941483430142923,0.3837735849056604,0.17450980392156865,0.39651348420039245,0.09668525596841909,0.020202020202020204,0.14999999999999858,0.0,1.0,0.0,0.35000000000000003,0.0001155196141286435,0.0,0.0,0.0,8.659998097711606e-05,0.0,0.003780178488978109,0.0,0.0,0.004552543078770489,0.0013662126515683233,0.03312156029362849,1,2
6743,0.20000000000004547,0.0,0.0,0.0,0.0,0.0,0.7941176470588235,0.3333333333333333,0.0,0.0,0.0,0.0,0.0,0.0,0.0,0.0,0.009770786935533304,0.0,0.0008043294090493882,9.89901386388269e-06,0.0,0.0,0.0,0.6541013582207188,0.493984683344891,0.20339622641509433,0.24522058823529416,0.39068840712170516,0.010213672535873176,0.25252525252525254,0.0,0.0,1.0,0.0,0.4,3.1839856033341446e-05,0.0,0.0,0.0,0.0,0.0,0.0036354330375410375,0.0,0.0,1.6832940991076496e-05,0.0011105148908990515,0.03312156029362849,0,2
9767,0.6000000000000227,1.0,0.0,0.03474903474903475,0.0,1.0,0.029411764705882346,0.0,0.0,0.0,0.0,0.0,0.0,0.0,0.0,0.0,0.009770786935533304,0.0,0.0008043294090493882,9.89901386388269e-06,0.0,0.0,0.0,0.6540981553596003,0.4939916270211207,0.20339622641509433,0.23995098039215687,0.39068840712170516,0.13158719217996115,0.020202020202020204,0.5499999999999972,0.0,1.0,0.0,0.85,2.1805888609614655e-05,0.0,0.0,0.0,1.7091483684621495e-05,0.0,0.0036354330375410375,0.0,0.0,8.03274083768696e-05,0.0010825576210823542,0.03312156029362849,1,3
8548,0.6000000000000227,0.0,0.0,0.10424710424710425,0.0,0.0,0.4411764705882353,0.0,0.0,0.0,0.0,0.0,0.0,0.0,0.0,0.0,0.009855063913929728,0.0,0.0009602767128959454,9.89901386388269e-06,0.0,0.0,0.0,0.6541026818402665,0.4939929635079979,0.580754716981132,0.24522058823529416,0.40287476084280827,0.040729369008083216,0.25252525252525254,0.5,0.0,0.0,1.0,0.75,0.0,0.0,0.0,0.0,0.0,0.0,0.0036354330375410375,0.001263650706276554,0.0,1.2151439165290784e-05,0.0010831187323508532,0.03317116452724268,0,2
3011,0.4000000000000341,0.0,0.0,0.0250965250965251,0.0,0.6000000000000001,0.5588235294117647,0.0,0.0,0.0,0.0,0.0,0.0,0.0,0.0,0.0,0.009770786935533304,0.0,0.0008043294090493882,9.89901386388269e-06,0.0,0.0,0.0,0.6541030489417582,0.49399718141865934,0.39283018867924524,0.1849264705882353,0.3968059566896989,0.10226204649414125,0.25252525252525254,0.5,0.0,0.0,0.0,0.55,0.0,0.0,0.0,0.0,0.0,0.0,0.0036354330375410375,0.002842422424814482,0.0,4.8835994455873906e-05,0.001084414245081727,0.03312156029362849,0,2
1598,0.6000000000000227,0.0,0.0,0.03861003861003861,0.0,0.4,0.029411764705882346,0.0,0.0,0.0,0.0,0.0,0.0,0.0,0.0,0.0,0.011698562618509798,0.0,0.0008043294090493882,9.89901386388269e-06,0.01448466435980155,0.008856817457517749,0.0,0.6543975604205438,0.49435801463126827,0.3813207547169811,0.16421568627450983,0.3963306888945759,0.09236167679679179,0.020202020202020204,0.6999999999999957,0.0,1.0,0.0,0.55,0.0005407344420161293,0.0,0.0004787575892755881,0.002087206465988951,0.0,8.124002343239821e-05,0.0039169496258484905,0.0,0.0,0.0017911477149410516,0.0012532249667547236,0.03312156029362849,0,2
5995,0.20000000000004547,0.0,0.0,0.10231660231660232,0.0,0.0,0.4411764705882353,0.1111111111111111,0.0,0.0,0.0,0.0,0.0,0.0,0.0,0.0,0.009770786935533304,0.0,0.0008043294090493882,9.89901386388269e-06,0.002448453421906157,0.003805608567044402,9.07342951212113e-05,0.6540999116818087,0.49399348521533537,0.580754716981132,0.2450980392156863,0.40287476084280827,0.13403095432044615,0.25252525252525254,0.29999999999999716,0.0,0.0,0.0,0.45,0.0,0.01520266256855275,0.0,0.0,0.0,0.0,0.0036354330375410375,0.03551128036679468,0.0,0.0005984903563620587,0.0011030526562774803,0.03312156029362849,0,2
2586,0.4000000000000341,0.0,0.0,0.015444015444015444,0.0,0.6000000000000001,0.5294117647058824,0.0,0.0,0.0,0.0,1.0,0.0,0.0,0.0,0.0,0.009770786935533304,0.0,0.0008043294090493882,9.89901386388269e-06,0.004618550261076784,0.0030590295220323505,0.0,0.6541156168667409,0.49401732304836693,0.2790566037735849,0.06887254901960785,0.39307693245104136,0.0437370762579109,0.24242424242424243,0.9499999999999957,1.0,1.0,1.0,0.45,0.00025681661276871504,0.0,0.0,0.0,0.0,0.0,0.0036354330375410375,0.0,0.0,0.0010855712020612935,0.0011492846063280717,0.03312156029362849,0,1
9473,0.8000000000000114,0.0,0.0,0.10424710424710425,0.0,0.6000000000000001,0.0,0.0,0.0,0.0,0.0,0.0,0.0,0.0,0.0,0.0,0.009770786935533304,0.0,0.0008043294090493882,9.89901386388269e-06,0.0002975161916770659,0.0037940575332892066,0.0,0.6540966776767009,0.4939898957601645,0.20339622641509433,0.2442401960784314,0.39068840712170516,0.13378031204962718,0.020202020202020204,0.3999999999999986,0.0,1.0,0.0,0.75,0.0,0.0,6.9560483596579444e-06,3.0325804622707436e-05,0.0,0.0,0.0036354330375410375,0.0,0.0005577002053388091,0.0006955739597984345,0.0010825576210823542,0.03312156029362849,1,2
4329,0.6000000000000227,1.0,0.0,0.10424710424710425,0.2962962962962963,0.6000000000000001,0.5,0.0,0.0,0.0,0.0,1.0,0.0,0.0,0.0,0.0,0.009770786935533304,0.0,0.0008043294090493882,9.89901386388269e-06,0.0006123844820181647,0.00020077192483850366,3.334028629453905e-05,0.6541107034054409,0.494005703414855,0.41094339622641507,0.19497549019607846,0.39739090166831187,0.10577103828560688,0.24242424242424243,0.5499999999999972,0.0,1.0,1.0,0.5,4.285821133016728e-05,0.0,0.0,0.0,0.0,0.0,0.0036355469058370806,0.0,0.0,6.36735412261237e-05,0.0010867180232112348,0.03312156029362849,0,0
6598,0.4000000000000341,1.0,1.0,0.10231660231660232,0.0,0.6000000000000001,0.23529411764705882,0.0,0.0,0.0,0.0,0.0,0.0,0.0,0.0,0.0,0.009770786935533304,0.0,0.0008043294090493882,9.89901386388269e-06,0.0,0.0,0.0,0.6541025585895852,0.4939958814202418,0.40471698113207544,0.2189950980392157,0.3971898268319137,0.11905507863901248,0.25252525252525254,0.10000000000000142,0.0,0.0,0.0,0.55,0.0,0.0,0.0,0.0,0.0,0.0,0.003644656369520532,0.013567272582069908,0.0002566735112936345,1.6705031105126067e-05,0.0010903053681515008,0.03312156029362849,0,4
10365,0.6000000000000227,0.0,1.0,0.20463320463320464,0.0,0.8,0.23529411764705882,0.0,0.0,0.0,0.0,1.0,0.0,0.0,0.0,0.0,0.009770786935533304,0.0,0.0008043294090493882,9.89901386388269e-06,0.06574746334007656,0.048473954704158495,0.0,0.6526091347227865,0.4940039911744788,0.5566037735849056,0.23750000000000002,0.3943991518297811,0.13033398082586628,0.020202020202020204,0.14999999999999858,0.0,1.0,0.0,0.85,0.0,0.0,0.0,0.0,0.0020107535796367432,0.0,0.0036354330375410375,0.0,0.0,0.018307741976084944,0.0014353395275539392,0.03312156029362849,1,1
1277,1.0,0.0,0.0,0.0694980694980695,0.0,0.6000000000000001,0.029411764705882346,0.0,0.0,0.0,0.0,0.0,0.0,0.0,0.0,0.0,0.009770786935533304,0.0,0.000870607013184175,9.89901386388269e-06,0.04100156313488799,0.00942531114039035,0.0,0.6530345920987923,0.4941366465221101,0.580566037735849,0.24485294117647063,0.3982926918436735,0.1339682937527414,0.020202020202020204,0.7999999999999972,0.0,1.0,0.0,0.45,0.0009307557062198533,0.0,0.007908220486570543,0.03447692382069978,8.259318626716817e-05,0.0,0.0037676372704414955,0.0,0.0,0.01647660963079579,0.001616334641631619,0.033139417817729604,0,2
9020,0.4000000000000341,1.0,1.0,0.0694980694980695,0.0,0.6000000000000001,0.2647058823529412,0.0,0.0,0.0,0.0,0.0,0.0,0.0,0.0,0.0,0.012384050491541714,0.0,0.0008196122448263509,9.89901386388269e-06,0.05302114497823034,0.012188251933863269,0.0020363455227203394,0.6536586480685647,0.4939970533208756,0.580754716981132,0.24497549019607845,0.396641440914464,0.10163544081709382,0.020202020202020204,0.3999999999999986,1.0,1.0,0.0,0.45,0.0,0.0,0.0,0.0,0.0,0.00098398725890451,0.003713822721082211,0.0,0.0,0.0,0.0013731034647496774,0.03315774658205004,1,4
1339,0.8000000000000114,1.0,0.0,0.05791505791505792,0.7037037037037037,0.4,0.5,0.0,0.0,0.0,0.0,1.0,0.0,0.0,0.0,0.0,0.009770786935533304,0.0,0.001178446990977279,4.7065863463245915e-05,0.10297892153814786,0.024214706294191535,0.0,0.6535361508067559,0.4944579196455195,0.5752830188679245,0.22475490196078435,0.40055326045893813,0.12362930008145875,0.030303030303030304,0.3999999999999986,0.0,1.0,0.0,0.05,0.0,0.0,0.0,0.0,0.0,3.6608604865222144e-05,0.004674604138164549,0.0,0.0,0.0032773070978218996,0.002023518763990847,0.033170772653797136,0,0
2981,0.0,0.0,0.0,0.03861003861003861,0.0,0.6000000000000001,0.5294117647058824,0.0,0.0,0.0,0.0,1.0,0.0,0.0,0.0,0.0,0.009794700528153288,0.0,0.0008043294090493882,9.89901386388269e-06,0.0,0.00016503851106343886,0.0,0.6542251260910297,0.4941519604180705,0.29603773584905657,0.09644607843137257,0.3936131320147699,0.058211667397706626,0.020202020202020204,0.5,0.0,1.0,0.0,0.45,0.00017808594956644197,0.0,0.0012466448408047846,0.005434911593686959,0.0,0.00013866457736214945,0.003692001236418082,0.0,0.0,0.0003549755154896314,0.0011553653275075638,0.03312156029362849,0,1
2791,0.6000000000000227,0.0,1.0,0.06756756756756757,0.0,0.6000000000000001,0.23529411764705882,0.0,0.0,0.0,0.0,0.0,0.0,0.0,0.0,0.0,0.009770786935533304,0.0,0.0008043294090493882,9.89901386388269e-06,0.0010545014958955057,0.0009072963060375757,0.0,0.6541022133551501,0.4939906938481748,0.28547169811320755,0.23541666666666672,0.3933389390560451,0.07788708565699606,0.24242424242424243,0.9499999999999957,0.0,1.0,1.0,0.05,0.0,0.0,0.0,0.0,0.0,0.0,0.0036354330375410375,0.0,0.0,0.00034471714263640694,0.0010833778249834014,0.03312156029362849,0,4
7419,0.4000000000000341,1.0,0.0,0.10231660231660232,0.0,0.6000000000000001,0.0,0.0,0.0,0.0,0.0,0.0,0.0,0.0,0.0,0.0,0.009770786935533304,0.0,0.0008043294090493882,9.89901386388269e-06,0.0,6.38215390215111e-05,0.0,0.6541025403670383,0.49399597225321573,0.39452830188679244,0.17953431372549022,0.3968607952814439,0.09906635754119934,0.24242424242424243,0.10000000000000142,0.0,1.0,1.0,0.55,0.0,0.0,0.0,0.0,0.0,0.0,0.0036354330375410375,0.0,0.0,0.0001599641033696069,0.0010886897444160365,0.03312156029362849,0,3
3468,0.6000000000000227,1.0,1.0,0.05791505791505792,0.0,0.6000000000000001,0.23529411764705882,0.0,0.0,0.0,0.0,0.0,0.0,0.0,0.0,0.0,0.012145381098615127,0.0,0.0008685173193126312,9.89901386388269e-06,0.0,0.0,0.001723342652302201,0.6540963294603943,0.4941041224948146,0.580754716981132,0.24473039215686276,0.4019790638443072,0.13183783445078015,0.020202020202020204,0.44999999999999574,0.0,1.0,0.0,0.10000000000000002,0.0,0.0,3.6292426224302315e-06,1.5822158933586488e-05,0.0,4.6980440597027436e-07,0.0038276309417829553,0.0,0.0,0.002079200778101418,0.0013885442852369853,0.03314264209291452,0,4
3219,0.6000000000000227,1.0,0.0,0.10231660231660232,0.0,0.6000000000000001,0.5588235294117647,0.0,0.0,0.0,0.0,0.0,0.0,0.0,0.0,0.0,0.009770786935533304,0.0,0.0008043294090493882,9.89901386388269e-06,0.009614870170151788,0.001558059941555093,0.0,0.6541584037383358,0.4940611755778476,0.3920754716981132,0.18933823529411767,0.3967815839822567,0.10526975374396894,0.24242424242424243,0.3999999999999986,0.0,1.0,1.0,0.55,0.0,0.0,0.0,0.0,0.0,0.0,0.0036354330375410375,0.0,0.0,0.0004973648005296493,0.0011243176828546616,0.03312156029362849,0,3
6000,0.4000000000000341,0.0,0.0,0.03474903474903475,0.0,0.8,0.0,0.0,0.0,0.0,0.0,0.0,0.0,0.0,0.0,0.0,0.009770786935533304,0.0,0.0008124230741190246,9.89901386388269e-06,0.0,0.004002059241844991,0.0,0.6541682581604158,0.4940626731573922,0.42962264150943397,0.24473039215686276,0.3978905421708771,0.12926875117488565,0.020202020202020204,0.14999999999999858,0.0,1.0,0.0,0.2,2.58045400389618e-05,0.0,8.962213031501322e-05,0.0003907194247766219,0.0,5.9556743156847086e-05,0.0036541074380921123,0.0,0.0,0.0019468907920742943,0.001163720135504741,0.03312156029362849,0,2
3616,0.6000000000000227,1.0,0.0,0.03861003861003861,0.537037037037037,0.4,0.5,0.0,0.0,0.0,0.0,1.0,0.0,0.0,0.0,0.0,0.009770786935533304,0.0,0.0008043294090493882,9.89901386388269e-06,0.01694649335776123,0.003895606909180205,0.0001621995141452526,0.6541895215534917,0.4940986721282034,0.280188679245283,0.08762254901960786,0.39316833010394964,0.05370010652296511,0.020202020202020204,0.14999999999999858,0.0,1.0,0.0,0.35000000000000003,0.0,0.0,0.0,0.0,0.0,1.0841640137775562e-07,0.0036354330375410375,0.0,0.0,0.0004896902073726235,0.0011332184342715604,0.03312156029362849,0,0
4073,0.0,1.0,0.0,0.02316602316602317,0.35185185185185186,0.6000000000000001,0.5,0.0,0.0,0.0,0.0,1.0,0.0,0.0,0.0,0.0,0.009770786935533304,0.0,0.0008043294090493882,9.89901386388269e-06,0.01618770054326529,0.003362846640082669,0.0,0.6541915270276151,0.49409924391012905,0.3992452830188679,0.22475490196078435,0.3969887519955155,0.12193746475343067,0.07070707070707072,0.8999999999999986,0.0,1.0,0.0,0.35000000000000003,0.0,0.0,0.0,0.0,0.0,0.0,0.003738134780235312,0.0,0.0,7.764130077191059e-05,0.0011208057806132168,0.03312156029362849,0,0
7466,0.20000000000004547,0.0,0.0,0.03474903474903475,0.0,0.6000000000000001,0.1176470588235294,0.0,0.0,0.0,0.0,0.0,0.0,0.0,0.0010682166784170427,0.0,0.009770786935533304,0.0,0.0008043294090493882,9.89901386388269e-06,0.0,0.0,0.0,0.65410451204662,0.4939945810336491,0.38490566037735846,0.12120098039215689,0.39655004326155574,0.07024249639701736,0.020202020202020204,0.9499999999999957,0.0,1.0,0.0,0.45,6.177882513931923e-07,0.0,0.0,0.0,3.0833537416395923e-06,0.0,0.0036354330375410375,0.0,0.0,3.732410472033527e-05,0.0011449741614598143,0.03312156029362849,0,2
4950,0.4000000000000341,0.0,0.0,0.0,0.0,0.0,0.7941176470588235,0.3333333333333333,0.0,0.0,0.0,0.0,0.0,0.0,0.0,0.0,0.009770786935533304,0.0,0.0008043294090493882,9.89901386388269e-06,0.0,0.0012618050110711257,0.00015919823592695748,0.6540971017650665,0.4941931547244507,0.5771698113207546,0.24497549019607845,0.39920666837275626,0.13415627545585562,0.020202020202020204,0.5,0.0,1.0,0.0,0.45,0.0009876261697574443,0.0,0.0,0.0,0.00031119960631989854,0.0,0.0036417970973419587,0.0,0.0,0.0007322840970662078,0.0012051012488982784,0.035344058139019,0,2
8250,0.6000000000000227,0.0,0.0,0.06756756756756757,0.0,0.0,0.4411764705882353,0.0,0.0,0.0,0.0,0.0,0.0,0.0,0.0,0.0,0.009770786935533304,0.0,0.0011352495878117826,9.89901386388269e-06,0.002667885169595074,0.012418940205118105,0.0,0.6539510454005832,0.4938275093050987,0.20339622641509433,0.13333333333333336,0.39068840712170516,0.0770724982768344,0.020202020202020204,0.3999999999999986,0.0,1.0,0.0,0.75,0.0,0.0,0.0,0.0,0.0,9.432226919864739e-05,0.0036354330375410375,0.0,0.0035233316221765917,0.0014026342273552176,0.0010836094568701237,0.03312156029362849,0,2
7157,0.0,1.0,0.0,0.06756756756756757,0.2962962962962963,0.6000000000000001,0.5,0.0,0.0,0.0,0.0,1.0,0.0,0.0,0.0,0.0,0.009770786935533304,0.0,0.0008043294090493882,9.89901386388269e-06,0.0,0.0006010692600814971,0.0,0.6541091644285199,0.4940043785732309,0.3920754716981132,0.21237745098039215,0.3967815839822567,0.1169246193370512,0.24242424242424243,1.0,0.0,0.0,0.0,0.55,0.0,0.0009066425231743674,0.0,0.0,0.0,0.0,0.0036354330375410375,0.0064242979308521,0.0,0.0002744690332724312,0.0010873723721383953,0.03312156029362849,0,0
9581,0.20000000000004547,1.0,1.0,0.04247104247104247,0.0,0.8,0.23529411764705882,0.0,0.0,0.0,0.0,0.0,0.0,0.0,0.0,0.0,0.009770786935533304,0.0,0.0008043294090493882,9.89901386388269e-06,0.0,0.0,0.0,0.6540404723841585,0.4939240453476371,0.20339622641509433,0.2450980392156863,0.39068840712170516,0.1342189360235604,0.020202020202020204,0.3999999999999986,0.0,1.0,0.0,0.25000000000000006,0.0,0.0,0.0,0.0,0.0,0.0,0.0036354330375410375,0.0,0.0,0.000972805846607395,0.0010825576210823542,0.03312156029362849,1,4
8772,0.0,0.0,0.0,0.03474903474903475,0.0,0.6000000000000001,0.5294117647058824,0.0,0.0,0.0,0.0,1.0,0.0,0.0,0.0,0.0,0.009896705770933819,6.802568319817348e-05,0.0008713399655122539,9.89901386388269e-06,0.0,0.0,9.047331440657693e-06,0.6540667032435372,0.4940293238698293,0.580754716981132,0.2450980392156863,0.3914987996441585,0.05131900495018485,0.020202020202020204,0.29999999999999716,1.0,1.0,0.0,0.25000000000000006,0.0,0.0,0.0,0.0,0.0,0.0,0.0036600706029611026,0.0,0.0,0.0005853156381091645,0.0011083654183683808,0.03314287523281251,0,1
6696,0.8000000000000114,0.0,0.0,0.10231660231660232,0.0,0.6000000000000001,0.5294117647058824,0.0,0.0,0.0,0.0,1.0,0.0,0.0,0.0,0.0,0.009770786935533304,0.0,0.0008043294090493882,9.89901386388269e-06,0.00555700959715657,0.003153764619017406,0.0,0.6540954892353196,0.4939849344941821,0.29358490566037737,0.10073529411764708,0.3936009456610488,0.059151575913277785,0.020202020202020204,0.3999999999999986,0.0,1.0,0.0,0.35000000000000003,6.621196500920664e-05,0.0,0.0,0.0,9.370578097053928e-05,0.0,0.0036354330375410375,0.0,0.0,0.0009240465980830913,0.0010999882055749701,0.03312156029362849,0,1
3810,0.8000000000000114,0.0,0.0,0.05791505791505792,0.0,0.6000000000000001,0.029411764705882346,0.0,0.0,0.0,0.0,0.0,0.0,0.0,0.0,0.0,0.009770786935533304,0.0,0.0020511592927633824,9.89901386388269e-06,0.0,0.0,0.0,0.6536975624832697,0.49355106535972737,0.5794339622641509,0.2450980392156863,0.4026919655369917,0.13409361488815089,0.030303030303030304,0.9499999999999957,0.0,1.0,0.0,0.4,7.429752333238567e-05,0.0,0.00029870683028502154,0.0016498995732412132,0.0,0.0003779395752028561,0.0038082042251794024,0.0,0.0,0.006382447489154521,0.0014914572469655648,0.03312156029362849,0,2
6613,0.6000000000000227,1.0,0.0,0.10424710424710425,0.2962962962962963,0.4,0.5,0.0,0.0,0.0,0.0,1.0,0.0,0.0,0.0,0.0,0.00977372158031675,0.0,0.0008043294090493882,9.89901386388269e-06,0.00034234244655915113,0.0005766375771748249,0.0,0.6541164613989631,0.4940118792807324,0.4069811320754717,0.18811274509803924,0.3972629449542403,0.10263800990036973,0.24242424242424243,0.44999999999999574,0.0,1.0,0.0,0.5,7.824865258854872e-05,0.0,0.0,0.0,0.0,0.0,0.0036354330375410375,0.0,0.0,0.00018124830839175832,0.0010911175420149598,0.03312156029362849,0,0
8239,0.4000000000000341,1.0,0.0,0.08687258687258688,0.8888888888888888,0.6000000000000001,0.5,0.0,0.0,0.0,0.0,1.0,0.0,0.0,0.0,0.0,0.009783142542544636,9.174846716879092e-05,0.0008611098223799197,5.4940539113655654e-05,0.0,0.04883187054864502,0.0,0.6512144098027782,0.5008602756025681,0.5749056603773585,0.24191176470588235,0.3932597277568579,0.08045616893289055,0.030303030303030304,0.14999999999999858,1.0,1.0,0.0,0.25000000000000006,0.0,0.0,0.06172696502065392,0.23161487107137993,0.0,0.003129294870567079,0.009193805537680982,0.0,0.0,0.02611167760978378,0.0037749846626071405,0.033632875773300236,0,0
5203,0.6000000000000227,1.0,1.0,0.10231660231660232,0.0,0.6000000000000001,0.32352941176470584,0.0,0.0,0.0,0.0,0.0,0.0,0.0,0.0,0.0,0.010262121719584457,0.0,0.0007962201492493672,9.89901386388269e-06,0.004325010592010226,0.0009942199125694776,0.0,0.6540981646365333,0.49400517200314,0.580754716981132,0.2450980392156863,0.40137583933511256,0.13403095432044615,0.020202020202020204,0.44999999999999574,0.0,1.0,0.0,0.25000000000000006,0.0,0.0,0.0,0.0,0.0,0.0,0.003645812721699315,0.0,0.0,7.876690776827437e-05,0.0010992598514248531,0.03312156029362849,0,4
5964,0.8000000000000114,1.0,0.0,0.15830115830115832,0.0,0.6000000000000001,0.5588235294117647,0.0,0.0,0.0,0.0,0.0,0.0,0.0,0.0,0.0,0.009770786935533304,0.0,0.0016922621676909158,9.89901386388269e-06,0.003926996828903969,0.001964423647043621,0.0,0.65395145192904,0.49384053917875725,0.3760377358490566,0.1797794117647059,0.39580667568456845,0.10057021116611319,0.020202020202020204,0.29999999999999716,0.0,1.0,0.0,0.05,5.31569451473483e-06,0.0,0.0,0.0,3.565421230180199e-05,0.0,0.0036354330375410375,0.0,0.002053388090349076,0.0009058322303237502,0.0011199492928386234,0.03312156029362849,0,3
8477,0.6000000000000227,1.0,0.0,0.03474903474903475,0.2222222222222222,0.4,0.5,0.0,0.0,0.0,0.0,1.0,0.0,0.0,0.0,0.0,0.010825317677178991,0.002227148209936992,0.0008043294090493882,9.89901386388269e-06,0.01778156310596782,0.010780023027276644,0.0,0.6539501107495833,0.49413149815572843,0.580377358490566,0.2450980392156863,0.3993955568554333,0.13177517388307539,0.25252525252525254,0.10000000000000142,0.0,1.0,0.0,0.45,0.0020053949750773697,0.0,0.0,0.0,0.0,0.0,0.0036452987437699336,0.0,0.0028234086242299797,0.0010242256207594676,0.0012535237634620127,0.03312180831479656,0,0
1133,0.0,0.0,0.0,0.13706563706563707,0.0,0.6000000000000001,0.029411764705882346,0.0,0.0,0.0,0.0,0.0,0.0,0.0,0.0,0.0,0.009770786935533304,0.0,0.0008043294090493882,9.89901386388269e-06,0.0009829240889063695,0.0037017323642099115,0.00013196924803343964,0.6541028614151839,0.49400038347507813,0.580754716981132,0.2450980392156863,0.40276508365931835,0.13403095432044615,0.020202020202020204,0.7999999999999972,0.0,1.0,0.0,0.10000000000000002,9.896832009681271e-05,0.0,0.00023559833357276254,5.7135573926840095e-05,2.0347004386454162e-05,0.0,0.0036354330375410375,0.0,0.0,0.0012346118011707337,0.0011483971880383245,0.03312156029362849,0,2
7331,0.6000000000000227,1.0,0.0,0.06756756756756757,0.0,0.4,0.029411764705882346,0.0,0.0,0.0,0.0,0.0,0.0,0.0,0.0,0.0,0.009770786935533304,0.0,0.0008043294090493882,9.89901386388269e-06,0.017611657139882497,0.0069493179696274296,0.0,0.6541317312306824,0.49402739813314683,0.3920754716981132,0.22193627450980394,0.3967815839822567,0.11955636318065044,0.25252525252525254,0.19999999999999574,0.0,1.0,0.0,0.55,0.0,0.0,0.0,0.0,0.0,0.0,0.0036772085668141884,0.0,0.0,0.001417676429942988,0.0011070277231561032,0.03312156029362849,0,3
1840,0.20000000000004547,1.0,0.0,0.015444015444015444,0.0,0.6000000000000001,0.5294117647058824,0.0,0.0,0.0,0.0,1.0,0.0,0.0,0.0,0.0,0.009770786935533304,0.0,0.0008043294090493882,9.89901386388269e-06,0.0,0.0015890566004809052,0.0,0.6540502999693967,0.4939355593975212,0.580754716981132,0.23296568627450986,0.40287476084280827,0.1280155398207908,0.24242424242424243,0.7999999999999972,0.0,0.0,0.0,0.85,0.0,0.0,0.0,0.0,0.0,0.0,0.0036354330375410375,0.0025762687463211746,0.0,0.0006462007438215688,0.0010868123018006946,0.03312156029362849,0,0
10280,0.4000000000000341,0.0,1.0,0.05791505791505792,0.0,0.6000000000000001,0.23529411764705882,0.0,0.0,0.0,0.0,0.0,0.0,0.0,0.0,0.0,0.010531401715021461,6.2744253832129855e-06,0.0023537594411472424,9.89901386388269e-06,0.033625475194451956,0.012253236886356525,0.0,0.6532036406790801,0.4942518157459086,0.580754716981132,0.2450980392156863,0.3975127652055229,0.12331599724293504,0.020202020202020204,0.14999999999999858,1.0,1.0,0.0,0.45,5.8092462276610395e-05,0.0,0.00030163038684197924,0.0,0.0004066896630597115,0.0,0.003679931982336103,0.0,0.007700205338809035,0.0020122015798405835,0.001599448910059793,0.03312156029362849,1,4
11658,0.20000000000004547,0.0,0.0,0.03474903474903475,0.0,0.6000000000000001,0.029411764705882346,0.0,0.0,0.0,0.0,0.0,0.0,0.0,0.0,0.0,0.009770786935533304,0.0,0.0008043294090493882,9.89901386388269e-06,0.0,0.006668852221974304,0.0,0.6540658925058568,0.4939480066203512,0.580754716981132,0.24276960784313728,0.40287476084280827,0.1275769158468576,0.020202020202020204,0.6000000000000014,0.0,1.0,0.0,0.8,0.0,0.0,0.0,0.0,0.0,0.00039319014899666035,0.003914540329763936,0.0,0.0,0.0013519819125188475,0.001095166514980273,0.03312156029362849,1,2
5595,0.6000000000000227,0.0,0.0,0.06756756756756757,0.0,0.4,0.5294117647058824,0.0,0.0,0.0,0.0,1.0,0.0,0.0,0.0,0.0,0.01054226742545043,0.0,0.0008043294090493882,9.89901386388269e-06,0.0009077316613622265,0.00037171060422294157,4.4149237558978647e-05,0.6541018959515138,0.4939955118775444,0.580754716981132,0.2450980392156863,0.40295397214199546,0.13403095432044615,0.25252525252525254,1.0,0.0,1.0,1.0,0.8,0.0,0.0,0.0,0.0,0.0,0.0,0.0036354330375410375,0.0,0.0,0.00012486563066480908,0.0010918769258164973,0.03312652071698991,0,1
8825,0.4000000000000341,0.0,0.0,0.06756756756756757,0.0,0.6000000000000001,0.5588235294117647,0.0,0.0,0.0,0.0,0.0,0.0,0.0,0.0,0.0,0.009770786935533304,0.0,0.0008043294090493882,9.89901386388269e-06,0.006683088500041211,0.003540516497410782,0.0,0.6540818415415993,0.49397182038652643,0.3920754716981132,0.21458333333333338,0.3967815839822567,0.1176138855818034,0.020202020202020204,0.29999999999999716,0.0,1.0,0.0,0.55,0.0,0.0,3.4276180322952187e-06,0.0,0.0,1.3732744174515712e-06,0.003653549876090798,0.0,0.0,0.0011549751061779964,0.0010895326009539832,0.03312156029362849,0,2
4870,0.0,0.0,0.0,0.0,0.0,0.0,0.7941176470588235,0.3333333333333333,0.0,0.0,0.0,0.0,0.0,0.0,0.0,0.0,0.009770786935533304,0.0,0.0008576945764256801,9.89901386388269e-06,4.121123432707838e-05,5.15225966059074e-06,5.785072507728237e-06,0.6540945509398104,0.4939574008460017,0.580754716981132,0.2450980392156863,0.3948317673868802,0.04994047246068049,0.25252525252525254,0.6499999999999986,0.0,0.0,0.0,0.4,0.0,0.0014497449437122596,0.0,0.0,0.0,0.0,0.003636710325703204,0.05639507586345281,0.0,0.00013131228891671072,0.0011141794134228028,0.03312156029362849,0,2
6164,0.20000000000004547,0.0,1.0,0.10424710424710425,0.0,0.2,0.23529411764705882,0.0,0.0,0.0,0.0,0.0,0.0,0.0,0.0,0.0,0.023540471347595657,0.06438726940695594,0.06376713324800416,0.00020523752977295428,0.0,0.0,0.0,0.5471475466315424,0.37868079112268943,0.580566037735849,0.24485294117647063,0.40259447470722287,0.13327902750798926,0.030303030303030304,0.14999999999999858,0.0,0.0,0.0,0.7,0.11603032134608918,0.0,0.0,0.0,0.007171160832129248,0.0,0.0036354330375410375,0.0,0.0,0.0,0.10289313526836585,0.26046082352869276,0,4
5236,0.20000000000004547,1.0,0.0,0.03474903474903475,0.2222222222222222,0.8,0.5,0.0,0.0,0.0,0.0,1.0,0.0,0.0,0.0,0.0,0.009770786935533304,0.0,0.0008043294090493882,9.89901386388269e-06,0.04867299825466807,0.011172924376877821,0.0,0.6540197334691161,0.4946605354036612,0.580754716981132,0.2338235294117647,0.39177299260288334,0.0841531424274704,0.020202020202020204,0.10000000000000142,0.0,1.0,0.0,0.2,9.796356557806334e-05,0.0,0.0,0.0,1.8468819366166086e-05,0.0,0.004060076184235265,0.0,0.0,0.0006106673775045395,0.0012064834562942233,0.03312181823564329,0,0
10715,0.8000000000000114,0.0,0.0,0.08687258687258688,0.0,0.6000000000000001,0.029411764705882346,0.0,0.0,0.0,0.0,0.0,0.0,0.0,0.0,0.0,0.010079120280780793,0.0,0.0008043294090493882,9.89901386388269e-06,0.0013447876464625578,4.902956773787962e-06,0.018572388079453578,0.6513599360568044,0.49474925864591585,0.580754716981132,0.2450980392156863,0.3983719031428607,0.1339682937527414,0.020202020202020204,0.5,0.0,1.0,0.0,0.8,0.0023409150955208237,0.0,0.0,0.0,0.0002988661913533402,0.0,0.003964956892109574,0.0,0.0,0.036086269590038585,0.002634024528578691,0.03312156029362849,1,2
10052,0.4000000000000341,0.0,0.0,0.10231660231660232,0.0,0.6000000000000001,0.5588235294117647,0.0,0.0,0.0,0.0,0.0,0.0,0.0,0.0,0.0,0.009770786935533304,0.0,0.0008043294090493882,9.89901386388269e-06,0.0,0.0,0.0,0.6540137071071751,0.4938926870101738,0.20339622641509433,0.2450980392156863,0.39068840712170516,0.1342189360235604,0.020202020202020204,0.14999999999999858,0.0,1.0,0.0,0.75,3.136463430150053e-06,0.0,0.0,0.0,0.0,0.0,0.0036354330375410375,0.0,0.0012833675564681726,0.00010703499256331923,0.0010825576210823542,0.03312156029362849,1,2
11597,0.4000000000000341,0.0,0.0,0.1274131274131274,0.0,0.8,0.029411764705882346,0.0,0.0,0.0,0.0,0.0,0.0,0.0,0.0,0.0,0.009770786935533304,0.0,0.0008043294090493882,9.89901386388269e-06,0.0003029387225095762,0.0,0.012827484853386145,0.6532362086776554,0.492981765813835,0.580754716981132,0.2450980392156863,0.40287476084280827,0.1342189360235604,0.020202020202020204,0.6000000000000014,0.0,0.0,0.0,0.4,0.024057591008305172,0.0,0.0,0.0,0.01996485634099288,0.0,0.0036354330375410375,0.0,0.0,0.01510311327546008,0.0014479466865671936,0.03312156029362849,1,2
5659,0.6000000000000227,0.0,1.0,0.0694980694980695,0.0,0.6000000000000001,0.32352941176470584,0.0,0.0,0.0,0.0,0.0,0.0,0.0,0.0,0.0,0.010897284196945366,0.0,0.0013364372045042263,1.9210969645858223e-05,0.0,0.0,0.0005399038533998251,0.6541160664666724,0.4940422535943114,0.5747169811320755,0.2450980392156863,0.40163175276325574,0.12507049313866783,0.020202020202020204,0.3500000000000014,0.0,1.0,0.0,0.4,8.913123024770572e-05,0.0,0.0001350884753904586,0.0005889359158612749,0.0,6.613400484043093e-05,0.0037999452398726043,0.0,0.0,0.0008015856732741504,0.0013644163519871276,0.03312156029362849,0,4
4113,0.6000000000000227,0.0,0.0,0.03474903474903475,0.0,0.4,0.5294117647058824,0.0,0.0,0.0,0.0,1.0,0.0,0.0,0.0,0.0,0.009770786935533304,0.0,0.0008043294090493882,9.89901386388269e-06,0.00035644102672367794,8.193754879584628e-05,0.0,0.6539933707447612,0.49416152815799175,0.3920754716981132,0.15428921568627452,0.3911575817399676,0.08753681308352655,0.23232323232323235,0.6000000000000014,0.0,0.0,1.0,0.0,0.0,0.0,0.0,0.0,0.0,0.0,0.0036354330375410375,0.0,0.000513347022587269,0.00020120225060002528,0.0011234203013701291,0.03312156029362849,0,1
7756,0.20000000000004547,0.0,0.0,0.10424710424710425,0.0,0.6000000000000001,0.5588235294117647,0.4444444444444444,0.0,0.0,0.0,0.0,0.0,0.0,0.0,0.0,0.016612572635280164,7.311069576961218e-07,0.007665324610160981,7.821030687752713e-05,0.1867002670777186,0.04320585230216673,0.0,0.6520488689322417,0.49954005675574936,0.580754716981132,0.2433823529411765,0.3932109823419735,0.054326712200012534,0.030303030303030304,0.3999999999999986,1.0,1.0,0.0,0.25000000000000006,0.0,0.0,0.0,0.0,0.0,1.622632140620409e-05,0.007921786336426746,0.0,0.0,0.015443609391860123,0.004811050844461289,0.03350404365775746,0,2
9386,0.20000000000004547,1.0,1.0,0.03861003861003861,0.0,0.6000000000000001,0.23529411764705882,0.0,0.0,0.0,0.0,0.0,0.0,0.0,0.0,0.0,0.010164962403061722,0.0,0.0010869371130801191,1.8623911563951073e-05,0.0,9.789293355122405e-05,0.00017157307147920323,0.6536802961230411,0.4941553348242347,0.580754716981132,0.2416666666666667,0.39489269915548575,0.13108590763832323,0.020202020202020204,0.14999999999999858,0.0,1.0,0.0,0.25000000000000006,0.00035913864051594795,0.0,4.032491802700257e-06,1.7580176592873877e-05,0.00026393194997598196,0.0,0.003689916268652603,0.0,0.000342299794661191,0.0003785109345045104,0.0012207456952770168,0.03312776082283027,1,4
181,0.4000000000000341,1.0,0.0,0.02316602316602317,0.0,0.6000000000000001,0.029411764705882346,0.0,0.0,0.0,0.0,0.0,0.0,0.0,0.0,0.0,0.009770786935533304,0.0,0.0008043294090493882,9.89901386388269e-06,8.278397070965745e-05,1.90301203592787e-05,0.0,0.6540612103052437,0.4939483420036396,0.580754716981132,0.2450980392156863,0.40287476084280827,0.1342189360235604,0.020202020202020204,1.0,0.0,1.0,0.0,0.2,7.230159205865382e-06,0.0,0.0,0.0,0.0,2.89110403674015e-07,0.0036354330375410375,0.0,0.0,0.0006525706561419001,0.0010895779062277825,0.03312156029362849,0,3
9300,1.0,1.0,0.0,0.015444015444015444,0.0,0.6000000000000001,0.029411764705882346,0.0,0.0,0.0,0.0,0.0,0.0,0.0,0.0,0.0,0.009770786935533304,0.0,0.0008043294090493882,9.89901386388269e-06,0.0,0.0,0.0,0.6534632337820506,0.49400304674445494,0.5820754716981132,0.2450980392156863,0.39069450029856573,0.1342189360235604,0.020202020202020204,0.29999999999999716,0.0,1.0,0.0,0.8,3.1785544978273916e-05,0.0,0.0,0.0,3.7532397322090064e-05,0.0,0.0036354330375410375,0.0,0.0,0.007467046576082591,0.001179041100245827,0.03312156029362849,1,3
134,0.6000000000000227,0.0,0.0,0.10231660231660232,0.0,0.6000000000000001,0.0,0.0,0.0,0.0,0.0,0.0,0.0,0.0,0.0,0.0,0.00999985477270687,0.0,0.0008043294090493882,9.89901386388269e-06,0.002089481880793974,0.0004803235619066851,0.0,0.6540890348091843,0.49402396938246834,0.580754716981132,0.2450980392156863,0.3934059640015112,0.13102324707061846,0.020202020202020204,0.5,0.0,1.0,0.0,0.6,0.0,0.0,6.8552360645904374e-06,2.988630020788559e-05,0.0,7.227760091850375e-07,0.003661222243348325,0.0,0.0,0.000222870185280028,0.0010906711314068237,0.033181085373965524,0,2
7945,0.0,0.0,0.0,0.02316602316602317,0.0,0.6000000000000001,0.5588235294117647,0.0,0.0,0.0,0.0,0.0,0.0,0.0,0.0,0.0,0.009770786935533304,0.0,0.0008105205170120966,9.89901386388269e-06,0.0,0.007056352009028088,0.0,0.6540417605525695,0.49391894395044283,0.579811320754717,0.24497549019607845,0.40276508365931835,0.1315245316122564,0.020202020202020204,0.8999999999999986,0.0,1.0,0.0,0.05,0.00020041458208108163,0.0,0.0004081889827283336,0.00014547596130603133,0.0,0.00013436406010749848,0.0037458193196210367,0.0,0.0013256160164271048,0.0018098225582898143,0.0011368604032946784,0.03312156029362849,0,2
1979,0.4000000000000341,0.0,0.0,0.05791505791505792,0.0,0.6000000000000001,0.5294117647058824,0.0,0.0,0.0,0.0,1.0,0.0,0.0,0.0,0.0,0.01033207161165349,0.0,0.0015387164523235955,1.3168320078641492e-05,0.0315967256589821,0.007263356506036662,0.0012888315108288836,0.6539166780083246,0.49494217352007625,0.580754716981132,0.2450980392156863,0.3946185061967609,0.09643461369760012,0.020202020202020204,0.0,1.0,1.0,0.0,0.2,0.0038842112474379692,0.0,0.0,0.0,0.0006725154495978172,0.0,0.0038154089471245595,0.0,0.0,0.0033479133548665364,0.001400371588809666,0.03314695766123896,0,1
7325,0.8000000000000114,0.0,1.0,0.03474903474903475,0.0,0.6000000000000001,0.23529411764705882,0.0,0.0,0.0,0.0,0.0,0.0,0.0,0.0,0.0,0.0172245288446612,0.0,0.0008043294090493882,9.89901386388269e-06,0.0,0.0,0.0,0.653806223530827,0.4945971270007023,0.580566037735849,0.24448529411764708,0.3960138436978272,0.12375462121686823,0.020202020202020204,0.14999999999999858,1.0,1.0,0.0,0.10000000000000002,5.392408880017721e-05,0.0,0.0,0.0,0.0008251179824962235,0.0,0.004097686097119721,0.0,0.0,0.0,0.0013418318217025748,0.03312156029362849,0,4
1021,0.6000000000000227,1.0,0.0,0.06756756756756757,0.2962962962962963,0.6000000000000001,0.5,0.0,0.0,0.0,0.0,1.0,0.0,0.0,0.0,0.0,0.009770786935533304,0.0,0.0008043294090493882,9.89901386388269e-06,0.0,0.0,0.0,0.6541032692689169,0.49399761850382456,0.20339622641509433,0.2450980392156863,0.39068840712170516,0.1342189360235604,0.25252525252525254,0.6499999999999986,0.0,0.0,0.0,0.4,0.0,0.0,0.0,0.0,0.0,0.0,0.0036354330375410375,0.0,0.0,3.069837262810303e-06,0.0010825576210823542,0.03312156029362849,0,0
10501,0.0,1.0,1.0,0.03474903474903475,0.0,0.6000000000000001,0.2647058823529412,0.0,0.0,0.0,0.0,0.0,0.0,0.0,0.0,0.0,0.009770786935533304,0.0,0.0008752074586476485,9.89901386388269e-06,0.0,0.0,0.0019282560100759433,0.6532373268794011,0.4941559423182698,0.5392452830188679,0.24031862745098043,0.3951120535224656,0.13070994423209475,0.020202020202020204,0.19999999999999574,0.0,1.0,0.0,0.45,5.10388139997145e-05,0.0,8.064983605400515e-07,3.5160353185747753e-06,0.00029730103716976675,0.0,0.003750663041345134,0.0,0.009875770020533881,4.962903574876657e-06,0.001357821956242666,0.03312156029362849,1,4
11734,0.8000000000000114,0.0,1.0,0.05791505791505792,0.0,0.6000000000000001,0.23529411764705882,0.0,0.0,0.0,0.0,0.0,0.0,0.0,0.0,0.0,0.01025584609458601,0.0,0.001953255575408514,9.89901386388269e-06,0.0,0.0032796625768528086,0.0,0.6539405478882547,0.4938563588668759,0.580754716981132,0.2450980392156863,0.39918838884217456,0.10025690832758946,0.020202020202020204,0.6000000000000014,0.0,1.0,0.0,0.4,0.000259090888199668,0.0,0.0,0.0,0.00026651445437887803,0.0,0.003656024744607901,0.0,0.0,0.0035254522765657322,0.001484342931071343,0.03312156029362849,1,4
2267,1.0,1.0,0.0,0.06756756756756757,0.0,0.6000000000000001,0.0,0.0,0.0,0.0,0.0,0.0,0.0,0.0,0.0,0.0,0.009770786935533304,0.0,0.0008043294090493882,9.89901386388269e-06,0.0008000040488230216,0.00031420473833376755,0.0,0.6541000773413266,0.4939938788248891,0.580754716981132,0.2450980392156863,0.40287476084280827,0.1342189360235604,0.020202020202020204,0.10000000000000142,0.0,1.0,0.0,0.75,0.0,0.0,6.048737704050386e-07,2.6370264889310813e-06,0.0,3.613880045925187e-08,0.0036354330375410375,0.0,0.0,9.247884754216039e-05,0.0010829145116418235,0.03312156029362849,0,3
8431,0.20000000000004547,1.0,0.0,0.10424710424710425,0.2962962962962963,0.6000000000000001,0.5,0.0,0.0,0.0,0.0,1.0,0.0,0.0,0.0,0.0,0.009770786935533304,0.0,0.0008043294090493882,9.89901386388269e-06,0.0009959381629043942,0.0027809737022849858,0.0,0.6541041754264797,0.493998489180579,0.2788679245283019,0.15857843137254904,0.3931256778659258,0.0886020427345072,0.24242424242424243,0.5,0.0,0.0,0.0,0.5,0.0,0.01672284472127786,0.0,0.0,0.0,0.0,0.0036354330375410375,0.00879890467643444,0.0,0.00043885881869592294,0.0010841636781680996,0.03312156029362849,0,0
6966,0.4000000000000341,0.0,0.0,0.03474903474903475,0.0,0.6000000000000001,0.5294117647058824,0.0,0.0,0.0,0.0,1.0,0.0,0.0,0.0,0.0,0.012000650437679696,0.0,0.0011003173917501538,0.00022569346742009835,0.18468959264502377,0.04849556095434807,0.0,0.6529123373625176,0.49505706286962603,0.580754716981132,0.2439950980392157,0.3918522039020705,0.13083526536750426,0.020202020202020204,0.0,1.0,1.0,0.0,0.2,0.004400417459209224,0.0,0.0,0.0,0.0,0.012448298928592982,0.004166573667680743,0.0,0.006965528747433265,0.013211965611682983,0.0014459976179992916,0.03360055861510059,0,1
5436,0.6000000000000227,0.0,0.0,0.10231660231660232,0.0,0.4,0.5294117647058824,0.0,0.0,0.0,0.0,1.0,0.0,0.0,0.0,0.0,0.009770786935533304,0.0,0.0008667083305880111,6.23293735928319e-05,0.004331879131064739,0.0018084431408673495,7.44664972423364e-05,0.654204448801328,0.4941467056917108,0.42339622641509433,0.2412990196078432,0.39705577694098154,0.13002067798734257,0.020202020202020204,0.9499999999999957,0.0,1.0,0.0,0.85,0.00011003419756682264,0.0,0.0,0.0,0.00010866865496550095,0.0,0.0037333813678494558,0.0,0.0,0.00035234057183905254,0.0011306156115940972,0.03332397036889121,0,1
4664,0.0,0.0,0.0,0.03474903474903475,0.0,0.6000000000000001,0.5294117647058824,0.0,0.0,0.0,0.0,1.0,0.0,0.0,0.0,0.0,0.010386339965956616,0.0,0.0008043294090493882,9.89901386388269e-06,0.01381190903451477,0.00443908720241026,0.0001525867244895538,0.6539622578993908,0.4941564302543734,0.580754716981132,0.24485294117647063,0.392498080649289,0.05401340936148882,0.020202020202020204,0.14999999999999858,1.0,0.0,0.0,0.45,1.1065877470009926e-05,0.0,0.0,0.0,0.00037574656485046544,0.0,0.00380233411819373,0.0,0.0,0.002727269006257863,0.0012204208752997665,0.03312156029362849,0,1
10623,0.0,1.0,0.0,0.015444015444015444,0.0,0.6000000000000001,0.5588235294117647,0.0,0.0,0.0,0.0,0.0,0.0,0.0,0.0,0.0,0.009770786935533304,0.0,0.0008043294090493882,9.89901386388269e-06,0.0048267754450451806,0.000986990128852197,0.0,0.6539785770184963,0.4938865782985891,0.20339622641509433,0.2450980392156863,0.39068840712170516,0.1342189360235604,0.020202020202020204,0.10000000000000142,0.0,1.0,0.0,0.6,1.7107982346273015e-06,0.0,0.00018236944177711913,0.0006887034180258341,0.0,8.745589711138953e-06,0.0036171128066555865,0.0,0.0,0.0018908918440051963,0.0010870346148783641,0.03312156029362849,1,3
9371,0.6000000000000227,0.0,0.0,0.20463320463320464,0.0,1.0,0.5588235294117647,0.0,0.0,0.0,0.0,0.0,0.0,0.0,0.0,0.0,0.01768596035084205,0.0,0.0023480673645568427,9.89901386388269e-06,0.02260291602018049,0.00749329686863109,0.0,0.6531287065840853,0.49279481602647146,0.580754716981132,0.2450980392156863,0.39946867497775995,0.11429287549345199,0.020202020202020204,0.29999999999999716,0.0,1.0,0.0,0.4,0.0003046918078107457,0.0,0.00018529299833407683,0.0008078091144425547,0.0,0.0004607697058554614,0.003663026074217367,0.0,0.0,0.015756963030461483,0.0012502721434883143,0.034114850348789194,1,2
1105,0.8000000000000114,0.0,0.0,0.10231660231660232,0.0,0.6000000000000001,0.029411764705882346,0.0,0.0,0.0,0.0,0.0,0.0,0.0,0.0,0.0,0.010205445451612862,3.970892864262966e-05,0.0008043294090493882,9.89901386388269e-06,0.0,0.0,0.0,0.6540956247448052,0.49397253889864073,0.46867924528301885,0.24460784313725495,0.39700093834923655,0.09198571339056333,0.020202020202020204,0.5,1.0,1.0,0.0,0.45,3.133747877396676e-05,0.0,0.0,0.0,0.0,0.0,0.0036355213836327953,0.0,0.0,0.0004189560404420361,0.0010972622060863569,0.03312156029362849,0,2
10682,0.6000000000000227,1.0,1.0,0.015444015444015444,0.0,0.6000000000000001,0.23529411764705882,0.0,0.815966,0.0,0.0,0.0,0.0,0.0,0.0,0.0,0.009770786935533304,9.573136328161308e-05,0.0009384440903574275,9.89901386388269e-06,0.006320501938374022,0.001452854123324321,0.0,0.6505346885904917,0.4940370625286685,0.580754716981132,0.2450980392156863,0.3918522039020705,0.13409361488815089,0.020202020202020204,0.5,0.0,1.0,0.0,0.45,2.5370051598421532e-05,0.0,0.0,0.0,0.0,2.6489740736631623e-05,0.0036862512801172005,0.0,0.019486088295687886,0.0002558197719008586,0.0016906590833664398,0.0331642199345367,1,4
5898,0.8000000000000114,1.0,0.0,0.10231660231660232,0.0,0.6000000000000001,0.1764705882352941,0.0,0.0,0.0,0.0,0.0,0.0,0.0,0.0,0.0,0.009770786935533304,0.0,0.0008043294090493882,9.89901386388269e-06,0.0007855439666029941,0.0004900463744919935,0.0,0.6541120313321361,0.4940078841825797,0.4294339622641509,0.15465686274509804,0.39798803300064595,0.0880380976251645,0.020202020202020204,0.5499999999999972,0.0,1.0,0.0,0.5,7.440614544252073e-06,0.0,0.0,0.0,0.0,2.161100267463262e-05,0.0036356537064457834,0.0,0.0,0.00011460725781158466,0.0011169898274423573,0.03312156029362849,0,3
7817,0.6000000000000227,1.0,1.0,0.09266409266409267,0.0,1.0,0.2941176470588235,0.0,0.0,0.0,0.0,0.0,0.0,0.0,0.0,0.0,0.012774839830473849,0.0,0.0008043294090493882,9.89901386388269e-06,0.0903758753772274,0.026782193624411074,0.0,0.6545349511356473,0.4944273128150542,0.4207547169811321,0.19926470588235298,0.39771993321878163,0.1089667272385488,0.020202020202020204,0.3999999999999986,0.0,1.0,0.0,0.35000000000000003,0.0009599954204918366,0.0,0.0,0.0,0.00048563604007915366,0.0,0.006696857957975095,0.0,0.0,0.009808437038405199,0.0016922411494756876,0.03321635894448858,0,4
10782,0.8000000000000114,0.0,0.0,0.10424710424710425,0.0,0.6000000000000001,0.0,0.0,0.0,0.0,0.0,0.0,0.0,0.0,0.0,0.0,0.009770786935533304,0.0,0.0008043294090493882,9.89901386388269e-06,0.0009778630601293599,0.008500480531314311,0.0,0.654019861358264,0.49389989736269885,0.20339622641509433,0.16127450980392158,0.39068840712170516,0.0913591077135159,0.37373737373737376,0.5,0.0,1.0,0.0,0.55,0.0,0.0,1.0081229506750643e-06,4.395044148218469e-06,0.0,0.0,0.0036354330375410375,0.0,0.0,0.003397235406889022,0.0010825576210823542,0.03312156029362849,1,2
6865,0.0,1.0,0.0,0.03474903474903475,0.1111111111111111,0.6000000000000001,0.5,0.0,0.0,0.0,0.0,1.0,0.0,0.0,0.0011601068431669522,0.0,0.009770786935533304,0.0005594932394321381,0.0008043294090493882,9.89901386388269e-06,0.0029740774106041565,0.002052676868971804,0.0,0.6540967956262775,0.4940334769552487,0.580754716981132,0.24497549019607845,0.40020594937788667,0.13240177956012283,0.24242424242424243,0.29999999999999716,0.0,1.0,0.0,0.25000000000000006,4.265454487366403e-05,0.0,0.0,0.0,0.0,0.0,0.0036354330375410375,0.0,0.0,0.0005046812460060138,0.0011134400055789688,0.03312181823564329,0,0
10719,0.0,1.0,0.0,0.02316602316602317,0.14814814814814814,0.6000000000000001,0.5,0.0,0.0,0.0,0.0,1.0,0.0,0.0,0.0,0.0,0.009770786935533304,0.0,0.0008043294090493882,9.89901386388269e-06,0.0,0.0004764178166801082,0.0,0.6540590991403479,0.4939458685518878,0.20339622641509433,0.2450980392156863,0.39068840712170516,0.1342189360235604,0.020202020202020204,0.5,0.0,1.0,0.0,0.55,0.0,0.0,0.0,0.0,6.863201094969347e-05,0.0,0.0036354330375410375,0.0,0.0,0.0008318235703128318,0.0010825576210823542,0.03312156029362849,1,0
7431,0.6000000000000227,0.0,0.0,0.15830115830115832,0.0,0.6000000000000001,0.5294117647058824,0.0,0.0,0.0,0.0,1.0,0.0,0.0,0.0,0.0,0.009770786935533304,0.0,0.0008043294090493882,9.89901386388269e-06,0.0,0.0006837547175377517,0.0,0.6541275042624244,0.49402539825501984,0.29603773584905657,0.14473039215686276,0.3936923433139571,0.08239864653173759,0.24242424242424243,0.9499999999999957,0.0,1.0,1.0,0.05,0.0,0.0,0.0,0.0,0.0,0.0,0.003657311456353188,0.0,0.0,0.0003093116862053281,0.001091918265639636,0.03312569232628855,0,1
3618,0.20000000000004547,0.0,0.0,0.10231660231660232,0.0,0.6000000000000001,0.5588235294117647,0.0,0.0,0.0,0.0,0.0,0.0,0.0,0.0,0.0,0.009938663666606895,0.0,0.0008043294090493882,9.89901386388269e-06,0.002067791757463933,0.00036439771954339343,0.0,0.6541272107137587,0.49401958339198754,0.45188679245283014,0.2450980392156863,0.39871312104705153,0.12488251143555364,0.020202020202020204,0.6000000000000014,0.0,1.0,0.0,0.2,6.711488629970439e-05,0.0,0.0,0.0,1.2583839635930112e-05,0.0,0.0036405657491475063,0.0,0.0,3.182397962446681e-05,0.001097468062543784,0.03312156029362849,0,2
7891,0.20000000000004547,1.0,0.0,0.06756756756756757,0.2962962962962963,0.6000000000000001,0.5,0.0,0.0,0.0,0.0,1.0,0.0,0.0,0.0,0.0,0.009770786935533304,0.0,0.0008043294090493882,9.89901386388269e-06,0.0,0.00019005190070598422,0.0,0.654097226341024,0.4939905385781339,0.580188679245283,0.24473039215686276,0.4028564813122266,0.13403095432044615,0.020202020202020204,0.0,0.0,1.0,0.0,0.2,0.0,0.0,0.0,0.0,0.0,0.0,0.0036354330375410375,0.0,0.0,7.991809674182823e-05,0.0010830496343730892,0.03312156029362849,0,0
9491,0.0,0.0,0.0,0.02316602316602317,0.0,0.6000000000000001,0.5588235294117647,0.0,0.0,0.0,0.0,0.0,0.0,0.0,0.0,0.0,0.009770786935533304,0.0,0.0008043294090493882,9.89901386388269e-06,0.0,0.0,0.0,0.6540874756218021,0.4939778359360866,0.20339622641509433,0.2450980392156863,0.39068840712170516,0.12619838335735323,0.04040404040404041,0.3999999999999986,0.0,1.0,0.0,0.8,0.0,0.0,0.0,0.0,0.0,0.0,0.0036442676467167982,0.0,0.0,0.00024696840779308887,0.0010825576210823542,0.03312156029362849,1,2
6549,0.0,0.0,0.0,0.15830115830115832,0.0,0.8,0.5588235294117647,0.0,0.0,0.0,0.0,0.0,0.0,0.0,0.0,0.0,0.009770786935533304,0.0,0.0008043294090493882,9.89901386388269e-06,0.003733954731266602,0.0010761574613653239,0.0,0.6541154469000756,0.49401155942444813,0.4777358490566037,0.2334558823529412,0.3995478862769471,0.1274515947114481,0.25252525252525254,0.6999999999999957,0.0,1.0,0.0,0.55,5.623230864054738e-05,0.0,0.0,0.0,0.0,0.0,0.0036354330375410375,0.0,0.0,7.541566875637311e-05,0.0010916373134603203,0.03312156029362849,0,2
3776,0.20000000000004547,0.0,0.0,0.04247104247104247,0.0,0.4,0.5294117647058824,0.0,0.0,0.0,0.0,1.0,0.0,0.0,0.0,0.0,0.01076343429589933,0.0,0.0008086023651747839,9.89901386388269e-06,0.03403722603566724,0.007824371102305178,0.0,0.6535433931095581,0.4941947474068954,0.580754716981132,0.24411764705882358,0.3933754981172084,0.11504480230590891,0.020202020202020204,0.44999999999999574,1.0,1.0,0.0,0.25000000000000006,1.618469441012495e-05,0.0,9.274731146210591e-05,0.00040434406163609917,9.137370123701491e-05,0.0,0.003785381484808687,0.0,0.0011638603696098562,0.0001798412996463036,0.001258572624811439,0.03329125637682265,0,1
3791,0.0,0.0,0.0,0.0,0.0,0.0,0.7941176470588235,0.3333333333333333,0.0,0.0,0.0,0.0,0.0,0.0,0.0,0.0,0.009770786935533304,0.00011316880982487282,0.0008043294090493882,9.89901386388269e-06,0.0,0.0,3.368826058071819e-05,0.6540863743173273,0.4940029221402471,0.580754716981132,0.2450980392156863,0.40228372268733475,0.13390563318503665,0.020202020202020204,0.3999999999999986,0.0,1.0,0.0,0.45,0.0002509102855301208,0.0,0.0013244719325968995,0.005774209001929424,9.833863735391653e-05,0.0,0.003646066373144983,0.0,0.0,0.0002762853536529273,0.0011659144176278783,0.03312232915924951,0,2
8193,0.0,1.0,1.0,0.19111969111969113,0.0,0.6000000000000001,0.32352941176470584,0.0,0.0,0.0,0.0,0.0,0.0,0.0,0.0,0.0,0.010345766620642908,0.0,0.0025018781903407023,9.89901386388269e-06,0.0,0.009885607370390546,0.0029495605400117254,0.652727244657924,0.49694466367733175,0.58,0.2450980392156863,0.40092494424743175,0.13409361488815089,0.030303030303030304,0.0,0.0,1.0,0.0,0.4,0.0035785486295178913,0.0,0.0,0.0,0.0,0.0007018516437191306,0.004391640637198754,0.0,0.0,0.018780650406420872,0.005407997295764095,0.033372418823862195,0,4
5447,0.6000000000000227,1.0,0.0,0.10231660231660232,0.4444444444444444,0.6000000000000001,0.5,0.0,0.0,0.0,0.0,1.0,0.0,0.0,0.0,0.0,0.009770786935533304,0.0,0.0008589109653956833,9.89901386388269e-06,0.0,0.0,0.0,0.6541306451668832,0.49401651564415416,0.49056603773584906,0.2450980392156863,0.3999622223034646,0.12419324519080144,0.020202020202020204,0.29999999999999716,0.0,1.0,0.0,0.35000000000000003,0.0,0.0,0.0,0.0,0.0,0.00029095348249743685,0.003678157207515017,0.0,0.0,0.00015891524230481337,0.0011097760778728167,0.03313919459867834,0,0
3415,0.4000000000000341,0.0,1.0,0.10231660231660232,0.0,0.6000000000000001,0.23529411764705882,0.0,0.0,0.0,0.0,0.0,0.0,0.0,0.0,0.0,0.009770786935533304,0.0,0.0008043294090493882,9.89901386388269e-06,0.0019640406675352357,0.005437545264055385,0.0,0.6540313316232814,0.49391929524891043,0.5732075471698114,0.2450980392156863,0.40248479752373295,0.1342189360235604,0.25252525252525254,0.8999999999999986,0.0,1.0,0.0,0.4,0.0,0.0,0.0,0.0,0.0,0.0,0.0036354330375410375,0.0,0.0,0.0027821167653534077,0.0011602239463615394,0.03312156029362849,0,4
4638,0.6000000000000227,1.0,0.0,0.10231660231660232,0.4444444444444444,0.4,0.5,0.0,0.0,0.0,0.0,1.0,0.0,0.0,0.0,0.0,0.009770786935533304,0.0,0.0008043294090493882,9.89901386388269e-06,0.02091397841688128,0.001718029293920209,0.0,0.6539998105928589,0.4938873775511247,0.580754716981132,0.2450980392156863,0.401601286878953,0.1332163669402845,0.020202020202020204,1.0,0.0,1.0,0.0,0.25000000000000006,9.780063241286075e-05,0.0,0.0,0.0,0.0,3.1802144404141647e-06,0.0037013753457275094,0.0,0.0,0.0006490403432896683,0.0011010165460675744,0.03312156029362849,0,0
8556,0.20000000000004547,0.0,0.0,0.15830115830115832,0.0,0.6000000000000001,0.5294117647058824,0.0,0.0,0.0,0.0,1.0,0.0,0.0,0.0,0.0,0.009770786935533304,0.0,0.0008043294090493882,9.89901386388269e-06,0.00038608419527473434,0.0003584975512223944,0.0,0.6540870604790503,0.49397862820147037,0.580754716981132,0.2450980392156863,0.40287476084280827,0.1342189360235604,0.020202020202020204,0.6000000000000014,0.0,1.0,0.0,0.5,5.241695702205316e-05,0.0,0.0,0.0,7.298313958002751e-05,0.0,0.0036354330375410375,0.0,0.0,7.247374137951324e-05,0.0011010121345037143,0.03312156029362849,0,1
3924,0.20000000000004547,0.0,0.0,0.04247104247104247,0.0,0.4,0.5294117647058824,0.0,0.0,0.0,0.0,1.0,0.0,0.0,0.0,0.0,0.009770786935533304,0.0,0.000816524488210189,9.89901386388269e-06,0.008923678240034472,0.015887325067280616,0.0,0.6526328283409895,0.4922053985295528,0.580754716981132,0.2450980392156863,0.4025274497617568,0.12933141174259039,0.020202020202020204,1.0,0.0,1.0,0.0,0.35000000000000003,0.0022162915907864853,0.0,1.330722294891085e-05,0.0,0.0,1.712979141768539e-05,0.0036354330375410375,0.0,0.006146175564681725,0.007801403017957014,0.0010841938155931215,0.03312156029362849,0,1
12225,0.20000000000004547,0.0,0.0,0.03474903474903475,0.0,0.6000000000000001,0.5294117647058824,0.0,0.0,0.0,0.0,1.0,0.0,0.0,0.0,0.0,0.009770786935533304,0.0,0.0008043294090493882,9.89901386388269e-06,0.0,3.847574552989536e-05,0.0,0.6536670483313969,0.49348468974628656,0.580754716981132,0.24460784313725495,0.40287476084280827,0.1335296697788082,0.25252525252525254,0.7999999999999972,0.0,1.0,0.0,0.10000000000000002,0.0,0.0,0.0,0.0,0.0,0.0,0.0036354330375410375,0.0,0.0034837012320328544,0.0,0.001090743352176983,0.03312156029362849,1,1
9125,0.0,0.0,0.0,0.10231660231660232,0.0,0.8,0.029411764705882346,0.0,0.0,0.0,0.0,0.0,0.0,0.0,0.0,0.0,0.009770786935533304,0.0,0.0008043294090493882,9.89901386388269e-06,0.0,2.160625018957407e-05,0.0,0.6532465024287769,0.49299355663256705,0.580754716981132,0.2450980392156863,0.40287476084280827,0.1342189360235604,0.020202020202020204,0.8999999999999986,0.0,1.0,0.0,0.10000000000000002,0.0,0.0,0.0,0.0,0.0,0.0,0.0036456580178764147,0.0,0.0,0.0012157834659588306,0.001107747848996099,0.03312156029362849,1,2
11593,0.8000000000000114,0.0,0.0,0.10231660231660232,0.0,0.6000000000000001,0.029411764705882346,0.0,0.0,0.0,0.0,0.0,0.0,0.0,0.0,0.0,0.009770786935533304,0.0,0.0008043294090493882,9.89901386388269e-06,0.00011206563720521315,0.0020094643685926563,0.0,0.6540745578239175,0.49396395557077893,0.580754716981132,0.2450980392156863,0.40287476084280827,0.13415627545585562,0.020202020202020204,0.6000000000000014,0.0,1.0,0.0,0.8,2.458933018182574e-05,0.0,0.0,0.0,1.8077530820272737e-05,0.0,0.0037149272435538297,0.0,0.0,0.0010479656955918672,0.0010825903360503057,0.03312156029362849,1,2
4560,0.6000000000000227,0.0,0.0,0.03474903474903475,0.0,0.6000000000000001,0.029411764705882346,0.0,0.0,0.0,0.0,0.0,0.0,0.0,0.0,0.0,0.009770786935533304,0.0,0.0008043294090493882,9.89901386388269e-06,0.0015544588386529566,0.00026160182921838144,0.0,0.6541009977456079,0.49399495717532327,0.20339622641509433,0.17083333333333334,0.39068840712170516,0.09624663199448588,0.24242424242424243,0.14999999999999858,0.0,1.0,1.0,0.2,0.0,0.0,0.0,0.0,0.0,0.0,0.0036354330375410375,0.0,0.0,0.0,0.0010825576210823542,0.03312156029362849,0,2
1045,0.8000000000000114,0.0,0.0,0.06756756756756757,0.0,0.4,0.5588235294117647,0.0,0.0,0.0,0.0,0.0,0.0,0.0,0.0,0.0,0.009770786935533304,0.0,0.0008043294090493882,9.89901386388269e-06,6.10938473796162e-05,2.8919134869122217e-05,0.0,0.6541033352014051,0.4939949785249539,0.580754716981132,0.2450980392156863,0.4028686676659477,0.08258662823485181,0.25252525252525254,0.9499999999999957,0.0,0.0,0.0,0.5,0.0,0.0009999981076570712,0.0,0.0,0.0,0.0,0.0036354330375410375,0.001731234678882034,0.0,9.772315286612799e-06,0.00108312765461484,0.03312156029362849,0,2
8223,0.8000000000000114,1.0,0.0,0.015444015444015444,0.35185185185185186,0.6000000000000001,0.5,0.0,0.0,0.0,0.0,1.0,0.0,0.0,0.0,0.0,0.009770786935533304,0.0,0.0008043294090493882,9.89901386388269e-06,0.00025955847584949366,5.966649090813147e-05,0.0,0.6541153597631693,0.4940116669489515,0.3920754716981132,0.20637254901960786,0.3967815839822567,0.11410489379033775,0.24242424242424243,0.3500000000000014,0.0,0.0,0.0,0.55,0.0,0.006200366736059583,0.0,0.0,0.0,0.0,0.003643531429285485,0.011561311079508044,0.0,6.62317389451323e-05,0.001089436339639193,0.03312156029362849,0,0
4061,0.0,1.0,0.0,0.10424710424710425,0.5,0.6000000000000001,0.5,0.0,0.0,0.0,0.0,1.0,0.0,0.0,0.0,0.0,0.009939536535311716,4.215322653104655e-05,0.0008043294090493882,9.89901386388269e-06,0.0,0.00045946522037751934,0.0,0.6501680721499575,0.49530908555478703,0.2790566037735849,0.05698529411764707,0.3916633154193934,0.033210100883514004,0.24242424242424243,0.7999999999999972,1.0,1.0,0.0,0.45,0.002302734423808348,0.0,0.0,0.0,0.0,0.0,0.0036354330375410375,0.0,0.01325608316221766,0.003104065948290638,0.002779493120618395,0.03315486457607706,0,0
